0 19 56 
0 7 44 
0 38 63 
7 17 56 
0 7 46 
0 7 34 
45 56 63 
7 26 63 
7 54 56 
0 25 63 
7 9 63 
0 22 63 
0 7 20 
7 14 63 
7 18 63 
0 9 56 
7 44 56 
7 30 63 
0 29 63 
7 12 56 
7 33 56 
7 13 63 
7 41 63 
7 36 63 
7 14 56 
7 26 56 
10 56 63 
52 56 63 
18 56 63 
0 17 63 
0 7 28 
7 52 63 
0 7 52 
36 56 63 
0 7 36 
7 20 56 
0 52 63 
53 56 63 
0 19 63 
0 12 56 
9 56 63 
7 51 63 
11 56 63 
0 18 63 
7 43 63 
0 51 56 
7 35 56 
7 30 56 
0 54 63 
0 46 63 
0 7 9 
7 34 63 
0 28 63 
7 41 56 
0 7 12 
0 7 50 
7 29 56 
0 7 27 
7 42 63 
43 56 63 
0 11 63 
27 56 63 
0 7 53 
0 49 56 
0 46 56 
0 44 63 
0 45 56 
7 21 63 
0 37 56 
0 20 63 
7 45 63 
0 13 63 
0 7 18 
34 56 63 
7 43 56 
7 38 63 
0 25 56 
46 56 63 
20 56 63 
0 17 56 
7 29 63 
7 10 63 
19 56 63 
0 7 41 
0 7 22 
7 53 56 
7 27 56 
0 27 63 
41 56 63 
0 14 56 
0 52 56 
0 36 56 
0 34 63 
0 12 63 
28 56 63 
13 56 63 
0 7 25 
30 56 63 
0 33 63 
35 56 63 
0 51 63 
33 56 63 
17 56 63 
0 7 38 
7 22 56 
0 41 63 
0 7 43 
0 7 14 
0 34 56 
7 13 56 
0 43 56 
7 12 63 
7 25 56 
49 56 63 
0 53 56 
25 56 63 
7 53 63 
0 7 29 
7 49 63 
7 28 63 
0 18 56 
0 7 49 
0 7 42 
0 7 10 
7 46 56 
51 56 63 
0 7 30 
7 33 63 
0 10 63 
0 30 63 
7 49 56 
0 7 33 
12 56 63 
54 56 63 
7 37 56 
0 37 63 
0 9 63 
0 26 63 
0 50 63 
7 21 56 
0 29 56 
50 56 63 
0 53 63 
0 43 63 
37 56 63 
7 37 63 
7 44 63 
0 7 35 
0 21 56 
38 56 63 
7 11 56 
29 56 63 
0 7 21 
21 56 63 
0 28 56 
7 22 63 
7 27 63 
7 17 63 
7 38 56 
7 35 63 
0 7 45 
0 42 63 
7 42 56 
0 7 19 
7 52 56 
0 45 63 
7 18 56 
0 30 56 
0 13 56 
7 50 56 
0 49 63 
0 7 13 
0 7 51 
0 26 56 
44 56 63 
7 28 56 
0 14 63 
7 36 56 
0 7 11 
14 56 63 
7 45 56 
0 35 63 
7 11 63 
0 44 56 
0 42 56 
0 7 54 
0 36 63 
0 38 56 
42 56 63 
7 20 63 
7 19 56 
22 56 63 
7 10 56 
0 11 56 
0 7 37 
7 50 63 
0 20 56 
0 54 56 
7 25 63 
7 19 63 
7 46 63 
7 9 56 
26 56 63 
0 10 56 
0 7 26 
0 21 63 
0 50 56 
0 7 17 
7 54 63 
0 33 56 
0 22 56 
0 27 56 
0 41 56 
7 34 56 
0 35 56 
7 51 56 
