2 56 61 
56 57 58 
0 8 31 
32 48 63 
47 56 61 
5 23 63 
3 32 63 
4 6 56 
7 15 16 
7 24 59 
0 40 58 
1 7 16 
23 39 56 
24 61 63 
8 47 56 
0 3 24 
39 57 63 
6 7 24 
32 56 60 
4 7 58 
3 15 63 
57 59 63 
1 56 58 
60 61 63 
1 4 7 
16 24 56 
7 23 57 
3 5 56 
3 59 63 
7 57 59 
15 56 60 
7 47 62 
16 61 63 
48 55 56 
0 39 62 
15 39 63 
55 61 63 
32 47 56 
0 48 62 
40 59 63 
0 3 4 
15 58 63 
24 55 56 
23 55 56 
0 2 8 
1 16 56 
0 16 61 
0 23 24 
16 56 59 
39 56 58 
0 1 15 
40 56 61 
6 32 63 
4 16 56 
5 15 56 
4 56 61 
1 7 40 
15 56 58 
8 40 63 
0 57 60 
7 31 55 
4 7 23 
0 1 2 
39 61 63 
5 8 56 
0 3 48 
0 48 58 
5 56 62 
2 3 7 
0 24 47 
32 56 62 
5 7 62 
1 7 59 
5 7 39 
6 55 63 
24 58 63 
0 3 57 
7 48 60 
31 48 56 
0 4 5 
23 32 56 
39 58 63 
48 56 62 
1 60 63 
8 15 63 
0 55 59 
1 7 58 
3 7 16 
0 39 40 
7 23 59 
2 6 63 
4 32 56 
7 32 48 
7 15 40 
0 8 48 
23 56 60 
1 2 7 
7 16 31 
7 32 47 
1 47 56 
4 47 63 
39 62 63 
0 8 58 
4 5 7 
7 24 40 
2 8 63 
1 2 56 
5 6 63 
55 60 63 
6 16 56 
0 3 47 
7 39 62 
4 7 32 
1 7 23 
23 59 63 
7 60 61 
2 7 58 
0 8 61 
0 31 32 
2 7 40 
7 47 60 
1 6 56 
2 56 57 
3 56 58 
0 59 60 
2 47 63 
7 16 62 
5 60 63 
6 60 63 
2 7 16 
1 57 63 
3 55 56 
0 4 6 
0 58 61 
6 7 58 
5 7 32 
2 5 7 
2 7 61 
15 55 63 
2 60 63 
7 39 47 
7 32 59 
0 15 40 
0 32 39 
0 57 62 
8 56 61 
16 48 56 
6 7 55 
8 60 63 
2 56 60 
7 23 48 
8 57 63 
6 59 63 
16 56 61 
0 24 31 
0 39 47 
0 3 62 
3 15 56 
48 60 63 
1 24 56 
6 7 23 
47 55 56 
8 55 63 
16 31 63 
5 58 63 
7 57 62 
0 3 8 
4 8 56 
16 62 63 
7 40 62 
7 47 58 
0 31 40 
0 48 55 
39 56 60 
5 7 16 
55 59 63 
2 5 56 
3 32 56 
0 3 39 
24 62 63 
0 5 59 
3 48 63 
6 7 32 
55 62 63 
6 8 56 
56 57 62 
6 56 60 
15 56 61 
7 31 61 
39 56 61 
1 62 63 
0 15 16 
23 56 57 
8 56 58 
0 4 23 
1 31 63 
0 6 61 
2 5 63 
5 56 58 
3 56 60 
56 59 62 
1 48 63 
1 7 15 
2 7 8 
0 5 8 
1 23 63 
7 32 39 
0 1 32 
0 1 8 
23 58 63 
0 6 58 
6 56 61 
6 7 61 
55 56 61 
7 24 58 
3 7 62 
3 57 63 
5 59 63 
1 39 63 
5 31 56 
31 56 60 
15 40 63 
6 7 31 
0 40 59 
15 61 63 
16 58 63 
3 7 31 
0 4 61 
0 24 40 
0 8 24 
0 1 3 
16 24 63 
1 7 55 
7 16 60 
0 8 39 
24 56 59 
39 59 63 
6 7 39 
7 32 60 
39 55 56 
8 39 63 
7 32 40 
0 55 57 
4 7 55 
0 31 58 
0 3 40 
4 32 63 
7 16 23 
47 61 63 
0 23 48 
0 16 57 
48 58 63 
7 23 32 
39 48 56 
1 7 62 
7 8 16 
16 47 56 
15 40 56 
0 3 15 
15 39 56 
0 16 39 
2 7 62 
0 31 55 
7 39 60 
31 47 56 
24 32 63 
0 15 47 
0 39 55 
2 7 23 
7 31 57 
0 3 58 
31 55 56 
23 47 63 
1 23 56 
24 39 56 
23 31 63 
24 56 62 
0 8 16 
0 2 6 
5 48 56 
3 7 23 
40 61 63 
0 47 59 
2 31 63 
23 47 56 
3 5 7 
4 7 60 
31 32 56 
7 31 59 
0 32 62 
4 31 63 
0 6 48 
3 7 32 
32 62 63 
4 56 59 
7 58 61 
2 40 56 
32 55 63 
0 47 61 
3 6 56 
3 56 61 
4 5 56 
0 23 39 
0 5 31 
5 47 56 
7 23 55 
0 3 55 
6 8 63 
0 8 62 
7 32 62 
32 56 57 
56 58 59 
3 7 24 
0 40 57 
1 5 7 
7 8 40 
15 24 63 
0 5 61 
7 8 39 
0 16 32 
1 59 63 
6 15 63 
0 5 47 
0 4 47 
0 31 57 
0 6 55 
0 1 59 
56 60 61 
40 56 57 
0 55 58 
6 7 57 
0 24 59 
1 47 63 
3 7 55 
39 40 63 
5 61 63 
23 32 63 
3 39 56 
23 48 56 
1 39 56 
0 4 16 
0 55 62 
7 40 59 
0 39 60 
31 56 57 
0 55 61 
7 57 61 
1 7 39 
7 59 61 
39 60 63 
1 55 56 
8 40 56 
0 2 57 
4 7 57 
23 56 59 
0 32 55 
32 56 58 
6 58 63 
8 24 63 
0 1 4 
8 23 63 
8 48 56 
0 1 62 
7 31 40 
32 58 63 
5 7 23 
8 56 62 
0 47 48 
4 62 63 
8 39 56 
7 40 58 
1 3 7 
7 39 61 
7 24 57 
0 32 40 
57 60 63 
5 39 63 
32 61 63 
47 48 56 
3 7 8 
7 57 60 
32 40 63 
5 6 56 
8 62 63 
0 15 31 
0 2 61 
3 6 63 
16 32 63 
1 8 56 
16 23 56 
31 47 63 
7 8 59 
3 62 63 
7 31 60 
6 48 56 
2 57 63 
0 4 39 
32 39 63 
15 57 63 
24 31 63 
40 55 56 
4 15 63 
3 39 63 
6 23 63 
6 7 8 
0 1 24 
0 5 6 
0 48 60 
4 7 40 
6 7 40 
7 15 24 
0 8 15 
0 6 8 
1 56 60 
0 3 6 
0 6 16 
16 40 56 
0 24 62 
24 48 63 
0 15 32 
1 3 56 
7 59 62 
6 40 56 
56 60 62 
31 57 63 
0 5 62 
0 16 55 
0 24 55 
16 31 56 
7 23 61 
58 61 63 
0 3 5 
58 62 63 
0 4 55 
7 40 60 
56 58 61 
47 62 63 
7 47 57 
5 32 63 
4 56 60 
6 7 48 
7 23 62 
32 56 61 
1 7 60 
1 2 63 
3 56 62 
3 7 48 
2 15 56 
56 58 62 
6 48 63 
6 40 63 
39 55 63 
3 31 63 
31 56 59 
7 16 48 
3 4 56 
0 3 23 
0 8 23 
0 16 60 
0 8 40 
23 24 63 
15 56 57 
5 7 58 
0 24 60 
55 56 59 
31 56 62 
0 2 32 
7 8 55 
47 56 59 
56 57 60 
16 47 63 
2 7 55 
7 39 40 
5 55 63 
15 60 63 
6 24 63 
4 23 63 
7 40 47 
48 56 61 
3 16 63 
7 39 58 
0 23 62 
0 57 59 
7 15 23 
32 48 56 
0 48 57 
5 57 63 
0 6 47 
0 32 48 
0 23 60 
39 56 57 
15 16 63 
4 56 62 
0 1 6 
2 7 32 
60 62 63 
6 47 63 
15 48 63 
2 56 62 
23 62 63 
2 4 56 
0 16 59 
47 58 63 
7 23 24 
0 39 58 
2 58 63 
40 60 63 
16 48 63 
7 16 55 
0 6 59 
0 47 55 
4 55 63 
40 47 56 
6 24 56 
0 61 62 
7 59 60 
7 15 58 
24 48 56 
4 48 63 
1 55 63 
0 24 58 
0 5 40 
32 47 63 
48 57 63 
0 32 61 
1 7 61 
4 7 62 
7 8 24 
0 4 8 
3 7 15 
7 58 59 
4 7 8 
0 15 60 
23 60 63 
6 39 63 
0 39 61 
1 24 63 
6 7 15 
0 1 23 
24 56 60 
7 15 48 
5 62 63 
6 57 63 
8 56 60 
56 61 62 
3 58 63 
3 7 57 
8 31 63 
7 24 31 
24 32 56 
15 24 56 
31 32 63 
7 24 32 
8 56 57 
23 48 63 
48 56 58 
56 59 61 
31 56 61 
32 59 63 
15 47 63 
7 8 58 
7 15 59 
2 16 56 
16 57 63 
0 40 60 
15 62 63 
0 16 48 
7 24 60 
6 16 63 
4 7 48 
1 56 57 
1 7 32 
0 3 61 
7 48 62 
6 62 63 
0 23 31 
7 31 62 
0 40 62 
1 4 63 
0 6 62 
5 16 63 
32 57 63 
5 56 61 
0 1 60 
48 56 60 
7 8 57 
59 61 63 
3 23 63 
7 23 60 
0 4 59 
3 4 7 
0 39 48 
6 56 58 
0 31 39 
24 40 63 
0 2 62 
4 24 56 
16 55 63 
0 16 24 
7 48 57 
23 39 63 
0 40 47 
8 47 63 
1 40 56 
1 61 63 
16 40 63 
1 48 56 
31 48 63 
2 32 63 
16 23 63 
4 59 63 
24 57 63 
0 2 47 
3 61 63 
57 61 63 
2 7 60 
8 32 63 
7 24 55 
3 40 56 
0 23 40 
7 16 59 
6 7 62 
0 24 57 
2 7 47 
3 8 63 
48 56 59 
0 32 58 
1 7 48 
0 2 58 
0 6 31 
24 56 57 
3 7 61 
1 32 63 
5 24 63 
5 8 63 
7 16 40 
3 6 7 
5 23 56 
4 58 63 
2 4 63 
7 31 48 
0 31 48 
0 31 62 
3 7 39 
5 7 31 
16 56 58 
55 56 60 
31 59 63 
2 7 31 
40 56 60 
7 8 32 
7 24 47 
8 58 63 
7 8 60 
0 2 39 
4 24 63 
0 2 48 
0 5 32 
0 6 32 
7 15 32 
7 16 57 
1 7 47 
31 62 63 
0 31 59 
31 55 63 
7 15 47 
7 24 62 
2 16 63 
0 47 62 
0 23 47 
0 23 59 
0 4 60 
39 56 62 
56 57 61 
7 8 47 
3 7 40 
1 15 56 
0 5 15 
0 3 60 
4 7 61 
1 5 56 
7 15 60 
0 2 59 
3 4 63 
55 56 62 
0 16 47 
0 48 61 
4 6 63 
7 31 58 
2 56 58 
5 56 57 
2 48 56 
0 31 47 
23 40 63 
4 31 56 
1 15 63 
2 40 63 
5 32 56 
15 16 56 
0 47 60 
31 56 58 
7 61 62 
16 56 57 
0 16 62 
32 55 56 
6 31 63 
2 7 57 
0 23 58 
40 48 63 
7 47 55 
40 58 63 
0 58 60 
0 15 23 
0 1 31 
3 16 56 
0 1 40 
24 56 58 
4 61 63 
3 47 56 
0 16 58 
0 32 47 
5 48 63 
0 8 32 
0 5 57 
8 24 56 
6 7 59 
7 23 39 
5 7 59 
0 3 59 
5 39 56 
0 32 59 
7 58 60 
3 24 56 
0 15 59 
3 7 60 
4 8 63 
0 2 55 
7 48 59 
4 47 56 
31 40 56 
3 56 57 
7 48 55 
0 1 16 
23 57 63 
4 5 63 
0 6 39 
3 23 56 
0 15 57 
2 24 56 
23 55 63 
7 8 62 
0 47 57 
0 8 60 
0 8 47 
7 58 62 
23 56 62 
15 31 63 
4 7 31 
48 61 63 
55 58 63 
24 31 56 
7 8 61 
4 55 56 
7 57 58 
7 47 59 
8 55 56 
4 7 15 
40 56 62 
0 4 32 
7 15 61 
15 32 56 
7 8 15 
55 56 57 
2 39 56 
7 40 55 
8 48 63 
7 39 57 
0 6 57 
7 16 58 
7 39 55 
0 60 61 
58 59 63 
3 31 56 
7 32 57 
23 56 58 
4 23 56 
6 32 56 
23 31 56 
24 40 56 
4 48 56 
4 6 7 
7 55 62 
0 5 23 
7 47 48 
2 47 56 
4 16 63 
3 40 63 
8 31 56 
0 15 24 
0 57 61 
0 23 32 
7 8 23 
2 59 63 
7 40 57 
8 23 56 
0 3 16 
0 16 23 
4 7 39 
16 32 56 
0 8 57 
4 40 56 
0 15 61 
1 7 31 
5 7 60 
0 8 59 
2 32 56 
5 15 63 
48 55 63 
4 39 56 
8 32 56 
1 5 63 
3 7 47 
7 8 31 
1 31 56 
0 6 40 
0 1 55 
23 40 56 
7 40 61 
5 55 56 
0 4 57 
2 56 59 
0 15 55 
6 47 56 
6 15 56 
2 3 63 
31 40 63 
1 4 56 
24 47 56 
15 31 56 
0 1 39 
48 59 63 
0 5 24 
0 8 55 
0 2 31 
4 15 56 
47 57 63 
58 60 63 
0 6 15 
15 56 59 
0 39 57 
0 1 47 
0 15 48 
4 56 58 
0 2 24 
1 56 61 
3 56 59 
15 47 56 
7 32 55 
0 60 62 
47 60 63 
5 7 8 
2 8 56 
16 59 63 
7 55 61 
24 59 63 
39 47 63 
5 40 63 
0 40 61 
5 47 63 
47 56 58 
0 4 48 
16 56 62 
7 32 58 
0 6 60 
5 7 57 
4 7 59 
24 47 63 
4 7 47 
32 60 63 
7 24 48 
55 57 63 
0 23 57 
47 56 57 
0 2 40 
2 7 15 
5 7 61 
7 48 61 
0 24 39 
32 56 59 
0 55 60 
6 61 63 
0 15 58 
0 1 48 
32 40 56 
0 2 15 
56 58 60 
59 62 63 
16 39 56 
0 4 31 
15 59 63 
7 16 47 
4 56 57 
2 55 56 
0 5 58 
31 58 63 
4 7 24 
40 55 63 
0 1 61 
2 6 56 
0 1 58 
1 6 63 
39 48 63 
16 60 63 
7 55 59 
7 55 58 
0 24 48 
0 24 61 
1 6 7 
40 47 63 
5 40 56 
5 6 7 
31 61 63 
0 1 57 
16 56 60 
0 31 61 
0 59 62 
40 56 59 
7 32 61 
5 31 63 
7 24 61 
3 55 63 
0 57 58 
24 60 63 
8 16 56 
3 24 63 
23 61 63 
1 7 24 
1 32 56 
57 58 63 
6 7 47 
1 56 62 
2 55 63 
2 62 63 
39 47 56 
0 2 16 
23 24 56 
7 39 48 
5 7 55 
8 56 59 
40 48 56 
7 15 39 
5 16 56 
7 31 39 
0 58 62 
0 3 32 
2 7 59 
40 57 63 
16 39 63 
2 15 63 
0 5 55 
6 56 57 
7 40 48 
2 7 24 
1 58 63 
0 5 39 
0 23 61 
24 55 63 
0 47 58 
8 16 63 
2 23 56 
6 56 59 
3 48 56 
48 56 57 
7 23 31 
1 8 63 
47 59 63 
0 31 60 
2 23 63 
39 56 59 
7 39 59 
56 59 60 
0 40 48 
0 5 48 
0 4 62 
0 4 40 
31 60 63 
56 57 59 
0 2 3 
2 31 56 
0 48 59 
5 7 47 
40 56 58 
5 7 48 
0 32 57 
23 56 61 
5 24 56 
7 23 40 
47 48 63 
5 56 59 
0 32 60 
0 2 5 
0 3 31 
7 23 58 
61 62 63 
3 60 63 
0 2 4 
39 40 56 
5 7 40 
4 39 63 
32 39 56 
4 57 63 
2 3 56 
8 61 63 
3 8 56 
2 7 39 
6 39 56 
47 55 63 
2 7 48 
0 23 55 
1 7 8 
0 5 60 
5 7 24 
40 62 63 
0 40 55 
2 24 63 
2 4 7 
6 7 60 
3 5 63 
15 48 56 
7 31 47 
8 59 63 
59 60 63 
0 16 40 
7 60 62 
0 5 16 
0 58 59 
0 2 23 
6 31 56 
2 61 63 
48 62 63 
1 56 59 
7 15 31 
47 56 60 
1 40 63 
16 55 56 
6 7 16 
7 23 47 
5 7 15 
0 1 5 
2 39 63 
7 48 58 
2 6 7 
0 16 31 
5 56 60 
3 7 59 
4 60 63 
57 62 63 
4 7 16 
1 16 63 
31 39 63 
15 23 56 
0 4 24 
7 8 48 
7 24 39 
7 16 39 
24 56 61 
0 15 39 
0 6 24 
7 16 61 
8 15 56 
0 4 58 
55 56 58 
15 32 63 
7 15 62 
0 15 62 
7 16 32 
7 31 32 
0 39 59 
7 15 57 
0 2 60 
15 56 62 
15 23 63 
0 4 15 
0 24 32 
7 16 24 
7 15 55 
0 6 23 
6 56 62 
24 39 63 
6 23 56 
1 3 63 
1 7 57 
3 7 58 
7 47 61 
47 56 62 
2 48 63 
0 59 61 
7 55 57 
7 55 60 
31 39 56 
15 55 56 
4 40 63 
6 55 56 
3 47 63 
