18 47 56 
7 22 40 
16 41 63 
30 57 63 
0 54 61 
6 7 33 
25 32 63 
7 22 55 
2 52 63 
34 59 63 
39 50 56 
7 28 31 
24 34 63 
6 7 35 
23 53 56 
23 46 63 
0 28 31 
2 54 63 
12 40 63 
45 59 63 
7 34 47 
13 56 61 
4 7 34 
2 7 9 
9 62 63 
8 28 63 
17 32 63 
7 36 39 
3 22 56 
7 44 62 
0 39 42 
12 56 57 
9 39 56 
4 53 56 
28 56 59 
8 33 56 
1 7 14 
0 25 48 
1 46 56 
10 31 63 
23 33 63 
0 11 24 
6 19 63 
0 5 14 
28 55 63 
32 45 56 
7 28 32 
7 30 39 
40 46 56 
0 21 24 
24 54 56 
4 7 52 
0 17 48 
12 16 63 
32 44 63 
6 29 56 
0 24 25 
5 7 18 
0 1 21 
7 19 62 
0 24 35 
0 3 50 
27 55 63 
21 39 56 
4 11 56 
4 42 63 
0 9 15 
7 27 31 
7 13 31 
0 21 57 
53 62 63 
7 41 60 
3 26 63 
42 61 63 
7 32 44 
35 55 63 
7 8 17 
0 20 47 
0 1 22 
2 7 52 
6 9 56 
15 43 56 
7 12 60 
7 45 58 
7 50 61 
48 51 56 
12 32 56 
5 7 51 
31 52 56 
31 52 63 
7 8 42 
29 56 62 
6 7 37 
15 38 63 
15 35 56 
4 7 41 
47 51 56 
3 7 41 
6 11 56 
28 40 56 
6 52 63 
38 39 56 
7 25 31 
6 51 63 
3 7 36 
0 44 59 
5 36 63 
25 39 63 
0 26 55 
0 24 34 
0 13 47 
8 12 56 
0 33 57 
5 26 56 
0 18 48 
6 45 63 
11 39 56 
0 20 62 
3 17 56 
0 25 62 
7 16 34 
47 53 63 
0 1 53 
0 15 49 
0 32 49 
0 4 37 
11 24 63 
2 18 56 
7 21 61 
27 32 56 
26 47 56 
0 9 58 
0 13 59 
0 52 59 
0 17 57 
14 31 63 
32 38 56 
7 47 52 
6 33 63 
51 56 62 
7 40 45 
4 44 56 
0 32 46 
51 62 63 
0 19 24 
7 16 50 
33 56 60 
0 6 25 
38 55 56 
38 56 61 
7 15 52 
0 10 39 
0 38 60 
23 28 63 
6 50 63 
0 16 50 
7 22 59 
5 18 63 
0 32 38 
0 3 38 
7 14 40 
22 24 63 
2 7 49 
39 43 63 
4 37 63 
46 48 63 
0 5 18 
7 29 31 
0 53 60 
0 40 43 
21 32 63 
37 40 63 
0 43 58 
0 2 45 
7 9 59 
7 16 38 
40 42 63 
0 4 27 
7 8 11 
7 17 40 
0 18 57 
0 21 40 
7 8 20 
7 16 35 
0 10 61 
7 8 37 
7 21 31 
0 38 47 
19 59 63 
29 56 60 
43 56 60 
7 11 31 
14 16 63 
6 12 56 
21 39 63 
7 25 58 
0 2 50 
9 40 56 
1 26 56 
1 38 56 
27 32 63 
7 14 58 
0 35 59 
0 6 21 
7 9 48 
0 27 58 
1 33 63 
3 7 29 
0 32 42 
14 55 56 
0 19 55 
2 12 56 
5 52 56 
7 12 57 
0 3 34 
7 14 32 
32 41 56 
0 27 60 
32 33 56 
5 9 56 
7 8 54 
7 25 48 
0 36 57 
0 37 62 
0 39 46 
0 17 24 
7 15 41 
5 22 56 
6 42 56 
16 52 63 
0 45 61 
11 47 56 
18 24 56 
0 2 51 
0 11 61 
3 10 56 
48 52 63 
0 37 58 
26 56 62 
0 23 49 
0 3 21 
0 33 47 
23 49 56 
8 29 63 
42 62 63 
1 54 63 
0 33 39 
0 8 45 
32 34 63 
21 56 61 
19 56 57 
7 33 40 
12 15 56 
32 36 56 
6 9 63 
7 19 61 
0 23 44 
5 7 41 
6 37 56 
7 22 47 
5 36 56 
50 56 57 
2 28 63 
0 44 57 
32 37 63 
0 29 32 
7 54 55 
5 53 56 
16 34 63 
7 21 57 
8 53 63 
38 62 63 
40 53 56 
19 39 56 
37 59 63 
7 16 27 
12 55 63 
5 26 63 
5 51 63 
0 12 23 
0 25 31 
0 3 20 
0 4 51 
7 39 44 
0 23 26 
31 51 56 
0 16 33 
16 35 63 
0 5 51 
0 31 53 
0 30 32 
0 35 40 
0 1 14 
21 56 59 
5 7 53 
7 50 59 
7 51 58 
0 44 58 
7 14 59 
16 37 63 
0 22 24 
4 50 56 
46 56 59 
49 55 63 
0 22 32 
37 48 56 
37 57 63 
0 2 9 
2 7 50 
0 1 33 
4 30 63 
24 53 63 
18 56 58 
8 13 63 
37 58 63 
8 26 63 
7 37 59 
7 11 23 
31 53 63 
0 48 54 
0 5 50 
7 11 15 
32 53 56 
0 1 26 
7 10 47 
8 10 63 
8 42 63 
3 7 21 
0 10 59 
7 31 49 
9 56 62 
7 24 52 
7 15 44 
27 55 56 
29 31 56 
20 56 62 
0 51 59 
8 20 63 
7 17 23 
12 23 56 
7 12 39 
18 47 63 
7 34 59 
7 23 33 
41 47 56 
1 20 56 
2 46 63 
36 56 61 
7 43 57 
4 7 51 
7 27 47 
7 54 62 
0 15 17 
0 15 25 
7 36 59 
7 13 55 
0 29 58 
6 7 54 
16 53 56 
6 41 63 
7 8 52 
7 16 53 
0 21 48 
20 23 63 
23 35 56 
22 32 63 
0 9 57 
14 56 62 
7 11 32 
13 60 63 
2 11 56 
0 20 61 
0 2 11 
18 31 56 
0 36 59 
0 16 38 
7 34 62 
7 21 32 
37 40 56 
4 22 63 
41 58 63 
22 59 63 
46 56 61 
7 13 16 
0 31 34 
0 8 50 
0 13 57 
0 30 55 
0 8 49 
5 13 56 
6 7 53 
39 49 56 
7 44 48 
0 49 62 
32 46 56 
0 1 13 
0 1 51 
8 52 56 
0 14 39 
18 57 63 
0 8 34 
7 24 50 
1 12 63 
51 60 63 
2 35 63 
0 36 40 
25 62 63 
2 53 56 
7 44 55 
2 37 56 
49 55 56 
35 47 56 
0 3 52 
0 45 62 
7 15 30 
50 60 63 
2 45 63 
10 48 56 
0 18 62 
0 34 59 
10 39 63 
47 53 56 
36 56 57 
6 7 30 
0 5 37 
4 7 20 
0 46 59 
0 17 23 
7 43 55 
7 15 54 
0 43 48 
7 20 55 
0 11 32 
0 38 48 
0 6 42 
0 45 47 
7 23 51 
21 48 63 
0 30 39 
31 42 63 
29 47 63 
12 39 56 
8 38 56 
1 44 63 
26 57 63 
36 39 56 
3 19 63 
4 34 63 
4 17 56 
7 19 39 
7 40 49 
2 7 37 
8 34 63 
0 21 62 
44 57 63 
29 39 63 
7 24 43 
0 14 59 
21 31 56 
42 47 63 
30 32 63 
2 7 36 
16 28 56 
7 51 60 
7 17 55 
5 7 33 
3 35 56 
0 25 39 
18 24 63 
23 50 56 
7 11 59 
42 58 63 
0 16 27 
13 40 63 
1 54 56 
0 52 61 
0 38 62 
11 59 63 
0 15 43 
23 46 56 
12 56 59 
7 11 62 
7 48 52 
15 19 63 
29 48 56 
7 10 55 
7 32 52 
8 41 56 
30 39 56 
9 15 56 
1 28 63 
0 19 39 
7 24 36 
5 7 26 
0 4 34 
0 14 48 
0 3 33 
16 38 63 
25 47 56 
25 39 56 
48 52 56 
31 45 56 
7 21 62 
32 35 56 
2 7 53 
41 48 63 
35 39 63 
0 1 35 
20 56 57 
52 56 61 
19 47 56 
0 19 61 
17 55 56 
7 30 48 
0 3 42 
7 38 40 
1 49 56 
1 7 11 
7 23 46 
27 62 63 
0 24 51 
6 7 25 
21 61 63 
17 57 63 
51 61 63 
5 7 49 
11 55 63 
30 40 56 
26 39 63 
0 27 48 
0 16 28 
7 47 51 
11 31 56 
32 54 63 
0 11 39 
24 38 56 
4 7 22 
4 46 63 
7 47 49 
48 53 56 
1 43 63 
7 16 30 
6 54 56 
7 31 42 
0 24 50 
5 41 56 
0 40 41 
7 45 61 
10 15 56 
0 3 12 
7 15 35 
0 38 39 
7 15 51 
7 13 15 
7 41 48 
4 7 54 
8 51 56 
16 51 56 
46 56 57 
0 41 61 
2 27 63 
23 53 63 
16 26 56 
7 41 55 
7 31 54 
15 27 56 
0 13 32 
0 8 11 
14 40 56 
10 15 63 
54 57 63 
7 48 53 
3 10 63 
14 16 56 
0 17 40 
36 40 63 
10 55 63 
24 42 56 
36 48 63 
14 47 56 
52 55 56 
7 10 59 
0 8 54 
0 29 40 
10 61 63 
4 38 63 
14 56 58 
0 6 19 
0 12 58 
54 56 59 
52 58 63 
25 31 63 
19 40 56 
1 7 35 
40 41 63 
0 48 51 
44 48 63 
0 44 47 
18 23 56 
7 15 20 
0 21 23 
23 51 63 
34 60 63 
7 18 48 
0 34 62 
4 30 56 
40 54 56 
5 42 56 
12 57 63 
7 8 41 
0 34 48 
2 49 63 
7 15 26 
32 50 56 
24 44 56 
0 49 55 
7 8 46 
30 32 56 
21 47 63 
5 14 56 
12 40 56 
36 40 56 
0 41 62 
7 21 47 
48 50 63 
23 49 63 
42 56 58 
7 45 48 
3 11 56 
0 28 57 
3 7 17 
0 6 13 
34 56 57 
11 32 63 
21 56 58 
30 31 56 
27 47 56 
0 54 55 
8 22 56 
33 57 63 
4 41 63 
7 9 60 
30 56 60 
2 14 56 
0 6 49 
7 14 24 
3 28 63 
9 48 63 
15 21 63 
22 40 63 
7 40 51 
2 7 17 
0 14 47 
7 43 62 
34 39 56 
0 51 55 
8 17 56 
5 7 12 
15 22 56 
18 62 63 
7 10 58 
35 56 58 
16 49 56 
0 46 57 
29 61 63 
2 44 63 
7 8 50 
7 44 61 
22 56 60 
0 6 30 
25 56 60 
3 7 38 
0 29 59 
5 51 56 
24 45 56 
0 22 61 
7 22 61 
0 4 44 
12 47 56 
35 57 63 
0 1 50 
50 56 62 
1 7 45 
5 46 63 
2 13 63 
32 52 56 
0 54 58 
29 40 63 
19 32 63 
7 16 19 
16 50 63 
4 7 17 
20 32 56 
0 13 24 
0 14 15 
4 27 63 
37 56 59 
7 48 49 
7 17 58 
0 12 24 
4 21 63 
0 10 60 
7 10 16 
0 2 25 
49 56 58 
0 26 60 
0 19 58 
0 40 50 
0 9 40 
7 33 62 
0 36 61 
32 49 63 
0 12 32 
6 20 56 
7 21 48 
27 56 60 
46 59 63 
7 19 24 
0 15 37 
7 50 62 
44 58 63 
10 56 61 
7 31 44 
7 16 46 
39 42 56 
16 41 56 
16 29 63 
0 4 54 
2 26 63 
5 7 46 
36 56 60 
7 49 59 
5 12 63 
26 56 57 
7 26 47 
0 8 9 
2 7 18 
7 12 40 
0 44 60 
7 18 62 
7 28 58 
17 23 56 
15 53 56 
49 58 63 
7 27 40 
2 7 27 
7 23 53 
7 24 34 
39 51 56 
7 34 61 
23 41 56 
14 24 63 
7 38 57 
15 44 56 
7 38 48 
6 18 56 
32 42 56 
0 35 62 
4 9 56 
0 8 20 
2 41 56 
6 53 56 
0 8 22 
32 51 56 
5 7 30 
14 39 56 
2 25 56 
16 30 63 
38 61 63 
24 33 63 
0 25 59 
7 10 23 
0 12 47 
21 56 60 
0 21 47 
1 7 33 
2 20 63 
19 55 56 
50 57 63 
7 28 39 
0 16 21 
26 56 61 
0 2 19 
6 7 52 
12 62 63 
4 49 56 
2 7 38 
2 7 54 
9 24 56 
7 18 40 
0 23 46 
10 55 56 
0 11 48 
31 46 56 
19 62 63 
25 57 63 
0 19 40 
7 9 61 
0 4 53 
5 54 63 
29 56 58 
7 14 55 
0 3 36 
0 32 41 
7 29 59 
16 45 56 
0 4 42 
10 24 56 
42 47 56 
34 47 63 
15 50 56 
8 25 56 
15 37 56 
4 42 56 
0 16 36 
43 59 63 
2 7 45 
13 40 56 
20 24 56 
3 7 10 
25 32 56 
0 2 53 
2 7 51 
0 23 45 
5 7 19 
37 60 63 
11 56 61 
52 60 63 
11 40 56 
0 39 52 
0 32 45 
7 16 49 
5 7 27 
22 56 57 
16 53 63 
11 47 63 
7 19 40 
7 50 55 
9 55 63 
7 32 38 
0 6 12 
1 7 10 
0 43 55 
0 47 51 
0 6 26 
13 47 63 
7 29 60 
7 22 31 
3 18 63 
45 56 61 
30 55 63 
6 7 27 
16 38 56 
0 16 17 
54 55 56 
0 35 58 
7 24 29 
7 23 30 
17 39 56 
21 24 63 
34 55 63 
0 42 47 
7 52 59 
0 4 18 
0 50 61 
0 8 41 
1 50 56 
7 49 61 
7 35 48 
6 38 63 
0 5 20 
7 39 54 
20 31 63 
2 41 63 
7 8 10 
7 25 32 
0 33 60 
7 9 55 
7 35 62 
7 16 18 
0 2 38 
0 1 12 
7 13 48 
29 57 63 
45 57 63 
31 34 56 
0 16 19 
22 24 56 
0 20 57 
0 18 59 
7 19 23 
4 49 63 
7 31 37 
7 34 39 
5 7 38 
7 20 57 
0 4 43 
8 42 56 
12 23 63 
0 44 62 
6 14 56 
0 22 59 
0 8 51 
0 13 16 
3 7 50 
14 31 56 
4 21 56 
1 18 56 
7 42 48 
29 48 63 
0 5 17 
7 8 25 
16 18 63 
0 3 13 
0 13 61 
7 43 61 
18 61 63 
3 50 56 
4 13 63 
13 24 63 
0 27 47 
17 23 63 
12 56 60 
3 12 63 
1 21 63 
23 26 56 
12 31 56 
9 15 63 
21 62 63 
7 34 57 
26 55 63 
0 23 27 
7 11 61 
49 60 63 
7 8 12 
16 44 63 
1 36 63 
15 29 56 
7 35 57 
8 17 63 
0 42 57 
0 16 43 
0 15 35 
27 56 62 
23 34 56 
10 32 63 
7 28 57 
7 30 55 
6 51 56 
4 7 44 
4 19 63 
0 10 55 
45 48 56 
41 48 56 
0 50 62 
7 27 59 
13 56 62 
0 34 47 
10 56 57 
0 2 35 
2 21 56 
0 2 36 
0 15 36 
38 57 63 
6 10 63 
0 53 57 
0 24 27 
13 48 63 
0 29 48 
25 47 63 
34 56 59 
25 31 56 
30 61 63 
0 4 22 
12 15 63 
0 26 58 
21 56 57 
2 33 63 
31 41 63 
13 62 63 
3 53 63 
8 33 63 
15 34 56 
1 41 63 
0 1 44 
0 8 37 
7 8 51 
0 23 42 
7 33 55 
0 23 28 
40 54 63 
23 51 56 
26 32 63 
13 47 56 
0 16 26 
0 17 47 
31 37 56 
7 34 55 
37 56 57 
46 48 56 
46 56 58 
7 10 48 
30 39 63 
0 31 42 
0 30 31 
3 54 56 
7 18 23 
0 8 12 
17 40 56 
25 61 63 
6 49 56 
24 30 63 
7 15 21 
7 11 48 
0 11 16 
32 43 63 
19 56 58 
7 33 60 
49 62 63 
0 15 53 
7 38 58 
24 46 63 
0 10 32 
46 56 62 
7 20 31 
0 42 61 
0 2 18 
4 7 46 
2 7 10 
17 55 63 
20 39 56 
15 35 63 
21 48 56 
28 47 63 
5 19 56 
22 31 56 
0 3 26 
7 36 48 
5 7 29 
5 28 63 
40 50 56 
7 16 54 
30 59 63 
20 57 63 
13 56 59 
0 32 44 
19 31 56 
51 55 56 
9 31 56 
7 26 62 
0 17 55 
7 51 59 
7 9 39 
0 26 40 
0 2 12 
15 51 63 
0 3 10 
0 26 62 
7 25 39 
0 34 40 
13 59 63 
7 20 47 
7 27 62 
6 36 56 
4 7 33 
24 35 56 
7 23 29 
1 10 63 
38 40 56 
11 60 63 
10 62 63 
0 10 40 
7 29 55 
7 34 58 
4 52 63 
0 38 55 
10 59 63 
3 7 33 
7 35 40 
0 2 46 
51 57 63 
6 37 63 
27 39 56 
7 51 55 
0 2 52 
0 22 31 
5 22 63 
0 26 57 
1 33 56 
8 29 56 
0 20 23 
7 26 59 
2 7 13 
3 34 63 
3 42 56 
7 50 57 
18 32 63 
2 20 56 
0 14 61 
7 25 59 
0 13 40 
14 24 56 
7 11 24 
7 9 40 
18 31 63 
42 56 57 
7 11 55 
6 7 18 
7 25 62 
0 39 50 
0 14 40 
0 32 54 
8 13 56 
0 8 10 
38 48 56 
44 56 57 
8 49 56 
47 52 56 
7 32 35 
3 41 63 
0 24 45 
51 56 57 
7 18 47 
0 5 53 
45 55 56 
15 17 56 
19 56 62 
48 49 56 
4 7 10 
32 51 63 
7 45 55 
6 10 56 
1 42 56 
16 33 63 
6 7 50 
7 14 60 
2 51 56 
23 26 63 
6 7 19 
0 14 24 
3 7 20 
4 12 56 
0 31 50 
7 44 60 
7 19 32 
4 7 35 
10 56 59 
0 14 62 
7 32 42 
42 48 56 
2 13 56 
0 2 13 
7 10 39 
0 18 23 
16 49 63 
7 36 60 
0 53 55 
16 54 63 
28 56 62 
24 27 63 
45 56 58 
7 38 47 
0 34 57 
23 33 56 
7 23 49 
0 10 23 
23 30 63 
6 30 56 
39 50 63 
0 5 9 
7 37 47 
16 22 56 
11 61 63 
0 3 27 
3 7 42 
7 53 58 
7 10 15 
0 11 23 
4 7 29 
0 19 62 
7 38 61 
23 36 56 
0 15 27 
6 38 56 
0 3 44 
31 51 63 
31 42 56 
7 13 62 
28 55 56 
0 4 19 
33 56 61 
0 17 60 
7 54 59 
6 26 63 
11 16 63 
0 48 52 
13 16 56 
21 23 56 
7 38 59 
12 39 63 
0 3 22 
32 52 63 
3 7 34 
7 49 58 
18 59 63 
20 47 63 
9 47 56 
6 7 29 
31 34 63 
16 22 63 
54 56 62 
20 32 63 
1 7 38 
0 26 39 
7 26 61 
2 38 63 
0 35 47 
9 23 56 
5 7 44 
0 45 55 
7 17 57 
24 51 56 
7 15 28 
53 59 63 
12 56 61 
7 17 60 
7 23 52 
20 61 63 
26 48 56 
0 37 47 
7 21 58 
27 59 63 
0 15 19 
7 18 60 
15 28 63 
47 50 63 
26 56 58 
35 56 62 
23 27 63 
7 23 45 
10 31 56 
15 46 63 
7 36 47 
48 54 63 
34 56 60 
0 6 36 
0 1 11 
7 20 48 
45 60 63 
0 24 46 
51 56 58 
7 33 58 
7 16 17 
5 12 56 
18 48 63 
1 11 56 
19 40 63 
5 11 56 
13 39 63 
0 24 49 
15 51 56 
2 50 63 
2 7 35 
31 49 63 
23 43 56 
14 60 63 
34 40 63 
8 30 56 
10 48 63 
0 28 62 
1 29 63 
15 30 56 
0 31 41 
0 10 16 
7 9 58 
7 16 42 
15 41 56 
6 7 22 
13 23 56 
30 60 63 
7 31 33 
31 38 63 
14 32 63 
7 16 33 
0 33 48 
1 7 19 
7 16 43 
0 4 21 
0 5 54 
26 40 63 
15 25 63 
26 60 63 
8 44 56 
7 14 57 
17 47 63 
6 7 13 
1 7 53 
18 39 63 
22 60 63 
34 39 63 
19 23 56 
0 16 37 
15 53 63 
7 15 34 
7 39 52 
0 48 53 
7 9 57 
0 6 53 
0 18 61 
0 39 51 
0 24 54 
23 29 56 
7 23 34 
14 32 56 
30 56 58 
0 36 47 
11 56 60 
4 51 63 
17 62 63 
0 13 31 
4 50 63 
2 25 63 
11 56 58 
0 3 14 
0 41 58 
1 7 46 
5 7 43 
53 56 60 
7 37 62 
11 24 56 
28 31 56 
50 56 61 
0 14 57 
25 55 56 
19 24 63 
35 62 63 
6 34 56 
7 28 60 
7 42 58 
0 1 38 
2 43 56 
0 34 60 
46 62 63 
0 2 54 
0 38 57 
40 51 56 
40 49 56 
7 35 39 
6 20 63 
0 24 26 
15 36 56 
0 49 61 
2 7 21 
26 62 63 
0 25 32 
4 36 56 
20 31 56 
0 17 61 
22 40 56 
36 39 63 
2 7 22 
2 26 56 
0 5 44 
1 37 63 
45 61 63 
3 43 56 
23 30 56 
21 40 63 
7 10 62 
13 31 63 
0 19 60 
24 45 63 
46 60 63 
45 56 59 
7 31 51 
5 50 63 
0 23 41 
0 2 34 
7 45 62 
0 52 60 
16 21 56 
7 41 47 
7 12 61 
0 22 48 
0 13 23 
20 56 61 
4 37 56 
11 48 56 
0 6 14 
15 42 63 
3 52 63 
19 56 60 
9 61 63 
28 32 56 
8 52 63 
35 56 59 
2 42 63 
0 10 47 
7 26 55 
52 55 63 
0 24 44 
18 56 61 
0 29 55 
26 55 56 
14 56 61 
0 15 38 
7 23 26 
0 52 62 
2 42 56 
7 26 57 
0 2 14 
7 46 62 
15 22 63 
7 9 62 
7 16 28 
7 16 52 
22 32 56 
2 43 63 
6 7 49 
1 49 63 
1 7 41 
4 14 56 
15 20 56 
16 28 63 
7 41 62 
35 40 56 
0 43 62 
7 15 38 
3 30 56 
5 7 21 
0 30 57 
9 59 63 
8 46 56 
10 60 63 
0 8 38 
0 27 57 
7 8 22 
46 58 63 
0 4 25 
7 41 57 
7 15 53 
0 2 37 
7 52 61 
7 21 23 
22 48 63 
21 59 63 
7 12 23 
0 27 62 
53 56 57 
3 22 63 
35 56 61 
7 19 47 
0 39 49 
36 60 63 
0 8 46 
16 17 56 
24 46 56 
7 11 40 
7 8 19 
15 54 56 
16 20 56 
0 8 43 
21 31 63 
4 33 56 
7 30 32 
6 12 63 
0 27 32 
0 32 36 
0 28 32 
2 9 63 
44 56 62 
5 7 9 
7 32 53 
7 35 61 
31 45 63 
3 52 56 
0 3 30 
0 19 47 
0 5 22 
15 52 63 
0 4 14 
7 54 58 
4 10 56 
0 5 28 
0 6 54 
0 30 60 
0 2 27 
0 31 49 
0 3 49 
26 58 63 
37 56 58 
0 16 45 
7 38 55 
32 35 63 
4 18 63 
2 30 56 
0 8 30 
0 33 40 
0 45 58 
14 48 56 
7 21 39 
4 27 56 
33 58 63 
0 16 18 
0 6 45 
7 13 39 
0 10 62 
0 10 57 
9 56 59 
7 23 38 
0 34 39 
0 15 50 
4 20 56 
44 56 61 
32 46 63 
16 36 56 
30 56 57 
0 24 43 
15 38 56 
0 2 20 
0 27 39 
20 58 63 
7 13 61 
44 47 56 
31 37 63 
2 7 42 
4 13 56 
7 13 47 
52 62 63 
8 11 56 
4 7 9 
0 27 55 
34 58 63 
19 55 63 
42 56 60 
3 50 63 
2 7 44 
7 25 60 
15 17 63 
0 2 44 
3 12 56 
7 13 32 
3 27 56 
0 6 50 
7 24 25 
1 34 56 
7 37 57 
14 56 59 
51 56 60 
7 28 55 
3 7 44 
1 7 29 
30 55 56 
42 60 63 
0 41 48 
7 40 41 
33 62 63 
7 18 32 
0 39 53 
7 53 61 
11 16 56 
53 58 63 
49 57 63 
7 11 39 
0 13 62 
0 2 49 
0 40 46 
7 8 29 
0 6 10 
7 35 58 
7 29 62 
2 9 56 
51 56 59 
7 42 55 
7 22 23 
7 15 42 
15 18 63 
28 59 63 
33 60 63 
0 1 54 
7 9 47 
2 14 63 
5 54 56 
16 46 56 
22 39 56 
1 52 56 
23 45 56 
36 47 63 
0 1 43 
7 8 35 
0 16 51 
38 60 63 
0 21 61 
0 23 35 
8 45 63 
7 20 59 
7 15 49 
0 28 58 
3 45 63 
0 37 55 
0 13 60 
6 7 21 
1 7 34 
39 49 63 
6 13 63 
42 48 63 
2 45 56 
36 55 63 
0 10 24 
3 7 26 
37 56 62 
12 16 56 
6 7 20 
7 8 34 
39 46 63 
14 15 56 
0 43 47 
0 12 57 
28 31 63 
0 16 34 
47 49 56 
7 14 39 
7 34 40 
0 32 52 
1 51 56 
0 1 49 
1 18 63 
7 24 33 
0 46 58 
0 38 59 
1 27 56 
7 16 26 
1 7 43 
7 42 47 
7 47 54 
7 12 16 
6 22 63 
27 60 63 
0 20 32 
0 42 55 
36 47 56 
7 16 29 
0 4 49 
9 58 63 
29 59 63 
6 44 63 
41 61 63 
6 7 38 
39 43 56 
7 46 57 
0 37 57 
7 22 57 
37 61 63 
5 50 56 
15 29 63 
4 35 63 
0 8 13 
0 26 59 
21 60 63 
43 56 57 
14 23 63 
7 30 47 
4 7 12 
7 22 58 
0 23 25 
7 47 53 
29 39 56 
24 44 63 
1 35 63 
13 15 63 
23 34 63 
14 59 63 
7 27 32 
54 61 63 
41 56 57 
4 7 36 
11 40 63 
16 42 56 
3 46 56 
0 12 16 
0 23 52 
45 56 57 
0 6 34 
27 48 56 
10 56 62 
7 11 16 
9 24 63 
46 61 63 
7 20 62 
1 7 18 
0 39 45 
0 1 18 
12 58 63 
7 45 59 
6 7 9 
41 57 63 
17 56 57 
0 3 35 
28 40 63 
16 29 56 
7 39 41 
7 16 36 
0 1 30 
19 39 63 
5 49 63 
0 19 48 
8 9 63 
24 38 63 
7 32 50 
52 56 57 
3 17 63 
3 53 56 
0 13 55 
0 23 53 
22 47 63 
7 26 31 
14 57 63 
3 13 63 
5 27 56 
14 48 63 
25 56 61 
7 31 50 
39 54 56 
14 56 60 
1 22 56 
7 32 54 
0 24 53 
0 2 43 
0 6 52 
17 60 63 
26 56 59 
32 34 56 
52 56 59 
20 59 63 
6 28 63 
7 41 58 
7 30 62 
11 62 63 
36 62 63 
3 42 63 
4 26 63 
1 21 56 
43 56 59 
31 44 56 
0 20 58 
7 15 43 
14 23 56 
0 14 32 
4 25 56 
1 36 56 
7 27 61 
0 19 23 
24 50 56 
0 1 29 
23 28 56 
24 28 56 
40 50 63 
28 32 63 
0 51 61 
39 41 63 
0 8 42 
49 61 63 
0 31 43 
24 41 63 
22 61 63 
7 46 61 
0 43 61 
42 55 56 
3 29 63 
2 7 12 
30 62 63 
5 7 45 
17 56 58 
6 7 26 
0 9 55 
30 56 61 
45 47 56 
0 24 36 
53 61 63 
7 14 48 
36 59 63 
0 9 32 
0 8 27 
17 56 60 
3 51 63 
31 54 56 
2 30 63 
0 44 61 
5 7 54 
2 46 56 
30 47 63 
47 50 56 
10 57 63 
19 48 63 
8 14 63 
7 27 60 
9 60 63 
0 29 61 
0 11 31 
24 52 56 
7 54 60 
7 35 60 
50 56 58 
3 7 37 
1 30 63 
0 21 60 
16 50 56 
7 27 57 
5 30 63 
1 41 56 
7 23 44 
0 28 61 
33 47 56 
52 57 63 
32 38 63 
1 14 63 
29 31 63 
2 52 56 
0 31 37 
0 30 48 
6 45 56 
4 11 63 
0 28 40 
2 36 56 
7 18 58 
0 19 59 
7 20 60 
7 24 51 
1 51 63 
7 14 62 
5 25 56 
0 6 33 
5 19 63 
0 18 31 
0 14 55 
8 30 63 
6 7 41 
24 34 56 
20 62 63 
0 5 46 
16 35 56 
7 24 45 
26 59 63 
0 20 59 
50 59 63 
8 50 63 
15 28 56 
5 7 17 
21 58 63 
38 56 57 
2 33 56 
0 1 41 
7 24 41 
0 2 41 
0 2 21 
32 50 63 
0 4 13 
34 56 58 
16 45 63 
7 14 15 
7 17 32 
30 58 63 
6 11 63 
20 23 56 
3 7 54 
44 55 56 
0 29 31 
7 12 59 
7 10 40 
0 11 62 
10 47 56 
0 8 28 
16 19 56 
28 61 63 
0 37 48 
1 52 63 
7 46 55 
44 48 56 
0 24 41 
7 8 28 
35 56 57 
22 56 61 
7 31 43 
4 7 13 
7 25 40 
7 9 23 
4 54 56 
7 24 49 
15 36 63 
24 54 63 
16 30 56 
7 40 50 
0 28 47 
0 5 42 
0 15 54 
7 36 62 
15 37 63 
31 50 56 
14 56 57 
7 23 41 
0 16 30 
0 33 55 
6 30 63 
24 36 63 
0 29 60 
0 54 60 
1 29 56 
2 7 25 
32 44 56 
5 53 63 
0 31 38 
7 27 39 
15 50 63 
0 4 33 
7 16 21 
0 39 44 
5 29 63 
2 7 20 
7 42 61 
16 51 63 
6 21 63 
7 8 53 
9 56 60 
8 9 56 
0 11 59 
4 34 56 
8 35 63 
7 29 47 
39 52 63 
0 22 57 
17 32 56 
7 41 61 
15 34 63 
0 23 30 
7 37 58 
7 43 60 
3 7 43 
54 56 58 
0 6 22 
23 37 56 
7 18 24 
0 2 17 
5 21 56 
4 7 38 
0 54 59 
34 40 56 
32 41 63 
0 23 51 
7 18 39 
2 19 63 
2 17 63 
44 62 63 
0 35 61 
0 6 38 
18 40 56 
5 17 63 
0 37 60 
43 62 63 
17 40 63 
29 56 57 
0 1 42 
7 46 48 
0 21 58 
20 47 56 
0 45 59 
8 54 56 
4 12 63 
16 20 63 
40 41 56 
3 7 30 
3 21 63 
4 7 49 
0 53 58 
37 55 56 
7 17 48 
39 51 63 
0 43 60 
0 8 18 
24 27 56 
44 60 63 
7 22 60 
54 56 60 
53 57 63 
2 10 63 
0 5 13 
7 11 58 
0 11 40 
9 57 63 
7 53 62 
5 7 37 
6 27 56 
43 60 63 
8 25 63 
7 43 48 
47 49 63 
0 53 62 
7 29 57 
28 57 63 
0 4 46 
0 36 55 
5 20 63 
27 56 61 
25 60 63 
0 22 62 
5 17 56 
0 9 62 
28 48 63 
4 28 56 
12 56 62 
38 47 56 
8 11 63 
0 52 57 
0 25 58 
3 33 56 
0 53 61 
3 7 19 
38 47 63 
24 26 63 
0 22 60 
7 32 36 
5 7 11 
34 47 56 
32 49 56 
8 50 56 
0 18 40 
7 24 54 
0 2 29 
7 46 59 
24 41 56 
27 56 59 
0 5 10 
54 60 63 
48 51 63 
3 14 63 
25 56 57 
7 22 48 
4 7 21 
0 15 21 
2 34 56 
6 49 63 
7 17 59 
7 36 55 
5 38 63 
16 17 63 
0 34 55 
0 39 41 
23 43 63 
1 17 63 
21 24 56 
43 56 58 
50 58 63 
3 7 18 
2 36 63 
36 58 63 
7 8 26 
9 56 58 
7 28 47 
0 5 27 
7 54 61 
0 52 58 
26 48 63 
0 22 47 
8 34 56 
30 56 62 
45 55 63 
44 55 63 
23 36 63 
29 55 56 
3 7 11 
0 41 47 
31 43 56 
7 33 47 
4 44 63 
31 38 56 
2 22 56 
7 16 25 
7 32 37 
0 2 42 
7 50 60 
0 32 33 
7 12 24 
4 7 45 
53 55 63 
15 33 56 
1 7 37 
24 49 56 
7 9 24 
43 47 56 
11 15 56 
7 13 59 
7 37 61 
19 24 56 
7 24 37 
54 59 63 
13 15 56 
53 56 59 
2 7 19 
3 36 63 
7 28 40 
7 39 43 
24 25 63 
7 51 57 
0 32 35 
7 21 55 
7 18 59 
0 31 52 
7 40 52 
41 47 63 
0 26 61 
8 20 56 
41 56 62 
5 7 20 
0 1 46 
7 12 58 
7 54 57 
0 12 61 
7 32 43 
36 48 56 
0 31 51 
32 36 63 
16 21 63 
49 59 63 
19 23 63 
8 14 56 
0 19 57 
17 24 56 
7 40 44 
3 20 63 
12 56 58 
15 54 63 
0 16 49 
0 53 59 
0 5 29 
36 55 56 
10 56 60 
1 34 63 
1 7 22 
25 56 58 
6 7 42 
46 55 63 
7 13 40 
0 16 53 
45 56 62 
7 22 24 
7 8 9 
8 54 63 
5 7 28 
0 32 34 
3 43 63 
0 42 58 
0 12 31 
7 27 55 
27 40 63 
0 2 10 
0 4 35 
7 15 36 
0 5 11 
16 25 56 
7 12 15 
0 46 61 
0 17 58 
7 18 31 
18 55 56 
23 25 63 
0 1 17 
7 10 24 
22 55 56 
41 56 61 
0 45 57 
0 40 51 
0 16 41 
31 53 56 
51 59 63 
22 56 62 
6 21 56 
7 15 22 
0 12 48 
5 7 36 
4 29 63 
21 57 63 
49 56 57 
50 55 56 
0 49 58 
0 15 34 
1 45 63 
5 7 50 
7 12 62 
7 43 47 
1 43 56 
3 7 12 
54 56 61 
27 56 58 
0 9 48 
23 44 56 
10 47 63 
51 55 63 
5 7 22 
0 6 44 
41 56 58 
4 29 56 
4 7 25 
4 53 63 
47 52 63 
16 43 63 
0 32 50 
5 7 25 
7 31 41 
0 45 48 
7 37 40 
42 59 63 
34 56 62 
8 46 63 
7 8 21 
6 25 56 
7 24 26 
7 23 43 
3 45 56 
3 37 63 
6 18 63 
0 25 61 
50 62 63 
7 53 55 
0 11 57 
0 4 45 
40 52 56 
38 55 63 
7 33 57 
0 29 62 
16 26 63 
6 41 56 
8 19 56 
7 49 60 
6 7 36 
5 45 56 
7 40 43 
2 7 26 
0 12 60 
9 32 63 
7 52 55 
7 26 48 
5 33 56 
7 49 57 
1 53 56 
49 56 61 
7 52 62 
0 39 43 
12 48 56 
7 45 47 
41 55 63 
11 48 63 
3 49 56 
7 46 60 
7 53 59 
1 19 56 
37 56 60 
7 33 39 
9 39 63 
17 31 56 
0 28 59 
0 10 15 
7 8 36 
0 20 31 
7 19 59 
0 6 9 
22 62 63 
0 8 26 
27 39 63 
1 7 21 
25 40 63 
0 31 45 
7 39 50 
0 14 31 
7 26 60 
4 38 56 
4 26 56 
50 55 63 
40 43 56 
0 24 33 
28 60 63 
20 40 56 
22 56 58 
7 20 32 
29 56 59 
0 2 33 
3 51 56 
31 44 63 
1 46 63 
23 45 63 
1 53 63 
1 7 27 
7 28 59 
8 45 56 
0 5 21 
0 22 39 
43 61 63 
24 52 63 
7 29 32 
28 56 61 
22 39 63 
7 17 31 
2 17 56 
0 8 21 
13 61 63 
0 31 36 
0 47 49 
33 59 63 
0 25 57 
34 48 56 
0 35 55 
0 3 37 
7 8 27 
5 37 56 
21 47 56 
5 29 56 
1 25 56 
0 8 52 
7 29 39 
4 7 53 
7 21 60 
0 6 28 
7 12 31 
9 40 63 
0 24 29 
7 23 54 
2 34 63 
7 16 51 
7 10 31 
6 22 56 
0 26 32 
17 61 63 
7 38 62 
43 56 62 
0 21 39 
7 26 39 
7 49 62 
41 56 59 
0 3 25 
0 18 24 
11 32 56 
32 45 63 
9 23 63 
40 44 63 
6 43 56 
0 36 58 
39 52 56 
5 34 56 
35 58 63 
38 48 63 
0 12 55 
46 55 56 
0 17 31 
0 5 35 
0 22 55 
1 12 56 
27 56 57 
34 55 56 
6 7 43 
2 7 11 
0 42 60 
2 53 63 
7 32 46 
7 24 38 
1 7 25 
7 16 37 
0 8 14 
0 5 52 
0 1 20 
2 7 30 
21 56 62 
7 16 22 
0 9 23 
0 24 30 
0 42 48 
0 1 10 
3 7 14 
7 15 17 
5 34 63 
2 11 63 
36 56 59 
1 7 20 
39 53 56 
7 17 61 
18 48 56 
12 47 63 
4 9 63 
7 12 47 
7 53 57 
4 54 63 
0 36 62 
10 58 63 
7 22 39 
0 51 62 
27 57 63 
13 48 56 
44 56 58 
6 7 28 
23 52 56 
7 39 42 
7 52 60 
7 17 62 
15 43 63 
7 18 61 
47 51 63 
42 56 62 
16 36 63 
48 49 63 
41 56 60 
7 16 41 
51 56 61 
7 31 53 
2 51 63 
0 33 62 
7 38 39 
7 26 32 
13 56 58 
0 16 52 
1 7 54 
31 46 63 
0 49 60 
36 57 63 
0 13 48 
23 41 63 
4 33 63 
4 36 63 
35 40 63 
7 8 13 
6 7 46 
4 7 11 
0 3 41 
34 61 63 
5 41 63 
0 3 17 
0 50 55 
3 7 35 
0 30 40 
0 4 28 
7 39 49 
4 7 18 
54 56 57 
3 7 49 
35 48 56 
0 29 39 
35 56 60 
0 24 42 
0 40 53 
24 26 56 
0 27 31 
7 28 61 
0 6 11 
8 19 63 
7 14 47 
0 1 45 
2 7 43 
0 50 60 
16 46 63 
7 9 31 
23 52 63 
7 32 49 
27 58 63 
1 7 49 
0 40 54 
45 47 63 
0 47 52 
24 35 63 
28 56 58 
7 38 60 
0 23 36 
6 7 51 
0 6 17 
0 20 55 
7 46 58 
7 44 59 
0 1 28 
18 58 63 
7 48 51 
8 35 56 
7 43 59 
25 56 62 
0 41 60 
49 56 62 
7 33 59 
3 25 63 
8 43 63 
0 6 27 
18 60 63 
6 46 56 
38 56 60 
39 54 63 
33 56 62 
29 56 61 
22 56 59 
0 37 59 
11 56 62 
15 21 56 
1 13 63 
38 39 63 
6 35 63 
24 42 63 
6 52 56 
7 18 55 
7 8 43 
0 36 48 
7 8 18 
0 36 39 
6 7 45 
0 37 40 
6 27 63 
38 59 63 
20 56 58 
0 46 62 
18 40 63 
21 55 56 
6 34 63 
0 3 19 
0 33 61 
18 56 57 
24 37 63 
17 47 56 
0 40 45 
10 16 56 
0 5 49 
7 37 60 
10 23 63 
40 53 63 
43 55 56 
15 18 56 
7 51 61 
40 51 63 
10 39 56 
0 51 60 
4 17 63 
0 49 57 
22 55 63 
7 15 19 
0 50 58 
7 31 46 
0 5 41 
0 30 59 
39 45 63 
7 17 39 
17 48 56 
0 5 19 
47 54 56 
7 35 47 
0 16 20 
45 56 60 
24 37 56 
4 51 56 
15 42 56 
34 56 61 
7 45 57 
45 48 63 
42 56 61 
15 45 56 
0 47 53 
0 22 23 
4 43 63 
5 45 63 
0 6 29 
7 9 16 
2 7 14 
1 7 42 
7 24 30 
0 40 49 
6 26 56 
1 7 26 
0 25 40 
7 40 54 
6 29 63 
31 33 63 
0 4 36 
2 10 56 
7 17 47 
0 25 60 
30 40 63 
5 14 63 
7 48 54 
7 28 62 
53 60 63 
0 23 38 
6 13 56 
0 4 52 
0 5 36 
50 56 60 
5 33 63 
0 11 55 
0 19 32 
7 31 35 
19 56 59 
0 3 53 
8 49 63 
7 11 47 
0 3 54 
0 49 59 
17 59 63 
12 61 63 
0 24 52 
44 47 63 
7 21 59 
5 42 63 
0 6 35 
40 44 56 
0 5 12 
3 9 63 
15 30 63 
7 48 50 
0 31 35 
50 61 63 
27 40 56 
35 55 56 
6 14 63 
52 56 62 
1 14 56 
7 20 40 
28 39 56 
7 10 60 
0 31 33 
0 54 62 
0 4 41 
0 4 50 
15 25 56 
7 25 61 
7 14 23 
0 15 52 
0 46 55 
39 44 63 
0 27 59 
0 4 26 
8 38 63 
7 19 31 
7 37 55 
0 54 57 
0 39 54 
33 40 63 
7 9 15 
0 28 39 
0 5 26 
5 43 56 
0 46 48 
25 59 63 
0 33 59 
0 17 39 
25 40 56 
5 44 56 
46 56 60 
16 27 56 
3 44 56 
28 62 63 
7 17 24 
24 43 63 
1 9 56 
0 10 31 
8 28 56 
46 57 63 
33 61 63 
37 47 56 
33 55 56 
7 30 40 
24 49 63 
14 55 63 
7 16 44 
0 3 51 
31 41 56 
8 27 56 
1 35 56 
5 11 63 
32 43 56 
7 50 58 
5 7 34 
3 14 56 
0 16 42 
11 15 63 
4 7 42 
7 36 40 
15 19 56 
1 9 63 
0 3 28 
23 44 63 
0 8 44 
0 4 11 
0 41 57 
1 26 63 
0 18 58 
7 23 27 
7 19 57 
36 61 63 
38 56 58 
0 4 10 
25 56 59 
0 9 31 
7 22 62 
0 15 42 
7 32 41 
6 7 34 
0 44 55 
7 29 58 
8 36 63 
10 23 56 
23 37 63 
19 47 63 
7 43 58 
40 43 63 
12 32 63 
7 14 31 
4 7 50 
0 15 22 
14 15 63 
44 56 59 
7 14 61 
0 16 29 
2 7 28 
3 7 51 
18 55 63 
17 24 63 
0 6 51 
6 7 12 
7 13 60 
40 46 63 
37 62 63 
3 7 52 
13 55 63 
10 32 56 
6 54 63 
7 40 46 
2 29 56 
1 30 56 
5 7 52 
33 48 56 
52 61 63 
29 62 63 
7 32 51 
15 33 63 
17 39 63 
0 47 54 
0 35 39 
3 25 56 
0 29 47 
0 47 50 
17 58 63 
40 45 63 
0 15 18 
0 36 60 
0 48 50 
52 56 60 
0 15 41 
7 23 35 
1 7 9 
7 14 16 
5 30 56 
10 40 63 
0 3 9 
33 48 63 
19 58 63 
2 35 56 
5 7 13 
17 56 62 
0 15 33 
7 23 42 
42 56 59 
43 57 63 
0 14 60 
2 7 34 
0 32 43 
4 25 63 
7 31 34 
4 18 56 
11 57 63 
7 42 59 
7 39 53 
0 8 17 
7 13 23 
19 48 56 
7 41 59 
2 7 46 
0 5 25 
46 47 56 
14 58 63 
28 56 60 
4 7 37 
11 56 59 
30 48 63 
4 20 63 
4 7 26 
0 6 41 
27 47 63 
7 49 55 
54 62 63 
8 37 63 
29 55 63 
13 23 63 
10 56 58 
0 3 43 
31 43 63 
31 50 63 
0 40 42 
7 9 32 
39 42 63 
0 16 46 
7 40 53 
5 49 56 
5 44 63 
26 56 60 
33 56 57 
44 56 60 
3 18 56 
9 55 56 
7 11 57 
3 41 56 
7 30 31 
0 1 25 
0 18 60 
45 62 63 
0 50 57 
7 28 48 
5 25 63 
35 61 63 
1 42 63 
0 5 34 
0 12 59 
43 56 61 
12 59 63 
0 16 25 
0 9 24 
0 21 59 
0 20 40 
23 27 56 
12 60 63 
7 21 40 
6 7 14 
8 18 56 
3 7 25 
16 25 63 
7 8 44 
0 11 58 
3 26 56 
33 55 63 
7 8 30 
36 56 58 
6 50 56 
0 5 33 
0 51 57 
3 7 46 
9 32 56 
7 24 28 
28 39 63 
10 40 56 
0 28 48 
7 12 32 
44 59 63 
20 56 60 
32 33 63 
0 28 60 
0 2 22 
0 17 59 
0 46 60 
5 35 56 
39 53 63 
0 1 19 
27 31 56 
1 45 56 
5 27 63 
13 58 63 
4 22 56 
0 9 39 
7 22 32 
7 13 24 
1 7 52 
15 44 63 
2 7 29 
36 56 62 
7 45 60 
0 1 9 
3 7 45 
1 19 63 
33 47 63 
18 56 62 
13 32 63 
11 58 63 
7 15 18 
7 24 35 
7 16 45 
0 18 55 
7 25 47 
35 47 63 
1 22 63 
0 32 37 
7 42 57 
7 35 59 
1 7 44 
3 7 9 
29 58 63 
4 19 56 
3 19 56 
0 20 60 
29 60 63 
22 58 63 
8 26 56 
11 39 63 
0 8 35 
0 18 32 
0 16 22 
54 55 63 
7 27 58 
20 60 63 
0 31 46 
6 44 56 
21 32 56 
21 55 63 
0 12 39 
1 7 12 
5 28 56 
7 10 32 
15 49 63 
15 52 56 
2 7 41 
39 45 56 
0 37 61 
4 7 27 
0 8 29 
16 52 56 
0 45 60 
7 24 46 
7 37 48 
51 58 63 
11 23 63 
7 15 37 
0 31 44 
25 55 63 
0 15 44 
14 40 63 
0 18 39 
0 15 26 
8 22 63 
5 7 10 
0 14 16 
2 28 56 
2 18 63 
7 29 48 
22 57 63 
14 62 63 
4 7 14 
25 48 56 
13 39 56 
26 31 56 
0 41 59 
0 9 47 
8 10 56 
3 7 22 
5 52 63 
7 8 49 
16 33 56 
7 24 53 
5 10 63 
0 4 30 
26 32 56 
37 55 63 
8 37 56 
7 11 60 
6 43 63 
17 56 59 
2 54 56 
0 30 62 
7 29 40 
40 49 63 
7 42 62 
6 33 56 
43 47 63 
0 23 43 
7 36 57 
0 15 46 
7 37 39 
0 8 25 
32 54 56 
0 40 44 
1 7 30 
7 20 23 
52 56 58 
0 37 39 
0 26 47 
18 32 56 
13 56 57 
8 27 63 
26 47 63 
0 43 57 
0 20 39 
23 25 56 
6 17 63 
22 31 63 
0 44 48 
0 6 18 
5 7 35 
4 7 19 
25 58 63 
0 10 58 
16 27 63 
2 29 63 
7 26 40 
0 32 53 
9 56 57 
0 14 58 
7 12 48 
37 39 63 
0 33 58 
13 55 56 
46 47 63 
0 15 45 
35 59 63 
7 36 58 
10 16 63 
0 19 31 
0 3 45 
0 38 40 
0 17 62 
20 39 63 
0 21 55 
4 52 56 
15 26 56 
1 50 63 
8 53 56 
53 56 61 
0 12 15 
22 23 63 
6 7 10 
0 11 60 
34 48 63 
25 48 63 
0 8 33 
5 20 56 
0 15 20 
8 36 56 
0 24 28 
40 42 56 
4 10 63 
0 38 58 
28 47 56 
0 4 9 
0 23 54 
0 1 37 
0 9 60 
1 7 50 
11 56 57 
7 10 61 
3 11 63 
4 45 56 
7 19 60 
6 28 56 
48 50 56 
19 31 63 
7 44 58 
29 32 63 
41 62 63 
28 48 56 
7 30 58 
29 47 56 
31 54 63 
33 40 56 
15 45 63 
20 56 59 
23 54 56 
0 9 61 
1 25 63 
0 24 37 
7 31 36 
30 56 59 
0 23 34 
11 23 56 
1 27 63 
21 23 63 
0 16 35 
6 7 17 
3 37 56 
18 56 59 
37 56 61 
3 33 63 
7 32 45 
23 50 63 
3 34 56 
7 15 33 
13 31 56 
29 40 56 
8 21 63 
53 56 58 
0 4 12 
50 56 59 
7 44 57 
8 51 63 
18 39 56 
32 42 63 
2 7 33 
21 40 56 
0 34 61 
8 44 63 
4 7 28 
5 9 63 
0 34 58 
7 19 55 
7 29 61 
32 53 63 
23 38 56 
0 6 43 
23 54 63 
9 16 63 
6 19 56 
7 23 28 
7 19 48 
0 2 30 
19 57 63 
7 30 59 
0 5 45 
19 56 61 
0 3 11 
24 53 56 
7 34 48 
7 15 46 
2 21 63 
7 10 57 
8 41 63 
12 48 63 
0 15 29 
3 35 63 
1 7 28 
0 15 30 
2 50 56 
0 6 37 
5 21 63 
9 48 56 
45 58 63 
5 37 63 
7 31 45 
7 20 58 
0 25 47 
43 55 63 
7 15 27 
0 5 43 
7 8 33 
7 19 58 
26 39 56 
35 60 63 
7 8 14 
0 22 40 
0 42 59 
0 10 48 
49 56 59 
13 57 63 
0 11 15 
39 44 56 
12 31 63 
47 54 63 
37 39 56 
7 31 52 
4 41 56 
43 48 63 
4 14 63 
13 16 63 
0 30 61 
3 13 56 
20 55 56 
7 35 55 
48 53 63 
23 42 63 
5 46 56 
4 45 63 
0 8 19 
7 40 42 
0 23 29 
17 56 61 
20 48 63 
1 7 17 
3 46 63 
2 19 56 
28 56 57 
0 22 58 
0 27 40 
7 52 58 
0 32 51 
24 30 56 
26 31 63 
38 40 63 
0 42 62 
16 18 56 
1 44 56 
7 44 47 
38 56 59 
20 48 56 
0 11 47 
1 38 63 
13 24 56 
39 41 56 
7 51 62 
7 23 36 
38 58 63 
0 48 49 
4 7 43 
8 43 56 
0 2 26 
7 8 38 
0 43 59 
31 35 56 
41 59 63 
7 20 61 
39 46 56 
16 37 56 
0 30 58 
7 39 51 
24 29 56 
16 19 63 
9 47 63 
24 33 56 
0 16 54 
7 24 42 
19 32 56 
3 21 56 
6 36 63 
28 58 63 
6 17 56 
53 56 62 
5 7 14 
32 37 56 
0 8 36 
0 3 29 
0 17 32 
7 36 61 
24 25 56 
0 23 50 
0 5 38 
0 13 15 
5 10 56 
8 21 56 
7 24 44 
9 16 56 
26 61 63 
24 36 56 
7 30 57 
0 1 27 
6 35 56 
5 43 63 
24 51 63 
0 13 58 
24 28 63 
7 32 34 
7 13 57 
15 49 56 
7 25 57 
7 18 57 
0 13 39 
2 49 56 
12 24 63 
0 2 28 
3 7 27 
22 47 56 
0 3 46 
14 61 63 
7 53 60 
33 39 56 
7 39 46 
42 55 63 
53 55 56 
3 38 63 
19 60 63 
0 16 44 
0 46 47 
3 38 56 
0 1 52 
0 6 46 
0 3 18 
9 31 63 
17 48 63 
54 58 63 
31 33 56 
12 55 56 
0 14 23 
48 54 56 
0 21 31 
34 62 63 
7 8 45 
1 17 56 
0 26 48 
18 23 63 
0 24 38 
42 57 63 
5 7 42 
7 46 47 
14 39 63 
0 12 40 
4 35 56 
0 4 17 
6 25 63 
34 57 63 
26 40 56 
31 49 56 
23 35 63 
41 60 63 
44 61 63 
7 13 58 
16 54 56 
38 56 62 
7 33 61 
31 36 56 
4 28 63 
7 12 55 
6 42 63 
24 43 56 
0 29 57 
7 20 24 
3 36 56 
1 20 63 
15 41 63 
22 48 56 
0 20 48 
7 30 60 
22 23 56 
7 23 37 
7 23 50 
0 1 36 
8 18 63 
9 56 61 
31 35 63 
0 30 47 
7 32 33 
3 20 56 
0 21 32 
5 13 63 
43 48 56 
7 15 45 
37 47 63 
23 29 63 
31 36 63 
7 30 61 
20 55 63 
0 18 47 
0 23 37 
3 44 63 
1 28 56 
0 50 59 
0 15 51 
2 22 63 
30 47 56 
4 46 56 
19 61 63 
15 46 56 
3 7 28 
20 24 63 
33 39 63 
0 6 20 
0 27 61 
3 7 13 
3 49 63 
0 31 54 
3 9 56 
7 23 25 
7 34 60 
6 46 63 
35 48 63 
33 56 59 
0 38 61 
0 25 55 
6 7 44 
2 38 56 
7 31 38 
0 4 29 
7 25 55 
7 15 50 
23 38 63 
0 5 30 
37 48 63 
16 43 56 
0 12 62 
27 31 63 
8 12 63 
30 31 63 
7 24 27 
7 21 24 
1 10 56 
0 26 31 
3 30 63 
5 38 56 
7 15 29 
13 56 60 
14 47 63 
27 61 63 
1 7 51 
1 37 56 
11 55 56 
1 7 36 
0 23 33 
2 37 63 
33 56 58 
0 35 60 
4 43 56 
0 28 55 
16 44 56 
3 7 53 
24 50 63 
3 54 63 
0 35 48 
0 51 58 
15 20 63 
7 52 57 
0 41 55 
0 8 53 
17 31 63 
3 29 56 
12 24 56 
7 42 60 
0 35 57 
0 9 59 
1 7 13 
13 32 56 
0 4 38 
35 39 56 
15 27 63 
49 56 60 
0 4 20 
6 53 63 
7 26 58 
23 42 56 
11 31 63 
16 42 63 
43 58 63 
40 52 63 
7 20 39 
18 56 60 
3 27 63 
1 13 56 
7 16 20 
6 7 11 
0 20 24 
29 32 56 
7 15 25 
5 35 63 
1 11 63 
4 7 30 
7 39 45 
2 27 56 
7 33 48 
40 45 56 
0 40 52 
7 47 50 
0 1 34 
16 34 56 
27 48 63 
15 26 63 
3 28 56 
41 55 56 
30 48 56 
2 12 63 
5 18 56 
52 59 63 
20 40 63 
0 9 16 
2 44 56 
0 52 55 
24 29 63 
10 24 63 
0 15 28 
7 27 48 
