16 48 59 
23 48 58 
5 16 62 
23 47 60 
2 31 61 
5 8 62 
3 5 62 
1 31 59 
32 47 58 
31 55 60 
24 48 57 
8 23 24 
2 24 60 
1 5 24 
5 40 62 
16 39 40 
40 57 58 
31 59 61 
5 23 40 
48 57 59 
31 57 62 
15 48 55 
24 31 47 
4 5 47 
31 39 47 
6 32 58 
1 4 48 
3 55 61 
6 8 61 
47 55 58 
15 39 59 
3 55 57 
2 8 47 
40 57 59 
39 60 62 
48 60 61 
6 8 39 
4 15 32 
4 15 40 
39 57 61 
1 47 60 
4 24 55 
3 32 60 
16 31 55 
24 32 58 
31 60 61 
39 48 61 
15 40 58 
1 5 61 
15 58 60 
6 55 59 
3 31 57 
4 23 32 
8 16 48 
2 39 62 
1 5 62 
55 59 62 
32 60 61 
6 24 59 
3 39 55 
4 6 59 
3 6 32 
24 40 60 
8 58 60 
3 31 61 
3 23 48 
39 40 60 
15 32 60 
3 5 48 
6 39 58 
6 24 57 
8 57 62 
1 6 40 
1 31 61 
5 24 60 
32 55 58 
6 8 60 
5 15 24 
5 23 59 
15 57 61 
2 4 24 
1 31 40 
6 23 24 
2 8 60 
4 32 60 
4 23 47 
3 24 40 
4 39 55 
2 31 57 
1 48 59 
8 48 57 
6 24 55 
16 24 31 
3 48 59 
2 57 62 
3 16 31 
40 58 60 
2 5 6 
1 5 55 
2 4 60 
23 32 60 
6 39 62 
15 40 62 
6 40 57 
3 24 39 
2 16 60 
24 47 55 
23 57 58 
6 58 59 
31 32 59 
1 4 32 
2 15 24 
8 23 57 
1 8 39 
1 48 58 
5 39 57 
4 24 48 
16 24 32 
6 23 59 
2 3 4 
3 4 8 
23 48 55 
6 15 39 
8 55 57 
47 58 60 
5 24 31 
4 6 8 
5 57 62 
16 23 59 
16 40 55 
6 8 31 
8 47 59 
5 55 59 
39 40 47 
3 39 62 
1 58 61 
6 32 39 
31 32 48 
2 5 60 
3 40 47 
4 15 58 
5 15 57 
16 24 59 
16 24 58 
16 59 60 
16 40 57 
1 58 62 
15 57 59 
16 23 32 
5 24 62 
4 16 23 
4 6 60 
8 48 61 
31 40 61 
4 39 57 
5 39 61 
3 5 40 
31 39 58 
4 8 55 
47 57 58 
3 5 16 
6 15 57 
3 32 57 
1 2 4 
6 8 47 
3 47 62 
23 47 61 
3 8 57 
5 6 60 
47 55 57 
8 32 61 
4 39 47 
6 31 39 
15 59 60 
5 6 59 
6 39 59 
8 24 40 
15 31 55 
3 15 61 
1 4 62 
1 3 32 
8 40 57 
3 15 24 
3 60 62 
23 58 62 
16 55 58 
1 5 16 
23 31 57 
5 31 32 
39 57 60 
15 39 55 
2 5 47 
24 39 61 
23 39 58 
3 55 62 
48 59 61 
4 5 24 
4 6 58 
5 24 39 
24 32 62 
5 23 57 
31 40 60 
23 24 32 
3 4 57 
1 6 60 
2 16 40 
8 15 16 
1 31 60 
8 39 48 
23 32 47 
15 23 40 
8 40 58 
57 58 61 
3 5 60 
32 47 61 
1 48 61 
5 48 57 
3 24 57 
40 48 55 
16 32 59 
4 15 59 
16 40 47 
57 61 62 
8 39 40 
2 39 58 
57 59 62 
3 5 39 
4 24 39 
2 8 15 
1 15 40 
15 31 57 
24 40 59 
4 6 31 
6 8 59 
5 31 60 
16 39 57 
2 6 32 
48 57 61 
2 8 40 
32 58 62 
16 60 61 
1 60 62 
1 15 23 
58 59 60 
5 6 55 
15 48 60 
4 24 31 
1 32 39 
6 15 59 
3 4 24 
23 31 60 
32 40 62 
3 6 59 
3 4 60 
40 47 62 
4 15 62 
5 24 40 
8 15 47 
24 40 58 
3 16 39 
5 15 40 
5 58 59 
2 32 48 
16 31 32 
15 16 32 
2 4 58 
32 57 58 
4 24 40 
2 16 47 
55 59 60 
15 57 60 
2 8 59 
5 48 55 
1 2 39 
5 48 62 
1 15 47 
1 39 58 
4 6 40 
2 4 57 
15 16 58 
15 32 58 
5 15 62 
24 32 55 
4 57 60 
1 5 32 
16 24 39 
4 47 59 
4 60 61 
1 23 55 
3 40 62 
1 24 59 
32 47 59 
5 32 40 
15 31 47 
6 16 60 
2 32 61 
31 32 62 
1 3 57 
5 15 48 
16 48 62 
24 40 47 
16 40 60 
1 3 48 
1 23 39 
31 48 55 
8 32 55 
32 60 62 
1 5 60 
3 8 39 
15 47 62 
16 23 40 
23 39 48 
31 40 59 
2 47 55 
32 57 62 
32 40 55 
58 59 61 
39 57 62 
2 24 61 
2 40 57 
4 40 55 
16 32 58 
23 31 40 
6 16 32 
3 32 39 
3 8 59 
2 39 55 
2 15 40 
39 47 59 
6 39 55 
1 2 40 
5 57 61 
8 24 61 
8 15 39 
2 58 61 
6 48 58 
59 61 62 
16 48 58 
4 16 58 
6 32 61 
8 15 59 
15 48 59 
8 57 58 
24 57 58 
4 16 60 
31 39 57 
3 6 16 
15 23 32 
4 6 32 
1 32 60 
6 16 40 
8 31 55 
40 48 58 
4 60 62 
2 48 59 
2 3 6 
5 39 58 
2 5 57 
4 39 62 
1 2 5 
3 5 61 
3 48 60 
3 40 59 
55 57 60 
5 16 55 
2 47 57 
16 32 57 
3 15 23 
2 4 15 
6 16 57 
4 24 47 
3 4 32 
6 8 58 
6 8 24 
24 40 61 
8 31 39 
16 57 61 
15 48 58 
8 32 39 
3 40 48 
16 23 47 
31 58 60 
16 23 24 
24 31 59 
32 40 61 
6 39 61 
5 16 60 
15 47 61 
1 40 60 
24 47 61 
1 3 47 
4 16 40 
1 31 55 
8 31 58 
3 4 47 
1 24 58 
39 55 60 
1 4 58 
31 55 58 
8 23 39 
16 23 58 
2 15 48 
5 23 39 
1 8 59 
32 40 57 
8 58 59 
4 15 16 
3 8 48 
6 39 60 
47 48 55 
2 24 59 
8 23 48 
48 58 60 
16 59 62 
15 16 23 
4 40 47 
2 16 39 
3 15 62 
1 2 60 
1 2 62 
6 24 61 
5 15 32 
15 55 62 
8 55 61 
23 24 39 
1 3 24 
6 24 62 
24 55 61 
3 4 6 
6 8 23 
39 59 62 
1 2 31 
8 15 57 
3 16 47 
5 31 61 
31 32 40 
8 23 60 
16 23 61 
8 47 55 
3 4 40 
1 47 62 
15 23 57 
6 60 62 
1 2 57 
31 58 59 
1 57 59 
23 57 61 
1 5 8 
2 5 24 
3 15 31 
40 47 61 
24 32 48 
3 31 47 
2 4 47 
6 58 60 
6 15 60 
15 47 59 
2 16 55 
31 59 60 
55 57 58 
4 15 60 
15 39 60 
23 32 61 
2 31 59 
1 32 47 
6 47 48 
3 23 59 
1 24 31 
4 55 61 
16 31 48 
1 3 31 
2 8 24 
5 48 60 
3 8 15 
24 48 55 
6 57 59 
58 60 61 
5 15 58 
3 4 15 
8 59 62 
1 57 62 
6 32 48 
2 47 48 
2 31 39 
24 55 59 
1 23 31 
1 24 40 
1 6 8 
23 60 61 
8 55 62 
4 58 61 
15 39 57 
8 39 60 
23 47 48 
4 6 48 
23 32 58 
3 15 16 
6 8 62 
5 6 24 
3 40 61 
1 6 15 
8 24 59 
4 8 57 
1 32 48 
1 4 6 
2 8 31 
2 24 58 
16 31 60 
31 47 60 
4 58 60 
15 47 57 
2 16 24 
1 23 62 
47 59 62 
3 24 48 
3 39 61 
24 39 40 
48 57 60 
16 47 55 
2 4 39 
39 40 59 
1 2 23 
1 6 61 
6 32 60 
2 23 32 
4 5 57 
5 8 39 
23 32 48 
3 16 60 
1 8 61 
23 39 57 
8 32 60 
1 4 60 
15 61 62 
23 31 61 
16 31 61 
15 48 61 
31 48 59 
5 57 60 
8 59 60 
5 24 32 
4 16 24 
15 24 39 
3 32 58 
5 16 59 
2 5 32 
2 47 61 
2 16 57 
8 47 60 
2 3 61 
1 5 15 
3 61 62 
23 32 39 
15 24 61 
23 57 60 
3 8 24 
23 40 48 
3 23 24 
5 47 55 
1 5 59 
5 32 58 
32 55 60 
6 15 24 
40 57 60 
5 16 47 
6 31 55 
8 55 59 
24 59 62 
39 58 59 
1 16 62 
6 23 47 
15 32 39 
15 31 58 
3 31 39 
5 32 60 
16 31 47 
6 40 58 
4 40 62 
5 6 23 
3 16 40 
1 8 60 
1 31 62 
5 8 40 
15 31 48 
3 8 61 
3 6 40 
39 55 61 
32 39 40 
1 24 60 
6 31 59 
1 31 39 
4 40 60 
4 32 48 
32 39 59 
5 6 15 
2 6 16 
23 55 61 
2 6 8 
3 39 47 
3 16 55 
4 15 47 
23 57 59 
4 48 55 
39 47 62 
32 59 61 
1 16 39 
40 48 57 
2 15 55 
8 55 60 
3 8 47 
8 16 55 
6 31 32 
24 47 62 
16 24 47 
15 24 62 
1 5 40 
2 15 39 
47 58 59 
15 39 47 
3 8 58 
3 15 57 
6 40 59 
8 31 57 
32 55 62 
5 57 59 
2 31 62 
47 61 62 
8 57 61 
15 16 62 
16 47 48 
31 32 55 
1 55 57 
8 32 48 
2 4 61 
1 55 62 
1 5 39 
5 40 59 
8 16 40 
6 15 16 
6 23 57 
3 23 57 
3 16 57 
1 6 55 
1 16 40 
48 57 58 
2 59 60 
8 39 61 
1 15 16 
6 47 58 
3 47 61 
6 8 55 
2 31 47 
23 24 40 
15 23 58 
3 24 59 
15 31 61 
8 47 62 
3 23 40 
15 47 58 
23 55 58 
5 40 60 
8 39 58 
2 48 61 
23 61 62 
4 6 47 
6 8 16 
3 5 55 
23 39 60 
6 39 47 
4 8 59 
5 48 59 
23 32 57 
6 48 55 
3 8 40 
5 59 61 
23 48 62 
4 57 62 
4 48 62 
8 24 57 
1 16 57 
2 23 39 
32 48 55 
15 32 57 
8 16 47 
6 16 59 
4 47 60 
3 16 61 
23 32 55 
23 31 48 
5 8 32 
1 24 61 
23 24 62 
5 32 62 
4 61 62 
32 48 57 
16 31 58 
8 23 55 
4 15 24 
3 15 55 
31 32 57 
39 48 60 
32 59 60 
3 6 8 
24 48 58 
1 3 39 
32 61 62 
32 48 62 
1 4 57 
24 47 58 
4 5 16 
1 8 32 
15 16 40 
15 59 61 
31 55 61 
47 59 61 
3 47 48 
4 8 61 
32 57 59 
6 39 40 
8 24 48 
47 57 59 
5 23 32 
2 15 60 
31 47 62 
2 6 62 
8 31 62 
6 8 57 
23 39 62 
40 47 58 
16 60 62 
3 4 55 
31 48 60 
6 16 58 
4 39 40 
1 32 59 
8 16 59 
32 39 62 
15 58 59 
1 40 58 
1 3 6 
8 31 61 
47 55 61 
58 61 62 
4 23 59 
15 60 61 
3 5 8 
2 59 62 
4 6 15 
4 8 24 
6 32 59 
2 3 62 
2 3 23 
24 39 62 
1 31 48 
24 39 60 
5 39 60 
2 31 40 
31 47 61 
2 31 48 
1 59 60 
31 47 57 
5 55 62 
6 15 48 
39 48 58 
1 16 32 
3 16 62 
23 55 59 
5 32 55 
6 31 47 
6 57 58 
1 3 5 
1 2 59 
2 3 58 
23 40 58 
1 3 58 
5 40 55 
2 3 40 
4 6 61 
5 58 62 
24 39 59 
39 47 48 
4 39 58 
23 31 62 
48 61 62 
2 48 58 
4 23 39 
8 48 59 
2 55 61 
2 59 61 
5 59 62 
5 32 48 
4 31 57 
6 15 23 
1 6 39 
1 2 16 
1 6 48 
24 31 55 
5 15 55 
6 23 48 
5 23 55 
5 24 55 
2 16 62 
2 6 61 
3 48 55 
2 5 15 
3 6 62 
2 23 24 
3 24 62 
8 24 47 
16 32 40 
3 58 61 
8 16 58 
5 15 59 
15 23 61 
55 60 62 
31 47 59 
8 15 61 
24 31 32 
1 6 58 
8 23 59 
8 40 61 
1 15 59 
6 48 62 
24 47 48 
2 15 16 
2 3 55 
2 55 58 
24 39 57 
58 60 62 
16 40 48 
39 58 61 
2 4 32 
16 47 59 
8 39 55 
57 58 60 
3 8 23 
1 47 55 
23 48 57 
6 59 62 
39 40 58 
2 4 55 
4 32 59 
1 40 47 
3 23 60 
15 32 62 
16 32 48 
4 5 15 
3 4 39 
5 31 59 
1 8 31 
2 6 31 
31 40 47 
31 47 48 
2 4 5 
1 16 31 
3 24 60 
1 32 58 
1 15 24 
15 58 62 
5 57 58 
16 31 40 
15 55 61 
6 16 55 
3 31 40 
1 31 47 
5 47 48 
3 47 55 
3 57 62 
1 23 59 
32 57 60 
16 47 61 
40 48 59 
8 23 40 
1 4 24 
23 40 55 
48 58 59 
16 32 62 
3 23 47 
16 39 58 
3 6 58 
5 6 39 
4 39 48 
3 59 60 
15 40 47 
47 59 60 
8 31 60 
31 55 59 
48 58 61 
8 40 55 
1 47 57 
23 47 57 
4 16 61 
1 15 62 
6 16 31 
2 23 59 
15 24 55 
2 39 40 
5 32 59 
1 57 61 
39 40 55 
4 32 58 
6 47 61 
2 4 31 
5 24 61 
2 23 55 
15 47 48 
3 4 5 
1 8 40 
5 39 62 
6 15 40 
1 40 55 
2 6 24 
8 15 62 
24 32 47 
40 47 55 
8 40 48 
3 6 24 
47 58 61 
5 48 61 
40 47 48 
5 23 24 
23 59 60 
24 61 62 
3 59 62 
3 15 59 
15 16 24 
31 39 61 
4 40 59 
32 47 55 
40 58 61 
32 55 59 
8 57 59 
8 15 31 
24 58 61 
1 3 4 
16 32 60 
16 59 61 
23 31 58 
3 32 48 
24 57 59 
1 48 57 
24 40 55 
32 39 48 
1 4 47 
16 31 59 
6 57 60 
4 8 31 
40 47 60 
23 40 47 
1 24 39 
24 48 60 
16 48 57 
8 32 59 
4 6 57 
4 5 58 
4 47 48 
23 24 58 
16 32 47 
15 23 47 
4 48 61 
5 55 57 
40 47 59 
2 5 23 
8 61 62 
31 39 60 
4 32 40 
1 15 39 
8 24 39 
6 23 55 
16 47 57 
5 6 8 
1 39 57 
1 60 61 
1 39 40 
2 3 60 
2 16 48 
24 59 61 
24 32 39 
55 58 59 
1 31 57 
15 60 62 
23 48 61 
6 40 47 
1 32 55 
5 32 57 
4 48 59 
1 6 57 
2 6 39 
24 32 40 
23 39 47 
3 24 55 
3 4 59 
16 31 39 
1 4 23 
5 39 55 
3 39 59 
24 55 57 
2 15 23 
6 39 48 
1 6 31 
32 48 58 
4 8 58 
2 6 23 
16 57 60 
2 57 61 
6 47 55 
23 24 61 
6 24 47 
24 47 60 
16 39 48 
2 31 55 
47 57 61 
8 57 60 
16 24 60 
6 24 48 
32 39 58 
39 55 57 
4 24 32 
1 32 62 
23 48 60 
1 40 62 
6 48 60 
1 23 47 
16 24 61 
1 24 55 
6 39 57 
8 58 61 
31 47 55 
39 58 60 
2 3 47 
3 8 31 
8 31 40 
39 40 48 
16 23 57 
3 5 57 
3 48 61 
2 8 23 
16 39 59 
6 16 61 
1 3 16 
39 60 61 
24 48 59 
1 2 58 
8 55 58 
2 5 48 
3 58 62 
2 32 39 
3 15 39 
5 32 47 
2 48 62 
1 39 59 
1 6 62 
1 2 48 
4 55 59 
55 57 59 
5 32 61 
1 3 40 
3 23 32 
2 32 40 
5 55 60 
16 48 60 
16 24 62 
6 15 58 
4 16 48 
2 48 55 
16 55 59 
5 61 62 
16 23 60 
31 48 58 
2 57 60 
4 23 24 
4 6 16 
5 16 39 
23 24 57 
3 47 60 
5 16 61 
4 39 60 
15 55 58 
4 16 57 
24 58 59 
5 6 61 
8 24 60 
5 40 57 
1 4 15 
40 55 58 
5 16 48 
15 16 60 
4 16 47 
47 55 62 
2 55 60 
32 58 59 
16 39 60 
15 32 55 
2 32 58 
2 24 39 
5 47 59 
3 5 6 
1 39 60 
16 55 61 
15 40 57 
1 24 57 
6 24 39 
31 39 59 
2 4 40 
23 58 61 
1 15 57 
4 5 60 
1 15 60 
1 58 60 
24 55 58 
47 48 62 
16 47 62 
8 23 32 
2 8 57 
5 16 23 
16 57 58 
4 39 61 
16 39 62 
2 16 61 
15 24 57 
6 55 61 
1 16 47 
8 23 62 
32 40 60 
1 4 39 
55 57 62 
48 60 62 
39 47 55 
1 24 32 
5 39 59 
32 58 61 
23 59 61 
1 5 57 
31 57 60 
15 48 62 
8 60 61 
1 15 61 
4 5 31 
2 40 58 
1 55 58 
3 4 61 
24 60 61 
1 15 32 
5 8 31 
5 8 24 
2 6 58 
16 39 47 
5 47 57 
3 6 15 
16 58 60 
31 57 58 
5 16 57 
1 8 47 
40 61 62 
3 23 39 
1 8 24 
32 59 62 
5 15 47 
4 16 39 
4 8 39 
2 40 55 
2 8 16 
5 23 48 
15 58 61 
1 23 48 
2 48 57 
47 57 60 
4 15 23 
4 40 58 
1 8 57 
31 32 60 
8 32 47 
48 55 58 
15 16 57 
8 40 59 
2 31 58 
40 58 59 
1 3 61 
8 23 31 
6 24 60 
1 8 62 
4 23 57 
23 39 61 
1 24 62 
4 15 39 
16 48 55 
5 15 23 
8 47 57 
4 32 57 
15 32 59 
24 47 59 
16 24 48 
32 47 48 
2 5 8 
23 39 40 
23 39 59 
40 60 61 
3 31 32 
6 23 39 
15 24 32 
1 5 23 
4 15 48 
4 59 62 
3 6 47 
31 39 55 
15 32 47 
4 39 59 
2 5 16 
3 6 55 
4 47 55 
16 40 58 
4 32 55 
6 57 61 
2 8 48 
23 47 55 
1 4 5 
15 24 58 
6 16 48 
3 23 58 
5 23 58 
8 47 58 
6 8 15 
2 15 59 
1 2 47 
31 48 57 
6 31 48 
4 23 61 
1 47 61 
5 8 47 
4 8 47 
16 23 62 
5 47 60 
3 24 61 
5 6 57 
47 60 62 
57 60 61 
1 4 59 
16 23 31 
47 58 62 
8 23 58 
4 23 40 
48 55 62 
15 31 40 
1 23 24 
6 31 61 
6 55 58 
39 47 58 
2 15 32 
4 8 40 
1 39 61 
1 24 48 
5 24 57 
2 15 31 
4 5 61 
2 47 60 
39 61 62 
2 3 8 
4 5 55 
6 58 61 
23 32 59 
3 6 61 
5 15 61 
4 23 55 
8 24 31 
4 58 59 
31 32 61 
16 48 61 
15 23 60 
15 39 48 
4 40 57 
1 47 58 
1 16 55 
2 40 61 
1 2 32 
2 16 31 
31 32 58 
8 23 61 
31 58 61 
8 32 62 
5 31 40 
6 40 60 
23 55 60 
24 58 62 
5 15 31 
23 40 62 
15 16 39 
5 24 47 
3 16 24 
2 23 40 
4 16 55 
1 4 40 
55 57 61 
15 39 58 
47 55 60 
1 6 32 
5 16 31 
32 39 61 
1 5 31 
15 32 61 
4 32 62 
4 24 60 
32 39 57 
3 32 59 
23 58 59 
3 40 58 
15 57 58 
3 5 23 
3 15 58 
1 61 62 
8 48 60 
8 48 58 
3 47 58 
3 57 59 
8 15 58 
5 8 16 
31 32 47 
3 24 32 
24 48 62 
2 5 39 
47 60 61 
47 48 57 
16 32 39 
5 39 47 
3 39 58 
15 31 32 
2 39 48 
4 31 62 
2 23 47 
3 16 59 
2 4 6 
4 8 16 
39 55 59 
32 55 61 
47 55 59 
15 39 40 
6 24 32 
1 8 55 
4 32 39 
39 55 58 
58 59 62 
6 31 60 
16 40 61 
2 40 48 
24 57 62 
3 60 61 
1 4 55 
1 15 31 
3 57 60 
1 8 16 
4 59 60 
2 3 15 
24 57 61 
40 59 61 
3 16 23 
8 31 48 
60 61 62 
2 6 47 
23 24 31 
1 8 58 
32 55 57 
15 24 60 
4 32 61 
5 6 47 
4 31 61 
3 4 16 
6 40 62 
57 60 62 
23 31 39 
3 5 32 
4 48 57 
15 16 48 
4 24 61 
4 8 60 
40 48 61 
5 6 31 
48 55 57 
2 24 40 
15 55 60 
6 15 61 
2 24 55 
16 57 59 
32 58 60 
15 40 55 
39 57 59 
1 6 47 
16 58 62 
6 23 31 
1 15 55 
15 23 39 
31 40 62 
15 55 57 
55 58 61 
15 57 62 
1 31 32 
4 55 57 
1 31 58 
3 15 60 
15 40 48 
16 40 62 
2 60 62 
4 57 61 
16 55 60 
4 8 15 
8 39 59 
5 40 47 
1 6 16 
8 16 60 
4 15 61 
15 39 61 
16 47 60 
2 6 60 
15 16 59 
4 48 60 
4 31 40 
39 40 62 
6 15 31 
3 59 61 
31 39 48 
32 47 60 
8 24 55 
2 23 62 
31 48 62 
57 58 62 
8 31 59 
1 23 60 
32 39 55 
15 23 62 
4 31 59 
2 3 39 
16 23 39 
4 55 62 
6 58 62 
2 4 8 
4 6 62 
3 5 47 
1 39 55 
5 8 23 
24 32 57 
31 60 62 
1 39 48 
24 47 57 
40 59 60 
57 59 60 
2 15 62 
5 31 55 
40 59 62 
40 48 62 
5 60 61 
24 31 48 
39 48 55 
15 24 59 
1 2 24 
3 8 60 
2 23 58 
15 23 24 
2 15 61 
2 8 55 
5 32 39 
55 58 62 
1 3 15 
4 47 57 
8 16 61 
2 47 62 
1 2 3 
1 40 61 
6 8 40 
5 6 40 
4 5 59 
2 3 16 
1 24 47 
15 16 61 
15 16 31 
5 59 60 
3 32 55 
24 48 61 
8 16 39 
39 47 60 
40 57 62 
31 57 61 
3 39 48 
5 8 55 
2 55 59 
55 58 60 
1 59 61 
8 60 62 
32 48 60 
16 39 55 
1 23 32 
6 23 58 
1 5 58 
40 55 57 
8 15 55 
3 4 62 
1 8 15 
2 8 61 
4 31 47 
5 23 62 
8 15 60 
2 23 60 
16 58 59 
4 23 62 
6 23 61 
2 40 60 
4 5 6 
32 47 62 
8 31 47 
2 57 58 
5 15 16 
4 48 58 
4 23 31 
4 55 60 
6 59 60 
6 15 47 
3 4 23 
24 32 61 
24 40 62 
2 48 60 
16 55 62 
4 6 55 
24 31 62 
6 40 61 
31 32 39 
3 31 60 
48 55 59 
1 16 60 
3 48 62 
4 57 59 
32 39 60 
4 5 48 
2 31 32 
3 58 59 
47 48 59 
55 61 62 
5 23 60 
1 3 8 
4 23 60 
1 47 48 
16 57 62 
8 15 24 
2 4 62 
23 24 48 
8 24 58 
5 6 62 
24 39 47 
23 40 57 
2 16 59 
6 24 58 
15 59 62 
8 16 31 
6 16 62 
2 8 32 
3 6 31 
6 31 57 
8 31 32 
5 58 61 
16 24 57 
1 3 60 
4 40 48 
8 58 62 
16 23 55 
6 55 57 
23 32 40 
1 5 48 
24 31 61 
15 16 55 
3 23 31 
8 15 23 
23 57 62 
3 16 58 
5 48 58 
2 31 60 
2 5 55 
23 40 61 
16 31 62 
2 5 62 
3 47 59 
3 57 61 
1 48 60 
47 48 58 
5 23 31 
3 8 62 
5 31 62 
39 59 61 
5 55 61 
3 32 61 
24 59 60 
1 23 61 
3 6 60 
39 47 61 
3 47 57 
23 55 62 
8 32 57 
15 23 31 
6 32 57 
2 32 59 
2 6 59 
1 57 58 
2 24 32 
31 55 62 
16 24 40 
1 55 60 
8 16 32 
23 47 59 
5 8 48 
39 40 61 
55 59 61 
3 15 48 
32 48 59 
6 47 59 
23 31 47 
5 24 58 
1 16 24 
5 40 61 
15 23 55 
4 6 24 
2 3 32 
5 8 57 
40 48 60 
3 24 31 
6 55 62 
1 4 8 
6 8 48 
8 47 61 
2 24 48 
2 58 59 
4 47 61 
2 8 62 
24 31 39 
1 58 59 
2 16 23 
3 4 31 
5 6 48 
6 16 47 
2 6 40 
2 5 40 
3 39 60 
4 5 8 
16 47 58 
3 23 62 
16 39 61 
3 16 48 
1 23 58 
6 23 32 
3 39 57 
3 31 48 
6 16 24 
3 8 55 
5 16 40 
2 3 57 
6 57 62 
4 24 57 
3 31 59 
23 40 59 
6 40 48 
32 48 61 
2 5 59 
23 31 55 
4 5 40 
3 5 15 
24 39 55 
32 39 47 
23 60 62 
5 8 15 
2 58 62 
8 40 47 
15 32 40 
4 15 31 
6 48 59 
1 23 57 
3 32 47 
3 55 60 
47 48 60 
4 8 23 
2 47 58 
16 32 55 
4 16 59 
2 60 61 
31 40 48 
16 23 48 
2 8 58 
6 47 62 
15 40 60 
5 15 60 
3 4 58 
39 48 57 
40 55 59 
3 23 55 
15 48 57 
6 48 57 
4 31 32 
8 39 62 
6 8 32 
15 32 48 
57 58 59 
8 15 32 
5 8 60 
48 59 62 
32 47 57 
6 31 62 
2 23 48 
31 57 59 
4 24 58 
23 32 62 
1 2 55 
1 4 16 
15 16 47 
2 6 57 
23 31 32 
8 39 57 
5 6 32 
48 58 62 
6 31 58 
1 3 62 
5 47 58 
3 4 48 
1 48 62 
24 39 58 
4 23 58 
2 3 48 
2 32 47 
2 23 61 
39 58 62 
16 24 55 
4 47 58 
5 8 58 
8 39 47 
6 47 60 
39 47 57 
8 47 48 
1 16 48 
2 3 59 
2 55 62 
40 57 61 
24 31 57 
23 24 59 
15 47 55 
4 57 58 
39 59 60 
6 23 40 
8 40 62 
3 6 48 
5 60 62 
40 60 62 
1 39 62 
5 39 48 
1 16 58 
15 31 62 
4 40 61 
3 40 60 
3 57 58 
4 31 55 
1 2 15 
40 58 62 
8 16 57 
4 16 32 
4 23 48 
15 40 59 
48 55 60 
6 60 61 
5 40 48 
23 24 47 
8 32 58 
31 61 62 
24 40 48 
3 58 60 
15 31 59 
6 23 62 
16 32 61 
8 16 62 
1 8 23 
1 5 6 
4 8 32 
1 32 57 
6 24 31 
5 31 57 
2 16 32 
5 24 59 
5 47 62 
1 32 40 
4 5 39 
4 16 31 
6 47 57 
3 6 23 
59 60 61 
24 58 60 
5 24 48 
5 47 61 
57 59 61 
23 59 62 
1 32 61 
4 31 58 
6 59 61 
5 31 39 
5 15 39 
8 59 61 
2 32 62 
40 47 57 
1 40 59 
1 48 55 
23 47 62 
6 15 55 
3 39 40 
24 40 57 
2 32 60 
1 16 59 
2 55 57 
40 55 60 
5 40 58 
1 55 61 
3 24 58 
1 47 59 
32 40 58 
59 60 62 
4 15 55 
48 55 61 
4 59 61 
31 40 57 
6 55 60 
2 40 62 
5 58 60 
16 58 61 
31 40 55 
31 59 62 
1 5 47 
24 55 60 
24 32 60 
6 32 47 
3 6 39 
15 31 39 
24 60 62 
5 6 58 
8 32 40 
3 24 47 
23 47 58 
4 6 39 
1 57 60 
15 24 47 
32 40 47 
8 23 47 
2 39 61 
2 5 58 
6 40 55 
31 47 58 
16 55 57 
6 15 32 
2 40 47 
15 47 60 
5 31 58 
24 31 60 
5 55 58 
5 23 47 
3 55 58 
4 6 23 
3 5 24 
2 3 31 
39 55 62 
2 16 58 
3 31 62 
2 40 59 
24 31 58 
6 16 39 
1 3 55 
4 31 39 
3 15 47 
47 48 61 
2 24 57 
5 23 61 
3 5 31 
2 3 5 
2 23 57 
6 23 60 
5 31 48 
32 40 59 
15 24 48 
4 47 62 
6 48 61 
3 5 58 
2 23 31 
15 40 61 
16 40 59 
3 31 55 
1 40 57 
1 39 47 
55 60 61 
15 23 48 
48 59 60 
3 48 57 
6 16 23 
1 55 59 
5 8 61 
2 15 57 
23 24 55 
4 24 62 
1 15 58 
6 24 40 
24 31 40 
3 15 40 
39 48 62 
8 24 62 
3 40 55 
1 40 48 
6 31 40 
3 23 61 
2 6 15 
3 32 62 
6 61 62 
2 39 47 
23 55 57 
2 6 48 
6 32 55 
2 24 62 
3 40 57 
5 8 59 
15 24 40 
6 15 62 
4 15 57 
1 3 23 
31 39 40 
2 15 58 
2 24 31 
2 61 62 
3 8 32 
2 39 57 
2 47 59 
1 2 6 
1 4 61 
2 5 61 
15 39 62 
1 3 59 
8 15 48 
40 55 62 
8 24 32 
15 55 59 
24 57 60 
39 40 57 
2 32 55 
1 59 62 
31 58 62 
4 32 47 
5 16 32 
4 58 62 
2 4 59 
31 55 57 
32 40 48 
8 15 40 
39 48 59 
4 16 62 
2 4 48 
8 16 23 
5 16 24 
23 40 60 
1 6 23 
3 16 32 
2 6 55 
8 16 24 
5 39 40 
8 48 62 
3 5 59 
2 4 16 
4 5 62 
4 5 32 
23 31 59 
6 32 40 
2 32 57 
2 15 47 
23 39 55 
2 5 31 
1 2 61 
24 32 59 
5 6 16 
16 61 62 
2 39 59 
3 48 58 
31 48 61 
4 8 62 
23 58 60 
2 57 59 
3 32 40 
5 16 58 
3 31 58 
1 16 23 
24 55 62 
2 8 39 
31 40 58 
4 8 48 
23 24 60 
3 15 32 
48 57 62 
1 4 31 
2 3 24 
4 31 60 
6 32 62 
15 31 60 
39 57 58 
1 16 61 
1 15 48 
3 8 16 
3 55 59 
1 6 59 
8 48 55 
47 57 62 
3 6 57 
40 55 61 
4 31 48 
1 6 24 
5 31 47 
4 55 58 
2 24 47 
32 57 61 
1 2 8 
16 31 57 
2 39 60 
1 23 40 
4 24 59 
2 4 23 
2 58 60 
15 23 59 
23 48 59 
24 39 48 
31 39 62 
15 24 31 
8 40 60 
4 5 23 
1 8 48 
