13 30 49 
27 34 43 
21 25 28 
36 45 46 
26 27 50 
11 22 33 
18 26 34 
12 42 45 
11 33 43 
18 27 44 
29 49 51 
19 29 30 
18 21 46 
21 42 45 
14 26 53 
13 20 43 
20 25 53 
17 41 45 
21 28 51 
19 20 27 
11 27 46 
25 29 46 
20 35 41 
49 50 53 
38 41 54 
12 28 43 
30 34 51 
35 45 54 
13 19 41 
12 18 29 
22 46 51 
14 19 42 
11 29 37 
9 34 50 
11 29 51 
34 41 42 
26 27 53 
10 18 30 
34 49 51 
29 35 41 
11 26 41 
21 29 36 
18 36 51 
22 41 45 
12 26 52 
13 18 45 
10 21 44 
22 26 53 
33 35 37 
27 34 37 
27 36 54 
10 50 53 
10 37 52 
20 37 38 
34 49 52 
13 20 27 
21 41 45 
33 37 45 
12 42 51 
43 50 51 
11 26 42 
9 26 43 
25 44 52 
9 14 54 
10 44 53 
25 27 49 
22 25 37 
17 35 36 
17 30 38 
10 34 38 
22 35 46 
36 37 54 
12 21 41 
13 34 49 
9 20 30 
17 30 44 
45 51 53 
30 43 54 
10 17 28 
11 22 28 
17 21 36 
36 38 44 
25 37 43 
14 27 33 
14 35 53 
46 51 53 
9 19 49 
22 41 54 
10 20 44 
20 29 33 
22 30 44 
18 51 54 
17 30 50 
43 51 53 
29 35 44 
9 27 41 
30 35 51 
18 33 35 
11 35 38 
12 43 45 
37 43 52 
26 30 54 
33 44 45 
12 22 49 
20 22 38 
17 20 25 
11 22 34 
20 49 52 
26 36 46 
34 38 46 
29 41 45 
9 12 25 
9 38 42 
17 26 43 
12 13 50 
20 30 43 
25 35 49 
11 21 22 
18 52 53 
12 42 50 
37 49 51 
10 34 52 
13 20 30 
18 33 43 
14 46 53 
33 35 38 
18 19 35 
19 27 37 
14 26 43 
19 29 45 
10 12 25 
11 26 43 
11 37 46 
26 29 42 
36 44 50 
30 44 45 
25 26 46 
12 49 53 
22 37 42 
25 33 35 
18 36 49 
25 28 36 
38 44 52 
17 45 54 
19 21 26 
18 19 54 
30 42 50 
13 34 41 
12 44 50 
19 25 44 
11 38 49 
29 43 53 
12 36 49 
22 43 45 
12 30 36 
13 17 45 
14 30 54 
33 37 46 
10 37 38 
37 42 52 
21 51 52 
22 30 35 
13 36 46 
21 45 53 
17 35 53 
18 21 54 
11 51 53 
11 14 43 
17 29 35 
37 44 51 
22 41 49 
9 12 35 
13 30 50 
12 35 42 
13 34 54 
19 42 51 
9 17 18 
10 44 49 
11 17 36 
21 36 50 
14 33 51 
27 35 36 
28 30 54 
11 33 45 
27 35 41 
9 27 29 
18 30 53 
19 34 36 
14 33 50 
10 45 49 
27 33 52 
19 36 53 
19 28 38 
11 36 49 
33 34 37 
18 26 50 
27 44 53 
13 27 42 
10 17 50 
9 27 28 
9 10 27 
12 35 45 
9 34 52 
13 33 45 
27 35 46 
11 14 33 
22 41 50 
13 43 51 
41 46 53 
11 28 50 
11 13 21 
18 44 49 
42 52 54 
9 35 36 
12 46 51 
28 42 52 
12 28 30 
9 30 44 
9 42 43 
19 34 41 
11 14 25 
10 30 52 
9 12 52 
10 21 53 
10 36 52 
9 36 50 
11 26 51 
27 29 46 
21 38 50 
9 33 43 
17 21 52 
9 13 17 
9 41 42 
20 34 37 
19 27 44 
13 36 54 
14 26 51 
26 33 35 
9 17 22 
9 11 12 
10 35 37 
26 33 45 
19 29 38 
21 37 41 
12 52 54 
21 35 52 
18 25 53 
33 44 50 
13 38 49 
14 22 30 
13 45 53 
38 42 44 
11 13 36 
9 12 19 
10 19 50 
19 21 52 
17 19 45 
46 51 54 
9 12 33 
30 34 37 
21 36 38 
18 26 30 
21 29 51 
20 42 51 
10 12 43 
17 51 54 
10 20 28 
14 35 54 
13 42 54 
17 27 53 
19 21 36 
19 25 50 
12 27 35 
13 19 54 
18 38 45 
27 36 44 
22 30 41 
9 36 37 
22 29 43 
26 44 52 
22 26 51 
36 51 52 
10 43 46 
20 21 36 
19 28 33 
11 26 30 
30 35 36 
29 44 50 
9 20 52 
19 42 43 
17 36 50 
9 14 20 
11 34 35 
36 37 43 
18 38 42 
13 14 29 
14 43 49 
10 12 51 
14 18 53 
27 34 42 
20 43 44 
12 42 49 
14 20 45 
26 44 46 
28 34 54 
28 34 37 
33 44 53 
9 25 38 
19 22 33 
9 28 41 
20 30 36 
26 27 28 
20 30 37 
14 35 43 
34 37 49 
35 43 51 
14 35 50 
19 46 53 
14 19 37 
14 19 34 
11 33 36 
10 17 21 
12 20 35 
26 46 53 
20 33 41 
12 22 36 
37 45 46 
18 22 51 
19 34 46 
17 35 52 
25 26 36 
34 50 52 
20 22 52 
18 19 34 
13 26 28 
20 34 53 
17 19 21 
11 34 49 
34 49 50 
30 46 54 
22 30 53 
10 19 52 
12 19 36 
34 44 54 
20 22 51 
17 27 36 
12 29 34 
12 13 43 
20 28 54 
43 44 54 
17 33 53 
29 37 42 
21 30 42 
18 36 53 
9 12 21 
30 33 49 
18 41 45 
21 29 42 
14 22 54 
11 21 45 
27 30 38 
17 21 49 
12 20 52 
9 35 49 
12 17 50 
13 34 42 
18 41 50 
27 38 42 
27 28 54 
21 26 36 
17 25 45 
10 18 54 
30 38 51 
26 34 36 
9 21 37 
19 21 43 
10 22 44 
11 13 52 
9 10 46 
17 43 46 
18 33 50 
21 38 44 
10 43 45 
21 22 41 
11 13 34 
21 28 41 
27 34 52 
9 33 52 
25 35 43 
21 25 33 
25 36 53 
14 43 54 
38 43 50 
9 12 37 
10 29 36 
50 51 54 
20 34 38 
10 19 26 
22 42 54 
29 30 49 
11 30 44 
26 37 38 
11 17 38 
29 33 52 
13 18 53 
10 34 35 
21 33 42 
21 29 45 
29 38 42 
10 21 36 
12 17 22 
36 41 46 
9 11 50 
18 30 52 
14 45 53 
9 25 27 
11 12 34 
21 36 42 
13 22 27 
10 27 33 
14 46 52 
11 20 36 
10 35 52 
21 33 44 
33 38 42 
22 29 35 
20 28 46 
21 29 33 
12 44 45 
21 28 38 
22 34 38 
17 33 34 
22 28 46 
21 49 52 
30 45 53 
17 30 34 
42 51 54 
25 28 52 
13 22 51 
22 25 38 
25 33 45 
37 51 53 
12 26 37 
11 36 53 
19 46 50 
13 22 30 
14 38 54 
25 30 34 
9 19 25 
20 44 45 
11 44 45 
28 30 45 
18 22 44 
17 21 50 
11 18 26 
17 22 42 
13 49 54 
17 18 25 
27 37 49 
25 35 53 
25 34 37 
17 20 44 
18 43 53 
14 25 46 
11 30 33 
19 43 54 
10 12 18 
12 13 42 
25 44 46 
43 52 54 
22 27 44 
13 14 28 
12 14 17 
11 42 43 
11 21 41 
29 44 52 
22 35 41 
19 26 41 
21 30 37 
13 41 52 
13 14 33 
19 28 37 
17 51 53 
11 17 43 
21 38 45 
11 13 17 
29 44 53 
10 14 37 
33 36 54 
21 26 37 
19 34 38 
35 37 52 
19 21 28 
13 52 54 
12 28 50 
42 49 54 
11 13 44 
10 13 20 
10 43 49 
12 44 52 
10 38 43 
10 21 35 
18 38 41 
27 28 51 
37 42 46 
11 12 29 
26 33 42 
20 21 26 
19 27 38 
14 44 49 
17 21 41 
14 21 54 
10 19 49 
29 30 52 
14 49 51 
35 51 53 
12 17 38 
17 18 44 
41 42 52 
14 21 37 
42 44 51 
9 49 52 
29 42 52 
44 46 51 
10 12 34 
19 20 44 
14 27 45 
34 41 43 
14 52 53 
9 19 21 
19 25 27 
26 35 46 
9 35 41 
11 18 45 
22 46 54 
9 36 42 
30 36 42 
9 19 36 
19 27 54 
20 38 41 
12 27 43 
10 13 36 
17 25 42 
27 37 43 
14 18 20 
13 37 49 
13 33 54 
17 28 33 
20 29 46 
18 37 46 
19 21 45 
11 19 42 
30 34 35 
10 26 33 
36 38 42 
13 19 42 
11 12 44 
13 41 44 
44 46 54 
13 19 28 
13 21 37 
28 44 45 
18 37 49 
20 25 34 
17 50 51 
12 25 38 
19 29 33 
18 36 42 
13 38 54 
17 34 52 
14 36 44 
12 51 54 
17 44 53 
10 27 44 
10 21 25 
38 42 54 
50 52 53 
14 20 37 
12 14 28 
43 45 46 
11 51 52 
18 19 29 
20 36 43 
21 25 45 
42 46 51 
25 27 44 
25 38 50 
17 37 43 
21 29 30 
20 27 35 
14 18 29 
26 33 54 
10 11 51 
14 22 35 
30 37 46 
18 29 46 
14 36 45 
11 36 45 
10 29 33 
17 29 50 
18 27 52 
12 38 51 
10 20 22 
10 30 49 
17 19 22 
18 38 53 
12 18 46 
12 28 34 
12 20 41 
12 27 45 
25 27 37 
10 28 30 
10 46 50 
10 33 51 
14 37 53 
26 38 51 
21 25 50 
11 44 46 
20 27 37 
19 37 41 
12 20 43 
11 25 52 
9 35 37 
17 20 29 
38 43 44 
14 18 41 
29 41 51 
28 35 37 
21 25 43 
19 26 51 
22 33 46 
28 29 49 
13 22 49 
20 26 51 
11 20 37 
41 45 52 
9 17 50 
11 26 45 
17 34 45 
22 49 51 
13 29 33 
17 22 30 
26 29 46 
21 33 36 
28 37 52 
26 28 43 
14 26 54 
11 19 35 
19 28 49 
9 33 36 
38 42 43 
25 37 45 
46 49 54 
20 21 54 
11 36 46 
17 28 29 
42 43 49 
22 37 54 
11 30 43 
13 22 33 
27 38 41 
9 25 52 
13 14 26 
20 37 54 
21 27 38 
12 18 50 
11 18 53 
12 41 46 
10 14 25 
17 42 44 
9 19 20 
9 18 41 
19 42 49 
9 28 37 
17 37 52 
11 42 53 
17 20 22 
18 22 37 
12 37 53 
10 33 37 
27 43 54 
25 49 51 
19 26 42 
22 34 54 
11 14 26 
10 25 38 
29 35 37 
35 38 53 
12 21 53 
37 43 50 
11 35 37 
14 21 27 
21 26 50 
13 19 34 
30 43 50 
14 18 36 
11 22 51 
9 10 43 
26 38 41 
9 34 51 
20 29 35 
19 30 38 
9 21 46 
21 37 43 
25 43 45 
10 26 51 
11 50 52 
13 35 54 
26 27 43 
11 28 42 
21 28 54 
30 50 54 
26 34 38 
9 51 52 
14 36 49 
9 28 35 
10 12 42 
20 25 49 
14 41 53 
25 38 42 
20 22 49 
26 35 38 
9 13 27 
21 43 50 
18 36 38 
34 37 51 
35 42 51 
9 19 28 
30 35 44 
19 41 49 
37 51 54 
29 30 35 
14 21 25 
12 13 44 
20 33 45 
33 34 50 
29 52 54 
29 37 50 
25 38 49 
20 45 53 
22 43 50 
19 35 38 
14 17 51 
41 50 51 
9 46 54 
11 42 49 
12 30 45 
14 19 41 
14 17 20 
9 36 54 
9 33 51 
38 51 52 
10 34 44 
19 27 29 
13 20 37 
22 36 45 
11 25 49 
26 41 50 
11 14 19 
17 20 26 
19 21 54 
11 17 20 
9 29 49 
19 21 33 
21 22 30 
12 45 51 
45 46 49 
12 41 49 
21 30 44 
13 19 43 
44 52 53 
12 25 26 
14 19 35 
27 29 53 
25 26 41 
43 46 54 
13 27 46 
26 50 53 
26 27 49 
10 11 13 
10 33 41 
42 49 53 
29 46 51 
20 25 26 
35 41 54 
44 45 52 
17 25 41 
21 26 38 
10 42 52 
43 44 50 
10 45 52 
10 18 41 
22 44 52 
30 41 43 
35 44 52 
20 37 45 
18 34 49 
20 28 41 
45 51 52 
33 42 45 
12 18 28 
10 22 46 
27 52 53 
14 51 54 
13 25 52 
9 18 53 
17 19 38 
22 27 37 
28 30 53 
9 36 44 
19 33 51 
17 25 51 
9 17 35 
38 42 49 
18 50 52 
22 34 52 
11 44 53 
11 18 43 
17 21 27 
19 38 51 
12 33 37 
44 49 54 
26 36 49 
11 29 33 
19 34 37 
35 36 37 
11 21 33 
14 17 54 
9 14 42 
17 28 44 
22 34 45 
10 21 54 
20 29 42 
10 18 35 
20 21 49 
21 28 35 
10 20 49 
25 34 35 
25 28 43 
13 34 45 
21 34 54 
9 11 49 
29 34 54 
14 17 35 
28 29 35 
27 44 54 
18 21 37 
10 29 41 
25 34 51 
37 50 53 
14 21 34 
34 45 53 
20 37 44 
14 29 34 
18 28 44 
13 26 46 
22 44 49 
17 45 51 
9 37 54 
20 46 52 
9 20 44 
11 18 28 
11 17 41 
26 37 41 
28 35 51 
22 28 50 
11 12 54 
22 25 51 
17 52 53 
10 30 45 
9 38 50 
25 30 37 
34 43 53 
17 29 37 
18 28 35 
25 33 44 
29 33 43 
20 25 44 
17 21 44 
9 13 29 
9 25 34 
19 36 52 
14 22 44 
13 37 52 
10 13 26 
9 19 54 
14 43 53 
10 11 54 
22 41 43 
13 33 34 
11 37 38 
20 22 44 
22 29 33 
38 52 54 
21 38 52 
27 36 41 
20 27 54 
10 29 30 
10 14 33 
17 20 30 
12 28 33 
26 33 50 
30 43 45 
25 27 42 
18 35 54 
34 41 51 
20 21 35 
9 37 41 
12 27 41 
18 29 34 
13 18 33 
30 41 42 
21 22 52 
22 37 49 
34 43 51 
25 36 51 
17 30 33 
11 20 28 
22 26 28 
17 36 49 
17 33 38 
10 18 28 
28 36 41 
17 43 51 
18 27 49 
38 44 54 
10 26 53 
45 46 53 
20 28 29 
13 35 51 
12 21 25 
35 52 53 
27 29 54 
25 50 53 
25 33 49 
25 35 36 
10 25 30 
30 33 35 
37 45 54 
22 36 43 
10 19 25 
12 19 20 
27 34 36 
9 52 53 
12 25 51 
19 21 34 
13 36 41 
10 14 38 
14 37 51 
14 28 30 
19 22 26 
25 28 42 
9 28 36 
11 13 20 
14 28 29 
30 38 43 
10 26 50 
12 13 49 
12 29 53 
13 20 33 
28 29 37 
38 41 43 
25 27 33 
35 44 53 
14 21 43 
27 42 50 
22 25 52 
20 29 45 
20 29 37 
22 34 37 
11 34 45 
38 45 49 
10 28 53 
20 21 34 
17 25 54 
9 22 37 
41 42 53 
28 34 36 
27 41 52 
14 28 42 
9 12 30 
27 28 33 
22 30 33 
11 45 53 
35 37 46 
44 46 50 
25 30 36 
14 27 50 
20 21 43 
9 19 33 
20 34 41 
12 14 18 
29 34 52 
33 46 51 
14 41 52 
33 43 49 
12 41 51 
13 44 52 
13 26 35 
10 14 53 
33 38 53 
19 25 46 
22 46 49 
17 29 36 
9 20 29 
19 42 46 
14 27 35 
13 19 35 
9 35 43 
13 29 30 
13 25 44 
33 35 50 
27 29 52 
12 21 51 
22 25 34 
19 42 52 
18 35 44 
18 28 46 
14 29 54 
10 45 50 
30 42 52 
14 28 51 
9 12 26 
10 38 50 
25 29 50 
29 35 49 
26 27 38 
14 21 38 
11 18 52 
14 35 37 
12 30 50 
36 46 54 
10 36 46 
21 22 37 
13 21 36 
38 42 53 
9 17 37 
20 29 38 
21 36 54 
12 19 29 
25 38 45 
12 14 38 
12 17 26 
30 34 49 
14 51 53 
26 27 42 
18 35 49 
10 26 28 
14 19 50 
17 22 33 
11 18 35 
21 29 53 
27 46 50 
21 30 34 
27 42 54 
11 12 22 
29 46 52 
11 28 38 
10 11 29 
12 18 37 
11 12 19 
26 29 41 
10 14 52 
13 14 49 
19 26 53 
22 36 46 
10 17 42 
13 30 43 
10 13 29 
29 30 38 
17 21 22 
29 49 52 
10 13 41 
26 28 29 
12 21 45 
28 30 35 
25 33 42 
18 27 28 
20 35 44 
20 44 46 
14 37 38 
13 18 27 
11 22 26 
21 29 54 
25 42 43 
37 38 41 
35 46 53 
26 34 54 
25 53 54 
28 42 44 
36 42 46 
10 26 35 
36 43 46 
26 34 37 
21 26 30 
11 30 53 
34 36 45 
19 21 44 
26 28 35 
11 17 35 
33 46 49 
9 18 33 
18 38 50 
12 14 21 
27 43 44 
11 12 26 
11 34 38 
9 14 38 
14 18 37 
17 34 41 
13 45 52 
19 42 53 
13 33 46 
11 25 29 
11 21 27 
12 19 27 
17 50 53 
25 41 49 
38 41 50 
9 22 51 
9 10 14 
17 29 44 
10 44 50 
21 26 27 
12 13 45 
19 38 52 
18 30 33 
19 51 54 
25 26 33 
26 28 44 
10 41 42 
9 20 53 
18 37 54 
11 19 34 
12 18 25 
12 20 33 
9 14 18 
20 30 46 
28 30 49 
28 29 34 
13 50 54 
20 30 52 
10 25 52 
11 43 54 
22 29 52 
19 20 41 
30 50 52 
42 49 50 
12 17 36 
10 21 34 
10 17 20 
18 38 43 
36 38 50 
12 26 42 
12 30 44 
19 30 52 
13 21 38 
28 30 38 
10 13 44 
14 36 53 
17 41 42 
17 41 44 
34 36 52 
17 25 27 
14 25 30 
46 50 54 
17 26 45 
35 38 54 
42 52 53 
18 19 46 
21 28 43 
13 30 36 
17 38 51 
10 11 42 
21 28 46 
30 41 51 
20 26 34 
11 36 52 
45 49 50 
29 30 46 
18 29 49 
26 38 52 
20 28 42 
20 29 53 
12 37 38 
20 38 50 
19 21 42 
21 22 46 
27 38 49 
35 36 38 
43 50 54 
41 51 52 
28 41 42 
9 21 54 
11 29 30 
41 43 54 
30 37 44 
25 26 45 
33 38 54 
19 25 28 
17 38 43 
22 30 34 
25 43 52 
13 27 44 
20 35 43 
14 28 49 
10 28 41 
11 14 54 
27 35 38 
12 20 26 
34 37 41 
28 36 53 
18 28 34 
13 17 44 
34 36 51 
9 27 34 
12 25 44 
29 37 41 
29 36 38 
17 36 54 
46 53 54 
13 41 50 
25 37 49 
29 34 42 
20 33 53 
30 36 54 
10 17 38 
35 41 46 
26 34 52 
27 37 45 
13 29 54 
13 30 38 
10 12 36 
18 19 42 
29 38 50 
17 18 54 
17 21 53 
18 20 54 
25 26 42 
22 38 44 
10 37 44 
13 26 34 
26 27 44 
11 25 41 
51 52 53 
9 11 17 
17 20 33 
10 17 46 
11 44 50 
25 38 46 
17 22 51 
11 27 53 
17 18 30 
36 46 53 
21 34 41 
9 18 50 
9 18 28 
17 22 38 
11 20 44 
18 33 37 
17 18 27 
19 45 51 
21 38 42 
11 25 37 
36 42 49 
12 34 37 
12 17 52 
10 29 54 
9 25 53 
10 38 54 
49 52 54 
27 28 38 
13 19 51 
13 25 49 
17 46 49 
10 35 41 
17 27 37 
10 27 34 
27 41 42 
18 43 45 
30 49 51 
25 34 54 
12 19 37 
12 33 43 
25 26 28 
28 30 41 
29 42 43 
28 38 50 
10 22 35 
9 14 17 
18 45 52 
20 46 53 
14 25 50 
28 35 54 
18 52 54 
18 30 54 
22 37 38 
13 17 50 
13 44 54 
25 29 37 
33 36 50 
21 26 29 
17 37 42 
26 30 51 
26 51 53 
10 33 45 
17 20 50 
25 26 54 
10 36 43 
11 29 45 
19 29 44 
11 34 37 
20 33 38 
29 42 53 
26 42 52 
42 50 52 
25 27 53 
36 49 51 
11 19 22 
20 22 26 
17 30 51 
10 27 52 
11 19 25 
20 34 54 
19 30 54 
17 20 43 
13 21 34 
37 44 45 
37 38 44 
27 33 43 
9 29 52 
10 45 54 
13 28 51 
49 50 52 
27 36 51 
19 25 34 
19 42 54 
41 49 53 
27 51 54 
18 27 46 
14 17 33 
20 42 45 
26 29 49 
25 26 52 
11 28 54 
11 35 46 
20 42 46 
14 30 35 
11 12 18 
10 13 18 
11 22 27 
29 44 54 
13 46 52 
17 28 30 
20 21 38 
21 41 42 
22 28 53 
19 22 53 
17 46 53 
29 33 35 
12 14 37 
13 27 33 
14 20 36 
9 27 38 
35 43 50 
38 45 46 
30 45 52 
18 21 51 
17 33 51 
42 45 46 
21 25 35 
22 28 37 
10 30 41 
25 33 54 
11 38 44 
27 35 52 
18 21 29 
29 49 53 
26 35 41 
11 26 50 
33 49 54 
10 14 26 
10 20 29 
12 13 22 
14 25 49 
14 17 41 
34 46 50 
25 37 53 
30 38 49 
19 27 51 
14 19 25 
37 38 49 
17 22 29 
14 27 30 
13 53 54 
18 44 51 
19 30 35 
26 44 54 
10 14 22 
21 41 53 
11 13 38 
34 42 46 
27 41 45 
13 29 49 
20 45 46 
14 25 44 
21 22 38 
29 37 53 
28 43 52 
12 22 35 
38 41 46 
22 26 30 
21 22 45 
18 29 38 
21 34 51 
33 44 46 
11 29 53 
10 18 37 
13 17 36 
22 29 42 
12 18 45 
12 28 42 
9 17 20 
28 35 52 
27 51 52 
20 30 53 
12 20 36 
9 43 51 
42 43 53 
18 42 53 
13 37 54 
20 34 42 
21 46 53 
43 49 54 
12 22 30 
34 35 36 
14 19 30 
14 17 18 
18 21 33 
9 22 33 
10 36 38 
11 22 35 
20 33 34 
12 26 35 
27 29 50 
34 45 49 
43 45 53 
18 28 54 
19 37 50 
14 26 36 
18 27 53 
13 49 51 
17 18 29 
36 49 54 
28 29 43 
10 18 21 
10 12 46 
11 19 51 
9 22 27 
9 21 35 
25 37 50 
17 38 54 
13 43 50 
10 18 51 
30 33 45 
10 43 44 
17 22 27 
28 29 52 
12 50 51 
11 38 46 
20 36 49 
28 37 42 
25 29 53 
22 33 34 
27 28 44 
20 21 51 
18 36 41 
17 22 44 
13 35 41 
44 50 53 
12 17 53 
9 10 18 
21 35 37 
35 42 50 
22 45 53 
11 21 25 
25 33 34 
10 25 27 
10 28 35 
18 25 29 
13 44 51 
25 49 53 
28 30 51 
17 21 29 
9 34 35 
12 26 27 
22 38 43 
18 27 34 
25 41 50 
19 30 44 
17 42 54 
35 42 49 
20 35 50 
10 30 54 
9 18 19 
21 34 37 
20 22 34 
9 17 51 
18 29 42 
30 46 51 
11 14 46 
26 45 52 
18 44 53 
9 51 54 
17 22 34 
19 49 54 
33 49 50 
10 42 46 
11 35 36 
18 20 30 
9 30 53 
10 27 42 
42 46 49 
11 38 45 
10 12 13 
21 28 44 
10 12 41 
10 22 25 
14 34 41 
19 36 46 
14 25 26 
19 37 42 
34 36 54 
13 33 36 
11 28 29 
14 17 30 
18 35 38 
37 44 46 
12 13 28 
11 28 36 
22 29 50 
10 11 30 
22 27 28 
14 44 52 
36 43 49 
10 14 49 
11 26 34 
11 14 21 
19 34 43 
22 27 43 
10 30 38 
18 42 52 
28 43 44 
18 25 44 
13 22 26 
22 30 52 
22 28 49 
29 44 46 
13 22 41 
13 14 34 
20 50 52 
17 19 33 
20 36 51 
13 20 46 
11 41 43 
11 18 41 
18 19 30 
13 17 35 
19 22 25 
10 11 35 
9 12 17 
14 17 19 
37 38 52 
10 11 37 
12 27 51 
26 27 45 
12 18 41 
11 51 54 
17 25 29 
12 28 35 
21 38 49 
10 25 34 
34 36 43 
17 18 50 
25 49 50 
27 38 54 
10 18 26 
17 49 54 
25 34 42 
41 50 54 
43 45 54 
9 18 34 
41 44 51 
20 34 36 
33 41 44 
20 21 33 
10 19 53 
29 37 52 
10 14 35 
11 20 38 
17 19 46 
9 27 35 
37 42 43 
11 34 36 
27 51 53 
30 33 36 
46 49 53 
28 46 50 
10 12 50 
34 44 46 
10 34 54 
22 30 36 
27 30 35 
21 43 45 
13 28 37 
17 20 38 
28 45 54 
12 17 35 
18 21 30 
20 36 46 
10 25 26 
13 22 28 
10 36 50 
19 28 34 
26 37 46 
27 34 38 
11 18 49 
10 22 36 
27 30 45 
29 50 53 
36 51 54 
13 29 46 
11 17 22 
20 28 51 
22 25 41 
13 35 46 
10 29 42 
26 27 36 
22 33 37 
13 29 43 
13 18 42 
12 13 41 
33 34 36 
14 50 53 
29 37 45 
11 41 42 
35 44 51 
12 21 49 
22 30 38 
12 14 51 
9 19 41 
14 38 41 
22 38 49 
30 41 49 
20 50 51 
26 28 53 
20 25 43 
12 37 50 
29 33 38 
13 25 54 
9 10 44 
14 22 42 
22 25 30 
22 44 46 
27 30 41 
19 20 26 
13 20 26 
18 29 45 
9 38 52 
22 28 35 
9 11 41 
18 20 49 
13 25 30 
26 27 41 
11 35 54 
12 28 45 
21 46 52 
13 21 50 
11 34 43 
21 29 43 
29 34 35 
18 25 28 
10 26 54 
20 26 53 
9 14 30 
28 29 54 
21 44 51 
25 29 43 
12 34 51 
20 43 52 
21 26 46 
29 35 52 
18 35 43 
13 17 26 
10 35 42 
11 12 38 
11 30 46 
45 53 54 
21 33 49 
10 18 44 
10 25 50 
25 27 52 
14 22 45 
13 19 21 
10 17 52 
12 27 33 
13 37 46 
20 21 46 
29 34 53 
17 43 44 
11 27 30 
13 46 50 
27 42 45 
22 41 46 
18 26 36 
10 14 46 
13 14 18 
13 33 53 
26 33 43 
34 38 52 
21 35 38 
26 33 41 
33 34 46 
36 38 52 
17 37 45 
27 30 34 
26 34 53 
21 42 50 
10 29 45 
20 49 51 
25 34 43 
18 34 37 
19 49 50 
20 33 37 
12 49 50 
33 50 54 
10 25 41 
19 26 46 
13 41 43 
34 37 53 
9 26 38 
11 41 51 
20 26 37 
11 26 54 
10 37 49 
17 25 37 
18 21 27 
9 11 52 
12 18 38 
33 37 41 
14 38 53 
10 30 53 
9 11 22 
27 29 38 
19 20 51 
21 30 46 
29 37 44 
26 33 37 
42 45 50 
22 29 49 
13 38 52 
22 29 44 
21 41 52 
19 33 54 
22 52 53 
18 43 51 
10 26 46 
25 42 53 
30 36 37 
13 21 33 
9 49 54 
21 41 46 
20 22 50 
11 29 52 
35 45 46 
9 36 45 
28 52 54 
10 17 27 
28 42 50 
17 25 49 
22 26 29 
11 52 54 
26 33 46 
21 46 50 
13 34 43 
37 45 51 
13 17 43 
9 20 51 
17 27 54 
11 17 27 
21 27 52 
19 20 34 
10 25 54 
11 41 50 
30 41 50 
17 42 51 
19 52 53 
9 11 19 
12 25 41 
34 44 50 
37 41 42 
33 36 46 
19 20 21 
17 27 34 
9 27 53 
29 43 51 
34 42 50 
36 50 54 
13 35 45 
30 35 53 
11 38 52 
11 18 30 
17 19 35 
11 18 34 
10 19 29 
12 37 44 
9 22 45 
20 44 53 
9 13 20 
10 37 45 
21 38 43 
18 34 43 
14 27 53 
11 35 51 
34 35 52 
19 41 46 
11 45 50 
12 19 35 
19 36 45 
22 25 36 
10 26 29 
34 43 50 
11 30 45 
25 28 38 
37 41 44 
20 49 53 
33 43 50 
17 21 54 
22 29 53 
12 49 51 
11 21 38 
13 25 38 
9 29 44 
19 37 44 
22 25 35 
34 50 53 
11 12 36 
30 38 53 
12 27 30 
9 28 42 
11 36 54 
27 49 50 
34 38 50 
19 46 49 
20 27 41 
14 20 52 
10 11 43 
10 38 42 
9 46 49 
33 43 52 
14 18 25 
10 18 29 
28 41 49 
12 17 51 
20 38 46 
25 29 30 
28 36 51 
12 14 54 
10 34 37 
11 13 22 
30 38 52 
41 46 51 
10 26 30 
33 35 36 
9 26 27 
19 30 33 
21 25 36 
10 25 35 
9 28 50 
18 22 49 
25 45 49 
19 45 46 
13 14 35 
18 25 46 
29 41 46 
12 33 50 
14 21 53 
18 35 53 
9 46 50 
25 30 53 
11 22 46 
22 35 43 
13 33 37 
28 34 49 
11 26 36 
19 51 52 
9 26 41 
34 42 51 
30 36 38 
11 27 29 
29 38 46 
10 33 46 
26 33 53 
9 17 29 
13 22 25 
14 38 45 
30 36 53 
14 27 49 
13 43 46 
18 29 50 
18 28 37 
29 37 54 
19 38 53 
35 46 50 
34 44 45 
20 43 53 
10 12 54 
26 44 50 
12 35 52 
22 25 53 
26 30 45 
22 42 52 
21 26 44 
13 29 53 
18 37 50 
34 44 51 
13 43 54 
10 22 54 
34 36 44 
34 51 54 
27 33 54 
21 27 51 
10 11 33 
14 19 28 
13 26 43 
35 44 46 
9 19 44 
11 14 49 
10 13 54 
10 28 54 
11 21 51 
11 13 26 
10 19 34 
10 12 14 
21 30 43 
9 42 45 
10 27 45 
27 28 37 
17 42 50 
14 36 37 
14 26 52 
10 19 38 
36 38 53 
11 36 44 
11 25 35 
17 29 53 
9 13 49 
14 19 20 
12 21 28 
21 26 49 
10 27 35 
10 11 14 
19 25 41 
12 42 53 
12 21 36 
33 37 42 
9 27 54 
11 35 43 
33 34 35 
25 36 38 
9 30 33 
20 21 41 
19 53 54 
12 22 53 
9 13 26 
14 17 52 
17 38 52 
26 36 42 
14 49 54 
12 35 44 
28 43 49 
33 34 45 
9 27 30 
44 49 52 
14 17 45 
22 27 45 
20 27 42 
9 26 36 
20 21 29 
12 17 18 
30 33 38 
10 35 45 
22 41 52 
21 38 54 
35 36 51 
10 20 27 
18 21 38 
10 14 51 
10 18 33 
14 20 42 
34 36 42 
33 45 50 
9 28 44 
12 28 41 
20 35 37 
30 49 52 
9 17 54 
10 12 17 
17 18 42 
13 30 45 
11 12 41 
29 35 45 
12 22 26 
26 34 41 
33 42 52 
9 25 50 
28 33 51 
26 35 37 
13 27 30 
18 25 34 
14 42 49 
13 14 50 
36 37 45 
19 27 34 
30 37 54 
12 27 52 
17 26 51 
19 34 44 
11 36 41 
14 34 36 
26 29 44 
30 42 43 
25 27 46 
41 43 45 
26 36 53 
29 41 52 
35 43 45 
19 42 45 
36 45 53 
12 44 54 
18 29 41 
28 29 53 
11 45 52 
21 22 35 
12 36 46 
18 20 37 
33 38 49 
9 37 43 
10 13 35 
22 25 43 
14 30 52 
38 41 45 
37 52 53 
14 18 19 
11 33 49 
9 14 34 
18 29 35 
21 36 45 
9 12 51 
26 30 46 
21 28 37 
38 46 52 
30 37 43 
25 51 53 
27 28 43 
11 25 44 
9 14 35 
13 36 44 
46 49 51 
27 29 42 
34 46 49 
28 46 49 
14 30 33 
10 14 30 
9 10 54 
11 43 52 
26 44 45 
36 38 54 
36 45 49 
21 30 51 
25 41 51 
34 42 44 
13 35 42 
17 35 43 
27 36 49 
26 37 45 
36 46 49 
22 26 41 
37 46 54 
33 42 50 
22 25 28 
21 46 51 
14 17 50 
18 41 44 
14 17 27 
14 36 43 
33 36 44 
11 18 46 
12 13 38 
13 20 54 
10 19 21 
21 28 36 
36 37 53 
29 35 46 
12 43 50 
22 38 52 
9 22 30 
18 49 52 
35 41 45 
30 36 41 
26 38 44 
9 27 52 
21 38 46 
21 33 43 
20 53 54 
12 33 42 
9 30 45 
9 37 49 
20 30 44 
18 49 53 
19 36 43 
30 43 49 
21 49 51 
11 13 35 
37 45 50 
17 19 27 
35 42 45 
9 25 43 
30 41 54 
27 43 51 
13 19 45 
14 36 50 
45 46 51 
10 22 50 
13 14 17 
10 20 46 
38 44 49 
9 45 50 
19 20 22 
26 29 38 
25 26 27 
36 50 52 
43 49 51 
17 18 33 
21 45 49 
28 35 36 
11 33 52 
13 19 33 
26 33 51 
11 13 46 
14 17 22 
29 45 54 
12 34 45 
28 37 41 
9 36 51 
11 34 51 
13 25 26 
20 33 46 
14 33 38 
9 21 26 
12 13 21 
18 20 34 
10 36 44 
17 49 52 
12 33 51 
12 14 19 
20 26 50 
25 33 36 
9 18 36 
11 33 46 
25 43 54 
18 44 54 
20 36 54 
35 46 49 
33 34 54 
25 42 51 
14 21 51 
18 26 37 
12 29 41 
10 17 30 
29 38 49 
11 17 42 
19 22 30 
21 37 38 
10 36 41 
35 45 53 
21 27 29 
12 36 45 
11 25 38 
9 43 46 
13 27 49 
11 17 33 
10 12 27 
12 30 42 
17 19 29 
33 37 44 
18 46 53 
10 51 52 
9 10 36 
34 38 53 
10 14 42 
9 11 53 
21 43 54 
13 30 44 
21 26 35 
10 42 44 
12 13 20 
11 41 46 
36 49 53 
21 29 35 
17 28 53 
18 41 54 
21 34 49 
9 25 51 
12 25 54 
10 33 34 
12 26 44 
18 35 37 
28 29 41 
10 33 54 
25 38 52 
12 41 50 
17 28 37 
27 52 54 
9 10 33 
9 41 54 
33 37 38 
29 38 52 
10 17 26 
17 28 50 
9 45 49 
27 35 49 
33 36 38 
14 20 30 
11 34 41 
14 20 43 
28 38 51 
28 37 53 
20 28 34 
10 14 50 
18 28 50 
9 20 45 
19 27 45 
22 25 33 
17 44 50 
18 44 52 
10 17 25 
14 20 28 
14 27 54 
34 36 46 
13 29 52 
37 41 45 
22 35 49 
11 12 45 
12 25 30 
30 36 45 
20 26 42 
12 38 54 
12 50 52 
30 35 49 
9 33 35 
10 51 54 
19 27 35 
18 42 43 
35 41 43 
12 20 34 
33 46 52 
17 50 52 
14 42 43 
22 37 51 
13 33 43 
30 43 53 
19 33 38 
17 22 25 
20 27 28 
29 51 54 
9 12 28 
13 25 43 
25 34 50 
29 50 52 
10 30 44 
12 20 37 
29 44 49 
34 36 41 
35 44 49 
21 37 44 
19 26 45 
18 19 27 
22 33 35 
19 41 42 
26 45 51 
12 19 30 
11 25 50 
18 49 54 
9 13 22 
13 33 44 
9 26 44 
18 26 54 
17 38 49 
12 46 53 
21 36 49 
19 29 42 
12 33 35 
22 42 44 
11 17 34 
22 46 50 
9 36 49 
19 27 33 
13 45 49 
21 33 50 
13 37 41 
30 46 52 
14 38 49 
12 20 38 
17 43 49 
19 27 30 
19 49 53 
9 26 42 
13 20 50 
25 29 41 
14 35 36 
36 44 45 
36 38 51 
14 27 46 
17 28 42 
14 35 38 
11 28 34 
30 37 50 
10 41 50 
17 42 52 
10 20 34 
22 38 54 
18 25 41 
25 35 45 
38 44 45 
9 29 35 
11 37 43 
10 27 37 
29 38 45 
19 27 42 
12 19 49 
20 42 54 
19 33 46 
27 44 49 
20 26 33 
12 28 37 
9 50 53 
9 25 37 
13 14 42 
19 30 50 
27 49 51 
12 17 27 
11 27 35 
35 42 46 
11 17 46 
22 34 51 
9 22 35 
14 28 46 
38 46 54 
29 43 54 
18 19 43 
13 42 43 
14 26 33 
14 20 27 
36 52 53 
29 30 54 
34 41 49 
19 20 45 
26 41 54 
14 42 54 
9 44 50 
26 41 51 
49 53 54 
9 33 38 
30 44 52 
35 51 52 
11 20 54 
21 37 53 
26 29 53 
10 34 36 
22 37 53 
12 41 43 
12 13 53 
12 19 53 
9 11 54 
18 45 51 
21 27 37 
20 29 34 
21 30 45 
13 28 38 
10 34 49 
9 11 42 
34 41 54 
21 25 51 
26 35 50 
11 25 27 
9 26 52 
18 30 50 
28 38 41 
13 17 51 
11 29 50 
9 12 20 
12 13 19 
29 44 45 
10 25 42 
29 33 54 
9 25 44 
20 22 46 
33 34 42 
10 25 49 
12 26 50 
21 36 37 
10 28 45 
10 12 29 
9 26 28 
14 17 25 
14 37 52 
26 35 44 
14 27 38 
45 46 52 
20 30 49 
10 36 42 
12 36 43 
38 52 53 
21 28 50 
18 44 46 
17 30 52 
17 29 45 
25 43 53 
34 43 49 
9 20 50 
11 12 14 
35 38 42 
12 21 34 
18 34 41 
29 33 51 
36 43 44 
20 27 44 
33 36 43 
45 51 54 
19 41 53 
21 34 45 
17 22 43 
11 20 45 
14 35 41 
25 36 46 
20 37 41 
9 14 52 
13 42 50 
41 42 46 
20 28 33 
29 35 53 
17 26 34 
42 51 52 
13 18 28 
17 19 28 
18 45 54 
36 45 50 
9 17 42 
28 38 43 
12 14 43 
11 17 28 
19 20 50 
12 21 35 
33 34 43 
12 27 42 
18 29 33 
19 35 49 
13 20 35 
9 36 53 
11 37 42 
20 35 36 
12 42 43 
21 28 29 
12 43 54 
11 12 37 
14 21 41 
13 18 46 
12 13 26 
20 28 52 
33 50 51 
11 20 25 
17 30 53 
29 42 46 
19 28 30 
9 26 35 
30 50 53 
21 25 27 
25 50 54 
27 38 51 
28 29 42 
19 26 34 
42 51 53 
30 51 53 
9 21 22 
12 36 53 
9 26 29 
35 49 54 
17 20 52 
30 44 50 
13 22 45 
11 42 44 
28 51 54 
17 21 35 
33 38 44 
18 27 37 
18 22 36 
13 25 45 
11 19 43 
20 26 36 
18 41 53 
20 36 52 
9 20 41 
13 22 37 
13 17 54 
11 12 25 
9 19 30 
9 10 35 
11 38 53 
27 30 33 
29 34 50 
12 21 22 
9 37 46 
9 28 53 
14 25 51 
22 43 53 
11 27 42 
35 42 54 
11 34 42 
18 26 35 
30 45 49 
21 42 44 
14 28 44 
36 42 53 
11 35 53 
9 22 50 
19 22 43 
17 18 41 
22 35 36 
11 37 49 
22 35 37 
10 30 42 
25 43 51 
18 26 43 
13 27 41 
30 36 46 
9 13 50 
33 37 53 
26 46 51 
19 46 52 
25 27 38 
14 34 44 
13 44 45 
19 30 41 
11 46 53 
12 53 54 
27 45 51 
17 27 33 
21 29 34 
11 22 54 
20 42 52 
33 35 52 
26 28 42 
30 49 50 
19 20 46 
37 44 49 
21 22 53 
17 18 36 
14 30 34 
12 14 49 
19 20 53 
17 20 36 
14 25 52 
11 46 54 
13 20 22 
13 17 49 
21 38 41 
17 20 41 
22 33 44 
13 18 22 
11 12 43 
10 18 34 
33 50 52 
11 43 49 
42 46 53 
9 29 42 
18 25 30 
21 51 54 
17 29 42 
10 17 34 
12 26 45 
27 33 42 
19 43 50 
19 30 37 
14 22 52 
25 30 38 
9 17 52 
10 20 51 
12 33 52 
10 13 43 
9 51 53 
13 28 52 
19 50 52 
18 28 45 
19 36 42 
20 26 46 
26 36 41 
37 38 43 
10 12 35 
9 21 50 
20 35 45 
12 36 41 
11 20 51 
11 27 49 
10 36 49 
11 42 51 
18 34 46 
14 36 52 
50 51 52 
33 35 46 
26 38 46 
28 33 34 
22 26 34 
10 11 12 
12 22 27 
10 11 52 
25 52 54 
13 29 50 
11 41 52 
11 38 54 
10 33 43 
17 25 46 
17 26 53 
18 26 49 
18 22 52 
12 26 33 
22 25 26 
19 37 43 
12 22 44 
14 29 44 
12 33 36 
18 22 29 
14 20 44 
10 29 34 
28 44 53 
21 30 38 
26 28 54 
25 35 42 
21 28 42 
17 28 34 
11 35 44 
12 29 49 
10 22 41 
18 22 45 
12 20 46 
18 19 53 
45 50 51 
19 30 36 
9 20 37 
11 41 54 
14 30 45 
13 38 45 
38 46 50 
11 44 54 
26 29 43 
17 34 50 
10 22 27 
22 28 51 
35 44 50 
13 18 37 
26 28 37 
11 42 50 
11 21 50 
9 17 44 
11 44 52 
12 28 49 
13 25 53 
26 28 46 
12 27 46 
13 33 41 
13 14 52 
12 20 25 
33 37 54 
21 28 33 
10 21 41 
27 42 46 
14 21 29 
18 25 45 
33 51 54 
25 37 44 
41 46 54 
11 37 54 
49 50 51 
11 19 54 
17 29 43 
14 34 42 
10 42 50 
11 17 53 
10 14 18 
13 37 43 
13 41 42 
9 38 54 
27 45 50 
9 10 45 
19 25 42 
12 14 44 
10 28 44 
9 41 52 
9 21 33 
42 45 54 
13 41 54 
20 45 50 
18 19 36 
22 26 45 
20 21 42 
13 34 51 
9 21 34 
9 13 38 
9 43 44 
14 25 27 
11 26 52 
20 30 35 
44 46 52 
13 21 28 
18 20 45 
18 44 50 
13 42 45 
36 42 44 
10 26 44 
22 37 50 
29 38 54 
19 33 52 
43 49 50 
27 46 49 
10 25 53 
18 41 42 
11 37 51 
14 34 43 
13 14 37 
21 33 46 
11 19 52 
33 35 49 
21 35 36 
14 34 45 
19 26 37 
10 18 36 
22 36 49 
22 30 42 
20 41 53 
11 38 41 
11 25 26 
10 29 51 
22 27 53 
12 19 21 
20 29 50 
17 34 36 
14 33 49 
22 34 53 
13 26 42 
19 35 54 
11 29 36 
19 25 36 
26 38 45 
13 28 29 
9 10 41 
21 33 54 
11 17 19 
12 20 21 
10 18 22 
10 18 42 
38 44 50 
10 12 28 
25 38 43 
26 30 41 
36 46 52 
9 20 34 
14 44 53 
28 38 46 
11 14 35 
33 52 53 
37 42 53 
29 43 45 
33 43 54 
14 33 45 
30 53 54 
10 14 54 
12 49 52 
9 14 26 
14 25 28 
19 25 30 
19 28 51 
10 11 22 
25 42 50 
27 43 53 
34 37 46 
11 27 37 
19 33 43 
12 41 44 
26 49 51 
13 30 53 
9 20 35 
17 22 49 
20 50 54 
35 36 49 
25 36 52 
11 17 52 
10 27 51 
11 26 29 
19 38 54 
26 36 44 
14 33 44 
26 46 54 
27 30 46 
14 33 43 
18 20 41 
9 20 33 
26 34 49 
33 34 53 
18 35 42 
14 34 51 
34 35 44 
17 20 54 
17 44 52 
13 22 44 
11 18 19 
26 51 52 
14 21 35 
37 49 53 
34 45 51 
11 17 18 
14 29 35 
13 14 45 
19 21 51 
18 30 37 
13 28 33 
43 50 52 
12 26 30 
10 22 28 
26 37 51 
19 34 50 
17 30 43 
12 13 54 
9 17 41 
28 42 46 
10 22 43 
18 22 26 
9 14 25 
17 25 43 
28 30 42 
17 27 41 
9 28 54 
38 46 49 
36 45 52 
26 29 33 
43 45 49 
9 20 26 
26 42 45 
13 28 36 
11 28 43 
14 34 50 
34 45 54 
10 52 53 
20 33 35 
22 41 51 
10 11 45 
37 51 52 
14 27 29 
14 26 30 
19 21 49 
21 34 53 
30 37 51 
20 41 49 
10 25 29 
37 38 42 
10 20 25 
21 29 49 
9 38 49 
52 53 54 
11 14 50 
11 36 50 
42 49 52 
17 20 35 
25 26 38 
13 25 33 
21 29 37 
12 13 30 
17 28 38 
14 18 22 
11 45 54 
21 43 53 
18 19 25 
11 35 49 
33 41 52 
27 42 49 
30 34 45 
44 45 51 
9 45 54 
9 12 36 
35 38 51 
10 50 51 
13 21 35 
13 20 49 
21 43 46 
21 44 45 
22 34 35 
25 26 30 
37 41 50 
30 33 42 
11 21 44 
9 14 51 
30 37 49 
19 20 33 
19 20 35 
17 33 50 
21 29 44 
10 28 50 
19 26 44 
11 17 29 
14 34 53 
41 49 50 
9 10 19 
21 25 52 
21 41 54 
11 25 34 
9 18 37 
20 42 43 
30 46 50 
9 25 49 
21 41 44 
19 49 51 
26 29 50 
9 18 45 
30 41 53 
11 34 44 
12 35 36 
34 38 49 
11 26 28 
10 33 35 
12 13 35 
35 38 45 
10 18 25 
18 26 44 
28 49 51 
10 21 46 
12 17 20 
11 29 35 
35 37 51 
10 26 42 
11 19 33 
17 41 43 
25 27 34 
34 42 54 
12 20 27 
18 22 27 
11 42 52 
29 41 53 
17 34 44 
14 20 49 
19 29 54 
21 25 41 
28 34 42 
20 34 46 
12 20 45 
11 14 30 
21 42 51 
17 29 54 
12 27 53 
26 35 42 
10 35 38 
14 45 51 
14 19 44 
18 21 25 
10 28 33 
25 38 41 
44 46 49 
22 38 46 
33 44 54 
26 36 50 
10 20 33 
9 13 35 
20 29 44 
9 12 13 
34 43 46 
11 29 54 
35 46 52 
13 17 20 
22 36 51 
26 41 45 
9 19 45 
11 21 54 
13 30 35 
13 46 51 
9 17 33 
20 22 45 
41 52 53 
10 28 36 
14 29 51 
22 34 50 
41 50 52 
19 20 25 
21 43 44 
17 29 52 
13 34 44 
13 18 41 
11 37 52 
30 45 54 
12 37 49 
11 43 50 
9 34 38 
13 37 45 
10 22 42 
17 25 35 
21 27 46 
27 33 35 
38 45 53 
30 34 42 
28 34 43 
22 37 41 
33 41 51 
18 33 34 
13 18 50 
22 27 30 
11 25 30 
18 44 45 
9 35 45 
18 34 35 
30 38 44 
10 42 45 
14 29 38 
11 18 44 
11 20 21 
28 36 50 
19 28 45 
30 36 44 
11 13 27 
20 41 44 
29 38 44 
41 43 51 
22 27 29 
10 30 34 
17 27 43 
9 35 38 
18 28 33 
34 35 43 
25 46 49 
19 28 44 
10 20 42 
42 43 45 
14 29 50 
28 33 49 
28 38 44 
11 17 49 
9 34 36 
14 42 45 
9 49 50 
33 50 53 
19 45 52 
21 50 52 
29 33 42 
18 29 43 
41 42 49 
13 18 44 
20 22 30 
13 38 41 
13 42 44 
12 19 44 
9 12 45 
38 49 51 
12 19 41 
14 20 50 
17 33 44 
17 37 53 
25 36 42 
38 41 44 
38 43 53 
19 38 43 
11 38 50 
12 14 26 
9 29 53 
9 20 28 
17 18 52 
29 45 49 
28 33 54 
14 19 38 
10 19 45 
12 34 36 
28 43 54 
14 17 53 
13 27 37 
10 37 54 
13 21 46 
9 12 54 
19 21 41 
10 13 38 
14 45 52 
10 11 25 
11 36 51 
12 28 52 
14 26 29 
20 33 44 
13 26 50 
19 30 51 
21 33 51 
9 20 38 
14 19 26 
27 33 50 
17 26 35 
14 28 37 
22 26 50 
43 45 52 
28 41 50 
14 34 52 
29 33 34 
11 26 37 
21 26 54 
10 30 35 
26 34 46 
35 37 49 
29 30 33 
9 17 45 
18 21 34 
11 18 22 
9 22 54 
21 22 27 
26 49 53 
14 50 54 
26 44 53 
34 35 45 
9 17 53 
11 41 53 
43 44 45 
21 26 51 
12 45 52 
18 19 41 
17 18 21 
26 30 37 
19 33 35 
13 36 52 
14 30 38 
9 10 29 
35 37 44 
11 26 49 
21 25 44 
14 37 49 
25 36 54 
14 37 43 
18 37 41 
41 42 44 
28 49 52 
12 18 51 
13 25 34 
10 33 52 
13 22 43 
26 30 42 
29 38 53 
17 34 43 
11 14 45 
9 18 43 
33 41 42 
12 45 50 
28 33 37 
13 35 44 
18 37 51 
11 43 53 
13 46 53 
11 34 50 
9 41 45 
13 20 44 
18 19 21 
12 38 41 
26 28 41 
12 13 36 
9 18 51 
35 50 54 
19 26 38 
9 25 26 
12 26 41 
20 37 49 
27 46 52 
13 27 43 
35 38 43 
20 30 51 
11 22 30 
18 28 52 
28 41 45 
36 38 49 
20 36 45 
35 45 51 
22 29 54 
9 11 46 
29 43 50 
11 20 43 
19 36 38 
12 45 46 
11 12 50 
33 41 43 
13 29 37 
17 22 52 
12 17 19 
18 33 38 
41 45 54 
28 29 50 
14 17 21 
9 13 46 
14 36 38 
13 51 54 
45 49 54 
41 49 51 
27 30 37 
12 18 43 
14 22 53 
18 29 30 
18 22 54 
14 20 26 
21 27 54 
12 28 54 
20 27 29 
12 21 42 
29 36 53 
21 33 37 
9 20 36 
11 20 46 
11 14 41 
11 27 41 
30 38 54 
14 29 33 
13 27 35 
17 29 34 
29 49 50 
18 28 29 
12 13 14 
11 19 49 
28 36 37 
27 28 30 
29 50 54 
13 25 36 
9 19 53 
13 27 29 
35 50 53 
20 30 34 
28 36 42 
9 17 36 
26 36 37 
17 34 37 
12 29 51 
43 51 52 
19 44 50 
35 37 54 
44 51 54 
28 33 36 
10 17 35 
12 14 20 
33 37 43 
18 41 51 
10 29 53 
21 26 45 
19 26 33 
18 25 42 
10 14 27 
10 13 53 
29 35 42 
22 42 50 
13 27 54 
13 17 42 
25 37 51 
10 27 30 
10 11 44 
12 27 54 
14 42 44 
19 29 53 
26 28 49 
11 28 41 
27 35 45 
11 26 35 
10 26 38 
41 46 52 
28 38 45 
22 27 52 
19 38 42 
13 21 27 
29 42 51 
18 19 52 
25 27 30 
18 21 22 
18 34 51 
10 26 52 
11 44 49 
34 37 45 
9 34 37 
13 18 21 
10 21 27 
28 46 52 
12 21 54 
17 19 20 
20 36 38 
10 41 53 
25 42 44 
11 25 33 
20 29 36 
12 33 44 
9 25 45 
25 50 51 
12 22 46 
13 36 38 
9 12 38 
10 29 50 
20 43 50 
20 37 53 
20 36 41 
25 37 46 
33 35 41 
9 34 41 
12 17 29 
10 25 46 
17 19 54 
9 21 51 
10 13 42 
17 36 53 
18 21 26 
19 46 54 
26 35 53 
36 52 54 
22 25 46 
9 12 44 
19 42 50 
10 11 28 
11 18 54 
28 33 50 
18 36 46 
10 28 38 
28 53 54 
17 25 34 
20 27 43 
10 14 36 
9 41 50 
12 41 52 
25 37 54 
19 35 43 
10 49 54 
11 22 37 
51 52 54 
11 12 51 
11 27 33 
11 28 49 
36 42 52 
17 35 44 
21 45 50 
11 45 51 
44 51 53 
12 14 35 
18 22 33 
27 30 51 
20 25 38 
37 38 46 
12 13 52 
22 26 33 
13 29 45 
17 33 46 
29 45 53 
35 38 49 
28 36 43 
18 27 30 
14 25 45 
33 44 52 
30 52 53 
9 14 28 
35 43 49 
14 37 44 
20 34 51 
26 30 38 
22 29 41 
11 17 25 
12 46 54 
29 33 45 
18 49 50 
11 50 54 
27 38 43 
14 42 51 
13 20 42 
19 34 45 
29 30 43 
26 49 50 
17 27 28 
9 18 20 
14 29 42 
29 46 50 
29 36 45 
11 14 42 
33 44 49 
10 53 54 
10 29 44 
25 30 50 
28 30 34 
19 27 36 
46 49 52 
17 29 51 
26 49 54 
22 46 53 
38 43 45 
19 30 53 
13 43 53 
27 30 43 
38 46 53 
14 26 50 
14 27 34 
36 38 41 
43 44 46 
14 35 45 
13 30 54 
13 25 28 
38 50 51 
19 21 35 
12 27 37 
25 44 54 
19 29 43 
14 36 54 
18 20 33 
28 44 54 
21 26 43 
9 19 22 
19 50 54 
37 38 51 
45 49 53 
9 50 52 
14 42 53 
18 33 51 
12 19 54 
25 51 52 
10 13 33 
21 35 44 
18 19 37 
41 43 46 
26 30 50 
36 41 42 
26 33 52 
21 35 49 
9 17 26 
21 36 44 
27 28 29 
9 26 34 
30 41 45 
10 34 45 
19 25 26 
9 17 30 
13 36 53 
14 20 29 
10 11 34 
19 41 43 
42 50 53 
14 18 44 
28 51 53 
18 38 51 
14 30 41 
19 28 50 
26 45 49 
11 21 34 
14 19 54 
19 20 38 
10 17 19 
10 13 17 
36 43 45 
11 41 44 
17 34 38 
13 14 27 
36 38 46 
11 19 44 
11 35 45 
13 36 37 
10 43 52 
12 13 25 
33 42 49 
17 19 34 
18 30 45 
34 41 53 
9 11 27 
9 22 26 
38 45 50 
28 35 43 
12 22 28 
14 41 42 
11 38 51 
41 45 49 
14 50 51 
14 19 33 
10 27 36 
21 38 53 
21 37 52 
12 45 54 
37 53 54 
9 53 54 
14 28 36 
20 27 30 
18 22 38 
22 35 45 
9 27 44 
21 30 52 
9 13 14 
9 12 53 
9 25 35 
19 33 50 
33 35 43 
18 20 42 
20 42 53 
19 50 51 
10 22 52 
17 44 51 
21 28 34 
13 36 43 
22 27 54 
13 17 38 
18 22 53 
13 38 44 
42 50 51 
9 25 28 
17 26 33 
29 43 46 
9 41 44 
13 38 53 
35 45 49 
20 22 25 
10 38 46 
18 43 54 
21 34 46 
28 41 51 
17 37 50 
28 50 52 
11 41 45 
20 30 50 
19 29 36 
21 27 34 
11 25 42 
18 28 49 
25 35 54 
9 25 36 
9 29 30 
11 13 25 
17 42 49 
26 33 38 
35 41 50 
10 21 33 
17 18 22 
10 27 43 
10 34 42 
12 29 37 
25 26 35 
11 34 52 
41 42 54 
18 36 45 
13 36 45 
20 37 42 
14 26 41 
13 21 53 
9 26 49 
9 46 53 
34 38 45 
28 35 45 
9 21 27 
13 26 44 
25 33 52 
21 22 51 
10 34 46 
21 34 38 
25 33 43 
10 35 46 
13 22 54 
28 30 43 
10 18 46 
27 35 43 
13 36 50 
13 29 36 
14 25 53 
19 22 28 
42 44 53 
9 43 52 
12 27 34 
12 22 50 
38 44 51 
20 29 43 
18 29 36 
14 43 51 
11 19 36 
20 46 50 
22 33 54 
26 46 49 
27 43 52 
13 27 45 
28 36 54 
13 19 36 
10 11 53 
26 41 42 
10 22 45 
12 27 50 
19 27 46 
20 36 44 
17 43 50 
30 43 52 
11 33 41 
11 18 50 
28 46 51 
35 42 43 
10 45 51 
17 42 43 
37 43 53 
41 45 46 
22 27 35 
10 20 35 
12 22 38 
30 42 44 
14 36 51 
10 13 19 
26 28 50 
34 37 44 
35 38 50 
10 34 51 
36 50 51 
17 29 46 
17 29 38 
10 28 34 
12 30 34 
18 19 45 
36 37 52 
18 28 42 
9 30 52 
10 14 17 
22 41 53 
12 28 44 
45 49 52 
19 21 50 
26 30 43 
10 28 43 
25 33 38 
9 10 49 
25 36 37 
27 45 53 
27 38 52 
9 13 33 
14 25 33 
18 22 41 
34 43 44 
21 42 53 
13 27 38 
18 30 44 
11 36 43 
11 21 36 
9 34 49 
18 28 43 
11 13 29 
11 12 42 
9 11 33 
19 22 54 
41 50 53 
27 46 54 
25 29 35 
21 46 54 
22 33 42 
30 43 51 
11 13 14 
13 17 29 
21 35 46 
17 25 44 
44 50 52 
22 25 44 
22 25 29 
10 12 21 
19 38 46 
17 20 45 
9 44 46 
21 27 28 
10 18 45 
18 27 54 
11 35 41 
12 38 49 
17 41 49 
13 26 52 
19 44 46 
9 22 41 
33 38 43 
20 22 41 
25 33 50 
10 14 21 
25 35 38 
12 33 41 
10 28 42 
12 34 53 
30 37 42 
19 33 34 
18 50 53 
22 45 46 
21 27 41 
43 50 53 
11 50 53 
19 29 34 
25 43 50 
11 52 53 
12 21 52 
19 33 42 
25 35 51 
33 35 45 
18 30 43 
25 27 35 
26 37 42 
29 30 42 
19 33 44 
37 50 52 
14 27 52 
20 27 46 
29 36 41 
13 41 53 
43 49 52 
19 37 52 
41 44 46 
20 37 43 
25 28 53 
19 34 42 
30 33 37 
20 27 38 
10 19 20 
20 22 36 
27 37 51 
25 27 28 
11 13 42 
25 41 42 
27 37 44 
30 51 54 
28 45 51 
11 18 27 
22 30 43 
11 43 44 
12 14 53 
19 28 35 
12 43 49 
49 52 53 
12 28 51 
22 43 51 
11 19 45 
11 17 26 
12 21 50 
12 13 17 
13 26 37 
27 38 50 
27 41 46 
28 44 51 
12 29 43 
20 22 37 
21 33 35 
12 33 38 
12 33 54 
17 20 34 
11 20 52 
26 50 52 
29 41 54 
37 41 52 
20 21 53 
17 30 37 
18 21 42 
20 41 43 
17 41 53 
27 30 52 
21 36 41 
9 42 52 
14 19 27 
19 45 50 
19 22 44 
22 30 54 
29 34 49 
12 20 29 
9 19 50 
30 36 51 
12 27 44 
22 42 45 
22 43 52 
10 49 51 
20 34 50 
18 21 43 
18 37 53 
25 29 33 
20 46 51 
28 36 52 
9 29 36 
36 43 51 
21 44 52 
34 41 44 
11 37 44 
33 41 46 
12 14 52 
19 27 52 
13 28 49 
26 42 51 
12 18 20 
10 20 30 
20 29 49 
30 42 51 
34 52 53 
29 36 52 
17 49 51 
14 17 43 
11 19 46 
11 21 29 
28 37 46 
9 44 54 
20 33 50 
9 10 50 
22 28 43 
9 28 33 
22 35 50 
13 19 20 
14 33 52 
13 20 52 
26 27 34 
30 36 50 
17 37 41 
26 43 49 
13 18 54 
13 36 51 
25 34 49 
10 13 14 
12 17 25 
9 11 44 
28 37 44 
11 28 33 
17 42 45 
22 50 54 
37 42 44 
20 41 51 
10 19 42 
36 37 51 
9 10 12 
9 13 53 
14 35 42 
26 52 53 
26 42 54 
19 49 52 
9 11 34 
12 37 52 
20 36 53 
9 44 52 
18 46 50 
13 22 34 
12 18 52 
12 14 50 
10 20 45 
29 35 43 
29 49 54 
13 14 41 
11 37 45 
25 34 44 
13 14 38 
14 22 29 
10 25 43 
20 22 29 
36 41 51 
20 42 50 
35 36 50 
18 46 49 
11 22 43 
30 34 53 
21 35 45 
9 12 49 
12 41 54 
17 27 51 
18 35 51 
17 22 35 
17 20 27 
19 25 29 
17 45 53 
20 26 29 
13 35 37 
14 25 36 
17 46 52 
17 46 51 
12 38 43 
21 29 50 
22 41 44 
22 26 27 
13 18 35 
12 37 45 
28 42 49 
21 22 34 
22 36 52 
9 36 52 
12 44 46 
10 27 49 
10 20 52 
20 27 34 
9 20 49 
13 27 28 
12 42 52 
19 27 41 
30 52 54 
36 53 54 
20 51 53 
12 34 35 
26 51 54 
14 45 49 
50 53 54 
10 49 50 
28 45 50 
20 36 37 
29 35 54 
20 35 46 
20 27 50 
14 17 34 
14 38 43 
13 14 21 
25 38 51 
14 30 53 
18 20 35 
33 36 53 
10 21 22 
9 19 34 
18 50 51 
17 53 54 
18 26 33 
11 26 33 
12 51 52 
18 19 49 
28 30 52 
13 50 52 
21 33 38 
22 28 30 
17 27 42 
28 34 46 
21 34 52 
10 26 45 
22 33 52 
33 35 51 
26 38 49 
27 33 37 
12 19 52 
11 18 29 
14 18 42 
10 13 46 
9 37 42 
11 26 44 
13 43 49 
14 20 25 
22 36 41 
10 14 45 
18 42 50 
38 49 53 
19 33 53 
50 52 54 
37 45 53 
12 41 53 
19 36 37 
13 28 35 
12 38 53 
14 28 45 
36 44 51 
28 34 35 
28 37 38 
12 19 22 
9 21 52 
12 50 54 
14 29 53 
22 38 42 
28 29 38 
27 43 50 
12 20 51 
10 38 53 
11 33 54 
12 22 25 
12 22 29 
14 27 36 
9 37 45 
19 52 54 
10 11 17 
22 28 38 
44 45 54 
19 34 51 
9 30 46 
25 28 50 
21 25 30 
21 25 54 
11 18 36 
22 25 27 
30 34 38 
18 35 52 
25 44 45 
33 36 51 
45 49 51 
21 36 52 
35 42 53 
21 45 46 
18 28 38 
44 49 50 
14 21 49 
35 42 52 
11 30 37 
29 50 51 
25 44 51 
10 17 54 
11 14 17 
25 35 52 
20 41 46 
9 42 54 
20 36 42 
14 26 28 
17 26 28 
30 35 41 
13 45 54 
12 25 50 
14 28 50 
13 46 54 
21 42 46 
22 51 52 
45 50 53 
9 20 25 
9 21 30 
20 45 52 
19 29 35 
18 41 52 
26 27 29 
13 25 37 
10 41 52 
10 11 38 
17 21 38 
10 22 26 
11 41 49 
11 22 50 
27 41 51 
25 30 41 
21 45 51 
21 27 53 
9 33 45 
9 13 54 
25 27 43 
25 29 54 
19 35 42 
26 36 51 
9 26 37 
9 28 52 
13 26 38 
18 36 44 
37 44 52 
12 13 18 
13 35 38 
18 20 51 
33 34 51 
17 26 46 
41 44 53 
12 34 54 
11 18 38 
9 19 27 
10 13 27 
10 36 51 
17 43 52 
20 43 54 
26 42 50 
37 43 46 
18 29 37 
17 20 53 
33 46 53 
19 26 54 
35 49 52 
14 30 50 
35 38 52 
28 33 44 
11 38 42 
13 21 45 
29 33 37 
30 38 42 
22 50 52 
17 27 49 
30 43 46 
14 18 30 
20 26 35 
22 34 46 
17 29 49 
34 38 44 
11 19 38 
9 26 45 
11 19 29 
20 21 44 
27 38 53 
13 18 25 
30 34 43 
21 33 53 
9 13 30 
12 25 27 
21 27 33 
27 37 52 
14 21 30 
22 37 45 
36 42 45 
25 34 53 
14 33 36 
10 25 28 
12 21 37 
19 22 35 
41 46 49 
35 37 53 
9 34 43 
41 42 43 
19 35 36 
9 10 37 
25 27 29 
10 41 54 
10 34 53 
21 42 43 
13 37 51 
20 52 53 
37 46 53 
17 45 52 
17 19 44 
17 22 26 
20 35 38 
9 28 51 
37 52 54 
12 43 44 
14 21 42 
12 35 51 
10 33 50 
9 21 45 
19 44 49 
20 35 49 
25 26 53 
10 22 34 
13 26 41 
27 44 51 
18 22 43 
17 35 37 
9 13 45 
34 42 49 
19 22 29 
20 22 27 
30 35 46 
12 13 33 
12 14 42 
10 29 35 
10 26 49 
10 41 49 
18 25 27 
12 28 36 
13 30 52 
11 21 43 
22 26 43 
17 49 50 
9 18 49 
35 52 54 
43 46 50 
30 38 46 
13 42 51 
14 22 50 
19 37 54 
13 19 44 
36 42 43 
13 14 51 
20 34 44 
26 38 53 
22 45 49 
27 30 42 
14 20 54 
20 30 54 
17 36 41 
19 50 53 
13 26 29 
12 19 50 
10 18 43 
35 36 42 
17 22 46 
19 22 51 
27 34 54 
12 30 43 
10 33 44 
14 21 44 
28 29 45 
38 43 51 
13 26 27 
28 34 44 
12 33 46 
29 34 44 
18 38 54 
13 49 53 
27 29 34 
13 21 42 
13 26 49 
12 26 34 
10 27 28 
34 50 54 
10 35 49 
12 42 54 
28 36 45 
17 19 25 
13 44 46 
12 18 36 
10 50 54 
13 30 46 
12 19 26 
14 17 36 
13 29 51 
13 26 53 
14 20 53 
18 30 46 
17 33 49 
30 34 44 
27 28 34 
13 22 36 
17 28 51 
35 43 53 
19 34 54 
13 14 25 
13 22 29 
20 25 33 
9 27 37 
30 45 51 
10 17 51 
9 45 53 
18 28 30 
27 36 37 
10 26 43 
18 26 29 
25 44 49 
17 36 45 
13 14 30 
10 37 42 
11 18 20 
28 41 46 
11 49 51 
18 49 51 
20 51 54 
12 27 29 
28 33 43 
25 29 51 
9 30 35 
19 36 44 
20 44 51 
22 44 51 
13 18 51 
10 35 43 
12 26 29 
13 22 52 
12 14 27 
9 18 52 
36 41 54 
12 22 41 
29 34 38 
35 43 46 
25 29 49 
28 43 45 
14 43 50 
27 44 46 
10 41 44 
19 26 28 
12 25 34 
17 36 52 
13 33 38 
17 36 42 
9 12 14 
22 42 51 
27 42 51 
9 10 38 
9 33 34 
21 22 43 
9 20 43 
43 46 52 
29 38 51 
13 21 44 
27 42 44 
29 30 34 
28 50 51 
10 27 41 
12 33 53 
26 30 35 
20 21 52 
10 17 36 
9 12 46 
20 33 51 
28 34 53 
30 37 45 
10 21 30 
21 35 53 
26 33 36 
11 36 37 
22 28 52 
22 42 49 
21 34 44 
13 20 36 
22 34 43 
25 30 45 
34 42 52 
29 41 44 
18 43 49 
19 20 37 
28 50 53 
13 38 46 
25 42 52 
11 19 50 
36 44 52 
10 19 27 
18 33 36 
34 45 46 
18 38 52 
27 49 54 
41 51 53 
22 28 34 
10 38 49 
12 22 34 
22 51 53 
29 30 36 
22 33 36 
26 33 34 
13 51 52 
30 41 44 
20 28 35 
14 41 45 
25 36 41 
36 43 53 
14 26 34 
18 25 33 
12 43 51 
18 21 28 
18 20 25 
20 34 45 
18 25 52 
12 30 35 
13 42 53 
17 37 54 
10 30 37 
13 37 42 
14 35 46 
11 19 41 
12 13 46 
22 28 29 
14 35 52 
11 49 52 
9 19 43 
33 52 54 
21 36 46 
27 30 53 
12 26 54 
20 26 44 
35 49 50 
28 29 33 
28 35 49 
9 10 20 
17 30 46 
11 49 50 
19 36 51 
29 33 53 
21 43 51 
41 43 50 
22 42 53 
17 45 50 
34 41 46 
11 14 44 
10 35 50 
42 49 51 
11 19 27 
35 36 45 
20 34 52 
33 35 42 
25 51 54 
9 19 37 
38 51 53 
22 36 37 
30 44 49 
13 33 51 
9 29 46 
33 43 44 
9 37 44 
27 35 54 
25 38 54 
12 28 29 
43 51 54 
26 30 52 
22 36 44 
10 21 45 
22 52 54 
28 49 54 
36 46 51 
29 53 54 
10 19 51 
19 21 30 
12 29 33 
10 21 28 
21 38 51 
19 21 37 
46 52 54 
10 18 27 
17 20 37 
11 20 30 
17 18 19 
13 33 35 
14 17 38 
10 27 46 
19 44 54 
18 37 45 
20 38 51 
33 51 53 
12 37 43 
14 21 22 
28 35 46 
10 25 33 
25 26 49 
17 44 45 
12 18 21 
17 28 46 
22 35 51 
14 42 46 
9 28 29 
19 30 46 
12 25 37 
14 34 38 
12 38 42 
12 20 54 
12 51 53 
44 45 50 
25 46 52 
18 28 36 
12 37 46 
28 34 50 
12 18 19 
42 43 44 
14 27 41 
11 25 53 
21 30 35 
13 30 37 
18 36 43 
20 43 51 
35 46 51 
30 35 38 
11 21 52 
10 17 53 
25 45 53 
12 18 49 
18 26 45 
19 34 49 
9 33 49 
26 30 33 
22 49 53 
12 44 49 
19 22 41 
14 19 45 
11 25 46 
35 46 54 
20 34 49 
14 18 21 
13 22 42 
10 42 54 
10 20 50 
12 36 50 
13 21 25 
43 46 51 
29 33 46 
19 25 38 
28 29 51 
17 45 49 
26 45 53 
14 26 42 
14 18 50 
12 41 45 
20 25 35 
13 26 51 
26 34 35 
36 41 53 
30 37 41 
18 34 44 
30 33 41 
41 49 52 
14 52 54 
14 18 51 
20 33 49 
28 44 50 
17 18 43 
9 18 22 
19 38 49 
9 25 33 
17 22 41 
13 17 22 
10 21 38 
20 38 49 
14 34 37 
18 22 34 
9 17 34 
26 42 44 
36 51 53 
9 30 34 
9 21 44 
11 19 37 
18 21 49 
10 26 34 
12 30 46 
19 37 38 
10 36 45 
17 33 54 
11 20 29 
27 50 54 
34 35 38 
26 35 43 
11 17 30 
11 20 49 
28 35 53 
18 34 45 
35 44 54 
14 20 22 
29 42 45 
9 35 50 
20 30 38 
10 43 50 
11 19 21 
11 49 53 
33 53 54 
33 38 41 
25 45 54 
22 53 54 
10 37 51 
12 22 42 
29 30 37 
11 33 42 
35 37 38 
11 13 45 
17 19 42 
29 34 45 
9 33 41 
45 46 50 
9 12 50 
18 25 50 
13 25 46 
12 29 52 
25 26 29 
11 30 35 
30 35 50 
29 30 44 
28 41 53 
26 29 35 
13 51 53 
25 37 38 
9 10 42 
10 11 46 
25 28 51 
13 30 34 
19 20 36 
34 45 52 
41 43 44 
22 26 35 
41 44 50 
19 20 49 
18 19 20 
17 43 45 
12 18 26 
21 25 34 
19 28 29 
41 43 52 
17 26 36 
21 44 50 
27 34 45 
19 37 45 
22 28 41 
12 43 46 
33 51 52 
9 13 51 
30 43 44 
20 25 46 
12 43 52 
35 37 45 
11 14 36 
38 44 46 
9 27 42 
20 29 30 
36 37 42 
10 44 51 
20 37 51 
13 17 28 
17 27 44 
10 21 50 
14 42 50 
10 25 45 
20 43 49 
17 38 53 
17 20 46 
12 21 44 
14 34 49 
21 35 41 
25 37 52 
14 34 35 
22 25 50 
27 29 43 
35 38 41 
10 35 44 
13 49 50 
21 26 28 
13 34 38 
12 14 34 
29 45 46 
11 21 46 
29 37 43 
20 44 52 
9 12 43 
33 45 54 
14 26 49 
17 19 51 
11 37 41 
12 22 51 
11 19 26 
10 14 29 
20 41 42 
19 28 43 
19 21 22 
21 30 53 
14 29 30 
19 34 52 
25 28 33 
21 25 38 
27 34 46 
13 41 49 
22 42 43 
26 43 50 
27 33 45 
12 14 41 
11 14 34 
12 30 52 
12 13 29 
11 27 28 
28 33 42 
17 25 36 
18 34 38 
9 42 53 
14 35 51 
9 17 28 
26 38 50 
14 22 34 
13 14 20 
9 22 43 
38 41 52 
28 44 52 
25 27 51 
10 14 20 
13 18 26 
9 33 54 
12 46 50 
38 49 54 
18 41 49 
10 19 22 
14 28 41 
30 33 46 
13 41 51 
13 43 52 
13 17 21 
25 49 52 
27 36 46 
9 29 37 
33 41 54 
10 30 36 
13 20 51 
11 29 38 
11 30 54 
14 49 52 
30 36 52 
10 22 29 
17 26 42 
12 14 46 
12 30 33 
17 21 26 
9 11 45 
9 28 46 
14 25 54 
14 22 49 
34 38 43 
28 33 41 
17 18 26 
34 36 38 
27 46 51 
18 36 52 
21 34 36 
13 42 46 
42 46 54 
10 19 30 
17 46 54 
11 14 37 
20 22 54 
19 20 29 
11 29 44 
12 17 44 
9 18 46 
9 30 51 
22 35 38 
11 26 27 
9 33 42 
13 34 50 
11 21 37 
28 34 38 
25 30 49 
10 19 37 
18 20 46 
21 42 52 
9 19 29 
14 27 42 
20 37 50 
12 13 27 
27 45 52 
12 33 45 
9 10 51 
28 34 41 
44 45 53 
17 36 43 
13 17 46 
12 18 53 
14 25 38 
21 28 45 
12 20 49 
19 35 50 
14 18 43 
10 11 20 
34 52 54 
19 41 45 
27 29 45 
42 53 54 
17 30 45 
9 27 50 
27 37 50 
18 26 41 
14 44 50 
9 13 21 
14 30 42 
21 37 49 
34 38 51 
13 34 53 
14 20 46 
34 45 50 
28 45 46 
13 28 45 
18 43 44 
30 46 49 
25 29 42 
38 50 54 
10 28 37 
14 19 43 
33 34 52 
19 27 49 
20 25 54 
11 45 46 
20 30 45 
20 28 37 
14 26 27 
21 30 41 
18 20 52 
9 22 36 
13 17 18 
12 17 37 
14 17 44 
20 22 35 
33 49 52 
21 37 54 
26 49 52 
18 20 53 
9 20 22 
20 25 30 
19 21 27 
26 41 46 
25 38 44 
14 30 44 
13 21 26 
21 22 49 
11 28 52 
13 18 30 
10 27 38 
34 43 52 
26 50 54 
11 53 54 
18 27 42 
21 37 45 
14 17 26 
17 49 53 
10 22 30 
22 33 49 
13 49 52 
44 50 54 
18 21 35 
10 42 49 
20 41 50 
22 28 33 
13 35 50 
18 30 34 
13 30 42 
12 38 52 
27 28 49 
22 30 46 
10 14 43 
12 29 46 
17 18 20 
19 22 36 
37 49 50 
10 17 33 
22 27 41 
18 33 52 
9 26 50 
10 26 27 
22 29 36 
29 42 54 
9 21 38 
13 28 42 
25 41 44 
14 21 45 
19 20 42 
19 22 27 
17 37 49 
21 34 50 
10 20 41 
14 44 51 
21 36 43 
13 28 43 
20 22 28 
25 45 51 
27 36 38 
10 12 30 
13 27 36 
17 41 50 
17 18 46 
13 17 37 
12 19 51 
41 45 53 
22 42 46 
17 26 44 
10 12 20 
30 35 43 
9 37 51 
10 42 43 
12 34 52 
9 29 33 
13 52 53 
35 44 45 
36 38 43 
22 34 44 
17 33 45 
28 37 50 
26 30 34 
14 19 22 
9 27 46 
12 45 49 
17 22 53 
19 27 50 
22 49 54 
38 43 49 
33 36 41 
11 12 21 
17 28 35 
11 20 22 
22 43 54 
12 20 44 
19 42 44 
44 52 54 
26 29 37 
18 30 41 
11 49 54 
26 28 30 
19 30 49 
27 29 35 
43 46 53 
34 38 54 
13 14 46 
10 25 51 
11 17 50 
25 30 44 
25 34 46 
14 20 33 
25 49 54 
33 44 51 
11 36 42 
18 29 54 
14 21 52 
34 44 53 
10 13 50 
17 25 26 
25 35 37 
12 37 54 
25 34 41 
13 19 49 
10 19 33 
21 35 51 
17 33 37 
19 33 45 
22 44 54 
12 25 52 
18 29 53 
30 37 52 
18 26 28 
34 49 54 
22 33 43 
22 28 54 
33 38 50 
9 38 53 
19 30 42 
14 37 50 
30 35 45 
21 22 54 
29 37 49 
14 28 52 
14 19 21 
10 30 46 
14 19 36 
20 52 54 
20 27 53 
13 44 50 
11 21 30 
25 42 49 
38 49 50 
22 44 50 
42 46 52 
14 50 52 
12 20 28 
9 38 51 
17 34 53 
10 17 22 
22 26 38 
19 21 29 
12 49 54 
18 45 53 
37 43 45 
36 49 50 
14 17 29 
18 33 46 
37 42 54 
27 45 46 
27 29 30 
25 36 50 
41 42 51 
20 46 54 
17 21 43 
12 42 44 
19 36 41 
9 14 44 
25 28 41 
17 38 41 
26 29 52 
14 19 29 
27 50 51 
13 17 34 
14 35 44 
9 29 38 
20 27 52 
13 38 50 
9 17 25 
18 27 41 
29 42 49 
17 34 49 
22 27 38 
28 34 51 
42 43 54 
14 20 41 
25 30 46 
10 18 38 
13 46 49 
38 44 53 
14 30 43 
29 42 50 
27 28 45 
17 19 50 
11 22 42 
11 29 34 
11 14 51 
10 36 37 
14 28 35 
26 37 53 
28 38 54 
43 46 49 
12 21 33 
26 29 54 
14 30 36 
19 26 49 
20 21 28 
35 36 54 
17 30 41 
28 45 52 
34 43 45 
10 45 46 
20 38 42 
17 26 52 
11 34 53 
9 10 17 
10 19 44 
29 34 46 
29 43 49 
33 38 51 
25 43 49 
14 21 26 
20 25 51 
10 21 43 
26 30 53 
29 36 51 
22 26 54 
18 43 50 
14 22 41 
14 41 50 
12 18 27 
11 29 42 
22 34 41 
37 43 51 
11 22 49 
14 25 37 
10 14 44 
27 30 54 
34 35 51 
20 37 52 
26 41 52 
14 20 35 
22 35 53 
10 12 45 
27 46 53 
10 11 27 
14 25 41 
30 36 49 
19 20 43 
25 28 46 
26 28 51 
33 36 42 
29 35 51 
21 27 35 
20 45 51 
26 42 46 
11 21 53 
22 27 33 
30 34 52 
17 34 42 
25 44 53 
25 36 49 
20 44 50 
18 26 52 
9 19 35 
13 30 41 
17 21 30 
14 19 53 
17 36 46 
13 38 43 
30 51 52 
17 22 54 
13 28 50 
19 25 43 
36 44 46 
9 11 13 
22 25 54 
11 33 51 
26 35 45 
22 35 54 
10 51 53 
17 41 51 
19 25 35 
13 29 34 
28 29 44 
28 35 42 
27 36 53 
12 35 53 
49 50 54 
18 25 38 
14 18 26 
13 27 50 
10 12 33 
13 22 50 
18 27 51 
9 22 42 
17 33 36 
12 20 30 
22 43 46 
19 33 41 
18 46 54 
9 11 51 
9 45 51 
17 20 49 
20 49 50 
26 36 45 
9 45 52 
41 44 45 
12 30 54 
30 38 50 
12 18 54 
11 13 37 
11 12 28 
14 30 51 
10 20 54 
25 41 43 
19 28 41 
30 42 46 
10 11 19 
21 30 54 
11 33 53 
21 27 36 
20 25 42 
10 29 46 
10 18 20 
12 25 29 
13 33 52 
42 43 52 
33 43 53 
21 22 36 
25 29 36 
10 44 52 
9 11 30 
21 27 43 
25 26 34 
30 38 45 
14 19 49 
28 41 52 
25 38 53 
22 50 53 
17 27 35 
35 41 49 
9 14 53 
25 28 34 
11 13 41 
14 20 34 
25 28 35 
22 27 42 
35 37 50 
12 28 53 
17 30 54 
43 44 52 
10 28 49 
14 29 52 
17 21 51 
37 44 54 
10 36 54 
18 33 49 
26 34 51 
11 29 41 
9 18 44 
38 41 51 
17 21 33 
21 51 53 
25 30 43 
9 13 42 
28 30 33 
9 13 52 
25 34 52 
9 41 49 
14 43 44 
25 27 54 
11 22 25 
13 27 51 
12 28 38 
19 28 42 
11 18 42 
19 25 45 
26 43 44 
28 29 36 
33 43 45 
18 45 46 
9 14 37 
21 35 43 
25 46 51 
9 29 45 
9 43 54 
12 34 43 
19 38 44 
13 30 33 
33 35 54 
9 28 30 
12 27 28 
28 33 52 
10 29 38 
28 41 44 
11 30 36 
12 21 46 
25 33 51 
18 20 29 
27 37 54 
41 43 49 
9 43 53 
9 17 27 
9 22 52 
20 28 36 
14 25 29 
17 20 42 
11 25 43 
12 14 36 
17 28 41 
42 45 53 
13 14 19 
17 18 49 
20 26 30 
29 33 50 
17 26 49 
11 19 20 
35 43 44 
37 38 45 
9 36 46 
14 18 34 
10 12 52 
9 22 53 
21 22 42 
22 41 42 
19 21 46 
9 34 45 
25 43 44 
29 30 51 
37 41 43 
18 19 33 
25 46 54 
9 10 22 
20 33 36 
27 41 54 
14 36 46 
10 17 44 
34 36 53 
13 35 36 
19 25 37 
9 34 44 
10 17 41 
19 22 45 
11 34 54 
21 33 41 
14 29 43 
10 34 41 
17 52 54 
18 25 35 
27 38 44 
34 46 52 
17 38 46 
18 20 28 
14 38 46 
25 37 41 
9 35 54 
9 44 53 
41 52 54 
42 45 49 
10 46 53 
25 43 46 
12 20 53 
13 17 52 
18 20 27 
17 29 30 
11 33 37 
12 25 46 
21 22 25 
9 29 50 
34 50 51 
18 19 51 
36 42 50 
12 25 53 
11 14 52 
18 25 26 
21 26 42 
20 35 53 
11 12 46 
10 17 29 
14 44 45 
20 42 44 
20 44 54 
35 36 43 
18 25 43 
10 43 54 
38 42 46 
37 45 52 
29 37 38 
36 44 54 
10 37 43 
28 52 53 
17 50 54 
35 41 42 
20 35 52 
11 25 51 
18 30 38 
9 13 36 
22 28 36 
36 41 50 
27 35 44 
14 18 45 
13 14 44 
12 29 54 
34 43 54 
43 45 50 
14 29 41 
30 45 50 
13 20 21 
13 21 54 
18 30 51 
13 20 53 
10 42 53 
17 36 37 
26 36 43 
13 20 29 
12 19 38 
20 26 41 
19 34 35 
30 49 54 
12 41 42 
21 28 30 
10 20 37 
10 46 49 
12 19 43 
9 22 38 
17 35 45 
27 42 52 
25 26 50 
9 25 41 
13 19 26 
21 25 46 
11 19 53 
28 35 50 
19 29 46 
30 44 53 
10 13 45 
17 45 46 
10 33 53 
21 25 29 
17 34 46 
19 37 46 
21 49 50 
27 34 35 
19 36 54 
9 42 50 
26 33 49 
27 43 45 
9 33 50 
33 49 53 
10 46 54 
11 17 54 
11 13 49 
21 26 33 
9 18 42 
26 34 45 
18 42 51 
17 18 45 
14 21 33 
21 50 54 
41 44 49 
14 18 35 
17 33 41 
10 30 50 
26 45 50 
12 46 52 
20 26 45 
17 25 28 
10 20 38 
22 29 46 
18 19 26 
18 36 50 
34 36 37 
20 34 43 
12 21 38 
11 14 22 
42 43 50 
21 37 50 
35 41 53 
42 44 49 
22 50 51 
9 11 20 
17 19 41 
10 12 38 
17 38 50 
9 43 50 
19 30 34 
25 34 36 
21 35 50 
20 21 27 
12 37 41 
12 21 29 
11 14 20 
20 21 30 
9 28 38 
25 33 53 
21 34 42 
18 19 28 
22 35 44 
20 25 37 
42 46 50 
12 30 41 
34 41 50 
34 35 42 
33 41 49 
17 22 36 
14 51 52 
33 37 50 
26 46 50 
10 13 30 
21 41 50 
11 20 26 
37 41 51 
26 46 52 
29 38 41 
19 26 27 
21 25 26 
12 27 49 
12 25 42 
27 37 42 
11 13 54 
14 28 38 
14 44 54 
20 26 38 
17 18 35 
12 33 49 
10 28 29 
14 21 28 
26 34 44 
10 30 43 
35 41 44 
21 28 52 
27 41 50 
25 30 51 
21 43 49 
35 36 52 
10 20 43 
14 44 46 
35 36 44 
17 21 28 
25 30 54 
34 42 45 
26 43 53 
11 21 28 
25 33 41 
17 35 46 
34 37 43 
27 35 53 
26 27 46 
26 29 45 
12 13 34 
33 34 41 
10 11 18 
38 49 52 
19 45 49 
35 37 41 
26 29 34 
12 14 33 
9 13 37 
21 37 51 
14 26 45 
10 12 22 
9 11 28 
9 46 52 
9 44 45 
21 45 54 
17 28 52 
19 28 46 
18 43 52 
9 30 50 
10 19 35 
33 42 54 
13 29 35 
21 36 51 
25 29 38 
9 22 28 
10 18 53 
14 26 38 
10 19 41 
13 18 52 
34 44 52 
14 25 43 
12 17 33 
30 41 52 
14 36 41 
13 14 43 
26 42 49 
14 33 37 
37 46 50 
19 22 52 
22 30 45 
25 37 42 
17 35 41 
9 18 29 
20 43 45 
26 29 30 
13 33 49 
22 26 52 
21 33 34 
27 49 53 
30 41 46 
28 33 53 
22 49 50 
33 36 49 
34 49 53 
10 38 45 
20 30 41 
12 25 33 
36 43 54 
11 27 36 
17 25 33 
13 20 41 
27 36 45 
25 30 33 
27 44 45 
9 29 54 
34 42 43 
21 29 41 
27 42 43 
27 28 36 
10 19 46 
26 30 49 
9 43 49 
26 30 36 
30 42 45 
11 27 43 
25 30 52 
22 43 49 
22 25 49 
11 22 38 
30 42 53 
9 49 53 
27 28 50 
9 36 41 
19 43 46 
36 37 50 
28 44 49 
25 28 37 
9 35 44 
21 42 49 
22 30 51 
11 22 53 
26 27 54 
18 35 45 
10 17 37 
27 29 33 
37 43 54 
9 14 29 
35 51 54 
20 21 25 
19 44 53 
44 49 51 
12 21 27 
14 19 46 
11 12 33 
34 35 53 
34 35 41 
11 46 52 
20 42 49 
29 30 53 
10 19 43 
13 17 41 
17 51 52 
25 35 50 
18 33 41 
13 34 46 
29 43 44 
13 21 30 
30 44 51 
21 33 52 
18 46 52 
17 28 43 
26 34 43 
36 38 45 
22 36 54 
17 28 45 
12 19 28 
11 20 27 
10 17 45 
20 28 38 
14 38 52 
22 25 45 
9 12 42 
33 41 45 
13 25 41 
28 30 37 
13 27 52 
9 38 43 
17 43 53 
9 19 51 
18 38 44 
25 28 30 
28 29 46 
21 27 30 
20 38 54 
35 49 51 
10 33 42 
10 27 50 
12 45 53 
30 44 54 
11 42 46 
12 44 53 
34 35 49 
9 35 42 
14 18 52 
9 10 26 
27 35 50 
18 26 38 
9 14 49 
29 36 44 
22 36 38 
28 43 50 
33 42 46 
30 34 41 
26 29 51 
21 44 46 
38 41 49 
14 37 46 
10 18 52 
18 21 44 
11 14 29 
14 28 54 
10 13 37 
12 25 28 
35 50 51 
11 12 30 
34 35 54 
9 35 53 
9 10 53 
17 35 50 
21 22 29 
21 22 28 
13 21 22 
11 21 26 
13 19 25 
11 26 38 
9 14 36 
14 42 52 
35 36 53 
11 12 13 
9 22 49 
13 18 29 
12 22 52 
9 33 46 
51 53 54 
19 45 54 
9 22 29 
27 33 36 
29 52 53 
21 41 43 
20 37 46 
33 46 54 
18 20 38 
42 44 50 
10 11 41 
12 20 50 
25 29 52 
17 43 54 
18 19 44 
22 37 52 
14 26 46 
26 30 44 
26 37 44 
22 45 50 
11 29 49 
9 37 53 
9 20 27 
26 28 38 
11 27 52 
17 27 50 
17 22 45 
20 26 49 
17 21 45 
9 10 25 
11 29 43 
13 18 20 
27 29 49 
13 41 46 
12 37 42 
11 27 45 
18 22 25 
25 34 38 
26 35 54 
10 22 51 
9 11 35 
33 45 46 
25 41 52 
29 41 49 
13 21 29 
10 38 44 
26 35 51 
11 25 36 
18 33 45 
20 38 43 
9 11 37 
9 22 25 
18 35 46 
11 27 44 
37 49 54 
14 18 54 
20 25 45 
13 43 45 
20 45 49 
18 22 30 
19 29 52 
25 34 45 
11 18 21 
17 30 49 
28 33 38 
18 21 53 
30 33 50 
26 27 30 
29 36 46 
28 46 54 
11 46 51 
34 37 52 
9 14 22 
19 37 51 
19 41 50 
11 13 19 
18 37 42 
19 30 45 
12 25 35 
34 46 54 
17 36 38 
30 37 53 
11 25 45 
12 27 36 
13 33 42 
28 43 46 
26 52 54 
28 33 46 
27 38 46 
27 28 52 
14 45 50 
22 36 50 
12 19 45 
22 34 49 
9 10 30 
20 27 33 
18 34 54 
12 19 33 
28 33 45 
26 37 50 
13 20 45 
9 14 50 
30 33 54 
28 51 52 
9 14 33 
11 30 34 
12 30 51 
9 41 51 
30 33 53 
26 35 52 
12 29 42 
29 37 46 
13 28 54 
10 29 43 
14 45 46 
18 25 37 
19 29 51 
22 28 44 
27 28 41 
11 14 28 
46 50 52 
28 36 49 
13 34 52 
27 44 52 
19 29 50 
14 18 49 
12 26 53 
19 26 29 
27 29 36 
20 38 53 
36 37 38 
10 25 37 
11 33 38 
17 37 38 
30 34 54 
17 19 26 
17 34 51 
17 35 54 
12 21 43 
11 13 50 
10 29 37 
14 38 50 
10 26 41 
36 41 45 
22 26 49 
12 30 49 
13 21 43 
26 45 46 
27 36 42 
11 22 36 
27 30 49 
9 11 25 
35 38 44 
12 35 49 
14 37 45 
21 46 49 
17 44 54 
10 18 50 
9 18 27 
17 18 34 
11 27 38 
12 35 46 
25 29 45 
20 28 49 
34 36 50 
28 42 51 
37 41 54 
27 34 44 
12 14 45 
33 36 52 
10 37 46 
10 20 53 
9 17 19 
10 21 26 
21 27 50 
19 22 49 
18 20 36 
14 37 42 
11 22 52 
33 38 45 
20 38 52 
30 34 36 
20 22 53 
18 45 50 
19 27 28 
27 33 34 
13 28 44 
19 37 49 
19 20 52 
21 44 54 
9 30 54 
10 30 51 
18 37 52 
12 36 37 
28 35 44 
22 26 42 
26 38 42 
9 29 34 
37 44 50 
10 13 28 
33 42 51 
22 26 44 
29 30 50 
17 18 37 
11 22 29 
9 14 45 
12 22 33 
18 30 42 
38 45 52 
22 27 36 
20 25 28 
12 38 46 
19 46 51 
29 35 50 
22 26 37 
18 38 46 
18 21 36 
13 22 53 
25 41 45 
12 13 51 
9 13 25 
9 34 54 
41 49 54 
34 35 50 
27 28 35 
14 43 45 
11 28 45 
42 50 54 
19 41 44 
28 45 49 
26 37 52 
11 13 51 
9 25 29 
27 35 42 
18 29 51 
27 30 36 
20 22 33 
22 36 42 
36 37 49 
11 13 33 
42 45 51 
9 13 28 
19 26 36 
12 46 49 
27 41 49 
14 33 53 
25 36 43 
28 37 51 
17 28 54 
14 27 28 
12 17 42 
38 45 54 
11 28 30 
9 13 41 
17 26 50 
17 36 44 
35 41 51 
38 50 53 
30 44 46 
12 36 52 
22 45 52 
28 30 36 
35 36 41 
14 26 44 
11 14 18 
11 44 51 
36 41 49 
9 38 45 
17 44 49 
25 26 43 
26 50 51 
18 42 44 
21 44 53 
14 22 46 
13 18 49 
10 14 41 
9 10 52 
30 33 51 
11 50 51 
18 25 36 
26 44 49 
11 28 46 
9 26 33 
17 28 36 
18 34 52 
13 25 27 
14 20 38 
9 12 41 
42 44 45 
18 33 44 
11 30 42 
10 30 33 
25 36 44 
13 21 49 
10 13 52 
12 17 49 
44 53 54 
19 35 41 
9 13 34 
28 43 51 
19 20 28 
10 43 53 
17 34 54 
13 35 53 
9 36 43 
27 33 49 
26 41 53 
19 20 30 
27 41 43 
22 33 38 
12 14 25 
27 33 41 
17 42 53 
27 34 49 
14 17 46 
25 26 51 
28 34 45 
12 14 22 
18 27 36 
29 46 53 
9 22 34 
9 11 14 
20 28 30 
9 35 46 
12 29 44 
38 42 51 
38 42 52 
13 28 34 
14 38 42 
13 22 35 
11 17 37 
27 33 44 
37 45 49 
27 53 54 
28 37 43 
17 25 50 
9 14 43 
11 46 49 
11 28 53 
10 28 46 
12 25 45 
14 37 41 
9 42 46 
10 22 37 
49 51 54 
13 34 35 
14 28 53 
9 20 42 
14 18 28 
29 34 37 
19 25 52 
20 50 53 
35 45 52 
18 28 53 
22 29 37 
29 41 43 
10 21 29 
13 14 36 
13 37 50 
22 33 51 
14 21 36 
17 46 50 
10 38 51 
17 19 30 
14 25 35 
13 22 38 
12 28 46 
13 37 38 
44 45 46 
9 18 25 
37 50 51 
17 26 30 
41 42 45 
33 36 37 
18 26 46 
20 33 42 
18 21 45 
18 34 50 
17 27 45 
19 43 53 
27 34 53 
14 38 51 
14 22 27 
27 49 52 
12 30 38 
22 33 45 
9 11 43 
26 28 52 
9 37 38 
29 34 51 
17 19 49 
13 45 46 
14 43 46 
9 11 18 
19 27 53 
28 42 45 
26 34 42 
19 22 50 
14 46 54 
17 30 36 
10 19 28 
19 43 45 
13 19 22 
11 28 51 
17 20 28 
30 33 52 
11 13 43 
14 25 34 
30 35 54 
9 18 21 
22 30 37 
10 49 53 
14 33 35 
9 30 37 
11 13 28 
28 37 54 
14 33 41 
12 34 44 
13 14 53 
17 18 38 
19 28 52 
26 27 35 
11 33 35 
22 30 49 
17 25 53 
19 35 51 
10 21 42 
9 33 37 
33 37 52 
14 41 43 
21 22 50 
11 12 49 
27 34 41 
41 44 52 
13 18 19 
19 25 33 
9 19 46 
9 36 38 
10 34 43 
26 37 49 
20 25 36 
27 30 50 
18 38 49 
19 21 25 
9 30 38 
22 38 53 
26 43 45 
28 42 54 
18 33 53 
11 12 17 
27 28 46 
34 36 49 
13 35 49 
20 35 42 
27 33 46 
37 42 49 
30 33 44 
25 45 46 
9 27 49 
17 30 35 
33 43 46 
50 51 53 
20 26 54 
13 20 34 
10 18 19 
22 37 43 
14 49 50 
29 35 36 
29 36 43 
35 43 52 
20 28 53 
20 21 50 
42 45 52 
25 29 44 
10 27 29 
14 20 21 
28 37 49 
9 17 49 
9 43 45 
30 42 54 
13 29 44 
28 50 54 
10 52 54 
9 14 27 
14 28 34 
9 27 36 
37 50 54 
36 44 49 
18 27 38 
28 42 53 
10 20 36 
9 18 26 
18 37 44 
13 28 46 
11 14 27 
10 33 36 
11 42 54 
26 38 54 
9 19 26 
10 41 43 
11 12 20 
25 35 44 
27 36 43 
13 50 53 
13 17 19 
34 44 49 
12 34 46 
17 38 42 
12 35 41 
26 28 45 
27 28 42 
9 11 38 
12 29 36 
12 35 50 
20 29 51 
18 20 22 
34 51 52 
13 19 38 
26 42 43 
26 28 34 
10 29 49 
11 30 50 
21 29 52 
10 22 53 
18 21 41 
12 30 37 
26 41 43 
11 26 46 
30 35 37 
34 53 54 
14 19 51 
17 27 29 
17 33 52 
22 38 41 
28 30 50 
9 29 41 
29 41 42 
21 30 49 
36 49 52 
18 33 54 
11 21 35 
12 18 44 
22 26 36 
11 19 28 
34 46 53 
33 37 49 
10 26 37 
25 46 53 
9 12 29 
11 22 41 
38 43 54 
29 36 37 
20 41 54 
10 46 51 
12 14 29 
11 37 53 
9 14 41 
12 19 34 
38 41 53 
12 26 43 
19 44 52 
36 41 44 
20 44 49 
9 18 30 
12 19 46 
19 21 53 
38 53 54 
19 28 53 
12 33 34 
13 14 22 
41 44 54 
37 43 44 
43 44 51 
13 34 37 
12 34 38 
14 33 54 
12 35 43 
14 18 46 
11 12 53 
13 37 44 
36 50 53 
44 50 51 
14 33 34 
17 35 42 
20 29 52 
29 36 42 
13 28 30 
28 42 43 
28 43 53 
12 35 38 
36 41 43 
10 38 41 
28 36 44 
18 42 46 
19 43 49 
11 37 50 
26 36 38 
9 27 43 
11 25 54 
13 19 27 
22 34 42 
9 14 46 
37 41 53 
17 21 34 
29 33 49 
18 21 52 
34 41 52 
13 35 52 
22 44 45 
17 37 46 
19 35 37 
29 38 43 
29 34 36 
18 35 50 
12 17 41 
19 33 49 
11 30 52 
29 34 41 
36 42 51 
36 44 53 
12 17 34 
13 42 49 
22 28 42 
9 34 46 
10 13 22 
22 33 53 
29 42 44 
20 25 29 
20 38 45 
13 18 43 
9 21 49 
27 41 53 
19 25 51 
35 37 43 
10 11 50 
27 43 46 
42 44 54 
10 35 36 
26 37 43 
14 27 43 
33 41 53 
25 28 29 
28 34 52 
11 29 46 
9 41 53 
38 42 50 
19 33 37 
35 37 42 
9 45 46 
19 26 30 
37 46 52 
22 29 45 
14 53 54 
13 25 35 
12 38 44 
9 35 52 
28 44 46 
28 41 43 
19 33 36 
27 28 53 
20 28 45 
22 37 44 
17 27 38 
18 22 42 
13 33 50 
17 38 44 
14 33 42 
28 38 49 
34 42 53 
19 29 41 
9 21 43 
35 45 50 
9 25 46 
11 14 53 
42 43 51 
14 27 51 
19 35 44 
11 14 38 
9 21 41 
13 30 51 
14 29 37 
27 50 53 
9 46 51 
18 26 42 
36 45 51 
14 22 28 
21 27 49 
17 21 46 
11 22 45 
42 44 52 
12 43 53 
14 38 44 
10 25 36 
44 45 49 
46 50 53 
19 28 36 
13 45 51 
11 20 35 
13 17 25 
25 46 50 
19 22 38 
20 51 52 
25 45 50 
13 22 46 
11 30 41 
14 22 51 
10 11 49 
21 49 54 
13 25 50 
36 37 44 
20 25 50 
14 41 49 
10 37 53 
30 45 46 
34 37 50 
21 37 46 
20 26 43 
29 36 49 
17 18 28 
18 26 51 
41 43 53 
22 28 45 
11 18 51 
20 35 51 
25 42 45 
10 20 21 
18 34 42 
26 44 51 
36 42 54 
12 22 43 
12 29 45 
9 27 45 
20 29 54 
20 25 41 
25 26 44 
44 49 53 
12 34 50 
29 43 52 
27 29 44 
10 35 54 
13 17 30 
9 41 46 
25 50 52 
17 35 49 
29 46 54 
30 35 42 
10 22 33 
9 50 54 
33 35 44 
12 17 54 
11 36 38 
12 36 51 
12 26 38 
21 27 45 
13 27 53 
21 43 52 
18 21 50 
12 17 46 
10 49 52 
22 27 50 
14 22 38 
17 21 25 
29 45 50 
12 22 54 
11 28 44 
43 44 49 
21 26 41 
14 22 36 
12 18 22 
19 26 50 
9 17 21 
10 14 28 
17 18 53 
10 13 21 
26 37 54 
28 30 46 
30 34 50 
27 33 38 
13 26 33 
27 29 51 
27 44 50 
13 21 51 
11 28 35 
22 45 51 
21 25 37 
10 37 50 
13 45 50 
29 51 52 
33 45 53 
18 51 52 
45 52 54 
11 33 50 
10 17 18 
26 43 46 
10 22 49 
29 30 45 
14 18 33 
17 20 51 
28 45 53 
36 43 52 
28 41 54 
9 50 51 
17 25 30 
18 28 51 
11 43 46 
13 43 44 
17 41 54 
22 36 53 
11 12 35 
9 42 49 
10 11 21 
9 10 34 
17 19 53 
12 38 45 
14 26 35 
17 37 44 
10 18 49 
36 46 50 
12 17 28 
34 38 41 
11 35 50 
19 35 46 
37 42 51 
25 41 46 
10 13 49 
18 33 42 
11 26 53 
12 29 35 
27 37 53 
20 25 52 
13 21 41 
26 42 53 
13 44 53 
25 33 37 
37 43 49 
25 30 42 
22 29 51 
19 29 37 
12 34 42 
17 22 28 
9 18 54 
11 18 25 
37 42 45 
27 29 41 
29 41 50 
10 14 34 
34 51 53 
10 44 46 
19 38 45 
17 21 37 
21 34 35 
14 33 46 
9 52 54 
28 30 44 
33 49 51 
14 43 52 
19 35 53 
10 36 53 
11 13 30 
9 28 49 
13 26 36 
14 17 37 
12 30 53 
41 45 51 
19 44 45 
21 27 42 
19 20 54 
9 34 53 
10 27 54 
19 25 54 
19 44 51 
13 35 43 
25 27 36 
33 41 50 
11 12 27 
9 21 42 
14 27 37 
19 25 53 
13 29 41 
13 21 52 
13 20 38 
27 34 50 
29 33 41 
28 37 45 
25 44 50 
10 21 37 
26 35 36 
9 34 42 
17 38 45 
21 35 42 
14 46 50 
9 18 38 
37 41 49 
11 27 51 
14 22 25 
22 51 54 
10 13 25 
11 27 54 
12 36 42 
19 34 53 
18 37 38 
38 45 51 
33 45 51 
17 35 51 
29 46 49 
20 27 45 
12 17 30 
12 22 45 
17 26 27 
17 22 50 
12 29 30 
17 27 30 
37 38 50 
27 30 44 
21 41 49 
18 20 21 
10 28 52 
25 42 46 
12 35 37 
18 27 43 
12 34 41 
9 26 54 
20 26 52 
13 41 45 
30 33 43 
10 37 41 
9 30 36 
10 46 52 
33 43 51 
14 41 51 
19 38 41 
13 25 42 
13 18 36 
27 36 52 
18 36 54 
9 13 19 
18 37 43 
21 28 53 
26 45 54 
18 20 50 
25 28 49 
12 18 42 
10 17 49 
25 27 41 
19 35 52 
37 41 46 
11 21 49 
12 25 43 
17 28 49 
22 35 42 
28 36 46 
10 19 36 
9 49 51 
19 26 52 
9 33 44 
22 29 30 
9 10 28 
17 19 43 
19 37 53 
11 20 34 
12 26 28 
21 42 54 
20 27 49 
19 38 50 
27 37 41 
45 46 54 
18 27 45 
21 30 50 
38 41 42 
21 49 53 
13 25 51 
10 12 44 
19 22 46 
36 41 52 
12 13 37 
28 38 42 
14 29 36 
11 13 18 
20 26 28 
37 46 49 
12 26 51 
9 30 42 
9 44 49 
10 42 51 
10 50 52 
12 18 30 
19 26 35 
41 42 50 
10 19 54 
20 49 54 
45 50 54 
30 34 46 
18 20 44 
13 17 27 
27 33 51 
30 46 53 
17 33 42 
12 17 43 
22 49 52 
12 35 54 
11 13 53 
19 29 49 
14 41 54 
12 29 38 
17 21 42 
10 29 52 
13 44 49 
17 41 46 
29 34 43 
25 27 50 
37 44 53 
17 27 46 
19 51 53 
26 41 49 
44 46 53 
12 36 44 
41 51 54 
18 22 35 
9 17 38 
21 28 49 
17 36 51 
14 46 49 
29 44 51 
21 25 53 
22 44 53 
12 42 46 
12 38 50 
38 50 52 
18 41 46 
13 34 36 
10 14 19 
18 29 44 
10 44 54 
22 33 41 
27 43 49 
18 45 49 
21 33 45 
17 22 37 
14 34 46 
11 19 30 
21 30 36 
45 50 52 
13 28 53 
12 44 51 
18 42 49 
11 18 37 
26 34 50 
9 11 26 
10 35 53 
13 50 51 
9 37 52 
10 12 26 
9 21 29 
11 22 44 
19 43 51 
21 26 53 
22 26 46 
42 43 46 
12 36 54 
18 41 43 
21 29 46 
9 11 29 
20 33 54 
11 30 38 
17 27 52 
9 12 34 
12 19 42 
30 38 41 
26 35 49 
14 29 46 
10 21 52 
21 50 53 
10 12 37 
27 37 46 
11 34 46 
22 38 51 
41 53 54 
12 21 26 
20 35 54 
9 28 34 
25 42 54 
17 29 33 
11 27 50 
28 38 53 
14 22 26 
34 37 54 
12 17 45 
9 25 30 
20 27 36 
14 28 43 
17 18 51 
14 17 28 
9 10 11 
9 44 51 
22 45 54 
20 28 43 
13 26 30 
18 25 49 
9 38 41 
10 12 19 
12 20 22 
45 52 53 
18 20 26 
17 26 38 
10 41 46 
18 46 51 
38 46 51 
43 45 51 
10 33 38 
42 44 46 
27 37 38 
9 19 38 
22 34 36 
11 35 42 
9 28 45 
21 29 38 
18 27 29 
29 33 36 
21 52 53 
11 20 50 
13 19 53 
12 25 36 
9 11 36 
38 51 54 
38 42 45 
17 25 38 
12 20 42 
19 30 43 
18 53 54 
10 12 49 
27 33 53 
11 20 41 
18 22 50 
12 18 35 
17 42 46 
14 22 33 
30 49 53 
46 50 51 
10 35 51 
41 46 50 
14 30 49 
28 49 53 
14 20 51 
13 26 45 
10 38 52 
20 21 37 
14 22 43 
17 26 29 
30 50 51 
9 26 51 
33 46 50 
27 35 37 
19 36 49 
13 20 25 
17 33 35 
18 34 36 
20 26 27 
35 42 44 
17 44 46 
10 11 26 
11 28 37 
9 14 21 
20 21 45 
30 35 52 
17 41 52 
18 35 41 
9 21 53 
19 45 53 
20 36 50 
14 45 54 
9 28 43 
22 33 50 
21 30 33 
20 22 42 
13 36 49 
28 33 35 
19 43 52 
18 22 46 
18 50 54 
33 37 51 
18 19 22 
22 35 52 
25 30 35 
9 12 27 
25 28 54 
11 17 45 
20 43 46 
12 25 49 
11 17 44 
26 41 44 
25 41 53 
19 35 45 
9 26 46 
35 53 54 
9 22 46 
22 38 50 
10 11 36 
9 19 42 
25 26 37 
33 42 44 
10 17 43 
20 33 43 
19 41 54 
9 12 18 
21 41 51 
34 46 51 
17 20 21 
33 38 52 
25 28 44 
14 28 33 
14 21 46 
18 25 51 
10 13 51 
13 26 54 
26 29 36 
17 26 54 
9 11 21 
18 27 50 
20 28 50 
13 20 28 
36 43 50 
20 22 43 
17 35 38 
13 38 42 
13 19 52 
12 18 33 
21 37 42 
10 22 38 
9 20 54 
21 27 44 
34 35 37 
9 10 13 
13 36 42 
18 35 36 
35 49 53 
29 35 38 
21 45 52 
22 29 34 
33 45 49 
26 27 52 
9 37 50 
19 22 34 
18 27 33 
21 26 52 
18 42 54 
12 27 38 
11 45 49 
9 27 33 
37 42 50 
14 25 42 
27 35 51 
21 35 54 
12 26 49 
18 27 35 
20 38 44 
13 19 37 
11 30 51 
43 52 53 
9 29 43 
11 21 42 
43 49 53 
12 22 37 
9 20 21 
20 30 33 
26 27 51 
21 25 42 
9 26 30 
21 25 49 
9 26 53 
26 53 54 
13 18 34 
21 44 49 
11 18 33 
21 53 54 
9 21 28 
25 45 52 
10 21 51 
21 22 44 
20 45 54 
11 17 21 
26 28 33 
33 38 46 
41 45 50 
14 49 53 
14 21 50 
19 27 43 
18 43 46 
9 25 42 
18 26 53 
13 19 30 
11 38 43 
9 41 43 
20 33 52 
33 42 53 
12 18 34 
18 36 37 
20 46 49 
9 42 51 
25 35 41 
30 36 43 
13 18 38 
10 12 53 
9 27 51 
9 30 43 
29 30 41 
22 27 46 
28 35 38 
37 46 51 
13 42 52 
9 30 49 
12 17 21 
28 49 50 
10 26 36 
11 20 33 
18 25 54 
10 28 51 
36 45 54 
17 26 37 
9 10 21 
35 38 46 
10 27 53 
10 45 53 
29 45 52 
9 13 18 
11 43 45 
30 33 34 
29 45 51 
14 27 44 
20 25 27 
9 35 51 
35 50 52 
12 26 46 
21 22 33 
18 19 38 
18 30 35 
11 20 42 
36 37 46 
22 38 45 
9 12 22 
29 33 44 
10 33 49 
25 35 46 
20 28 44 
21 52 54 
27 45 54 
20 30 42 
11 12 52 
11 27 34 
22 27 34 
12 19 25 
10 44 45 
49 51 52 
11 30 49 
21 26 34 
17 34 35 
19 25 49 
18 28 41 
12 36 38 
34 37 38 
9 14 19 
35 36 46 
19 21 38 
26 36 54 
13 17 33 
18 22 28 
14 22 37 
22 46 52 
43 53 54 
25 52 53 
28 35 41 
9 42 44 
18 30 49 
14 41 44 
19 43 44 
14 36 42 
14 41 46 
9 19 52 
11 17 51 
17 19 37 
11 20 53 
33 42 43 
13 25 29 
10 21 49 
26 38 43 
27 42 53 
27 36 50 
11 46 50 
18 51 53 
46 49 50 
11 25 28 
14 19 52 
34 35 46 
14 30 46 
13 19 50 
43 44 53 
13 29 42 
13 19 29 
13 38 51 
36 37 41 
33 45 52 
29 36 54 
18 30 36 
14 17 49 
17 33 43 
22 43 44 
10 41 45 
10 43 51 
10 13 34 
9 25 54 
44 51 52 
22 25 42 
9 33 53 
11 43 51 
14 29 45 
25 28 45 
25 36 45 
13 27 34 
10 41 51 
46 52 53 
19 41 52 
20 21 22 
20 27 51 
9 38 44 
14 26 37 
9 21 36 
37 38 53 
10 25 44 
35 43 54 
20 41 52 
11 42 45 
29 36 50 
25 27 45 
22 37 46 
26 43 54 
11 35 52 
46 51 52 
9 17 46 
10 20 26 
14 18 27 
25 41 54 
28 29 30 
38 43 52 
19 36 50 
28 36 38 
12 26 36 
9 21 25 
13 28 41 
22 29 38 
33 36 45 
28 46 53 
22 30 50 
25 29 34 
20 29 41 
18 42 45 
9 38 46 
18 26 27 
13 17 53 
18 19 50 
34 37 42 
33 34 49 
12 29 50 
13 19 46 
20 41 45 
37 38 54 
13 29 38 
21 50 51 
10 34 50 
14 29 49 
25 33 46 
28 38 52 
19 26 43 
12 34 49 
14 35 49 
12 21 30 
33 34 44 
27 38 45 
22 27 51 
21 36 53 
29 37 51 
27 29 37 
14 17 42 
18 34 53 
26 28 36 
37 49 52 
14 18 38 
27 34 51 
21 34 43 
34 38 42 
9 13 43 
14 37 54 
12 14 30 
9 30 41 
26 33 44 
13 37 53 
27 45 49 
27 41 44 
49 51 53 
9 18 35 
11 33 34 
30 37 38 
34 41 45 
19 22 37 
9 17 43 
35 41 52 
12 52 53 
19 28 54 
18 29 52 
38 43 46 
30 42 49 
33 35 53 
27 50 52 
19 41 51 
14 46 51 
18 20 43 
26 27 37 
13 14 54 
17 37 51 
12 37 51 
20 34 35 
33 34 38 
21 22 26 
9 22 44 
17 19 52 
26 27 33 
12 50 53 
19 22 42 
29 51 53 
17 30 42 
26 36 52 
17 25 52 
14 34 54 
9 13 44 
11 33 44 
17 19 36 
26 43 51 
14 30 37 
22 27 49 
17 26 41 
26 43 52 
9 20 46 
17 29 41 
9 29 51 
