0 47 56 63 
0 24 56 63 
0 7 56 57 
7 15 56 63 
0 55 56 63 
7 31 56 63 
7 56 60 63 
0 56 61 63 
0 56 57 63 
0 4 7 63 
5 7 56 63 
7 56 59 63 
0 7 39 63 
0 1 56 63 
0 16 56 63 
0 7 16 56 
0 7 47 56 
0 56 59 63 
0 7 56 58 
0 56 58 63 
7 56 57 63 
3 7 56 63 
0 7 61 63 
0 7 16 63 
0 2 7 63 
0 2 56 63 
7 48 56 63 
0 7 56 60 
0 7 56 61 
6 7 56 63 
0 3 56 63 
0 6 7 56 
0 5 7 56 
0 7 31 56 
0 7 39 56 
0 5 7 63 
0 5 56 63 
0 7 47 63 
0 7 48 56 
0 23 56 63 
0 7 32 63 
0 7 24 63 
0 15 56 63 
7 56 58 63 
0 7 62 63 
0 7 56 59 
0 4 7 56 
0 7 15 56 
7 55 56 63 
0 7 59 63 
7 47 56 63 
7 56 62 63 
7 56 61 63 
7 32 56 63 
0 40 56 63 
0 7 55 63 
0 1 7 56 
0 7 23 56 
0 7 56 62 
0 7 31 63 
0 2 7 56 
7 39 56 63 
0 7 8 63 
0 7 32 56 
0 7 24 56 
0 7 57 63 
0 3 7 56 
7 24 56 63 
0 7 60 63 
0 48 56 63 
0 8 56 63 
0 7 8 56 
0 6 7 63 
7 8 56 63 
0 31 56 63 
0 39 56 63 
1 7 56 63 
0 7 55 56 
0 7 15 63 
0 3 7 63 
0 7 48 63 
7 40 56 63 
0 7 23 63 
0 32 56 63 
0 7 40 63 
0 1 7 63 
7 23 56 63 
0 56 62 63 
0 7 40 56 
0 56 60 63 
4 7 56 63 
0 4 56 63 
2 7 56 63 
0 6 56 63 
0 7 58 63 
7 16 56 63 
