0 8 60 63 
2 7 15 63 
0 4 7 15 
0 2 8 56 
24 56 58 63 
0 2 4 7 
0 2 47 56 
0 4 48 63 
0 23 59 63 
5 7 24 63 
0 3 5 56 
7 31 56 61 
55 56 60 63 
1 56 60 63 
0 16 56 57 
7 23 39 56 
7 24 48 56 
7 48 61 63 
7 31 57 63 
7 16 56 60 
0 60 62 63 
47 55 56 63 
24 55 56 63 
6 48 56 63 
0 4 6 56 
0 24 56 57 
0 16 24 63 
8 32 56 63 
0 15 39 63 
0 5 7 40 
0 32 40 63 
0 3 7 55 
7 8 56 58 
7 24 56 60 
7 16 32 56 
0 16 62 63 
0 3 4 63 
0 31 60 63 
0 5 61 63 
0 40 58 63 
7 56 57 58 
0 32 56 58 
4 6 56 63 
7 47 57 63 
0 47 55 63 
0 7 16 61 
48 55 56 63 
0 16 56 58 
0 57 58 63 
23 39 56 63 
7 8 39 56 
0 56 57 58 
0 32 39 63 
0 47 61 63 
0 4 8 63 
1 39 56 63 
7 47 56 59 
2 7 32 56 
8 16 56 63 
0 23 62 63 
6 40 56 63 
23 48 56 63 
0 15 24 63 
6 7 56 62 
0 6 56 61 
0 5 56 62 
0 3 7 59 
0 55 56 58 
0 1 4 7 
56 60 62 63 
0 4 7 57 
0 4 7 61 
2 3 56 63 
40 55 56 63 
7 39 57 63 
0 48 61 63 
0 5 7 15 
39 47 56 63 
0 23 55 63 
0 55 59 63 
0 5 24 63 
0 39 57 63 
1 4 7 63 
0 3 7 16 
0 7 31 58 
15 56 61 63 
23 56 60 63 
7 23 32 56 
2 7 56 62 
1 3 7 63 
0 15 47 63 
7 40 56 59 
6 56 57 63 
6 56 60 63 
2 56 62 63 
0 32 56 60 
2 7 56 59 
7 15 55 56 
7 57 58 63 
0 57 60 63 
0 3 31 56 
5 7 39 56 
4 6 7 56 
0 59 60 63 
7 16 40 63 
0 3 7 48 
31 55 56 63 
0 48 57 63 
0 6 56 59 
31 56 59 63 
5 7 8 56 
0 55 62 63 
40 47 56 63 
0 4 7 48 
0 7 8 58 
0 55 61 63 
7 24 62 63 
0 7 8 24 
6 7 16 63 
5 40 56 63 
5 32 56 63 
0 7 15 55 
0 7 8 31 
2 7 24 56 
0 56 59 62 
0 15 55 56 
0 2 39 63 
7 39 56 59 
7 39 56 60 
32 56 57 63 
2 7 16 56 
7 8 57 63 
7 16 55 56 
4 7 61 63 
0 56 57 61 
3 7 56 62 
0 48 62 63 
4 48 56 63 
7 16 39 63 
0 7 61 62 
0 4 60 63 
2 23 56 63 
7 16 31 63 
7 32 47 63 
7 57 59 63 
0 4 8 56 
0 15 56 58 
0 4 15 56 
0 2 59 63 
0 2 7 8 
0 15 61 63 
3 56 58 63 
0 57 59 63 
24 56 62 63 
16 48 56 63 
7 23 47 56 
0 1 56 57 
0 40 56 57 
32 39 56 63 
0 1 32 63 
3 7 24 56 
0 7 15 57 
0 7 15 32 
5 6 7 63 
40 56 61 63 
0 3 7 62 
0 16 57 63 
7 15 40 63 
8 23 56 63 
0 23 47 56 
48 56 60 63 
0 8 61 63 
0 5 15 63 
0 39 48 56 
7 32 40 63 
0 4 7 16 
6 23 56 63 
31 56 62 63 
0 40 55 56 
15 39 56 63 
0 8 62 63 
0 7 39 57 
4 5 7 63 
0 55 56 61 
0 32 56 61 
0 3 56 59 
7 31 32 63 
8 48 56 63 
0 1 6 56 
3 56 59 63 
3 7 40 63 
0 2 5 56 
0 24 56 61 
3 8 56 63 
2 40 56 63 
7 24 39 56 
4 7 16 56 
7 15 31 56 
0 4 47 63 
0 32 55 56 
0 2 48 63 
7 8 62 63 
0 8 40 63 
0 2 56 61 
2 4 7 56 
0 7 23 58 
7 55 56 57 
0 3 7 60 
2 56 58 63 
0 7 39 47 
0 5 56 57 
1 7 15 56 
6 32 56 63 
0 3 56 58 
1 7 8 56 
7 31 56 58 
0 1 31 56 
7 60 61 63 
0 7 16 39 
1 7 32 56 
0 7 57 59 
0 8 56 61 
0 15 57 63 
7 56 59 62 
0 1 4 56 
0 40 56 62 
3 16 56 63 
0 7 24 61 
0 55 58 63 
7 23 31 63 
0 7 47 55 
7 24 47 56 
0 5 7 57 
7 16 24 56 
7 23 47 63 
0 1 7 31 
4 7 24 56 
7 47 56 58 
5 7 56 57 
7 15 57 63 
0 1 7 47 
4 56 62 63 
0 1 7 8 
7 39 58 63 
0 16 59 63 
7 15 16 63 
2 7 23 56 
6 56 61 63 
0 7 15 61 
0 23 56 62 
23 56 61 63 
0 1 40 63 
0 5 47 63 
7 32 59 63 
0 2 7 39 
6 7 60 63 
7 31 48 56 
7 8 55 63 
3 7 32 56 
0 4 23 63 
7 23 56 59 
7 23 57 63 
0 4 16 63 
0 58 62 63 
4 23 56 63 
3 5 56 63 
7 15 55 63 
7 55 57 63 
0 2 6 63 
0 7 48 55 
2 32 56 63 
7 23 56 61 
0 7 40 57 
0 32 39 56 
0 1 56 59 
7 31 55 63 
0 3 8 63 
1 2 56 63 
0 31 47 56 
0 23 55 56 
7 16 60 63 
7 31 47 56 
0 2 7 62 
6 7 32 56 
0 1 6 7 
7 39 56 61 
7 8 32 63 
7 61 62 63 
0 6 39 56 
2 7 62 63 
7 24 56 59 
31 56 61 63 
5 6 7 56 
0 7 16 32 
0 16 55 56 
7 15 16 56 
2 7 31 56 
0 39 62 63 
0 7 32 60 
0 5 58 63 
7 32 56 57 
7 32 58 63 
24 56 57 63 
3 40 56 63 
23 32 56 63 
7 48 58 63 
0 23 40 56 
0 5 31 56 
0 7 40 47 
0 3 23 63 
2 56 57 63 
0 7 8 62 
6 24 56 63 
0 7 47 48 
7 15 62 63 
0 7 59 60 
7 40 60 63 
5 56 57 63 
0 2 61 63 
3 48 56 63 
3 7 56 60 
0 5 60 63 
15 40 56 63 
31 40 56 63 
0 4 32 63 
0 6 15 63 
0 7 39 58 
0 15 32 56 
31 56 57 63 
2 7 56 60 
2 5 7 56 
0 7 8 23 
3 7 8 56 
0 7 40 58 
0 5 23 63 
7 39 47 56 
0 7 31 57 
7 47 56 61 
0 2 3 63 
0 7 15 59 
0 39 60 63 
7 58 62 63 
3 7 55 63 
3 7 61 63 
0 47 48 56 
7 48 56 59 
0 1 7 58 
5 7 8 63 
0 2 56 57 
4 6 7 63 
0 24 48 56 
0 6 56 62 
7 15 39 56 
6 7 56 58 
7 40 48 56 
7 55 56 59 
5 7 31 56 
0 3 7 8 
0 16 23 63 
0 2 24 56 
0 5 7 62 
0 3 15 63 
5 7 56 62 
0 2 7 58 
0 24 56 58 
16 39 56 63 
0 4 56 60 
0 3 24 56 
7 40 47 63 
0 1 5 56 
4 16 56 63 
3 7 48 56 
6 56 62 63 
0 7 57 60 
7 15 40 56 
0 3 6 63 
4 56 58 63 
1 7 31 63 
0 39 56 58 
1 4 56 63 
1 48 56 63 
0 7 15 31 
0 1 7 57 
23 47 56 63 
0 1 48 56 
0 3 7 58 
0 1 5 7 
7 40 56 57 
5 7 58 63 
7 8 56 60 
0 6 7 47 
7 32 47 56 
0 4 16 56 
0 2 31 63 
1 6 7 56 
1 7 39 56 
7 56 57 60 
0 7 39 60 
6 7 55 56 
0 32 62 63 
24 39 56 63 
0 55 56 57 
4 32 56 63 
55 56 61 63 
2 56 61 63 
2 7 55 56 
0 16 40 56 
7 23 40 56 
0 15 56 59 
0 8 56 59 
0 6 8 63 
0 6 24 63 
5 7 55 56 
7 39 60 63 
16 56 61 63 
3 7 15 63 
0 32 56 59 
0 31 57 63 
7 24 40 56 
0 32 48 63 
0 23 57 63 
0 55 60 63 
0 24 32 63 
0 56 60 62 
0 40 56 58 
0 6 7 48 
1 7 56 61 
0 7 48 59 
0 7 55 58 
0 2 62 63 
15 23 56 63 
6 7 40 56 
5 24 56 63 
0 1 7 24 
6 7 59 63 
7 39 62 63 
7 15 47 63 
0 15 40 56 
3 7 56 57 
0 7 16 24 
0 7 40 55 
15 56 58 63 
56 59 60 63 
0 4 55 63 
5 56 61 63 
1 7 56 62 
7 31 55 56 
32 48 56 63 
7 16 58 63 
0 58 61 63 
0 39 56 59 
0 1 56 60 
0 6 47 63 
1 3 56 63 
0 2 7 47 
56 57 60 63 
7 15 23 63 
56 61 62 63 
2 55 56 63 
0 8 32 56 
7 23 56 62 
0 7 39 61 
3 7 59 63 
0 7 32 40 
0 3 7 39 
7 8 59 63 
0 2 23 56 
4 56 60 63 
0 31 48 56 
0 55 56 62 
0 7 58 60 
7 24 31 56 
0 7 15 40 
4 7 56 62 
0 7 32 61 
0 7 23 39 
7 48 57 63 
56 57 61 63 
2 47 56 63 
0 1 16 56 
0 7 24 32 
0 23 24 56 
0 24 47 56 
55 56 58 63 
0 7 16 58 
7 15 48 56 
0 3 57 63 
32 56 59 63 
1 56 61 63 
24 32 56 63 
0 7 57 62 
0 2 6 7 
7 8 56 62 
4 7 40 63 
0 48 58 63 
1 6 56 63 
39 56 62 63 
0 48 56 60 
0 1 7 40 
0 6 23 56 
0 6 7 57 
7 55 56 62 
0 1 55 56 
0 23 48 63 
0 32 57 63 
0 1 62 63 
3 7 48 63 
7 32 48 56 
7 24 59 63 
2 4 56 63 
0 7 23 32 
0 5 7 24 
0 5 40 56 
0 5 7 31 
4 5 56 63 
40 56 59 63 
0 4 7 8 
7 59 62 63 
0 7 23 61 
0 2 16 63 
0 48 56 61 
16 56 60 63 
4 7 8 63 
5 7 57 63 
0 7 31 61 
3 56 57 63 
3 7 60 63 
0 1 7 16 
0 8 59 63 
0 5 48 56 
0 3 6 56 
39 56 61 63 
0 7 15 39 
0 3 7 47 
0 1 7 32 
0 16 32 56 
0 24 60 63 
5 6 56 63 
0 32 60 63 
0 6 57 63 
7 8 48 56 
7 40 56 61 
0 40 61 63 
0 1 31 63 
0 15 59 63 
6 7 31 63 
7 8 24 56 
0 23 56 59 
4 7 31 56 
1 7 62 63 
0 4 7 24 
6 56 59 63 
0 7 31 62 
7 32 48 63 
6 7 8 63 
7 31 60 63 
5 31 56 63 
7 31 62 63 
0 7 23 40 
3 7 24 63 
0 8 15 63 
0 1 56 62 
2 56 60 63 
39 56 60 63 
15 56 60 63 
3 7 16 56 
23 24 56 63 
0 39 59 63 
0 24 56 60 
7 16 39 56 
6 7 15 63 
0 4 24 63 
3 7 40 56 
0 2 7 61 
0 5 16 63 
0 6 7 58 
7 56 58 62 
0 40 48 56 
1 7 32 63 
0 23 39 63 
8 56 60 63 
7 39 48 63 
3 7 16 63 
0 16 40 63 
0 47 60 63 
7 15 56 57 
7 57 60 63 
0 7 47 60 
0 8 23 56 
7 24 39 63 
0 6 7 23 
0 8 56 62 
7 8 48 63 
40 56 58 63 
31 56 60 63 
0 31 56 60 
32 55 56 63 
3 7 57 63 
0 6 32 56 
2 7 23 63 
0 32 56 57 
0 39 55 63 
2 8 56 63 
0 24 58 63 
0 1 7 48 
3 15 56 63 
0 1 7 55 
2 39 56 63 
4 7 48 56 
1 7 40 56 
0 3 23 56 
0 39 40 56 
1 7 8 63 
23 55 56 63 
0 8 16 63 
0 1 15 56 
7 24 31 63 
0 39 58 63 
0 31 56 59 
0 5 6 63 
39 40 56 63 
0 4 6 63 
0 3 4 56 
0 7 39 62 
7 48 56 58 
0 8 56 58 
1 5 56 63 
0 7 23 24 
0 1 47 63 
7 31 39 56 
0 6 40 56 
56 59 61 63 
0 1 24 63 
0 47 59 63 
4 7 15 63 
0 4 7 31 
7 23 60 63 
0 1 39 63 
6 7 47 63 
0 4 7 60 
5 56 62 63 
0 7 32 55 
7 23 40 63 
3 47 56 63 
0 1 8 63 
0 2 7 32 
7 56 57 62 
0 57 61 63 
0 7 40 61 
7 40 48 63 
0 3 61 63 
0 7 55 60 
0 16 55 63 
0 7 23 48 
0 47 56 59 
7 8 56 59 
2 7 24 63 
0 3 24 63 
7 31 48 63 
7 31 56 62 
4 7 32 56 
7 59 61 63 
7 55 62 63 
0 6 7 59 
1 40 56 63 
1 5 7 63 
7 8 31 56 
5 7 56 58 
4 7 56 61 
7 56 58 59 
6 7 32 63 
0 7 32 47 
15 31 56 63 
7 48 56 57 
4 7 8 56 
7 8 24 63 
0 7 40 48 
3 7 47 56 
0 5 23 56 
8 56 62 63 
0 6 7 40 
3 7 56 59 
7 39 55 63 
0 5 62 63 
1 24 56 63 
0 15 56 60 
7 8 47 56 
0 7 31 39 
0 39 55 56 
0 3 56 60 
0 5 32 56 
0 7 8 39 
0 4 39 63 
7 32 62 63 
0 6 24 56 
1 7 39 63 
5 7 48 63 
4 7 57 63 
1 7 15 63 
0 2 7 55 
7 24 60 63 
55 56 62 63 
4 56 61 63 
4 7 39 56 
0 7 48 60 
0 23 56 60 
0 56 58 61 
0 31 62 63 
0 3 48 56 
1 7 56 59 
0 7 8 59 
0 32 55 63 
7 15 31 63 
0 1 60 63 
0 31 55 56 
0 7 8 60 
48 56 58 63 
23 31 56 63 
0 5 7 23 
0 8 24 63 
0 40 48 63 
0 7 40 59 
7 8 16 56 
5 7 40 56 
56 58 60 63 
7 58 60 63 
0 5 48 63 
0 7 24 48 
0 47 48 63 
0 3 7 61 
6 7 16 56 
0 3 31 63 
0 24 56 59 
7 8 60 63 
7 15 56 62 
0 8 56 57 
1 3 7 56 
5 23 56 63 
0 6 7 31 
7 47 55 63 
0 15 23 56 
7 32 57 63 
0 7 47 62 
7 16 23 56 
0 56 57 60 
0 47 56 57 
0 2 58 63 
7 39 56 62 
1 7 40 63 
48 56 62 63 
4 39 56 63 
1 7 55 63 
2 7 47 56 
0 2 16 56 
1 56 57 63 
0 56 61 62 
15 56 59 63 
0 31 39 63 
0 5 16 56 
7 55 56 60 
0 15 48 56 
7 23 56 60 
0 39 40 63 
0 7 23 31 
0 47 56 60 
0 4 56 57 
15 55 56 63 
2 16 56 63 
7 31 40 56 
7 32 39 63 
0 32 47 63 
0 6 7 55 
0 7 23 60 
0 24 55 63 
0 5 39 63 
0 32 47 56 
0 4 61 63 
6 7 8 56 
6 7 39 56 
7 56 60 62 
0 15 56 57 
0 1 61 63 
7 23 31 56 
0 2 56 59 
7 47 61 63 
0 31 56 62 
8 15 56 63 
0 39 56 60 
0 8 55 63 
0 2 15 56 
7 23 48 56 
2 7 57 63 
4 7 56 59 
0 1 7 60 
0 3 56 57 
0 5 8 63 
7 24 40 63 
0 15 31 63 
4 7 56 58 
6 7 56 60 
0 2 40 63 
7 47 56 57 
0 1 23 63 
6 7 56 61 
5 7 59 63 
0 3 62 63 
0 24 57 63 
0 40 57 63 
7 31 39 63 
8 47 56 63 
0 4 31 63 
8 55 56 63 
3 7 31 56 
0 4 47 56 
0 16 56 61 
0 7 31 59 
0 3 7 32 
7 23 61 63 
0 7 24 47 
3 7 62 63 
7 16 56 59 
39 56 58 63 
0 1 59 63 
7 58 61 63 
0 7 58 59 
0 5 7 61 
0 7 15 24 
0 39 56 62 
3 24 56 63 
0 6 58 63 
24 48 56 63 
7 16 23 63 
0 24 40 63 
6 7 23 63 
8 40 56 63 
0 4 39 56 
0 1 6 63 
8 39 56 63 
1 7 48 63 
0 1 56 61 
0 3 39 56 
0 7 55 59 
15 56 57 63 
0 23 60 63 
2 24 56 63 
7 57 62 63 
0 7 24 62 
0 23 56 61 
3 4 7 56 
55 56 59 63 
5 7 40 63 
1 56 59 63 
0 4 7 58 
0 7 8 61 
4 7 55 63 
0 2 31 56 
0 4 5 7 
16 32 56 63 
0 4 7 59 
7 31 56 57 
39 56 59 63 
1 7 61 63 
0 48 56 62 
6 7 15 56 
0 23 31 63 
0 7 47 61 
0 2 3 56 
0 1 24 56 
16 31 56 63 
7 40 62 63 
0 5 56 60 
0 3 7 40 
0 2 15 63 
0 4 62 63 
0 31 56 61 
4 7 56 57 
6 47 56 63 
0 15 62 63 
0 4 55 56 
7 16 56 57 
7 31 56 60 
0 3 7 24 
0 1 7 61 
0 6 7 32 
1 7 56 58 
0 6 56 60 
0 1 2 63 
0 40 47 63 
0 1 7 59 
16 56 62 63 
0 3 55 56 
3 7 8 63 
0 5 47 56 
7 23 62 63 
7 8 32 56 
2 48 56 63 
0 5 59 63 
6 7 40 63 
6 7 31 56 
7 39 56 57 
8 31 56 63 
7 16 47 56 
0 39 61 63 
7 57 61 63 
0 7 16 57 
0 7 15 47 
0 7 31 60 
40 56 57 63 
0 7 24 31 
6 7 56 57 
16 24 56 63 
0 31 56 58 
0 2 32 56 
2 7 39 63 
4 7 16 63 
0 56 58 60 
4 7 23 56 
0 4 7 47 
0 4 7 32 
7 47 62 63 
0 39 56 57 
0 6 7 60 
0 3 4 7 
47 56 57 63 
0 6 7 24 
1 16 56 63 
7 24 56 62 
0 48 59 63 
16 56 58 63 
0 1 23 56 
0 2 7 60 
5 56 60 63 
2 5 7 63 
56 57 62 63 
0 7 57 58 
0 15 16 56 
7 24 55 56 
7 8 56 61 
0 2 5 7 
7 48 55 56 
0 5 7 58 
7 8 58 63 
7 16 61 63 
0 5 7 47 
0 7 16 48 
7 15 48 63 
0 16 56 62 
0 1 7 23 
4 7 60 63 
0 3 16 56 
56 58 61 63 
32 56 62 63 
47 56 60 63 
7 32 55 56 
3 56 60 63 
0 1 58 63 
1 6 7 63 
0 6 48 63 
0 31 56 57 
0 2 56 58 
1 2 7 56 
3 39 56 63 
7 48 60 63 
0 5 7 39 
15 24 56 63 
4 24 56 63 
1 7 23 63 
0 7 24 57 
0 7 32 62 
0 3 55 63 
4 56 59 63 
7 47 58 63 
7 31 59 63 
0 3 5 63 
4 7 32 63 
0 56 57 62 
0 7 57 61 
4 31 56 63 
0 3 7 23 
0 3 7 57 
4 7 59 63 
7 16 24 63 
7 39 48 56 
7 32 56 60 
7 15 60 63 
0 1 16 63 
0 31 40 56 
0 5 7 59 
0 7 23 62 
1 32 56 63 
8 56 61 63 
7 31 47 63 
0 7 24 39 
5 47 56 63 
5 7 55 63 
0 47 56 58 
7 8 39 63 
0 1 47 56 
0 5 56 61 
0 7 48 62 
0 4 56 61 
7 32 40 56 
0 7 39 48 
7 16 56 61 
7 56 59 60 
0 3 59 63 
0 7 40 60 
0 15 40 63 
0 24 31 56 
0 7 32 48 
7 31 61 63 
0 48 60 63 
0 60 61 63 
7 8 31 63 
0 7 32 57 
2 7 40 56 
7 24 61 63 
7 23 39 63 
5 7 23 63 
7 47 48 56 
7 40 56 58 
0 1 5 63 
7 8 55 56 
5 7 56 61 
4 7 23 63 
0 4 31 56 
2 7 16 63 
7 23 48 63 
0 39 56 61 
0 2 56 62 
0 15 56 62 
7 15 24 63 
0 40 47 56 
0 15 60 63 
5 7 24 56 
0 7 39 40 
7 47 60 63 
0 4 7 55 
7 40 56 62 
2 7 47 63 
6 7 56 59 
0 23 32 63 
0 8 16 56 
0 32 56 62 
7 47 55 56 
0 6 62 63 
6 7 23 56 
0 24 56 62 
0 7 15 23 
7 59 60 63 
0 4 40 56 
0 23 40 63 
0 8 40 56 
4 55 56 63 
56 57 58 63 
16 40 56 63 
0 4 59 63 
7 56 59 61 
7 32 55 63 
0 5 40 63 
0 3 56 61 
0 40 60 63 
0 5 31 63 
0 7 31 48 
0 6 7 62 
1 7 57 63 
0 57 62 63 
0 47 56 62 
0 7 32 59 
0 16 47 56 
7 39 40 63 
7 16 56 58 
7 8 40 56 
5 7 15 56 
0 2 7 15 
0 23 32 56 
7 16 40 56 
0 7 31 47 
0 58 60 63 
1 7 60 63 
2 7 58 63 
0 4 7 40 
0 7 39 59 
0 5 56 59 
0 23 47 63 
0 24 40 56 
0 24 39 56 
0 15 31 56 
7 23 32 63 
0 7 16 60 
0 7 15 16 
15 16 56 63 
0 6 56 58 
7 23 58 63 
0 24 32 56 
0 7 24 59 
3 7 32 63 
0 23 61 63 
1 31 56 63 
7 31 40 63 
0 5 56 58 
39 55 56 63 
0 7 31 40 
0 3 8 56 
0 48 55 56 
0 7 24 60 
0 4 56 62 
3 5 7 63 
7 24 56 58 
4 7 48 63 
0 5 55 56 
0 7 23 57 
0 56 58 62 
0 32 61 63 
15 47 56 63 
0 16 31 63 
7 40 55 63 
0 48 56 57 
31 39 56 63 
5 8 56 63 
0 6 7 8 
0 1 48 63 
5 48 56 63 
3 31 56 63 
7 56 60 61 
3 7 47 63 
0 7 40 62 
7 39 55 56 
0 40 56 59 
7 24 47 63 
0 24 48 63 
0 4 32 56 
31 48 56 63 
0 16 31 56 
0 7 39 55 
0 3 5 7 
0 5 39 56 
0 23 48 56 
0 8 15 56 
0 3 15 56 
0 2 7 40 
7 8 47 63 
0 31 47 63 
3 7 23 63 
0 16 56 60 
0 16 48 56 
0 31 58 63 
2 6 56 63 
0 2 4 56 
0 3 40 56 
0 24 39 63 
0 39 47 56 
2 4 7 63 
0 16 32 63 
0 31 32 56 
0 2 60 63 
4 7 40 56 
0 23 24 63 
0 31 32 63 
0 31 39 56 
5 15 56 63 
0 3 32 56 
0 7 59 61 
0 3 7 15 
16 55 56 63 
0 3 6 7 
0 7 15 48 
0 8 56 60 
0 32 48 56 
0 1 57 63 
3 55 56 63 
7 24 55 63 
4 47 56 63 
0 24 62 63 
0 16 39 56 
0 7 24 40 
3 7 39 56 
5 7 56 60 
0 6 23 63 
0 15 16 63 
47 56 61 63 
0 16 24 56 
0 6 16 56 
7 56 58 60 
0 3 47 63 
0 4 6 7 
0 7 32 58 
0 7 16 31 
7 15 56 59 
3 6 56 63 
0 2 7 31 
0 31 40 63 
1 7 23 56 
2 7 56 57 
0 6 48 56 
15 56 62 63 
7 8 61 63 
0 5 55 63 
0 4 7 39 
0 1 7 39 
7 23 59 63 
0 15 24 56 
0 56 60 61 
6 7 48 63 
0 1 2 7 
0 2 4 63 
0 56 59 61 
2 7 8 56 
56 60 61 63 
0 5 8 56 
7 56 61 62 
2 56 59 63 
1 7 59 63 
0 8 31 56 
6 39 56 63 
55 56 57 63 
0 8 58 63 
0 7 23 55 
4 56 57 63 
1 7 16 56 
0 4 7 23 
2 7 15 56 
2 7 56 61 
7 15 39 63 
0 47 57 63 
0 2 8 63 
0 2 48 56 
1 7 58 63 
5 39 56 63 
7 56 57 61 
23 56 59 63 
0 6 55 63 
0 15 32 63 
1 2 7 63 
0 2 23 63 
2 7 61 63 
7 23 24 63 
0 47 56 61 
5 55 56 63 
0 23 58 63 
0 55 56 59 
6 7 24 63 
0 7 15 58 
16 56 59 63 
6 7 39 63 
0 7 8 32 
15 48 56 63 
0 16 58 63 
0 2 32 63 
7 48 56 60 
0 7 59 62 
0 7 16 62 
0 7 48 57 
32 56 58 63 
0 4 56 59 
7 47 56 60 
1 55 56 63 
0 2 40 56 
7 32 56 59 
0 40 56 61 
0 2 39 56 
0 6 7 16 
0 2 6 56 
0 5 57 63 
5 56 59 63 
0 2 57 63 
0 1 3 7 
0 6 60 63 
0 6 61 63 
5 7 62 63 
1 7 47 63 
0 6 31 56 
31 47 56 63 
15 32 56 63 
0 1 8 56 
56 58 62 63 
7 60 62 63 
24 31 56 63 
0 59 61 63 
3 7 23 56 
0 3 56 62 
0 7 60 61 
7 48 56 61 
47 56 62 63 
7 23 55 63 
3 5 7 56 
0 1 40 56 
0 8 47 56 
0 3 7 31 
0 31 61 63 
0 6 15 56 
7 39 56 58 
3 7 58 63 
0 7 16 47 
0 1 4 63 
0 7 8 55 
0 7 55 57 
32 56 60 63 
1 7 47 56 
7 8 56 57 
0 7 8 15 
24 56 61 63 
0 6 16 63 
7 47 56 62 
7 32 60 63 
7 16 31 56 
3 23 56 63 
0 61 62 63 
8 56 57 63 
4 5 7 56 
0 40 62 63 
7 8 23 56 
1 7 55 56 
1 7 48 56 
0 7 55 61 
7 8 15 56 
0 4 23 56 
0 8 24 56 
0 7 8 16 
7 16 62 63 
7 56 58 61 
0 4 5 56 
7 47 48 63 
40 56 62 63 
3 7 31 63 
0 1 3 63 
5 7 16 56 
1 15 56 63 
7 55 59 63 
0 8 39 56 
0 7 48 58 
0 2 55 63 
7 15 32 63 
48 56 57 63 
7 31 32 56 
0 31 48 63 
7 15 56 58 
2 7 32 63 
7 48 59 63 
0 6 39 63 
0 15 56 61 
2 15 56 63 
0 7 8 48 
7 24 32 63 
0 55 56 60 
0 6 31 63 
7 48 56 62 
5 7 60 63 
0 7 47 58 
7 47 59 63 
0 48 56 58 
6 56 58 63 
3 6 7 56 
0 16 61 63 
0 15 39 56 
7 16 59 63 
0 6 32 63 
7 24 57 63 
0 6 47 56 
0 5 6 7 
2 6 7 56 
7 40 56 60 
1 4 7 56 
7 15 59 63 
0 6 7 15 
2 3 7 56 
0 7 15 62 
0 31 59 63 
3 7 15 56 
0 56 59 60 
7 24 56 57 
7 16 55 63 
5 7 15 63 
0 4 48 56 
0 4 7 62 
7 32 61 63 
23 56 62 63 
0 56 58 59 
7 58 59 63 
6 7 47 56 
7 40 47 56 
7 15 47 56 
0 7 47 57 
2 7 39 56 
0 23 56 57 
7 15 56 60 
24 40 56 63 
5 7 47 56 
5 7 31 63 
5 16 56 63 
0 40 56 60 
7 40 61 63 
39 48 56 63 
0 3 32 63 
0 7 24 58 
6 7 55 63 
1 56 58 63 
1 23 56 63 
0 1 56 58 
6 8 56 63 
0 47 62 63 
4 8 56 63 
5 7 23 56 
4 7 39 63 
0 2 7 57 
6 7 61 63 
56 58 59 63 
1 7 31 56 
16 56 57 63 
0 1 2 56 
31 56 58 63 
7 23 55 56 
31 32 56 63 
8 24 56 63 
7 55 60 63 
4 7 56 60 
4 7 55 56 
0 8 39 63 
0 5 32 63 
0 40 59 63 
0 8 55 56 
0 23 39 56 
5 7 56 59 
7 32 56 62 
2 7 55 63 
23 56 57 63 
0 7 23 59 
6 7 48 56 
4 7 31 63 
0 59 62 63 
0 48 56 59 
4 15 56 63 
0 4 40 63 
3 4 56 63 
7 32 56 58 
0 5 15 56 
0 3 48 63 
0 7 47 59 
6 15 56 63 
24 47 56 63 
0 3 39 63 
0 6 7 61 
0 8 57 63 
0 5 7 55 
7 15 58 63 
0 32 59 63 
0 15 48 63 
2 7 48 63 
0 16 48 63 
7 8 23 63 
0 23 56 58 
0 7 58 61 
0 8 47 63 
23 40 56 63 
0 5 7 48 
7 39 47 63 
7 15 23 56 
0 16 39 63 
2 3 7 63 
0 7 15 60 
0 7 8 57 
5 56 58 63 
0 7 23 47 
0 24 61 63 
0 47 58 63 
0 8 32 63 
2 7 40 63 
0 4 58 63 
0 7 55 62 
0 2 24 63 
7 8 15 63 
24 56 60 63 
0 2 55 56 
7 31 56 59 
0 7 16 59 
2 7 59 63 
1 7 24 56 
3 56 62 63 
1 7 56 60 
7 55 56 61 
7 15 32 56 
0 24 31 63 
0 24 55 56 
0 8 48 63 
7 48 55 63 
7 23 24 56 
4 7 47 63 
0 3 60 63 
0 4 56 58 
23 56 58 63 
5 7 47 63 
0 6 59 63 
7 39 40 56 
3 6 7 63 
0 48 55 63 
0 2 7 23 
47 48 56 63 
2 7 31 63 
0 7 16 23 
0 2 7 59 
2 5 56 63 
0 4 57 63 
7 56 57 59 
3 32 56 63 
40 56 60 63 
7 24 48 63 
5 7 32 63 
0 4 5 63 
2 7 48 56 
0 39 48 63 
0 6 56 57 
0 15 55 63 
7 32 39 56 
0 8 48 56 
0 5 7 8 
7 40 59 63 
0 8 23 63 
4 7 58 63 
0 1 55 63 
0 5 6 56 
7 16 57 63 
0 2 47 63 
0 24 47 63 
7 55 58 63 
0 7 8 47 
32 40 56 63 
7 24 56 61 
3 7 56 61 
0 56 57 59 
0 16 60 63 
4 7 15 56 
24 56 59 63 
7 23 56 57 
0 7 8 40 
2 6 7 63 
0 7 32 39 
0 5 7 32 
48 56 59 63 
0 7 48 61 
0 8 31 63 
6 31 56 63 
0 2 3 7 
7 40 58 63 
0 58 59 63 
0 7 24 55 
0 31 55 63 
2 7 56 58 
0 1 15 63 
0 3 40 63 
2 7 8 63 
7 24 58 63 
7 48 62 63 
0 2 5 63 
0 16 56 59 
1 7 16 63 
3 7 55 56 
1 8 56 63 
0 16 23 56 
0 1 39 56 
6 7 24 56 
0 7 31 55 
0 32 58 63 
0 32 40 56 
0 4 24 56 
0 2 7 24 
0 2 7 16 
16 47 56 63 
39 56 57 63 
6 7 57 63 
0 7 31 32 
0 23 31 56 
4 7 62 63 
4 7 47 56 
0 1 3 56 
0 7 16 55 
0 3 47 56 
0 15 47 56 
5 7 61 63 
0 24 59 63 
4 7 24 63 
0 6 55 56 
7 39 59 63 
16 23 56 63 
1 7 24 63 
7 8 16 63 
0 15 58 63 
0 5 24 56 
7 32 56 61 
7 16 56 62 
5 7 48 56 
6 7 62 63 
0 2 56 60 
0 39 47 63 
3 4 7 63 
3 7 56 58 
0 5 7 16 
0 1 32 56 
7 55 61 63 
0 6 8 56 
0 55 57 63 
0 5 7 60 
0 40 55 63 
7 15 56 61 
8 56 58 63 
4 40 56 63 
7 16 47 63 
3 56 61 63 
0 3 16 63 
32 47 56 63 
7 24 32 56 
7 16 32 63 
7 31 58 63 
7 8 40 63 
0 1 7 62 
3 7 39 63 
7 40 57 63 
7 16 48 63 
2 31 56 63 
0 3 58 63 
7 39 61 63 
0 1 7 15 
1 47 56 63 
1 7 56 57 
1 5 7 56 
0 47 55 56 
47 56 59 63 
0 15 23 63 
56 57 59 63 
5 7 39 63 
32 56 61 63 
7 15 24 56 
7 16 48 56 
48 56 61 63 
7 55 56 58 
7 23 56 58 
0 7 60 62 
0 7 16 40 
0 16 47 63 
0 6 40 63 
40 48 56 63 
56 59 62 63 
0 6 7 39 
2 7 60 63 
6 16 56 63 
1 56 62 63 
0 2 7 48 
6 7 58 63 
0 7 58 62 
47 56 58 63 
0 4 15 63 
7 40 55 56 
6 55 56 63 
7 15 61 63 
5 7 16 63 
5 7 32 56 
8 56 59 63 
