0 2 7 46 
0 2 14 56 
7 16 36 63 
0 27 47 56 
0 7 16 41 
7 18 24 63 
0 2 54 56 
0 43 56 60 
7 30 39 56 
0 7 10 24 
7 15 29 56 
24 42 56 63 
0 40 44 56 
5 7 50 56 
7 8 19 56 
0 3 7 51 
0 7 19 62 
0 22 31 56 
7 22 32 63 
51 56 62 63 
0 3 54 63 
0 6 7 22 
9 24 56 63 
0 3 27 63 
34 56 61 63 
5 53 56 63 
0 7 32 46 
3 7 51 63 
23 44 56 63 
0 7 8 49 
5 7 51 56 
13 56 59 63 
7 37 47 56 
0 38 59 63 
0 5 17 56 
7 31 45 63 
0 7 16 28 
43 56 61 63 
7 12 39 56 
0 15 53 63 
28 40 56 63 
46 56 59 63 
0 7 45 62 
6 7 50 56 
0 21 60 63 
6 7 44 56 
2 26 56 63 
7 15 46 56 
0 1 35 63 
0 7 26 62 
25 56 61 63 
0 20 39 56 
0 7 13 55 
5 7 54 63 
7 22 40 56 
7 22 24 56 
0 29 32 56 
16 34 56 63 
0 45 56 61 
3 7 30 56 
0 29 57 63 
0 6 7 14 
28 55 56 63 
7 37 56 61 
0 4 12 56 
7 20 24 63 
0 47 50 56 
1 7 25 63 
0 7 52 62 
0 14 31 56 
0 38 56 59 
7 11 56 61 
7 32 52 63 
0 13 57 63 
1 7 35 56 
32 41 56 63 
0 3 12 63 
7 28 59 63 
8 53 56 63 
0 51 56 59 
7 33 60 63 
7 23 43 63 
0 7 45 48 
0 7 47 54 
0 5 45 56 
0 19 48 56 
0 29 47 56 
53 56 61 63 
7 20 61 63 
0 7 45 59 
7 15 21 56 
4 7 45 63 
7 52 56 61 
0 27 56 59 
7 14 59 63 
7 53 59 63 
7 24 49 56 
0 2 49 56 
0 8 12 63 
0 7 44 47 
0 5 7 25 
0 15 44 63 
35 48 56 63 
0 13 56 62 
7 17 23 56 
0 7 17 31 
0 7 24 35 
0 7 39 43 
0 7 18 23 
7 30 40 56 
0 1 7 38 
0 7 30 59 
0 7 34 48 
6 7 53 63 
0 4 30 56 
0 7 10 55 
0 3 9 56 
16 38 56 63 
3 7 11 56 
0 19 56 62 
7 17 56 62 
7 13 24 63 
7 48 49 63 
5 7 36 56 
0 11 48 63 
7 16 20 56 
7 23 36 63 
7 32 35 63 
15 28 56 63 
0 53 56 61 
7 10 60 63 
0 7 11 61 
3 13 56 63 
0 54 57 63 
12 15 56 63 
7 34 56 58 
7 10 16 56 
0 7 45 61 
3 7 44 56 
0 3 45 63 
38 48 56 63 
0 27 56 57 
0 7 31 38 
15 17 56 63 
7 50 62 63 
0 9 48 63 
0 20 23 56 
0 7 20 31 
0 41 47 56 
0 7 35 39 
0 11 40 56 
0 7 51 61 
0 15 43 56 
1 7 43 63 
0 9 32 56 
0 1 7 34 
1 7 26 63 
3 7 18 56 
0 32 33 56 
1 7 27 63 
0 30 48 56 
0 37 48 56 
7 24 28 63 
7 8 34 63 
0 13 40 56 
0 26 56 62 
0 20 47 63 
0 1 38 63 
7 45 56 59 
5 7 38 56 
0 7 30 47 
4 7 49 63 
7 29 56 57 
0 31 41 63 
0 8 50 63 
0 7 47 49 
50 56 62 63 
0 35 56 61 
0 17 55 56 
54 56 60 63 
0 3 22 56 
0 1 34 56 
0 5 29 63 
0 1 7 29 
0 7 11 60 
0 7 26 57 
7 9 55 56 
7 31 36 56 
2 7 25 63 
7 10 15 63 
2 43 56 63 
0 23 25 63 
7 15 17 56 
6 7 45 56 
38 56 62 63 
7 38 39 56 
0 14 39 56 
0 21 56 58 
4 7 43 56 
9 56 60 63 
7 25 56 57 
0 8 37 56 
0 6 9 56 
7 47 50 63 
12 56 58 63 
7 15 50 63 
13 56 61 63 
2 7 11 56 
42 48 56 63 
0 7 21 57 
0 32 43 56 
7 46 56 61 
0 9 55 56 
7 16 22 63 
0 9 15 63 
31 46 56 63 
7 19 57 63 
4 46 56 63 
0 28 56 57 
0 7 8 29 
0 13 55 63 
0 17 56 61 
0 7 9 32 
7 21 56 60 
7 32 44 63 
7 28 56 59 
7 18 60 63 
7 13 61 63 
6 7 52 63 
0 7 40 46 
0 44 58 63 
0 3 37 63 
13 39 56 63 
0 25 56 60 
0 3 7 14 
30 56 57 63 
7 20 56 61 
0 38 47 56 
7 29 31 56 
0 28 31 63 
0 54 61 63 
7 33 59 63 
0 33 56 62 
0 19 31 63 
0 23 44 56 
0 7 36 59 
0 52 62 63 
7 16 41 63 
0 32 51 63 
6 29 56 63 
7 19 56 58 
0 34 56 58 
7 33 56 58 
24 30 56 63 
7 11 55 63 
0 7 30 61 
0 22 40 56 
18 56 60 63 
7 22 61 63 
0 39 54 56 
3 7 53 56 
0 2 45 56 
0 7 16 37 
0 7 10 62 
2 7 35 56 
0 2 7 53 
7 21 23 56 
0 20 56 59 
5 45 56 63 
7 41 60 63 
0 4 42 56 
0 32 44 56 
0 13 39 56 
4 7 13 56 
0 7 21 24 
0 35 48 63 
0 7 20 61 
0 7 15 50 
7 41 59 63 
4 7 38 63 
6 30 56 63 
6 17 56 63 
16 45 56 63 
7 17 59 63 
7 48 51 63 
0 7 35 48 
0 32 34 56 
4 41 56 63 
7 13 56 59 
8 44 56 63 
4 7 27 63 
22 56 61 63 
0 15 34 63 
1 7 28 63 
0 6 53 56 
20 56 60 63 
36 55 56 63 
4 7 37 63 
0 12 16 63 
0 7 17 23 
0 3 7 53 
7 15 33 63 
1 52 56 63 
7 25 59 63 
2 7 28 56 
3 7 52 63 
0 7 35 59 
0 7 8 25 
5 50 56 63 
5 7 21 56 
1 7 18 63 
0 7 22 47 
31 34 56 63 
7 18 55 56 
0 13 61 63 
7 23 26 56 
0 29 48 56 
0 7 36 57 
0 4 25 56 
7 26 48 56 
1 26 56 63 
20 40 56 63 
44 47 56 63 
7 13 15 63 
7 33 56 59 
0 14 47 63 
7 16 45 63 
0 7 17 48 
7 10 56 57 
7 16 27 56 
0 33 57 63 
3 7 43 63 
7 42 48 56 
1 46 56 63 
0 19 58 63 
0 19 55 63 
0 1 11 63 
1 7 35 63 
0 7 40 45 
4 7 29 63 
0 3 38 56 
2 7 30 56 
1 7 19 56 
0 18 48 63 
1 7 27 56 
2 44 56 63 
0 7 29 57 
0 7 16 26 
3 7 38 63 
7 25 62 63 
0 46 61 63 
7 24 51 56 
7 38 56 58 
7 22 55 56 
15 19 56 63 
8 51 56 63 
1 51 56 63 
19 40 56 63 
0 6 42 63 
3 7 36 63 
7 54 56 61 
5 7 11 56 
0 11 56 59 
0 10 56 61 
7 48 52 56 
39 52 56 63 
6 38 56 63 
0 2 7 20 
0 3 49 63 
0 7 28 61 
6 51 56 63 
0 7 14 55 
0 18 59 63 
0 18 61 63 
0 5 11 56 
0 6 51 56 
0 11 57 63 
0 16 26 63 
14 47 56 63 
0 6 7 17 
7 42 60 63 
7 15 35 63 
0 7 24 30 
7 24 30 63 
0 7 21 40 
0 7 22 31 
5 36 56 63 
7 42 55 56 
0 27 55 63 
7 17 24 63 
2 7 33 63 
0 7 29 60 
31 36 56 63 
7 15 44 56 
0 6 10 63 
2 7 21 63 
0 4 20 56 
0 5 29 56 
0 23 37 63 
0 7 24 27 
0 15 36 63 
7 25 58 63 
45 56 61 63 
0 7 27 40 
19 24 56 63 
7 21 57 63 
7 32 33 63 
8 37 56 63 
0 4 52 63 
0 18 39 63 
0 5 37 56 
0 7 42 55 
7 15 25 56 
7 49 59 63 
0 39 41 63 
47 49 56 63 
7 18 61 63 
15 41 56 63 
19 32 56 63 
0 21 58 63 
0 7 48 51 
7 29 61 63 
35 56 61 63 
0 5 41 63 
24 37 56 63 
4 7 9 63 
0 3 51 56 
3 29 56 63 
0 31 35 56 
0 7 23 49 
0 8 52 56 
0 40 41 63 
0 50 59 63 
7 45 59 63 
0 27 31 56 
1 7 20 63 
0 36 48 56 
27 56 60 63 
0 23 33 56 
0 7 23 35 
46 47 56 63 
0 5 25 63 
4 7 42 63 
7 12 55 56 
0 15 50 56 
7 38 59 63 
0 7 47 52 
0 48 52 56 
11 56 61 63 
0 16 18 63 
7 16 50 56 
7 14 61 63 
0 31 49 63 
0 7 36 48 
27 56 62 63 
0 2 7 12 
35 56 59 63 
0 8 17 56 
0 10 31 63 
0 4 43 63 
2 7 12 56 
4 7 35 63 
40 43 56 63 
0 4 50 63 
7 49 60 63 
1 36 56 63 
0 15 25 56 
0 7 26 55 
23 45 56 63 
0 7 24 42 
7 8 9 56 
0 3 18 63 
0 50 56 58 
0 28 56 58 
0 7 30 48 
2 27 56 63 
2 7 10 63 
0 34 59 63 
0 31 43 56 
0 7 53 60 
7 20 62 63 
0 15 38 56 
0 50 57 63 
0 6 27 63 
0 2 7 42 
0 7 30 39 
0 19 48 63 
0 2 25 56 
30 56 59 63 
1 28 56 63 
4 7 28 63 
11 32 56 63 
0 17 61 63 
7 15 54 56 
7 9 32 56 
0 7 40 41 
7 13 24 56 
7 14 24 63 
0 7 31 36 
0 46 57 63 
17 24 56 63 
0 10 31 56 
0 7 11 58 
0 15 42 56 
0 16 54 63 
0 33 58 63 
7 23 26 63 
0 33 56 57 
0 3 36 56 
7 50 56 58 
0 1 7 20 
0 11 60 63 
15 46 56 63 
7 20 39 56 
7 35 48 63 
3 7 38 56 
46 56 60 63 
2 7 34 63 
0 17 48 63 
37 56 61 63 
7 32 45 56 
7 14 47 56 
0 7 24 28 
0 7 22 59 
0 7 36 55 
0 7 24 44 
7 11 24 56 
0 16 43 56 
0 24 43 56 
7 21 59 63 
5 7 49 63 
0 26 40 63 
0 3 53 56 
7 8 21 63 
0 7 11 15 
7 21 62 63 
5 7 12 56 
4 7 38 56 
0 4 35 63 
7 21 31 63 
45 56 60 63 
8 36 56 63 
0 5 11 63 
8 49 56 63 
0 7 18 24 
0 32 53 56 
0 7 17 40 
26 56 57 63 
0 23 44 63 
7 11 23 63 
0 7 31 53 
0 7 36 47 
7 17 60 63 
7 47 51 56 
51 56 61 63 
7 8 45 56 
0 7 29 62 
33 56 62 63 
0 4 13 56 
0 1 18 56 
7 20 32 63 
24 53 56 63 
0 40 54 56 
7 12 58 63 
7 17 56 57 
7 27 39 63 
0 22 24 56 
43 47 56 63 
0 9 56 57 
7 10 56 58 
0 7 14 23 
0 38 58 63 
48 53 56 63 
32 37 56 63 
5 30 56 63 
0 7 15 17 
5 10 56 63 
0 7 12 40 
0 7 16 54 
0 10 61 63 
5 21 56 63 
0 6 13 63 
0 5 7 9 
8 20 56 63 
0 38 57 63 
45 56 59 63 
0 48 51 63 
0 23 45 63 
7 33 62 63 
0 7 46 60 
7 9 31 56 
0 7 28 31 
7 27 39 56 
4 7 44 56 
0 7 9 59 
0 7 31 46 
30 31 56 63 
31 53 56 63 
0 7 40 49 
7 24 44 56 
7 10 56 62 
7 32 36 63 
0 26 32 56 
0 7 9 15 
0 7 31 52 
7 9 24 56 
0 16 50 56 
7 22 55 63 
3 7 46 56 
7 38 55 63 
0 12 39 63 
0 4 7 13 
7 38 48 63 
18 40 56 63 
7 15 50 56 
7 34 47 63 
0 28 59 63 
0 5 44 56 
7 16 54 56 
6 21 56 63 
0 7 39 53 
24 41 56 63 
2 29 56 63 
0 6 33 63 
0 7 19 32 
0 16 34 63 
0 26 47 56 
0 21 40 56 
0 23 53 56 
7 53 55 56 
0 5 12 63 
0 1 30 56 
7 32 51 56 
0 7 8 43 
0 4 26 63 
0 42 60 63 
41 56 59 63 
37 47 56 63 
19 56 59 63 
0 16 34 56 
1 30 56 63 
1 7 26 56 
0 6 11 63 
0 2 26 63 
0 40 50 56 
0 33 55 56 
11 39 56 63 
7 8 17 56 
7 34 60 63 
0 2 19 63 
0 7 33 57 
0 51 62 63 
0 22 31 63 
0 7 45 60 
0 35 48 56 
0 24 50 56 
7 10 32 63 
7 8 36 56 
0 4 7 28 
0 6 25 63 
7 21 55 56 
7 16 29 56 
3 37 56 63 
0 7 32 49 
12 39 56 63 
11 47 56 63 
0 16 21 56 
0 29 56 60 
7 24 45 56 
0 7 17 55 
0 28 57 63 
0 2 30 56 
0 10 16 63 
0 15 45 63 
0 4 17 56 
0 25 32 63 
47 50 56 63 
0 7 17 32 
28 56 59 63 
7 8 33 63 
0 21 48 56 
0 7 15 45 
0 1 14 63 
0 4 7 25 
0 13 62 63 
7 19 56 59 
0 1 54 63 
0 21 47 56 
0 53 56 59 
0 14 16 56 
7 12 16 63 
0 12 48 56 
16 49 56 63 
0 7 29 47 
7 16 18 63 
16 41 56 63 
7 45 60 63 
4 7 11 63 
2 45 56 63 
0 2 21 63 
0 22 39 63 
0 8 20 56 
0 7 18 57 
0 7 8 46 
7 27 47 56 
7 41 61 63 
0 42 56 60 
0 5 42 63 
0 4 30 63 
2 7 26 56 
0 14 57 63 
2 7 29 63 
0 7 35 61 
18 48 56 63 
32 43 56 63 
40 49 56 63 
2 7 10 56 
0 33 48 63 
7 21 56 57 
7 23 38 63 
0 7 34 39 
42 55 56 63 
0 18 39 56 
0 6 52 63 
0 4 19 56 
0 6 7 30 
7 26 59 63 
4 7 49 56 
0 3 20 56 
0 2 50 56 
7 39 52 56 
1 11 56 63 
6 10 56 63 
0 16 53 56 
0 32 41 56 
0 17 59 63 
0 54 60 63 
42 56 60 63 
6 53 56 63 
0 39 41 56 
0 29 62 63 
0 39 43 63 
0 7 41 48 
7 37 57 63 
0 8 42 56 
7 34 62 63 
7 35 56 61 
7 49 57 63 
7 41 56 60 
0 5 53 56 
0 6 21 63 
0 9 56 61 
0 23 38 56 
7 15 18 63 
7 54 57 63 
16 50 56 63 
0 5 7 17 
7 13 47 63 
17 32 56 63 
7 8 46 63 
0 7 35 60 
0 33 62 63 
0 21 31 56 
2 7 22 56 
7 24 37 56 
7 9 24 63 
0 28 40 63 
5 7 37 56 
0 5 7 12 
7 15 36 56 
0 43 56 59 
0 7 15 25 
0 5 7 41 
7 52 56 60 
0 2 7 22 
0 3 26 63 
0 23 34 63 
0 14 15 63 
0 7 18 60 
9 56 58 63 
3 43 56 63 
7 53 62 63 
0 7 28 47 
0 11 47 63 
0 13 47 56 
0 28 40 56 
0 6 7 36 
7 44 56 59 
0 8 44 63 
3 7 42 56 
7 54 56 60 
0 7 23 41 
7 29 59 63 
0 7 38 60 
3 20 56 63 
0 2 26 56 
7 36 40 63 
0 7 44 62 
2 14 56 63 
32 33 56 63 
13 24 56 63 
0 7 18 39 
0 1 51 56 
7 35 55 56 
7 11 40 63 
50 55 56 63 
0 7 44 59 
0 18 32 63 
0 5 7 20 
7 32 41 56 
7 38 62 63 
0 1 7 50 
0 1 44 56 
7 16 38 63 
0 7 46 57 
0 7 51 59 
0 7 13 48 
0 19 56 59 
0 19 32 63 
7 18 31 63 
7 8 12 56 
18 39 56 63 
6 7 44 63 
0 23 35 63 
28 56 57 63 
0 22 60 63 
0 47 53 63 
0 6 42 56 
6 14 56 63 
0 7 23 54 
7 38 56 57 
5 7 22 63 
0 7 50 58 
0 7 31 41 
24 27 56 63 
7 18 24 56 
7 10 59 63 
7 9 48 63 
0 31 44 63 
0 7 11 23 
7 26 62 63 
0 1 35 56 
7 24 41 63 
7 17 23 63 
22 56 59 63 
0 6 7 19 
0 3 50 56 
0 19 23 63 
26 39 56 63 
0 28 58 63 
2 36 56 63 
0 11 40 63 
0 8 13 56 
0 41 55 56 
6 7 29 63 
7 33 48 56 
7 37 55 63 
5 7 9 63 
0 7 8 18 
0 33 59 63 
7 26 39 63 
0 6 7 26 
0 15 36 56 
0 7 26 59 
7 11 61 63 
0 5 30 56 
11 24 56 63 
1 7 38 63 
5 43 56 63 
6 43 56 63 
7 23 38 56 
0 7 16 25 
7 8 33 56 
0 24 36 63 
0 7 20 62 
6 7 19 56 
0 4 7 54 
0 39 51 56 
1 7 9 56 
0 1 13 63 
7 13 56 58 
7 17 56 61 
16 28 56 63 
0 8 27 63 
0 23 28 56 
0 22 48 63 
8 35 56 63 
7 10 40 56 
0 30 56 59 
0 10 15 63 
31 43 56 63 
0 15 49 56 
0 11 32 63 
0 5 22 56 
40 54 56 63 
0 13 48 63 
0 36 55 63 
7 51 59 63 
0 7 44 60 
7 49 56 60 
3 7 14 56 
0 7 54 59 
0 1 41 56 
10 55 56 63 
0 8 9 56 
7 36 55 63 
0 7 20 48 
0 2 22 63 
0 2 44 63 
7 15 42 63 
0 7 30 55 
7 40 46 63 
27 56 59 63 
0 7 13 47 
0 7 34 47 
0 1 46 56 
15 37 56 63 
0 1 7 52 
7 36 47 56 
0 25 40 56 
6 7 14 63 
7 29 40 56 
7 13 23 63 
0 7 33 47 
7 46 60 63 
0 35 40 63 
0 24 51 63 
7 11 59 63 
0 46 48 56 
5 7 11 63 
0 2 44 56 
0 7 16 34 
0 31 54 63 
1 7 34 56 
0 7 43 59 
0 3 10 63 
0 51 56 61 
0 45 58 63 
0 21 57 63 
7 37 61 63 
0 6 34 63 
0 4 7 43 
22 39 56 63 
4 45 56 63 
37 56 58 63 
0 7 11 55 
9 56 57 63 
0 40 43 63 
0 1 7 41 
7 10 16 63 
0 31 36 56 
0 21 56 61 
3 7 41 63 
10 56 59 63 
7 29 47 56 
0 4 41 56 
6 7 34 63 
7 11 58 63 
0 2 7 52 
0 1 53 63 
7 28 47 63 
7 12 48 56 
6 7 28 56 
0 2 7 44 
1 7 14 56 
0 6 7 27 
7 8 50 63 
7 29 55 63 
7 17 47 56 
7 29 58 63 
1 7 42 56 
14 56 58 63 
2 54 56 63 
0 41 56 60 
0 15 25 63 
7 27 59 63 
20 47 56 63 
0 12 47 56 
0 27 39 56 
7 10 57 63 
0 8 26 63 
0 46 62 63 
0 49 55 63 
7 34 48 63 
0 23 27 56 
7 44 58 63 
0 6 14 56 
0 17 56 58 
2 7 33 56 
37 56 57 63 
0 37 58 63 
0 42 56 58 
8 17 56 63 
0 3 30 56 
0 37 56 58 
5 7 29 56 
19 56 60 63 
0 7 15 27 
7 35 56 59 
0 7 27 58 
0 35 56 59 
0 3 7 26 
0 2 20 56 
7 16 51 63 
5 12 56 63 
0 41 56 61 
0 23 54 63 
0 3 12 56 
0 7 8 17 
4 7 52 63 
7 24 33 63 
39 46 56 63 
3 7 45 56 
0 45 56 57 
0 31 45 56 
11 15 56 63 
7 21 23 63 
12 23 56 63 
0 13 55 56 
0 37 47 63 
7 28 32 56 
4 7 29 56 
38 39 56 63 
0 16 43 63 
7 11 47 56 
0 9 31 63 
0 35 60 63 
0 6 26 63 
18 32 56 63 
7 52 55 63 
0 7 33 60 
0 10 40 56 
7 9 16 63 
6 7 27 56 
0 36 56 62 
7 33 61 63 
0 38 39 56 
0 7 54 57 
3 38 56 63 
0 45 57 63 
0 27 40 56 
0 24 54 56 
0 53 58 63 
2 7 13 63 
0 11 56 58 
0 3 20 63 
7 16 45 56 
12 55 56 63 
0 20 24 56 
6 7 26 56 
0 7 31 34 
0 8 11 63 
0 25 39 63 
0 10 48 56 
21 48 56 63 
0 4 22 63 
0 27 56 62 
17 56 60 63 
34 56 59 63 
8 29 56 63 
7 20 39 63 
0 20 24 63 
7 8 52 56 
0 2 12 56 
7 39 44 56 
0 4 7 45 
0 20 32 56 
0 1 33 56 
0 24 35 56 
9 56 62 63 
18 56 58 63 
0 4 43 56 
0 23 46 63 
0 7 52 61 
0 9 61 63 
0 18 40 56 
7 36 47 63 
7 51 61 63 
7 8 21 56 
0 27 32 63 
6 54 56 63 
0 7 42 62 
5 17 56 63 
0 40 53 56 
7 31 38 56 
0 36 57 63 
0 7 30 31 
7 10 39 56 
7 27 40 63 
0 7 19 61 
0 35 47 63 
0 17 31 56 
0 32 52 63 
0 14 55 56 
7 24 27 56 
7 23 43 56 
31 54 56 63 
0 1 7 45 
7 15 26 56 
0 36 60 63 
34 56 57 63 
0 21 23 56 
7 25 31 56 
0 7 12 60 
0 35 39 63 
54 56 59 63 
6 49 56 63 
0 6 37 63 
5 7 45 56 
2 49 56 63 
7 22 57 63 
0 23 43 63 
0 7 46 55 
0 31 35 63 
0 32 42 63 
29 32 56 63 
7 14 39 63 
0 32 41 63 
0 7 13 62 
0 4 37 63 
0 37 56 57 
42 56 62 63 
0 14 32 63 
7 43 48 56 
0 5 7 13 
0 11 16 63 
7 45 56 60 
7 40 53 63 
0 40 46 56 
0 44 47 56 
7 16 36 56 
7 24 44 63 
7 9 61 63 
6 7 28 63 
5 46 56 63 
7 42 48 63 
0 7 42 57 
7 19 23 56 
3 7 11 63 
0 15 33 63 
0 8 36 63 
0 19 59 63 
5 9 56 63 
0 24 35 63 
0 33 61 63 
5 7 38 63 
7 18 39 63 
0 5 19 56 
0 7 40 44 
3 7 20 63 
0 30 59 63 
7 40 51 56 
12 56 61 63 
7 52 60 63 
0 23 36 63 
15 45 56 63 
0 7 12 39 
7 45 62 63 
8 45 56 63 
0 45 56 59 
47 51 56 63 
0 51 60 63 
0 9 24 56 
6 7 41 56 
5 34 56 63 
6 41 56 63 
31 38 56 63 
3 7 20 56 
0 7 16 45 
24 50 56 63 
5 38 56 63 
7 21 48 56 
14 55 56 63 
7 47 54 63 
7 17 55 56 
0 7 49 62 
7 31 52 63 
0 6 18 56 
0 12 61 63 
7 39 46 56 
0 10 62 63 
0 7 16 17 
0 2 42 56 
8 52 56 63 
0 19 62 63 
0 7 19 58 
0 30 48 63 
0 6 28 63 
0 7 11 57 
49 56 57 63 
0 7 23 27 
31 49 56 63 
7 40 54 56 
0 3 14 56 
36 56 57 63 
0 49 56 58 
7 38 40 56 
5 7 17 56 
0 16 36 56 
0 28 56 60 
7 26 58 63 
0 39 52 56 
7 17 56 59 
0 2 36 56 
0 32 54 56 
0 7 19 57 
0 4 7 17 
7 24 29 63 
3 18 56 63 
0 3 44 63 
0 6 19 63 
7 29 56 58 
6 9 56 63 
0 22 23 63 
0 7 19 24 
5 7 50 63 
2 37 56 63 
7 18 56 59 
0 23 29 56 
0 7 15 33 
1 7 36 63 
0 16 22 56 
0 26 61 63 
40 45 56 63 
0 32 49 56 
24 34 56 63 
0 30 55 63 
0 16 49 63 
0 43 48 56 
7 53 60 63 
10 31 56 63 
0 2 33 56 
7 12 23 63 
0 20 32 63 
0 1 7 13 
5 7 52 56 
7 44 62 63 
9 55 56 63 
7 24 36 56 
2 7 30 63 
7 13 55 63 
0 4 50 56 
33 47 56 63 
0 6 7 29 
0 1 7 17 
7 28 40 63 
7 30 59 63 
0 7 8 19 
7 43 48 63 
0 7 38 57 
7 16 28 63 
0 24 27 56 
7 15 30 63 
7 44 56 62 
0 12 56 62 
4 37 56 63 
0 16 38 63 
7 46 47 63 
7 49 56 57 
7 16 42 63 
30 48 56 63 
0 2 54 63 
0 13 15 63 
0 31 42 63 
0 19 56 60 
7 36 56 59 
16 33 56 63 
0 16 42 56 
25 56 60 63 
5 7 43 56 
7 14 32 56 
0 3 25 63 
6 28 56 63 
38 56 58 63 
3 7 53 63 
0 7 45 58 
0 42 57 63 
29 31 56 63 
0 6 29 56 
0 46 60 63 
1 17 56 63 
6 7 12 63 
0 7 33 61 
0 49 60 63 
1 7 29 56 
7 32 34 63 
40 52 56 63 
0 7 12 24 
7 25 57 63 
7 35 56 62 
7 31 49 56 
0 3 43 56 
7 14 56 61 
0 7 8 53 
0 3 21 63 
30 56 60 63 
7 21 39 63 
0 7 53 62 
2 7 9 56 
0 33 56 58 
0 7 46 59 
0 7 42 61 
0 14 56 61 
7 47 49 56 
0 29 56 62 
0 8 54 63 
0 32 36 56 
3 7 25 63 
0 24 34 56 
0 7 31 50 
15 29 56 63 
0 12 32 56 
0 33 47 56 
8 19 56 63 
0 29 31 56 
0 7 18 40 
0 7 20 32 
7 23 25 63 
7 9 57 63 
7 17 56 58 
0 5 36 56 
0 29 61 63 
7 9 39 56 
0 1 37 63 
0 1 17 56 
0 22 32 56 
0 7 27 57 
6 44 56 63 
7 32 37 63 
20 24 56 63 
0 34 60 63 
0 4 7 41 
0 16 45 63 
0 20 58 63 
0 7 40 51 
0 6 49 63 
7 12 31 56 
7 32 38 56 
0 1 19 63 
2 7 44 63 
4 7 50 56 
4 7 51 63 
3 7 29 63 
7 23 33 63 
24 28 56 63 
1 44 56 63 
16 42 56 63 
4 7 26 56 
0 39 44 63 
0 7 24 53 
16 17 56 63 
0 5 18 63 
0 4 13 63 
7 18 56 60 
0 5 21 63 
7 39 43 56 
8 14 56 63 
0 41 58 63 
7 32 54 63 
0 7 10 48 
7 36 57 63 
3 7 34 63 
0 39 49 56 
7 27 55 56 
7 31 34 63 
7 16 29 63 
2 42 56 63 
0 2 7 30 
0 3 7 25 
0 7 15 34 
36 56 59 63 
0 23 34 56 
0 7 22 23 
2 7 53 63 
0 2 7 41 
11 56 62 63 
6 7 10 63 
0 54 56 61 
0 14 55 63 
0 34 57 63 
3 50 56 63 
0 50 55 56 
0 7 49 59 
8 30 56 63 
27 47 56 63 
0 23 52 63 
31 42 56 63 
7 11 56 58 
0 7 14 59 
0 7 37 62 
0 4 7 26 
7 36 39 63 
23 38 56 63 
0 17 31 63 
0 3 28 63 
4 7 30 63 
4 52 56 63 
0 7 39 44 
7 41 56 62 
0 30 39 56 
7 31 42 63 
7 19 59 63 
0 8 33 56 
7 18 40 63 
0 39 45 56 
0 7 29 59 
0 7 13 39 
0 7 9 31 
1 7 22 56 
7 34 59 63 
0 5 7 49 
0 4 11 63 
0 16 17 56 
0 7 24 37 
0 7 16 38 
6 37 56 63 
5 7 20 56 
7 16 18 56 
7 33 40 56 
7 36 48 63 
0 3 7 38 
0 7 9 55 
0 4 11 56 
49 56 59 63 
7 20 55 63 
0 7 24 43 
0 5 7 22 
0 40 43 56 
25 56 62 63 
7 8 41 56 
0 7 37 60 
0 7 43 60 
2 7 22 63 
7 24 42 56 
3 52 56 63 
7 20 57 63 
0 4 9 56 
0 52 55 56 
7 24 43 63 
32 35 56 63 
0 4 18 63 
0 7 27 55 
0 6 7 37 
5 7 19 63 
21 56 57 63 
0 40 49 56 
19 56 57 63 
0 1 10 56 
45 56 58 63 
0 7 15 29 
22 56 57 63 
6 7 21 63 
7 39 53 63 
5 7 41 63 
0 1 50 56 
0 7 12 23 
0 20 39 63 
0 3 22 63 
0 4 25 63 
6 7 51 63 
0 7 33 40 
0 4 28 63 
0 7 32 44 
0 7 28 57 
0 28 56 59 
2 7 36 56 
0 39 46 56 
33 55 56 63 
0 53 59 63 
0 15 54 63 
0 15 52 56 
0 7 8 12 
43 56 60 63 
7 15 45 56 
7 39 54 63 
0 44 56 59 
0 8 25 63 
0 3 7 29 
0 5 7 46 
0 26 58 63 
3 7 19 63 
0 2 10 56 
0 38 60 63 
0 16 33 56 
7 43 57 63 
18 56 59 63 
7 8 45 63 
0 36 55 56 
7 46 58 63 
0 51 56 62 
7 32 53 63 
7 23 49 63 
7 8 41 63 
7 47 52 63 
7 16 52 56 
7 31 35 56 
7 35 56 57 
0 23 49 56 
6 7 35 63 
1 7 51 63 
7 14 48 63 
21 24 56 63 
0 4 44 56 
1 7 44 63 
7 33 56 57 
0 10 48 63 
0 29 56 58 
20 55 56 63 
0 13 47 63 
0 7 47 51 
7 45 48 63 
1 50 56 63 
0 6 20 56 
0 5 7 44 
7 13 31 63 
0 17 23 56 
0 9 56 62 
20 48 56 63 
0 16 53 63 
53 55 56 63 
0 4 7 22 
1 7 38 56 
51 55 56 63 
0 5 22 63 
6 7 54 63 
0 32 46 63 
0 7 41 47 
0 25 56 58 
7 42 56 58 
0 1 12 56 
0 4 34 63 
0 32 45 63 
0 18 56 60 
0 11 23 63 
7 12 57 63 
0 7 21 55 
0 8 54 56 
0 11 31 56 
0 11 16 56 
40 53 56 63 
7 52 58 63 
48 54 56 63 
7 9 62 63 
0 7 24 29 
2 7 36 63 
45 48 56 63 
7 22 56 57 
0 36 56 60 
7 19 62 63 
0 2 7 27 
0 7 48 49 
0 5 43 63 
0 7 19 23 
0 16 36 63 
5 7 18 63 
0 44 61 63 
0 9 39 63 
0 2 50 63 
7 22 59 63 
7 28 48 56 
7 39 54 56 
0 2 25 63 
51 56 57 63 
0 1 37 56 
0 39 46 63 
0 38 47 63 
10 39 56 63 
4 7 52 56 
0 53 57 63 
0 29 56 59 
39 43 56 63 
7 11 48 56 
7 35 56 58 
7 14 47 63 
53 56 62 63 
52 56 59 63 
0 54 58 63 
0 24 29 63 
0 25 56 59 
0 4 36 63 
0 35 58 63 
0 7 15 46 
0 17 60 63 
7 38 56 59 
0 6 13 56 
0 4 52 56 
36 47 56 63 
0 7 12 55 
24 49 56 63 
0 21 32 63 
0 7 8 52 
7 14 40 56 
0 7 16 18 
0 7 50 61 
0 2 33 63 
0 43 55 56 
0 7 8 33 
0 49 61 63 
7 34 47 56 
14 24 56 63 
7 42 55 63 
0 7 23 29 
7 17 48 56 
7 32 46 63 
7 16 46 63 
0 19 24 63 
5 7 19 56 
0 7 8 20 
0 33 55 63 
0 5 13 56 
0 3 45 56 
2 7 51 63 
0 13 15 56 
1 7 49 63 
0 36 56 57 
26 31 56 63 
21 23 56 63 
0 24 34 63 
41 56 61 63 
0 10 23 63 
0 7 16 19 
0 13 16 63 
0 13 31 63 
0 8 44 56 
7 8 51 56 
7 23 29 63 
38 55 56 63 
28 47 56 63 
24 54 56 63 
1 7 19 63 
45 56 62 63 
0 9 16 56 
6 33 56 63 
2 7 17 63 
0 51 59 63 
44 56 61 63 
7 41 47 63 
0 1 7 18 
25 56 59 63 
28 56 62 63 
14 56 57 63 
7 12 32 56 
20 56 59 63 
7 51 58 63 
0 3 7 49 
0 7 32 35 
23 42 56 63 
7 27 48 63 
0 7 21 59 
8 11 56 63 
0 7 11 39 
7 11 16 63 
7 9 47 63 
4 7 14 56 
2 7 19 63 
7 48 49 56 
7 23 45 63 
7 24 50 56 
6 7 43 63 
0 2 7 33 
7 16 33 63 
0 7 22 61 
0 48 54 56 
0 7 48 50 
7 20 40 63 
0 9 47 63 
3 54 56 63 
0 31 50 63 
0 33 39 63 
0 26 48 56 
0 42 61 63 
3 7 18 63 
0 7 39 46 
0 7 38 47 
0 7 23 34 
0 7 15 44 
7 28 55 63 
0 10 32 63 
43 56 59 63 
34 56 62 63 
0 7 50 55 
0 6 7 20 
0 29 58 63 
5 7 25 56 
0 22 62 63 
8 27 56 63 
0 23 30 56 
0 27 39 63 
7 35 40 56 
0 5 25 56 
13 56 58 63 
10 24 56 63 
0 12 56 58 
15 30 56 63 
6 7 11 63 
0 12 39 56 
0 7 44 58 
7 34 56 62 
0 16 19 63 
0 7 26 31 
0 34 55 63 
7 12 48 63 
16 54 56 63 
0 7 19 31 
0 16 21 63 
0 11 62 63 
0 52 56 59 
0 8 26 56 
2 10 56 63 
0 21 32 56 
0 29 47 63 
14 31 56 63 
46 56 61 63 
0 7 20 58 
28 48 56 63 
0 7 32 36 
7 40 49 63 
7 16 25 63 
7 22 56 60 
7 13 56 61 
0 9 24 63 
0 7 36 39 
7 8 27 56 
0 3 7 44 
7 19 24 63 
15 36 56 63 
1 7 44 56 
13 31 56 63 
7 25 48 63 
0 7 10 23 
0 7 40 42 
0 1 36 56 
15 42 56 63 
0 7 9 39 
1 7 50 56 
7 22 56 61 
4 7 28 56 
0 7 20 39 
0 4 7 42 
0 7 32 42 
0 2 34 63 
7 38 48 56 
0 7 8 14 
7 16 49 63 
0 11 56 62 
7 14 31 56 
7 15 34 63 
0 9 16 63 
0 7 23 30 
0 33 40 56 
0 7 16 46 
7 30 55 63 
0 2 43 63 
7 18 32 63 
34 56 60 63 
17 39 56 63 
28 56 58 63 
2 25 56 63 
0 15 41 56 
13 56 62 63 
0 12 55 63 
0 7 19 47 
2 7 50 63 
35 56 62 63 
40 44 56 63 
0 28 62 63 
7 40 51 63 
0 7 33 62 
7 22 32 56 
31 35 56 63 
2 35 56 63 
0 3 7 28 
0 23 46 56 
7 23 51 56 
0 7 27 48 
0 7 36 61 
0 26 31 56 
0 54 62 63 
1 7 43 56 
5 7 35 56 
0 7 25 40 
0 3 7 34 
1 7 20 56 
5 19 56 63 
3 7 10 63 
0 10 59 63 
37 56 60 63 
0 16 27 63 
0 7 8 41 
6 7 18 56 
0 36 56 58 
7 21 48 63 
17 56 57 63 
0 7 38 48 
7 32 41 63 
7 18 48 63 
0 7 33 55 
0 7 24 50 
7 50 56 57 
4 7 19 63 
0 6 25 56 
0 4 37 56 
0 8 38 63 
7 13 59 63 
4 10 56 63 
7 24 53 63 
7 18 56 62 
7 28 32 63 
24 33 56 63 
0 15 44 56 
4 7 53 56 
44 56 58 63 
7 10 56 61 
10 40 56 63 
0 18 47 56 
5 49 56 63 
2 7 41 63 
7 43 56 61 
0 30 58 63 
7 25 55 56 
7 8 43 56 
6 7 26 63 
0 36 48 63 
15 22 56 63 
0 6 38 56 
24 46 56 63 
0 47 49 56 
0 35 57 63 
0 3 7 46 
7 53 56 57 
7 16 42 56 
7 15 20 63 
0 5 38 63 
7 35 55 63 
0 8 34 56 
7 12 56 60 
0 30 39 63 
49 56 61 63 
5 7 26 63 
22 24 56 63 
7 24 37 63 
0 47 52 63 
0 22 57 63 
32 38 56 63 
0 23 28 63 
0 28 47 56 
0 43 60 63 
0 41 56 62 
5 7 17 63 
0 31 51 63 
0 16 30 56 
7 10 32 56 
0 9 40 56 
0 29 31 63 
0 4 45 56 
0 7 8 26 
4 28 56 63 
4 7 54 63 
7 42 58 63 
7 39 50 63 
0 1 54 56 
5 37 56 63 
0 2 7 25 
7 40 46 56 
0 10 55 63 
32 46 56 63 
0 7 53 57 
0 50 61 63 
0 20 59 63 
7 28 47 56 
7 20 56 57 
7 45 56 61 
35 55 56 63 
5 27 56 63 
0 7 10 39 
7 26 31 63 
7 8 30 56 
7 40 43 63 
0 3 7 52 
7 51 60 63 
0 23 33 63 
29 48 56 63 
0 7 8 30 
0 7 54 58 
0 7 25 39 
0 7 11 24 
0 4 7 21 
7 48 54 56 
7 9 56 59 
0 7 8 9 
0 4 27 63 
7 32 42 56 
7 49 58 63 
0 3 29 56 
0 36 59 63 
2 46 56 63 
0 48 50 63 
36 56 62 63 
5 7 44 56 
0 46 56 59 
1 7 49 56 
0 20 56 58 
7 20 56 59 
0 2 7 34 
0 8 22 56 
7 23 28 56 
28 39 56 63 
54 56 62 63 
1 7 9 63 
0 16 17 63 
7 37 39 56 
2 7 18 56 
0 52 56 58 
7 31 41 63 
5 25 56 63 
7 42 59 63 
7 28 48 63 
4 7 50 63 
0 4 44 63 
2 7 14 56 
0 31 52 56 
7 26 48 63 
12 16 56 63 
0 1 25 56 
42 56 58 63 
3 7 22 63 
7 21 39 56 
7 22 31 63 
7 50 56 59 
0 32 43 63 
7 23 34 63 
0 22 56 60 
34 47 56 63 
0 7 30 32 
0 2 37 63 
0 7 20 57 
0 25 31 63 
7 9 56 61 
7 17 40 63 
7 15 26 63 
0 1 25 63 
18 56 61 63 
0 3 18 56 
0 31 54 56 
7 41 56 61 
31 44 56 63 
7 35 47 63 
7 27 56 60 
1 7 53 56 
0 11 55 56 
2 52 56 63 
0 2 42 63 
50 56 59 63 
0 6 18 63 
7 14 31 63 
27 55 56 63 
0 7 33 39 
0 38 40 56 
2 7 27 56 
0 7 14 39 
7 44 59 63 
0 7 15 30 
0 7 32 45 
7 29 39 56 
0 15 30 56 
0 34 56 59 
26 56 60 63 
0 50 56 60 
7 28 57 63 
18 55 56 63 
2 50 56 63 
0 36 61 63 
7 35 48 56 
0 1 21 56 
0 53 55 63 
0 7 28 39 
7 40 45 56 
7 32 45 63 
0 1 18 63 
0 7 42 47 
0 5 7 28 
17 40 56 63 
7 37 40 56 
0 23 54 56 
7 23 54 63 
1 7 11 63 
3 7 50 63 
15 43 56 63 
7 15 22 56 
2 7 46 63 
19 56 61 63 
4 7 26 63 
0 26 40 56 
0 7 12 58 
7 23 25 56 
0 7 9 23 
7 18 47 56 
0 40 54 63 
0 18 31 56 
0 1 26 63 
0 3 7 19 
0 15 35 56 
0 15 46 63 
0 22 56 61 
7 11 31 63 
6 11 56 63 
0 1 7 30 
0 3 7 54 
0 7 14 15 
0 24 38 63 
35 40 56 63 
45 55 56 63 
0 10 23 56 
7 10 23 63 
6 7 50 63 
15 52 56 63 
6 7 33 56 
0 24 43 63 
0 16 49 56 
0 6 37 56 
8 41 56 63 
1 45 56 63 
0 7 48 53 
34 56 58 63 
0 7 9 48 
0 7 23 26 
0 7 32 50 
0 39 44 56 
0 38 55 63 
7 30 56 61 
17 55 56 63 
0 15 28 63 
7 13 40 63 
5 7 9 56 
0 45 47 56 
20 56 58 63 
7 23 53 63 
0 21 39 63 
0 20 56 57 
5 7 46 63 
0 1 7 51 
7 8 19 63 
0 7 24 34 
7 34 56 57 
0 5 52 56 
0 6 7 18 
7 23 37 56 
7 14 39 56 
0 38 56 60 
7 49 56 62 
7 10 56 59 
0 3 42 56 
47 53 56 63 
0 7 39 52 
22 55 56 63 
7 48 52 63 
0 7 31 54 
7 24 38 56 
0 3 7 50 
7 30 57 63 
0 5 50 56 
3 7 12 56 
7 8 22 63 
16 21 56 63 
3 36 56 63 
7 8 54 56 
7 10 55 56 
2 7 42 56 
0 2 18 63 
3 53 56 63 
0 3 38 63 
0 53 56 60 
7 12 56 59 
44 56 57 63 
0 6 7 38 
7 11 16 56 
10 47 56 63 
0 24 50 63 
0 6 14 63 
2 7 25 56 
23 36 56 63 
21 39 56 63 
40 51 56 63 
7 15 53 63 
7 19 40 63 
0 17 56 60 
4 20 56 63 
0 7 34 61 
0 18 24 63 
0 31 50 56 
0 46 56 61 
0 46 55 56 
0 7 8 54 
7 26 55 56 
0 22 55 56 
7 50 57 63 
0 7 22 24 
0 39 53 63 
0 17 62 63 
1 53 56 63 
7 45 48 56 
0 1 19 56 
39 41 56 63 
0 1 7 49 
0 5 7 18 
3 7 37 56 
23 35 56 63 
0 16 52 56 
0 7 17 24 
7 20 23 63 
5 33 56 63 
0 51 61 63 
0 52 56 57 
0 3 34 63 
7 27 31 63 
0 31 37 56 
7 35 59 63 
0 1 49 56 
0 7 18 31 
3 7 51 56 
0 7 8 35 
0 49 56 59 
0 31 42 56 
0 25 48 63 
32 42 56 63 
0 20 48 63 
6 7 14 56 
3 7 28 56 
0 41 60 63 
7 51 55 56 
0 7 41 58 
8 38 56 63 
7 31 53 56 
20 56 57 63 
7 14 56 59 
0 5 7 37 
7 22 48 56 
0 8 10 63 
7 8 36 63 
4 36 56 63 
5 26 56 63 
4 7 36 63 
0 24 33 56 
5 7 33 56 
27 31 56 63 
0 22 55 63 
7 43 56 60 
0 14 39 63 
0 6 50 56 
0 9 40 63 
7 26 56 57 
0 4 7 14 
0 52 59 63 
0 54 55 56 
0 1 9 63 
7 24 25 63 
0 7 23 36 
0 5 54 56 
0 2 30 63 
9 31 56 63 
0 25 57 63 
15 18 56 63 
0 7 23 51 
0 7 46 47 
3 22 56 63 
0 4 7 33 
6 50 56 63 
0 8 21 56 
7 8 11 56 
0 5 46 56 
0 13 23 63 
0 38 48 56 
7 45 55 56 
0 5 19 63 
4 14 56 63 
7 21 56 58 
0 34 56 61 
7 23 44 56 
15 44 56 63 
8 18 56 63 
5 7 36 63 
4 7 21 63 
0 26 56 61 
0 31 34 56 
0 36 56 61 
0 7 29 40 
7 16 35 56 
0 2 41 56 
7 31 50 63 
0 40 49 63 
0 11 23 56 
0 1 50 63 
7 29 55 56 
0 23 42 56 
0 14 23 63 
7 16 38 56 
0 21 31 63 
0 47 50 63 
7 23 30 63 
0 7 38 59 
0 4 7 36 
6 7 42 56 
7 10 58 63 
7 40 44 56 
7 15 42 56 
0 23 43 56 
0 3 35 63 
19 47 56 63 
0 15 37 56 
0 47 51 56 
0 1 7 33 
29 56 59 63 
0 4 19 63 
0 7 10 15 
48 49 56 63 
0 16 20 63 
0 40 41 56 
7 37 56 59 
0 7 53 58 
2 33 56 63 
0 7 46 48 
0 44 56 58 
32 54 56 63 
7 13 16 56 
22 32 56 63 
0 8 19 63 
2 21 56 63 
0 41 48 63 
7 36 55 56 
0 28 47 63 
0 3 11 63 
0 26 32 63 
0 26 59 63 
0 31 49 56 
7 9 48 56 
0 5 26 63 
0 3 46 56 
2 7 52 63 
1 29 56 63 
0 7 46 58 
0 14 47 56 
0 4 46 63 
0 4 17 63 
0 1 17 63 
0 4 38 63 
7 36 56 60 
0 18 56 58 
7 8 10 56 
7 40 52 56 
0 7 32 52 
0 2 7 13 
7 15 36 63 
21 47 56 63 
0 16 45 56 
0 7 11 48 
0 32 36 63 
7 26 61 63 
7 8 46 56 
0 10 56 57 
36 56 58 63 
0 1 7 37 
2 7 14 63 
0 2 7 10 
0 3 7 45 
0 37 57 63 
0 12 40 63 
30 40 56 63 
7 32 49 56 
0 27 48 63 
7 17 32 63 
0 50 55 63 
0 29 59 63 
0 7 27 62 
0 24 52 63 
0 43 62 63 
1 7 13 56 
5 7 27 56 
0 13 59 63 
0 9 31 56 
15 50 56 63 
2 51 56 63 
0 7 47 53 
7 18 59 63 
0 23 49 63 
7 30 48 63 
0 44 55 56 
0 25 47 63 
0 50 56 59 
0 14 56 57 
0 7 42 48 
0 32 38 63 
3 7 26 63 
0 7 32 43 
7 39 53 56 
7 25 55 63 
11 56 60 63 
5 7 34 56 
0 7 15 21 
0 27 47 63 
0 25 39 56 
7 15 22 63 
15 53 56 63 
7 36 56 62 
0 4 21 56 
7 21 47 56 
7 21 24 56 
0 1 22 63 
4 42 56 63 
0 7 28 55 
0 7 41 59 
0 24 30 56 
7 25 39 63 
7 40 54 63 
0 28 60 63 
0 40 45 56 
17 56 61 63 
7 39 50 56 
0 5 7 29 
0 7 25 55 
0 22 32 63 
7 26 55 63 
0 7 24 51 
7 46 56 58 
41 56 57 63 
0 7 30 40 
15 34 56 63 
0 18 40 63 
7 44 56 61 
0 45 59 63 
0 1 43 63 
0 28 32 56 
7 17 24 56 
15 49 56 63 
0 25 55 56 
0 7 12 59 
0 3 41 63 
0 37 40 56 
2 7 50 56 
7 36 56 61 
0 7 16 35 
0 2 34 56 
7 14 15 63 
7 16 53 56 
0 2 45 63 
1 54 56 63 
0 48 54 63 
7 10 39 63 
0 7 34 40 
0 7 9 62 
7 50 55 63 
7 14 55 56 
7 17 55 63 
7 35 57 63 
0 4 51 56 
7 29 31 63 
0 44 60 63 
6 7 25 56 
5 7 28 63 
0 35 55 56 
0 27 31 63 
0 2 7 35 
2 7 20 63 
7 46 48 63 
0 34 48 56 
7 16 30 63 
2 34 56 63 
0 5 7 53 
0 26 56 57 
3 7 9 63 
0 37 56 59 
0 2 22 56 
7 31 46 56 
7 52 61 63 
4 7 36 56 
3 7 49 63 
15 26 56 63 
22 48 56 63 
0 7 21 58 
44 56 59 63 
0 24 46 63 
0 21 23 63 
0 7 10 32 
29 56 62 63 
7 42 56 62 
43 56 57 63 
24 43 56 63 
0 45 55 63 
0 1 27 56 
0 2 35 63 
0 33 48 56 
0 7 52 60 
0 7 16 49 
26 56 59 63 
23 53 56 63 
7 51 56 62 
1 34 56 63 
2 7 9 63 
0 31 37 63 
9 15 56 63 
7 12 47 56 
0 7 21 39 
7 54 61 63 
4 13 56 63 
17 31 56 63 
7 39 52 63 
7 17 48 63 
0 24 25 63 
7 19 23 63 
7 25 56 59 
0 49 57 63 
0 31 33 56 
0 5 50 63 
0 23 29 63 
0 7 19 48 
0 7 50 60 
0 1 49 63 
7 34 39 56 
0 47 53 56 
0 7 40 52 
7 24 54 56 
0 48 53 63 
0 3 17 63 
0 7 22 39 
7 12 62 63 
5 7 52 63 
0 3 53 63 
0 16 30 63 
7 37 55 56 
0 7 25 58 
0 1 7 35 
0 3 46 63 
0 4 7 19 
0 6 30 63 
0 2 7 36 
0 7 25 60 
0 18 62 63 
24 52 56 63 
1 7 28 56 
6 26 56 63 
5 7 29 63 
0 2 28 63 
7 24 53 56 
0 8 51 63 
0 1 30 63 
0 1 38 56 
7 19 39 56 
0 7 23 45 
0 2 53 63 
23 27 56 63 
3 30 56 63 
0 24 29 56 
0 23 41 63 
0 8 46 56 
7 8 52 63 
7 24 27 63 
7 29 60 63 
7 34 48 56 
7 42 56 61 
2 7 54 56 
7 52 59 63 
0 7 54 55 
0 7 53 59 
0 43 55 63 
38 56 61 63 
0 7 30 57 
0 30 47 63 
5 7 30 63 
5 7 25 63 
0 5 51 56 
7 32 37 56 
3 7 41 56 
22 40 56 63 
0 25 55 63 
0 7 51 62 
0 18 32 56 
0 32 37 56 
0 48 52 63 
0 7 15 28 
0 7 52 55 
0 8 36 56 
0 13 16 56 
0 29 40 63 
0 32 44 63 
0 40 45 63 
0 37 60 63 
7 15 35 56 
7 41 58 63 
5 7 14 63 
7 18 58 63 
7 14 15 56 
51 56 59 63 
7 19 31 56 
0 25 32 56 
29 56 60 63 
0 8 30 63 
0 7 18 47 
0 16 41 56 
7 8 50 56 
7 16 20 63 
15 25 56 63 
0 28 55 56 
24 38 56 63 
7 14 55 63 
2 38 56 63 
15 51 56 63 
6 7 10 56 
0 7 21 62 
7 38 40 63 
1 37 56 63 
26 56 58 63 
0 4 42 63 
0 45 60 63 
7 32 44 56 
7 46 55 56 
0 41 48 56 
23 25 56 63 
0 7 12 31 
0 48 50 56 
0 3 28 56 
7 25 47 56 
0 7 16 30 
7 8 49 63 
0 10 39 63 
5 7 12 63 
0 7 34 62 
0 3 7 9 
0 38 55 56 
0 7 39 50 
0 39 51 63 
7 47 51 63 
5 7 22 56 
20 56 61 63 
0 36 62 63 
7 12 56 57 
5 7 46 56 
7 52 56 62 
16 29 56 63 
1 9 56 63 
0 42 48 63 
0 7 22 32 
48 51 56 63 
0 21 59 63 
7 12 40 63 
30 55 56 63 
0 2 7 45 
0 21 24 63 
0 9 57 63 
0 7 9 57 
7 14 56 58 
0 32 53 63 
27 56 57 63 
37 56 59 63 
38 56 59 63 
16 46 56 63 
3 51 56 63 
7 14 23 56 
0 32 37 63 
7 18 57 63 
1 41 56 63 
31 41 56 63 
32 53 56 63 
7 28 62 63 
7 8 37 56 
7 33 47 63 
0 7 32 33 
0 18 57 63 
7 14 16 63 
6 7 17 56 
7 47 49 63 
0 16 54 56 
45 47 56 63 
5 7 34 63 
7 41 48 63 
31 45 56 63 
0 7 54 62 
0 14 61 63 
3 7 54 63 
7 43 56 59 
7 11 56 62 
0 11 56 61 
0 7 9 47 
0 3 7 20 
7 37 40 63 
0 7 8 38 
0 16 35 56 
5 7 18 56 
0 4 41 63 
14 32 56 63 
0 4 46 56 
0 30 40 56 
0 26 47 63 
0 34 47 63 
0 41 47 63 
0 7 34 59 
0 6 7 46 
54 56 61 63 
0 24 33 63 
0 7 37 58 
7 24 28 56 
7 14 40 63 
0 1 34 63 
7 16 35 63 
0 5 7 38 
0 32 34 63 
0 7 18 62 
0 2 51 63 
7 13 62 63 
6 45 56 63 
41 47 56 63 
0 10 56 62 
7 52 57 63 
7 25 32 63 
0 35 39 56 
0 23 51 63 
0 28 39 63 
7 40 45 63 
0 23 30 63 
11 40 56 63 
7 20 23 56 
7 15 44 63 
0 4 51 63 
39 49 56 63 
7 11 15 56 
4 7 14 63 
7 20 32 56 
0 5 33 56 
1 7 33 56 
0 12 57 63 
0 6 51 63 
7 27 62 63 
7 45 58 63 
5 42 56 63 
0 16 18 56 
0 19 32 56 
7 16 51 56 
0 6 46 63 
3 49 56 63 
0 7 13 32 
0 7 24 26 
0 23 51 56 
7 41 56 57 
7 21 61 63 
7 38 60 63 
3 45 56 63 
7 28 31 63 
7 48 53 56 
0 8 41 56 
0 7 33 59 
0 6 7 25 
7 20 47 63 
0 30 56 58 
7 13 60 63 
5 7 44 63 
3 7 46 63 
0 7 15 26 
36 48 56 63 
6 7 42 63 
0 34 58 63 
0 7 20 47 
0 7 24 46 
30 56 62 63 
19 56 62 63 
7 37 48 56 
9 40 56 63 
7 23 45 56 
3 11 56 63 
0 1 33 63 
7 25 32 56 
7 45 56 58 
7 10 23 56 
0 25 56 61 
23 34 56 63 
0 7 25 31 
15 38 56 63 
7 23 50 56 
0 7 28 40 
0 7 15 42 
33 39 56 63 
0 15 20 56 
0 43 57 63 
0 17 40 63 
7 26 56 61 
0 35 61 63 
4 34 56 63 
0 7 50 57 
0 6 7 45 
7 22 23 56 
5 7 49 56 
7 36 56 57 
7 15 27 56 
0 7 52 57 
17 48 56 63 
7 15 45 63 
16 18 56 63 
9 56 61 63 
0 3 33 63 
27 56 61 63 
0 51 55 63 
7 53 57 63 
7 8 18 63 
7 41 56 59 
19 55 56 63 
0 7 29 61 
0 7 8 44 
49 55 56 63 
7 52 56 59 
0 42 56 62 
0 7 33 58 
0 32 33 63 
0 12 15 56 
0 27 62 63 
33 40 56 63 
0 29 39 63 
0 7 30 60 
0 4 7 53 
0 7 13 16 
0 42 58 63 
0 37 62 63 
0 2 35 56 
12 56 57 63 
0 34 39 56 
0 2 13 56 
0 19 40 56 
7 31 43 63 
0 49 56 62 
0 36 40 63 
4 33 56 63 
7 22 56 58 
1 7 25 56 
7 34 40 63 
0 7 43 62 
0 6 7 35 
0 2 28 56 
30 56 58 63 
7 31 52 56 
0 36 47 56 
7 34 58 63 
0 4 54 63 
0 11 56 60 
0 7 10 59 
0 37 47 56 
6 7 41 63 
0 20 31 63 
37 39 56 63 
0 9 59 63 
0 7 14 16 
7 23 50 63 
4 7 18 63 
3 28 56 63 
4 7 18 56 
0 7 39 49 
4 7 20 56 
0 3 50 63 
5 44 56 63 
42 47 56 63 
1 7 21 63 
13 16 56 63 
23 43 56 63 
0 7 31 42 
0 26 62 63 
35 56 60 63 
0 7 49 60 
7 9 56 62 
0 7 33 48 
0 5 49 56 
7 21 55 63 
7 38 47 63 
0 43 58 63 
0 17 55 63 
0 7 15 38 
0 7 35 58 
2 7 38 56 
0 25 59 63 
7 8 35 56 
4 7 10 56 
0 7 38 55 
0 24 41 56 
0 1 7 27 
0 7 28 48 
0 2 38 56 
0 6 50 63 
7 54 59 63 
0 18 55 63 
16 44 56 63 
11 23 56 63 
0 7 17 60 
31 50 56 63 
7 24 35 63 
0 1 14 56 
0 3 11 56 
0 30 32 56 
7 14 58 63 
0 37 56 61 
7 54 55 56 
7 30 47 63 
7 24 54 63 
0 31 51 56 
0 1 7 54 
0 24 45 56 
0 2 20 63 
3 7 10 56 
0 54 56 59 
53 56 58 63 
21 56 61 63 
0 12 59 63 
0 7 41 61 
27 32 56 63 
21 32 56 63 
0 2 7 28 
12 31 56 63 
15 27 56 63 
7 20 47 56 
7 43 59 63 
1 7 41 63 
0 2 11 56 
0 25 31 56 
0 23 35 56 
0 8 29 56 
0 5 7 21 
7 16 21 56 
1 7 21 56 
3 7 17 63 
7 20 55 56 
7 24 52 56 
16 36 56 63 
0 5 28 56 
0 7 34 57 
0 30 61 63 
3 7 37 63 
23 28 56 63 
0 16 25 56 
0 7 13 61 
0 7 29 58 
0 17 32 56 
0 7 11 32 
0 21 62 63 
0 4 54 56 
0 7 23 53 
1 25 56 63 
46 56 58 63 
0 5 7 30 
0 23 25 56 
7 49 55 56 
0 3 13 56 
36 56 60 63 
0 31 46 56 
7 21 32 56 
0 4 53 63 
35 47 56 63 
0 14 40 63 
0 16 35 63 
0 5 7 19 
0 32 45 56 
0 5 10 63 
0 5 49 63 
7 50 59 63 
0 6 43 56 
0 5 42 56 
7 34 39 63 
18 24 56 63 
0 7 19 39 
7 9 23 56 
4 7 43 63 
0 6 7 52 
0 5 13 63 
0 35 55 63 
0 4 7 30 
0 26 60 63 
7 31 37 56 
0 27 55 56 
7 8 17 63 
0 7 44 48 
7 18 56 57 
4 7 27 56 
7 50 56 60 
0 7 24 52 
0 15 41 63 
7 38 55 56 
0 1 45 63 
0 1 7 11 
7 16 50 63 
0 2 18 56 
7 32 46 56 
0 37 55 56 
3 41 56 63 
0 18 23 56 
7 11 15 63 
23 46 56 63 
7 22 48 63 
8 28 56 63 
0 13 56 58 
7 47 52 56 
7 15 25 63 
0 4 7 49 
7 19 24 56 
7 43 47 63 
49 56 62 63 
7 8 9 63 
0 46 58 63 
7 32 36 56 
0 7 47 50 
0 2 36 63 
7 30 31 63 
0 8 17 63 
0 8 27 56 
7 53 56 58 
7 25 40 56 
7 31 51 63 
3 7 29 56 
7 40 42 63 
0 5 54 63 
7 33 57 63 
5 7 41 56 
0 45 56 58 
8 22 56 63 
0 31 41 56 
0 35 40 56 
0 5 7 52 
0 2 41 63 
0 7 32 53 
0 37 56 60 
2 7 44 56 
4 25 56 63 
0 29 48 63 
0 7 16 29 
0 7 36 40 
0 24 49 56 
7 23 41 56 
0 23 52 56 
4 35 56 63 
2 19 56 63 
0 46 55 63 
4 9 56 63 
0 3 49 56 
2 22 56 63 
2 7 19 56 
7 8 26 63 
0 7 14 32 
7 21 60 63 
1 33 56 63 
0 7 13 23 
7 36 61 63 
0 11 48 56 
0 6 12 56 
0 5 7 35 
7 21 58 63 
7 11 32 56 
2 7 49 63 
1 27 56 63 
0 2 38 63 
30 32 56 63 
7 51 56 59 
0 17 39 63 
24 36 56 63 
0 7 10 61 
6 7 36 56 
0 1 7 42 
0 7 34 55 
0 15 22 63 
0 17 47 63 
26 32 56 63 
7 38 56 62 
7 15 52 63 
7 19 32 63 
3 25 56 63 
0 3 42 63 
41 56 62 63 
4 7 12 56 
7 23 30 56 
2 7 28 63 
0 16 29 56 
7 22 62 63 
0 7 8 27 
0 16 51 63 
7 12 60 63 
11 56 59 63 
0 14 56 60 
6 12 56 63 
0 16 28 63 
13 47 56 63 
0 23 50 56 
7 8 53 56 
21 56 60 63 
7 12 56 62 
7 40 44 63 
7 48 54 63 
0 2 7 14 
7 24 26 63 
7 24 42 63 
0 25 60 63 
0 42 56 61 
0 14 62 63 
0 9 62 63 
0 7 39 41 
7 26 56 60 
0 15 30 63 
7 10 61 63 
7 34 56 61 
1 35 56 63 
0 34 56 57 
16 51 56 63 
0 8 10 56 
21 56 58 63 
7 20 56 60 
7 8 14 56 
3 7 44 63 
7 50 58 63 
7 27 56 58 
0 22 61 63 
0 7 14 60 
0 47 54 56 
0 41 59 63 
7 9 15 56 
7 38 39 63 
7 27 48 56 
4 18 56 63 
7 10 15 56 
11 56 58 63 
0 46 56 57 
0 5 12 56 
0 19 60 63 
7 28 40 56 
2 7 17 56 
3 7 35 63 
0 5 27 63 
0 23 36 56 
7 42 62 63 
6 34 56 63 
0 7 34 60 
0 7 26 61 
18 23 56 63 
3 35 56 63 
8 9 56 63 
52 56 57 63 
0 7 18 61 
7 26 31 56 
7 22 40 63 
0 7 31 43 
3 7 52 56 
0 7 34 58 
0 7 27 59 
0 8 45 56 
0 7 43 61 
3 7 33 56 
7 8 38 56 
14 40 56 63 
0 42 59 63 
0 44 56 60 
7 16 49 56 
8 50 56 63 
10 32 56 63 
3 7 19 56 
0 2 7 43 
0 7 8 28 
7 26 47 56 
0 24 44 63 
18 56 57 63 
0 5 7 10 
7 14 23 63 
7 26 56 58 
41 48 56 63 
0 6 7 41 
33 56 61 63 
0 52 57 63 
7 49 61 63 
0 26 39 56 
0 6 36 56 
7 23 44 63 
0 7 32 37 
0 7 15 53 
21 31 56 63 
0 1 44 63 
0 3 27 56 
0 4 26 56 
0 47 51 63 
0 19 24 56 
0 11 47 56 
33 56 58 63 
7 23 53 56 
0 7 49 58 
7 23 27 56 
7 43 58 63 
44 56 60 63 
7 25 56 58 
51 56 60 63 
0 7 17 57 
15 21 56 63 
18 56 62 63 
8 12 56 63 
0 8 25 56 
0 1 11 56 
3 7 14 63 
7 8 35 63 
7 12 55 63 
0 14 16 63 
7 33 39 56 
0 46 47 63 
3 7 26 56 
3 7 34 56 
6 7 53 56 
0 10 47 63 
10 56 57 63 
0 10 58 63 
3 7 27 56 
0 4 14 63 
0 26 56 60 
7 37 58 63 
0 7 17 58 
0 7 9 24 
0 44 56 61 
1 7 46 63 
0 3 7 42 
7 15 46 63 
0 7 38 61 
2 53 56 63 
0 12 56 61 
0 23 27 63 
7 15 19 56 
7 12 31 63 
7 51 62 63 
7 20 56 62 
0 28 56 61 
0 23 26 63 
21 40 56 63 
0 2 13 63 
0 27 61 63 
7 27 56 61 
6 52 56 63 
7 12 56 58 
7 20 40 56 
0 17 32 63 
0 22 56 58 
20 31 56 63 
47 54 56 63 
7 8 44 63 
7 16 41 56 
29 40 56 63 
0 7 26 48 
7 8 44 56 
31 52 56 63 
0 31 38 63 
7 22 47 56 
0 21 56 62 
7 8 51 63 
7 41 47 56 
23 49 56 63 
0 52 61 63 
0 10 24 56 
7 43 60 63 
0 5 35 63 
5 7 13 56 
0 16 33 63 
0 7 32 34 
0 25 40 63 
7 17 31 56 
7 11 39 63 
0 7 51 57 
7 13 56 57 
0 20 57 63 
51 56 58 63 
0 15 46 56 
0 7 12 61 
0 32 46 56 
0 3 19 63 
7 34 57 63 
30 47 56 63 
0 7 37 55 
0 3 7 22 
0 7 23 50 
5 7 10 56 
0 2 7 54 
0 6 7 21 
7 28 55 56 
0 10 56 58 
0 8 49 56 
7 42 47 63 
0 16 28 56 
0 6 7 43 
0 7 20 40 
0 5 14 56 
39 50 56 63 
0 7 27 60 
2 7 34 56 
0 5 37 63 
7 16 52 63 
7 19 31 63 
7 27 40 56 
0 5 51 63 
7 28 56 58 
0 7 28 60 
0 7 29 32 
13 23 56 63 
1 22 56 63 
7 29 56 59 
1 7 12 63 
7 51 56 60 
0 10 55 56 
7 33 55 63 
0 7 35 47 
2 9 56 63 
0 15 20 63 
6 7 19 63 
0 16 46 56 
0 7 42 58 
22 56 62 63 
0 6 29 63 
0 7 51 60 
0 8 34 63 
0 5 41 56 
7 23 28 63 
0 7 23 37 
3 10 56 63 
4 43 56 63 
7 52 62 63 
7 32 53 56 
0 1 7 26 
0 30 56 61 
0 41 56 58 
0 29 56 61 
0 8 53 63 
0 4 7 50 
39 54 56 63 
27 40 56 63 
3 44 56 63 
4 7 42 56 
4 7 34 56 
0 4 7 34 
0 38 56 61 
7 14 16 56 
0 13 56 59 
0 33 60 63 
0 6 10 56 
4 22 56 63 
0 5 34 63 
48 52 56 63 
7 22 56 59 
10 15 56 63 
7 45 56 57 
0 27 56 61 
31 51 56 63 
7 35 61 63 
50 56 60 63 
0 15 33 56 
0 3 14 63 
7 11 47 63 
0 7 45 57 
0 1 7 46 
7 46 56 62 
0 30 31 63 
5 7 42 63 
0 7 31 35 
3 19 56 63 
7 34 56 59 
7 24 36 63 
7 11 24 63 
0 6 7 51 
0 5 7 43 
0 15 52 63 
2 7 37 56 
7 31 44 63 
7 23 29 56 
0 2 7 17 
43 56 62 63 
0 2 9 56 
0 24 36 56 
0 53 55 56 
0 37 59 63 
7 28 58 63 
0 54 56 58 
7 30 39 63 
0 23 50 63 
7 15 51 56 
15 54 56 63 
0 37 39 56 
0 36 39 56 
0 19 61 63 
43 48 56 63 
0 54 55 63 
0 12 60 63 
0 17 24 56 
7 32 34 56 
0 9 56 60 
0 45 48 63 
0 7 12 57 
7 47 50 56 
0 5 45 63 
0 1 7 19 
0 7 8 22 
7 32 43 56 
0 7 9 16 
0 7 15 51 
0 6 44 63 
7 38 61 63 
0 30 32 63 
7 52 55 56 
0 10 60 63 
0 31 36 63 
0 16 50 63 
3 7 25 56 
7 30 47 56 
5 7 35 63 
7 9 40 63 
7 35 39 56 
0 1 41 63 
7 16 53 63 
0 19 31 56 
0 7 15 22 
7 28 56 60 
2 7 35 63 
0 6 7 34 
0 6 7 33 
0 6 35 56 
0 6 26 56 
0 7 8 21 
7 29 47 63 
0 14 24 56 
7 21 56 62 
0 45 47 63 
0 8 46 63 
4 7 20 63 
0 32 51 56 
0 7 15 36 
22 31 56 63 
5 7 26 56 
7 30 31 56 
0 5 7 50 
6 7 13 56 
6 7 11 56 
1 7 46 56 
0 7 40 53 
7 12 15 63 
0 52 60 63 
0 4 14 56 
7 9 32 63 
1 7 22 63 
7 32 38 63 
0 5 43 56 
7 8 49 56 
31 33 56 63 
4 30 56 63 
0 2 52 63 
7 9 39 63 
7 20 59 63 
7 21 56 59 
27 48 56 63 
0 1 7 43 
0 8 52 63 
0 6 46 56 
0 32 38 56 
0 29 56 57 
0 34 61 63 
0 34 56 60 
6 7 49 63 
0 2 7 51 
7 27 47 63 
1 21 56 63 
0 1 27 63 
7 28 61 63 
0 37 39 63 
6 7 20 63 
3 7 54 56 
1 12 56 63 
7 32 49 63 
7 50 55 56 
0 23 45 56 
7 40 53 56 
0 5 7 34 
32 51 56 63 
0 23 53 63 
0 7 14 47 
7 12 23 56 
6 7 38 56 
0 45 55 56 
0 7 18 58 
0 43 56 57 
3 27 56 63 
0 7 19 59 
0 3 33 56 
0 39 50 63 
7 24 25 56 
7 13 15 56 
0 2 12 63 
7 27 31 56 
1 14 56 63 
7 50 61 63 
40 41 56 63 
0 18 58 63 
0 34 48 63 
7 11 56 60 
0 3 26 56 
0 7 35 40 
7 19 48 63 
7 21 24 63 
1 7 51 56 
5 7 43 63 
7 40 41 56 
0 7 22 60 
7 17 61 63 
3 7 13 56 
7 22 56 62 
0 7 16 52 
0 53 62 63 
0 7 9 58 
7 16 44 63 
0 7 24 41 
0 7 27 61 
7 31 54 63 
0 7 26 58 
0 4 38 56 
0 7 41 57 
0 7 24 49 
7 16 33 56 
0 7 46 62 
23 52 56 63 
0 1 51 63 
0 7 45 47 
0 6 7 44 
0 33 56 59 
14 15 56 63 
7 8 18 56 
43 55 56 63 
0 20 55 56 
34 48 56 63 
7 16 46 56 
0 6 54 63 
45 56 57 63 
7 19 58 63 
0 7 11 16 
4 7 17 63 
0 7 13 40 
0 4 27 56 
5 7 37 63 
7 31 46 63 
7 29 56 60 
25 39 56 63 
0 14 24 63 
7 9 31 63 
0 7 46 61 
0 7 39 51 
0 7 24 25 
7 37 56 58 
7 14 56 57 
3 7 49 56 
0 7 18 55 
0 7 43 57 
0 29 39 56 
0 6 7 9 
0 5 7 51 
0 49 55 56 
0 40 42 56 
2 7 45 56 
0 25 47 56 
0 6 19 56 
0 31 34 63 
0 45 61 63 
0 1 7 36 
7 42 47 56 
0 15 29 63 
7 32 42 63 
7 43 56 58 
7 8 28 63 
0 18 56 59 
0 7 10 60 
0 15 22 56 
0 1 12 63 
0 40 44 63 
7 16 30 56 
7 32 51 63 
3 7 9 56 
7 12 40 56 
4 7 21 56 
8 43 56 63 
24 51 56 63 
0 15 19 63 
0 6 30 56 
0 7 37 48 
0 6 43 63 
0 7 12 62 
0 47 49 63 
7 22 60 63 
12 24 56 63 
7 44 61 63 
7 53 56 59 
0 52 56 60 
0 9 23 56 
7 24 35 56 
0 5 30 63 
52 56 60 63 
0 1 29 56 
0 33 56 61 
7 47 53 63 
27 56 58 63 
7 23 49 56 
7 15 27 63 
6 27 56 63 
7 16 37 63 
6 46 56 63 
0 36 58 63 
0 20 40 63 
0 7 38 39 
0 5 7 11 
0 46 56 62 
4 7 54 56 
0 7 31 33 
7 14 60 63 
0 3 52 63 
7 41 57 63 
0 7 16 22 
7 8 13 56 
4 50 56 63 
0 5 17 63 
0 7 32 38 
1 7 18 56 
0 1 22 56 
0 17 58 63 
0 35 56 60 
0 21 24 56 
35 39 56 63 
0 3 7 43 
0 24 53 63 
6 36 56 63 
7 44 47 63 
1 7 11 56 
7 36 48 56 
7 32 35 56 
1 13 56 63 
0 42 48 56 
7 18 23 56 
7 44 48 63 
34 40 56 63 
0 49 62 63 
0 7 10 47 
0 7 42 60 
7 30 62 63 
0 15 34 56 
7 39 51 56 
0 7 26 39 
6 13 56 63 
0 7 24 33 
3 46 56 63 
6 7 9 63 
23 29 56 63 
5 7 10 63 
0 42 55 63 
28 56 60 63 
0 24 30 63 
7 40 42 56 
0 9 56 59 
0 6 7 49 
26 56 62 63 
2 7 52 56 
36 56 61 63 
0 19 47 63 
0 7 11 31 
0 3 7 35 
0 15 18 56 
7 38 47 56 
0 15 38 63 
2 7 41 56 
7 11 31 56 
6 7 36 63 
3 7 33 63 
7 8 25 63 
0 10 24 63 
0 40 51 56 
0 49 58 63 
0 5 10 56 
1 19 56 63 
6 19 56 63 
7 20 24 56 
44 55 56 63 
7 46 62 63 
2 18 56 63 
0 6 7 10 
0 7 19 40 
0 6 49 56 
7 27 58 63 
0 1 7 44 
7 24 29 56 
3 7 35 56 
0 2 46 56 
7 8 10 63 
4 7 45 56 
19 56 58 63 
0 8 14 56 
7 27 55 63 
5 28 56 63 
0 5 44 63 
0 30 60 63 
3 7 21 63 
0 7 44 55 
7 29 62 63 
0 3 13 63 
7 30 56 58 
0 5 7 45 
0 7 8 51 
6 7 34 56 
0 15 50 63 
7 10 24 56 
0 7 44 57 
7 30 32 63 
0 7 23 44 
7 22 47 63 
0 7 54 61 
7 9 55 63 
1 10 56 63 
0 7 29 31 
0 6 21 56 
7 49 56 58 
7 20 31 63 
0 7 18 32 
0 30 31 56 
0 5 7 42 
4 49 56 63 
0 7 27 31 
8 46 56 63 
0 7 44 61 
7 20 58 63 
0 7 25 62 
0 2 11 63 
2 7 54 63 
14 23 56 63 
0 11 58 63 
0 16 27 56 
0 7 16 44 
0 6 41 63 
7 15 38 56 
7 53 56 62 
0 2 7 18 
7 10 55 63 
0 18 31 63 
21 56 62 63 
7 18 56 61 
2 7 49 56 
7 23 42 56 
0 10 56 59 
0 2 10 63 
7 13 32 63 
7 8 14 63 
0 32 42 56 
0 29 60 63 
0 38 61 63 
0 7 25 61 
7 22 31 56 
7 25 60 63 
0 7 32 51 
7 8 11 63 
0 7 8 13 
7 15 53 56 
4 11 56 63 
7 13 56 62 
7 21 40 63 
0 6 41 56 
0 7 23 25 
0 12 62 63 
7 41 48 56 
7 35 56 60 
0 18 47 63 
7 41 55 63 
0 7 23 52 
0 14 15 56 
7 16 44 56 
0 17 47 56 
0 51 56 60 
0 1 52 63 
7 20 48 63 
11 55 56 63 
0 8 35 63 
0 26 55 63 
10 16 56 63 
16 30 56 63 
0 2 7 38 
4 7 51 56 
0 43 47 56 
5 7 54 56 
13 40 56 63 
4 7 10 63 
33 56 59 63 
37 56 62 63 
0 13 56 61 
7 13 39 63 
0 44 48 56 
38 47 56 63 
0 3 41 56 
0 3 44 56 
0 7 12 47 
46 56 62 63 
0 23 38 63 
7 39 41 63 
7 29 48 56 
0 1 13 56 
0 6 7 12 
7 26 40 56 
0 6 7 28 
0 7 18 48 
0 23 42 63 
1 7 45 56 
40 42 56 63 
0 28 32 63 
0 4 33 56 
16 27 56 63 
0 8 35 56 
23 33 56 63 
0 7 29 55 
20 39 56 63 
0 46 56 58 
7 29 48 63 
7 10 40 63 
0 6 54 56 
0 4 36 56 
0 7 27 39 
5 7 33 63 
0 7 22 40 
0 13 31 56 
7 12 47 63 
7 32 50 56 
14 56 59 63 
0 7 20 24 
0 20 23 63 
0 3 7 13 
2 7 21 56 
0 7 32 54 
36 39 56 63 
0 4 7 12 
7 20 48 56 
7 16 22 56 
1 7 14 63 
0 27 56 58 
0 1 10 63 
0 7 8 50 
0 24 27 63 
0 18 60 63 
0 44 57 63 
28 32 56 63 
7 21 40 56 
1 7 12 56 
7 39 51 63 
0 22 59 63 
4 7 41 63 
0 27 59 63 
0 7 8 10 
32 49 56 63 
7 8 54 63 
33 56 60 63 
0 43 59 63 
7 47 53 56 
0 5 53 63 
0 16 38 56 
0 23 41 56 
0 21 39 56 
0 13 24 56 
16 19 56 63 
7 46 56 57 
0 38 56 57 
25 47 56 63 
0 3 17 56 
1 7 42 63 
7 12 59 63 
0 7 14 24 
7 36 62 63 
0 2 17 63 
2 7 38 63 
7 42 56 59 
0 31 53 56 
25 40 56 63 
0 34 55 56 
3 34 56 63 
0 24 45 63 
7 37 60 63 
0 25 56 62 
0 9 15 56 
7 15 49 56 
0 7 26 60 
20 56 62 63 
0 28 61 63 
7 18 31 56 
6 7 17 63 
7 33 39 63 
12 32 56 63 
7 27 61 63 
7 18 48 56 
0 27 58 63 
22 56 60 63 
0 15 27 63 
7 31 53 63 
8 13 56 63 
0 48 51 56 
38 40 56 63 
49 56 58 63 
0 8 14 63 
0 5 20 56 
0 26 55 56 
8 54 56 63 
1 7 37 56 
7 53 56 60 
7 15 52 56 
0 31 33 63 
2 7 51 56 
0 4 7 27 
0 44 59 63 
0 16 20 56 
25 56 58 63 
0 46 59 63 
7 20 60 63 
0 45 62 63 
0 38 48 63 
12 56 62 63 
0 43 48 63 
30 39 56 63 
0 22 40 63 
6 7 12 56 
46 55 56 63 
0 7 22 55 
4 29 56 63 
0 4 7 29 
0 7 14 31 
7 14 48 56 
0 49 59 63 
7 24 50 63 
7 16 34 63 
0 5 18 56 
0 1 7 53 
0 13 24 63 
7 44 47 56 
7 25 56 60 
0 3 25 56 
6 22 56 63 
1 7 17 56 
13 48 56 63 
7 44 60 63 
37 40 56 63 
0 52 56 62 
0 8 30 56 
3 14 56 63 
7 25 48 56 
25 55 56 63 
0 23 26 56 
53 56 57 63 
7 28 56 62 
0 24 44 56 
7 9 56 60 
7 21 56 61 
7 14 32 63 
0 40 52 63 
0 2 14 63 
1 7 33 63 
0 2 37 56 
7 32 43 63 
0 5 20 63 
0 2 9 63 
0 50 56 61 
0 42 47 56 
7 18 56 58 
0 43 61 63 
7 29 32 63 
10 48 56 63 
1 7 54 56 
0 4 22 56 
0 33 47 63 
7 54 55 63 
0 7 30 62 
0 15 17 63 
0 7 23 28 
0 21 61 63 
0 2 7 21 
4 7 33 63 
3 7 17 56 
0 6 11 56 
0 2 27 56 
7 53 61 63 
5 18 56 63 
0 13 56 60 
7 31 34 56 
7 25 31 63 
7 24 52 63 
23 54 56 63 
26 55 56 63 
2 7 45 63 
0 22 58 63 
7 31 33 56 
0 8 21 63 
0 2 49 63 
0 29 55 56 
7 17 31 63 
34 55 56 63 
33 48 56 63 
0 8 9 63 
16 37 56 63 
0 48 53 56 
0 18 56 61 
0 7 42 59 
7 17 32 56 
7 30 60 63 
0 30 56 62 
0 15 45 56 
7 30 56 60 
7 16 25 56 
0 24 28 56 
0 7 28 58 
7 19 56 62 
0 2 46 63 
0 7 15 41 
0 2 7 11 
0 14 31 63 
7 8 53 63 
7 51 56 57 
0 15 26 56 
0 15 29 56 
25 48 56 63 
0 7 35 62 
0 1 21 63 
0 4 7 10 
7 23 35 56 
7 36 39 56 
0 4 18 56 
0 10 57 63 
17 47 56 63 
7 30 40 63 
0 10 40 63 
0 44 62 63 
0 7 16 21 
0 5 7 33 
6 42 56 63 
0 22 56 57 
7 48 50 63 
0 26 48 63 
5 7 30 56 
3 21 56 63 
0 16 26 56 
3 7 42 63 
0 2 21 56 
7 43 55 63 
0 7 19 55 
7 34 55 63 
0 43 56 61 
0 51 56 58 
0 51 55 56 
7 18 47 63 
7 39 42 63 
16 53 56 63 
0 38 40 63 
0 19 56 61 
7 15 38 63 
7 12 32 63 
0 6 27 56 
0 46 47 56 
0 7 24 54 
11 31 56 63 
7 8 43 63 
7 23 37 63 
7 42 61 63 
0 39 54 63 
0 20 62 63 
0 4 28 56 
0 24 52 56 
7 10 48 63 
0 19 47 56 
7 17 39 63 
0 30 55 56 
0 34 39 63 
4 7 46 63 
0 7 43 47 
0 7 15 20 
0 15 35 63 
5 20 56 63 
0 7 29 48 
7 36 56 58 
0 52 58 63 
0 17 23 63 
0 54 56 60 
7 20 56 58 
7 23 46 63 
7 46 55 63 
0 41 57 63 
19 23 56 63 
7 19 56 60 
0 7 10 58 
3 33 56 63 
7 13 23 56 
0 38 62 63 
0 4 29 56 
0 7 29 39 
0 2 7 37 
7 15 19 63 
7 49 55 63 
5 11 56 63 
4 7 35 56 
7 22 39 63 
0 3 7 33 
0 21 48 63 
0 31 52 63 
6 7 20 56 
0 5 7 54 
0 31 43 63 
0 7 15 52 
0 33 56 60 
0 6 7 11 
1 7 10 56 
0 39 42 56 
0 7 24 38 
7 28 56 57 
0 50 56 62 
5 13 56 63 
7 8 12 63 
0 7 17 59 
7 46 56 60 
0 7 21 60 
7 15 28 63 
2 7 46 56 
7 9 56 57 
7 28 60 63 
0 7 37 47 
7 30 56 57 
7 18 39 56 
7 32 52 56 
0 8 12 56 
54 56 57 63 
7 26 40 63 
6 7 21 56 
0 4 7 51 
4 51 56 63 
7 38 56 60 
7 39 49 56 
0 7 43 48 
0 7 18 59 
0 8 41 63 
53 56 60 63 
7 44 55 63 
15 35 56 63 
7 16 37 56 
7 24 46 63 
7 52 56 58 
9 23 56 63 
7 13 39 56 
7 35 47 56 
7 26 56 62 
7 15 33 56 
5 7 14 56 
32 50 56 63 
7 42 57 63 
7 24 34 63 
0 7 16 42 
7 23 36 56 
0 16 51 56 
0 7 11 59 
7 30 55 56 
35 56 58 63 
0 7 37 57 
2 7 42 63 
7 50 56 61 
4 7 37 56 
7 50 56 62 
7 24 43 56 
0 49 56 57 
0 28 48 63 
40 46 56 63 
0 2 52 56 
0 38 39 63 
24 26 56 63 
0 6 20 63 
0 3 7 11 
0 19 39 56 
0 34 40 56 
7 48 51 56 
38 56 60 63 
0 20 48 56 
0 7 15 35 
0 7 21 47 
0 32 52 56 
5 14 56 63 
33 56 57 63 
0 13 56 57 
0 12 31 56 
28 31 56 63 
0 5 36 63 
1 7 34 63 
0 7 25 47 
0 6 34 56 
44 56 62 63 
0 7 27 32 
7 31 51 56 
0 32 35 56 
13 56 57 63 
41 56 60 63 
0 7 12 48 
0 14 60 63 
27 39 56 63 
0 2 29 56 
7 41 56 58 
0 6 17 63 
0 26 56 59 
14 16 56 63 
7 46 57 63 
7 25 47 63 
1 7 10 63 
7 41 62 63 
0 32 35 63 
0 20 56 61 
7 31 38 63 
7 21 31 56 
7 38 58 63 
0 49 56 60 
0 26 31 63 
7 16 19 56 
39 53 56 63 
0 11 15 63 
7 9 40 56 
0 6 33 56 
7 33 58 63 
7 15 29 63 
0 42 56 57 
0 26 39 63 
46 48 56 63 
0 12 58 63 
0 7 13 60 
14 56 61 63 
7 24 33 56 
23 37 56 63 
0 1 52 56 
6 7 13 63 
0 34 40 63 
7 23 34 56 
7 31 37 63 
6 7 52 56 
7 37 48 63 
0 14 56 62 
0 10 47 56 
0 3 7 30 
5 7 45 63 
17 56 62 63 
0 30 56 57 
29 56 58 63 
10 56 60 63 
7 46 59 63 
7 37 59 63 
0 53 56 62 
0 7 37 39 
0 5 9 63 
7 8 28 56 
0 7 51 55 
0 1 42 56 
29 39 56 63 
0 2 51 56 
0 7 43 58 
0 4 7 18 
0 29 40 56 
7 9 16 56 
0 31 45 63 
0 20 56 62 
1 38 56 63 
1 7 30 63 
7 22 58 63 
7 22 39 56 
0 7 36 62 
4 7 25 56 
43 56 58 63 
1 7 17 63 
0 12 31 63 
6 18 56 63 
7 51 56 58 
7 9 15 63 
7 10 56 60 
0 16 42 63 
0 35 59 63 
7 28 39 56 
0 28 48 56 
0 15 37 63 
7 23 54 56 
0 4 45 63 
0 25 58 63 
0 18 24 56 
7 19 56 61 
0 7 30 58 
18 31 56 63 
0 3 7 27 
0 14 40 56 
0 46 48 63 
29 47 56 63 
21 56 59 63 
7 10 24 63 
0 42 56 59 
10 23 56 63 
0 7 21 48 
0 35 47 56 
6 20 56 63 
7 54 58 63 
0 7 12 16 
0 27 48 56 
7 27 56 57 
0 49 56 61 
0 21 56 60 
0 21 55 56 
0 11 15 56 
7 12 61 63 
0 42 55 56 
25 31 56 63 
2 7 43 56 
0 7 20 60 
0 44 56 62 
4 19 56 63 
6 7 30 63 
9 16 56 63 
52 55 56 63 
0 3 9 63 
7 8 29 56 
7 15 49 63 
0 39 52 63 
0 20 55 63 
6 35 56 63 
31 37 56 63 
7 39 43 63 
0 6 28 56 
0 15 21 63 
7 35 62 63 
0 26 57 63 
0 10 56 60 
41 56 58 63 
15 20 56 63 
0 7 43 55 
0 6 7 42 
0 33 39 56 
0 7 26 47 
0 5 27 56 
13 56 60 63 
7 16 43 63 
15 33 56 63 
7 17 47 63 
0 7 45 55 
0 13 32 63 
7 8 22 56 
13 15 56 63 
0 2 43 56 
5 7 20 63 
7 47 54 56 
0 8 53 56 
4 7 9 56 
7 35 39 63 
23 26 56 63 
7 33 47 56 
7 15 43 63 
0 32 49 63 
3 7 50 56 
0 19 56 58 
54 55 56 63 
42 56 57 63 
0 1 20 63 
0 39 49 63 
0 34 62 63 
0 1 42 63 
0 14 48 63 
5 52 56 63 
2 7 20 56 
0 53 56 57 
0 8 19 56 
14 39 56 63 
0 45 56 62 
7 44 57 63 
0 16 37 56 
29 56 57 63 
7 13 58 63 
20 23 56 63 
7 43 56 62 
7 16 17 63 
0 5 34 56 
0 34 47 56 
0 7 31 49 
7 31 36 63 
10 56 58 63 
0 7 8 37 
0 22 56 62 
0 42 47 63 
24 35 56 63 
1 7 37 63 
3 7 22 56 
0 53 61 63 
0 17 40 56 
0 27 57 63 
0 12 56 59 
7 27 56 62 
7 18 23 63 
25 56 57 63 
0 1 26 56 
3 9 56 63 
7 16 19 63 
0 7 21 61 
0 29 32 63 
0 7 24 36 
16 43 56 63 
6 7 37 56 
5 7 51 63 
0 4 35 56 
19 39 56 63 
7 15 37 63 
0 1 43 56 
7 34 40 56 
0 54 56 57 
7 10 48 56 
7 19 60 63 
0 54 59 63 
0 3 7 17 
7 26 60 63 
0 8 43 56 
0 25 56 57 
0 4 7 46 
3 7 13 63 
0 27 60 63 
1 7 54 63 
7 8 37 63 
7 24 30 56 
7 27 56 59 
7 13 48 56 
0 4 10 56 
0 24 26 56 
0 7 38 62 
7 36 58 63 
3 17 56 63 
0 9 39 56 
36 40 56 63 
0 14 23 56 
0 18 55 56 
0 3 51 63 
0 7 36 60 
8 26 56 63 
0 45 56 60 
7 39 44 63 
4 44 56 63 
0 7 36 58 
0 7 48 52 
42 56 59 63 
0 4 7 35 
0 7 16 36 
0 9 48 56 
0 8 43 63 
7 26 56 59 
0 44 47 63 
0 4 12 63 
0 36 47 63 
0 7 22 57 
0 7 14 57 
0 8 33 63 
0 7 20 55 
7 17 40 56 
6 7 54 56 
7 44 56 58 
0 13 32 56 
14 48 56 63 
0 5 7 14 
7 42 56 60 
7 15 21 63 
0 7 40 54 
0 19 23 56 
0 21 56 57 
0 52 56 61 
0 37 61 63 
7 11 39 56 
0 24 46 56 
0 7 13 15 
0 7 9 40 
0 24 37 63 
0 35 62 63 
0 17 48 56 
0 36 39 63 
0 4 33 63 
7 22 23 63 
0 27 32 56 
7 8 13 63 
7 12 24 63 
0 8 50 56 
0 7 53 61 
0 43 47 63 
32 45 56 63 
5 54 56 63 
7 11 62 63 
0 37 48 63 
3 7 43 56 
0 7 25 59 
7 46 48 56 
4 7 13 63 
0 17 57 63 
52 56 62 63 
0 17 56 57 
7 15 34 56 
0 3 29 63 
0 2 7 9 
7 13 55 56 
0 14 59 63 
7 25 56 62 
0 2 29 63 
0 6 7 54 
0 7 22 58 
5 7 42 56 
41 55 56 63 
7 46 47 56 
0 8 45 63 
7 34 61 63 
4 7 46 56 
2 17 56 63 
0 1 9 56 
0 7 16 43 
0 53 56 58 
7 16 26 56 
8 10 56 63 
7 8 25 56 
0 51 57 63 
0 7 20 23 
7 41 55 56 
2 20 56 63 
7 54 56 59 
7 46 56 59 
0 6 22 56 
0 7 41 62 
7 25 40 63 
0 21 56 59 
4 7 44 63 
0 10 32 56 
0 4 7 52 
7 14 57 63 
7 18 55 63 
29 56 61 63 
0 19 55 56 
24 45 56 63 
7 31 44 56 
7 11 32 63 
7 54 56 57 
0 6 52 56 
5 7 28 56 
7 31 33 63 
7 27 60 63 
8 42 56 63 
0 7 49 55 
0 7 15 19 
7 30 48 56 
0 22 47 56 
4 7 25 63 
23 41 56 63 
32 44 56 63 
16 35 56 63 
4 12 56 63 
0 20 56 60 
0 25 61 63 
7 8 26 56 
0 20 47 56 
0 36 56 59 
3 7 12 63 
28 56 61 63 
7 45 55 63 
0 44 48 63 
7 44 48 56 
0 24 42 63 
16 52 56 63 
0 14 56 59 
0 7 40 43 
0 1 7 22 
40 50 56 63 
0 28 56 62 
8 25 56 63 
7 16 43 56 
0 8 18 63 
52 56 58 63 
0 19 39 63 
7 49 56 59 
7 23 35 63 
0 6 38 63 
7 8 30 63 
0 7 8 42 
0 12 32 63 
7 23 52 56 
10 56 62 63 
0 1 29 63 
0 3 37 56 
0 15 27 56 
4 7 19 56 
0 50 58 63 
14 56 60 63 
4 26 56 63 
1 43 56 63 
34 39 56 63 
7 40 43 56 
0 11 55 63 
0 18 56 57 
0 12 23 56 
1 7 13 63 
0 7 15 54 
7 51 57 63 
0 25 48 56 
0 24 53 56 
0 8 13 63 
0 7 35 57 
0 17 56 62 
0 12 15 63 
7 45 47 63 
0 21 40 63 
7 45 56 62 
7 9 59 63 
5 7 53 63 
0 7 16 20 
7 23 51 63 
7 45 47 56 
0 5 7 36 
5 22 56 63 
7 30 61 63 
7 52 56 57 
0 7 19 60 
0 34 56 62 
7 39 45 56 
0 7 26 32 
0 21 47 63 
0 1 7 25 
7 19 61 63 
24 25 56 63 
0 7 15 37 
7 39 42 56 
0 7 14 61 
0 7 17 61 
0 7 13 31 
7 43 47 56 
7 45 61 63 
0 4 7 37 
7 15 54 63 
5 35 56 63 
0 12 47 63 
1 7 29 63 
7 32 50 63 
16 20 56 63 
7 8 42 63 
5 7 21 63 
7 19 32 56 
0 32 50 56 
7 30 56 62 
0 52 55 63 
0 8 29 63 
0 10 16 56 
11 56 57 63 
11 48 56 63 
3 42 56 63 
0 51 56 57 
2 7 37 63 
0 6 53 63 
7 32 33 56 
0 11 39 56 
7 31 43 56 
0 15 17 56 
0 4 21 63 
0 5 14 63 
7 38 56 61 
0 7 11 47 
0 7 14 62 
0 7 31 51 
0 30 47 56 
3 7 28 63 
2 7 26 63 
7 24 51 63 
0 2 19 56 
0 13 40 63 
4 21 56 63 
7 11 60 63 
1 49 56 63 
0 18 23 63 
7 45 57 63 
5 41 56 63 
0 31 44 56 
0 22 47 63 
24 44 56 63 
7 29 57 63 
0 6 35 63 
0 43 56 58 
7 15 30 56 
0 1 28 63 
6 7 46 56 
0 11 61 63 
7 15 17 63 
0 7 21 23 
6 7 49 56 
7 40 41 63 
20 32 56 63 
0 27 56 60 
7 13 47 56 
0 12 24 63 
4 27 56 63 
7 29 39 63 
25 32 56 63 
0 11 32 56 
0 7 15 43 
0 2 7 50 
7 11 48 63 
7 51 55 63 
9 56 59 63 
7 17 58 63 
10 56 61 63 
0 15 26 63 
0 7 39 45 
0 7 31 44 
5 29 56 63 
23 50 56 63 
0 7 41 60 
0 7 23 38 
6 7 25 63 
2 7 29 56 
0 24 51 56 
50 56 58 63 
0 18 56 62 
0 32 50 63 
7 23 27 63 
7 53 55 63 
0 7 40 50 
6 7 35 56 
0 7 52 59 
0 50 62 63 
0 22 39 56 
7 39 41 56 
7 24 49 63 
7 26 39 56 
7 29 32 56 
0 3 10 56 
0 24 49 63 
0 1 7 9 
7 12 16 56 
7 17 56 60 
0 10 39 56 
16 22 56 63 
0 7 39 54 
1 18 56 63 
22 56 58 63 
8 21 56 63 
32 36 56 63 
0 21 55 63 
0 7 28 32 
1 7 45 63 
7 44 55 56 
7 18 62 63 
24 29 56 63 
0 15 21 56 
0 16 22 63 
1 7 36 56 
0 7 13 57 
7 9 56 58 
0 7 27 47 
0 1 46 63 
0 7 37 61 
7 11 56 59 
0 13 39 63 
3 7 21 56 
13 55 56 63 
42 56 61 63 
7 43 56 57 
0 26 56 58 
7 42 56 57 
2 30 56 63 
0 7 49 61 
7 31 54 56 
7 31 42 56 
6 25 56 63 
4 7 11 56 
6 7 27 63 
0 28 55 63 
4 54 56 63 
0 7 9 60 
0 35 56 62 
0 41 56 57 
52 56 61 63 
0 50 60 63 
0 41 62 63 
0 12 56 60 
8 33 56 63 
7 13 31 56 
0 6 45 56 
26 56 61 63 
0 37 40 63 
0 7 28 59 
0 9 55 63 
37 55 56 63 
0 22 48 56 
0 39 43 56 
0 40 53 63 
7 33 56 60 
0 3 35 56 
0 31 46 63 
9 48 56 63 
53 56 59 63 
6 7 9 56 
0 7 54 60 
0 29 55 63 
0 16 19 56 
0 22 24 63 
6 7 37 63 
7 48 50 56 
7 23 52 63 
7 32 54 56 
0 15 42 63 
4 7 22 63 
0 2 7 19 
1 7 41 56 
0 3 7 36 
7 15 28 56 
0 12 23 63 
7 29 40 63 
0 11 24 63 
9 32 56 63 
7 37 47 63 
0 1 20 56 
6 7 22 63 
2 7 18 63 
0 8 38 56 
7 14 56 60 
0 7 37 59 
7 19 39 63 
0 12 16 56 
0 8 49 63 
2 7 27 63 
12 40 56 63 
0 44 55 63 
7 49 62 63 
0 7 11 62 
0 44 56 57 
7 33 56 61 
7 38 57 63 
0 8 37 63 
0 30 62 63 
0 7 25 32 
7 19 48 56 
0 7 28 62 
0 11 24 56 
7 16 21 63 
0 7 25 48 
2 7 13 56 
37 48 56 63 
0 1 53 56 
0 4 7 11 
0 51 58 63 
50 56 61 63 
17 23 56 63 
0 16 46 63 
0 28 39 56 
7 13 57 63 
7 12 56 61 
0 7 10 16 
0 1 7 10 
6 7 22 56 
12 48 56 63 
3 7 36 56 
0 9 60 63 
1 42 56 63 
7 22 24 63 
0 3 34 56 
7 13 56 60 
0 7 25 57 
7 9 60 63 
0 24 54 63 
0 4 7 9 
0 12 40 56 
0 14 32 56 
2 7 53 56 
0 7 13 58 
7 11 40 56 
0 7 12 32 
7 23 41 63 
0 7 16 51 
0 1 28 56 
0 6 7 50 
0 4 7 44 
7 8 29 63 
0 7 38 58 
0 9 47 56 
0 53 60 63 
7 15 37 56 
0 1 36 63 
0 39 42 63 
7 18 40 56 
0 24 42 56 
0 40 46 63 
0 11 39 63 
0 2 17 56 
7 15 41 63 
0 19 56 57 
0 20 60 63 
0 7 37 40 
0 7 41 55 
0 7 53 55 
7 11 56 57 
7 54 56 62 
0 7 31 45 
0 15 19 56 
0 16 29 63 
19 31 56 63 
6 7 33 63 
3 12 56 63 
7 16 28 56 
0 7 50 59 
0 16 44 63 
0 5 52 63 
0 40 52 56 
0 4 20 63 
7 21 47 63 
0 12 24 56 
26 47 56 63 
7 34 55 56 
7 25 39 56 
7 23 42 63 
0 7 8 36 
7 40 49 56 
0 6 44 56 
0 19 40 63 
0 13 48 56 
4 7 53 63 
12 47 56 63 
3 7 45 63 
0 7 10 31 
0 7 22 62 
0 7 14 58 
0 8 20 63 
2 11 56 63 
0 22 23 56 
0 3 36 63 
7 37 62 63 
0 25 62 63 
7 25 56 61 
7 15 20 56 
7 16 26 63 
0 7 8 45 
0 14 58 63 
0 4 49 56 
6 7 38 63 
0 7 23 46 
7 25 61 63 
0 5 26 56 
6 7 30 56 
0 15 51 56 
7 8 20 63 
0 42 62 63 
0 3 19 56 
0 2 53 56 
0 46 56 60 
0 7 10 40 
29 55 56 63 
0 7 8 34 
0 4 53 56 
0 23 37 56 
0 6 17 56 
7 27 32 63 
7 24 38 63 
0 7 11 40 
0 15 43 63 
7 15 51 63 
7 10 47 56 
0 15 28 56 
7 54 60 63 
7 34 56 60 
6 7 51 56 
7 26 47 63 
7 11 57 63 
5 7 27 63 
0 8 22 63 
39 51 56 63 
7 49 56 61 
0 3 52 56 
0 50 56 57 
0 35 56 58 
0 24 26 63 
0 20 31 56 
0 3 54 56 
0 4 49 63 
0 1 7 21 
0 20 61 63 
23 30 56 63 
54 56 58 63 
0 3 7 12 
7 16 17 56 
1 7 50 63 
7 48 53 63 
7 29 56 61 
0 22 56 59 
26 48 56 63 
7 31 49 63 
17 56 58 63 
0 13 23 56 
7 23 46 56 
7 24 46 56 
0 15 54 56 
7 12 15 56 
0 15 51 63 
0 16 37 63 
0 3 21 56 
7 17 57 63 
7 39 49 63 
0 3 7 18 
7 31 35 63 
0 7 15 18 
7 31 45 56 
0 7 16 33 
6 7 18 63 
0 7 9 61 
0 7 31 37 
7 8 27 63 
0 1 7 14 
7 24 41 56 
0 41 55 63 
0 5 21 56 
0 40 42 63 
1 20 56 63 
0 16 52 63 
0 7 16 27 
7 13 48 63 
0 7 23 43 
0 28 31 56 
30 56 61 63 
7 12 39 63 
0 7 21 31 
21 55 56 63 
7 30 56 59 
7 10 62 63 
7 15 18 56 
7 12 24 56 
0 4 7 38 
7 46 61 63 
0 6 22 63 
0 14 56 58 
0 32 54 63 
0 7 21 32 
7 28 31 56 
0 4 9 63 
7 35 40 63 
2 28 56 63 
0 8 28 56 
0 2 7 29 
7 16 34 56 
7 21 32 63 
0 4 10 63 
0 3 7 37 
0 8 42 63 
7 11 23 56 
7 36 40 56 
4 17 56 63 
0 9 56 58 
7 18 32 56 
0 6 9 63 
7 44 56 60 
0 3 7 41 
22 23 56 63 
35 56 57 63 
12 56 59 63 
7 33 48 63 
7 37 39 63 
22 47 56 63 
0 7 17 39 
0 7 35 55 
0 7 52 58 
0 9 32 63 
0 10 15 56 
0 47 52 56 
7 10 31 63 
0 15 53 56 
0 7 20 59 
0 1 45 56 
2 12 56 63 
4 7 17 56 
7 15 43 56 
23 51 56 63 
7 24 26 56 
0 7 23 33 
7 13 40 56 
0 47 54 63 
0 39 53 56 
5 7 53 56 
4 7 12 63 
0 11 56 57 
39 42 56 63 
7 51 56 61 
0 7 10 57 
11 16 56 63 
7 43 62 63 
0 13 60 63 
7 39 46 63 
0 16 41 63 
7 19 56 57 
0 3 7 10 
49 56 60 63 
17 56 59 63 
0 45 48 56 
0 38 56 58 
7 29 56 62 
0 7 14 40 
12 56 60 63 
0 7 13 59 
0 40 50 63 
7 30 58 63 
0 40 51 63 
0 6 36 63 
0 7 51 58 
7 19 55 56 
0 11 31 63 
0 6 12 63 
0 7 50 62 
0 31 38 56 
7 24 34 56 
0 7 16 53 
0 18 48 56 
0 12 55 56 
7 40 50 56 
7 36 59 63 
7 19 47 63 
7 11 55 56 
2 7 43 63 
7 44 56 57 
39 45 56 63 
38 56 57 63 
4 7 34 63 
0 7 39 42 
7 14 56 62 
0 3 7 21 
0 7 12 15 
16 25 56 63 
6 7 45 63 
0 37 56 62 
48 50 56 63 
50 56 57 63 
7 15 41 56 
3 7 30 63 
0 7 14 48 
7 33 40 63 
7 54 62 63 
0 7 32 41 
7 26 32 63 
7 26 32 56 
4 7 22 56 
0 17 56 59 
1 7 53 63 
0 5 46 63 
7 33 55 56 
0 16 25 63 
7 50 60 63 
2 7 12 63 
7 9 58 63 
4 7 41 56 
4 7 33 56 
0 35 56 57 
1 7 30 56 
0 16 44 56 
7 54 56 58 
0 7 48 54 
0 14 48 56 
0 7 49 57 
7 10 47 63 
0 5 7 27 
7 14 62 63 
0 2 27 63 
0 7 13 24 
0 12 48 63 
7 40 50 63 
0 41 61 63 
7 37 56 60 
7 40 52 63 
26 40 56 63 
7 24 45 63 
0 24 37 56 
46 56 57 63 
0 8 51 56 
0 8 18 56 
7 13 16 63 
16 26 56 63 
0 5 28 63 
7 23 33 56 
7 27 32 56 
0 17 24 63 
6 7 29 56 
0 48 49 63 
0 7 26 40 
7 8 38 63 
0 12 56 57 
7 37 56 62 
14 56 62 63 
0 37 55 63 
0 4 7 20 
0 2 7 49 
7 17 62 63 
0 20 40 56 
9 39 56 63 
7 30 32 56 
7 17 39 56 
7 26 57 63 
7 19 55 63 
0 7 17 62 
7 53 58 63 
0 6 45 63 
18 47 56 63 
2 41 56 63 
6 7 43 56 
7 43 61 63 
0 24 28 63 
13 32 56 63 
4 38 56 63 
0 38 56 62 
0 8 28 63 
0 31 53 63 
19 48 56 63 
8 34 56 63 
0 7 38 40 
0 48 49 56 
7 33 56 62 
0 2 7 26 
0 19 57 63 
0 5 9 56 
47 52 56 63 
2 7 11 63 
3 26 56 63 
0 54 56 62 
7 28 39 63 
44 48 56 63 
7 35 60 63 
0 30 56 60 
0 4 29 63 
0 4 34 56 
2 13 56 63 
0 7 15 49 
0 15 49 63 
7 31 41 56 
0 7 23 42 
0 5 38 56 
0 15 18 63 
5 7 13 63 
3 7 27 63 
7 9 47 56 
7 53 56 61 
7 36 60 63 
0 41 56 59 
7 13 32 56 
7 39 45 63 
0 43 56 62 
0 27 40 63 
0 6 7 53 
7 31 50 56 
0 5 33 63 
7 16 54 63 
0 33 40 63 
0 8 11 56 
7 19 40 56 
0 24 41 63 
0 7 16 50 
4 7 30 56 
0 7 17 47 
0 13 58 63 
0 30 57 63 
0 9 23 63 
7 16 27 63 
0 1 7 28 
0 5 35 56 
0 5 7 26 
0 39 50 56 
9 47 56 63 
7 43 55 56 
7 8 20 56 
0 7 24 45 
5 51 56 63 
0 3 43 63 
7 37 56 57 
7 10 31 56 
7 20 31 56 
0 1 7 12 
0 7 8 11 
7 8 34 56 
4 53 56 63 
0 9 58 63 
6 7 46 63 
7 19 47 56 
7 35 58 63 
1 7 52 56 
7 8 42 56 
7 28 56 61 
0 24 38 56 
0 30 40 63 
39 44 56 63 
0 6 7 13 
0 24 25 56 
7 27 57 63 
0 36 40 56 
32 34 56 63 
0 3 30 63 
7 14 24 56 
0 17 39 56 
1 7 52 63 
32 52 56 63 
7 9 23 63 
0 7 22 48 
0 11 59 63 
0 39 45 63 
