0 7 9 17 
46 51 56 63 
0 10 41 63 
7 17 37 63 
7 22 37 56 
29 53 56 63 
7 22 29 56 
7 10 51 56 
21 41 56 63 
0 36 54 56 
30 38 56 63 
7 46 53 56 
7 43 45 63 
7 9 43 63 
7 20 49 63 
0 10 54 56 
7 20 43 63 
0 42 46 56 
0 21 37 63 
0 7 10 46 
7 9 45 63 
7 17 52 56 
7 27 35 56 
0 7 26 38 
0 7 36 45 
0 7 26 28 
0 34 44 63 
0 17 37 63 
0 19 22 63 
7 12 35 63 
0 7 13 29 
35 38 56 63 
7 14 22 63 
0 7 21 49 
0 12 36 63 
0 7 12 33 
7 53 54 63 
36 50 56 63 
7 28 50 63 
0 7 25 52 
0 7 12 46 
9 25 56 63 
19 51 56 63 
7 35 51 56 
0 21 22 56 
7 21 44 63 
0 29 37 56 
7 11 53 63 
0 7 17 54 
7 29 49 56 
0 21 38 63 
0 21 22 63 
7 44 46 63 
0 7 26 45 
0 7 18 46 
0 37 46 56 
26 43 56 63 
25 44 56 63 
0 7 37 52 
0 35 51 63 
0 13 49 56 
0 14 50 56 
18 35 56 63 
7 19 27 63 
0 38 54 56 
7 53 54 56 
11 38 56 63 
33 44 56 63 
0 10 21 56 
7 27 44 63 
0 33 36 56 
0 33 43 56 
7 27 28 63 
0 12 38 63 
0 7 9 33 
7 29 34 56 
0 22 54 56 
7 14 49 56 
7 21 54 63 
42 49 56 63 
7 13 26 63 
0 11 18 56 
22 45 56 63 
0 7 11 17 
0 14 19 63 
0 34 53 63 
7 26 35 56 
7 44 52 56 
17 25 56 63 
7 25 27 63 
0 7 44 51 
0 42 52 63 
0 7 34 51 
0 28 34 56 
0 7 25 51 
7 19 30 63 
7 28 53 63 
0 21 46 56 
22 46 56 63 
7 18 30 56 
0 17 41 63 
7 27 44 56 
25 35 56 63 
0 37 43 63 
9 36 56 63 
22 27 56 63 
0 7 22 35 
0 7 11 19 
0 21 28 63 
11 45 56 63 
7 11 53 56 
0 7 10 12 
7 26 42 63 
0 30 45 63 
0 25 26 63 
7 30 49 56 
0 27 52 56 
37 50 56 63 
0 7 14 33 
7 30 41 63 
7 20 54 63 
7 22 25 56 
7 10 26 56 
7 11 34 56 
7 22 27 63 
0 7 20 29 
0 41 54 56 
7 22 33 63 
0 7 10 49 
0 45 53 56 
0 7 26 54 
7 17 49 63 
7 17 35 63 
0 21 27 56 
7 12 25 63 
0 22 46 63 
0 35 41 63 
0 13 26 63 
7 37 51 56 
7 21 38 56 
0 7 20 41 
0 29 35 56 
0 50 51 63 
0 17 44 56 
7 26 51 63 
18 43 56 63 
7 12 29 56 
7 20 41 56 
7 18 33 56 
0 17 34 56 
0 7 22 44 
0 42 49 63 
0 7 42 54 
0 42 43 56 
0 10 21 63 
7 44 53 56 
7 18 44 56 
7 44 49 56 
0 7 22 41 
7 17 42 63 
0 9 29 63 
7 17 25 56 
0 9 51 63 
7 9 28 63 
17 38 56 63 
10 21 56 63 
0 17 29 56 
11 49 56 63 
37 53 56 63 
0 27 42 56 
7 9 38 63 
0 9 36 56 
0 19 50 63 
0 28 53 56 
34 49 56 63 
0 7 46 51 
0 7 25 26 
45 51 56 63 
0 7 38 49 
7 25 41 56 
7 29 54 56 
0 27 53 56 
7 42 49 63 
20 43 56 63 
0 10 11 63 
0 20 54 63 
7 19 26 56 
7 28 52 56 
11 42 56 63 
7 35 46 63 
0 21 53 56 
0 36 49 63 
0 7 22 38 
52 54 56 63 
0 7 44 52 
0 7 26 44 
7 14 28 63 
0 18 54 63 
7 28 34 63 
7 18 22 63 
0 18 45 56 
7 10 34 63 
0 7 30 46 
0 19 51 63 
26 35 56 63 
0 7 17 21 
45 49 56 63 
0 7 9 30 
7 34 36 63 
25 38 56 63 
7 17 50 63 
0 22 50 56 
0 11 28 56 
0 26 36 63 
14 28 56 63 
0 29 43 56 
7 12 13 56 
41 54 56 63 
7 19 50 63 
7 9 53 56 
0 7 25 49 
0 33 41 63 
0 9 22 63 
0 12 50 56 
0 7 20 37 
0 35 44 56 
7 14 18 63 
7 14 37 56 
0 17 18 56 
7 18 53 63 
0 12 45 63 
0 20 44 56 
7 20 37 56 
7 10 36 63 
7 36 44 56 
44 45 56 63 
0 19 43 63 
7 11 49 56 
0 9 42 63 
0 14 50 63 
7 18 28 56 
7 33 52 56 
0 30 52 56 
0 7 10 25 
0 20 42 63 
0 10 17 63 
14 34 56 63 
7 13 49 63 
0 7 26 53 
0 10 12 56 
0 7 33 36 
12 28 56 63 
7 26 46 63 
7 33 35 63 
7 12 30 63 
19 35 56 63 
7 17 51 63 
0 35 42 56 
7 17 18 63 
0 12 30 56 
7 20 52 63 
7 14 41 63 
0 44 46 56 
7 14 46 56 
7 20 28 63 
0 33 53 56 
0 7 27 38 
0 7 30 49 
7 50 51 63 
7 14 25 63 
0 38 49 63 
0 7 49 51 
7 36 42 63 
0 26 30 63 
7 11 29 63 
0 14 17 56 
0 29 49 63 
7 35 45 56 
0 42 49 56 
7 13 45 63 
7 13 22 56 
7 18 28 63 
0 7 22 43 
0 38 51 56 
0 7 12 29 
7 52 54 56 
0 14 37 56 
0 12 17 56 
0 29 44 56 
7 14 38 56 
0 17 49 56 
0 35 38 63 
7 10 45 56 
7 10 38 63 
7 18 27 56 
7 42 53 63 
20 22 56 63 
0 7 10 14 
0 22 42 56 
0 7 12 52 
0 19 35 63 
7 33 45 63 
7 12 44 63 
7 13 28 63 
7 45 54 56 
7 14 44 56 
7 36 43 56 
21 37 56 63 
10 49 56 63 
0 36 49 56 
0 22 42 63 
0 7 11 35 
0 20 26 63 
0 11 14 56 
7 29 37 56 
7 35 42 56 
0 14 35 63 
0 38 51 63 
7 9 19 56 
0 7 26 34 
0 9 41 56 
26 44 56 63 
7 21 50 63 
0 7 17 26 
7 13 36 63 
0 20 35 63 
28 38 56 63 
0 7 26 27 
0 20 45 63 
7 30 52 63 
0 12 44 56 
0 25 34 56 
7 12 25 56 
9 44 56 63 
7 22 50 63 
20 34 56 63 
29 43 56 63 
13 43 56 63 
0 29 45 63 
34 36 56 63 
0 22 26 56 
7 20 26 56 
0 50 53 56 
0 7 28 44 
7 17 28 56 
0 7 27 54 
0 21 34 56 
7 18 25 56 
0 9 18 63 
0 28 50 56 
7 10 44 63 
7 44 45 63 
0 14 21 63 
0 36 38 56 
0 18 26 56 
0 7 13 34 
7 36 51 63 
0 7 34 41 
7 14 29 56 
0 25 43 56 
7 9 33 56 
7 9 46 56 
37 51 56 63 
0 7 20 36 
0 38 44 63 
7 28 29 63 
18 29 56 63 
7 27 34 63 
7 19 20 56 
19 50 56 63 
18 41 56 63 
0 9 20 56 
13 29 56 63 
0 10 25 63 
7 46 49 63 
0 14 49 63 
0 7 14 21 
0 7 19 51 
7 21 53 56 
52 53 56 63 
7 10 45 63 
7 26 46 56 
33 38 56 63 
0 42 44 63 
7 30 34 63 
11 18 56 63 
7 21 34 63 
7 10 46 56 
0 7 10 17 
0 13 28 63 
0 12 53 56 
0 7 11 50 
0 7 41 46 
0 7 33 34 
0 14 37 63 
7 21 52 63 
0 7 22 26 
0 36 38 63 
7 17 54 63 
0 17 28 63 
0 7 20 28 
27 46 56 63 
7 12 37 63 
0 12 41 56 
0 37 45 63 
21 25 56 63 
7 17 20 63 
0 9 13 56 
0 7 36 49 
0 30 51 63 
10 11 56 63 
7 33 53 63 
0 7 33 49 
0 21 43 63 
0 22 52 56 
0 28 44 63 
7 27 41 63 
27 37 56 63 
7 14 25 56 
7 12 36 63 
0 34 41 63 
7 38 46 56 
26 46 56 63 
0 7 25 50 
0 7 18 28 
7 28 33 63 
0 7 34 43 
7 13 17 56 
7 27 30 63 
0 7 33 54 
35 52 56 63 
0 7 14 50 
7 29 54 63 
0 10 44 63 
0 7 11 12 
0 9 37 56 
27 33 56 63 
7 19 51 56 
7 9 35 63 
7 28 43 63 
0 20 22 56 
7 10 42 63 
7 51 53 63 
21 44 56 63 
0 19 51 56 
7 26 37 63 
0 7 33 41 
0 26 37 56 
0 7 33 52 
0 7 21 45 
0 20 50 56 
33 51 56 63 
0 7 37 43 
0 28 29 56 
0 7 11 22 
7 25 51 63 
13 50 56 63 
0 7 28 34 
7 10 11 63 
0 7 9 21 
0 14 46 63 
0 7 49 50 
0 7 26 36 
7 29 42 63 
37 52 56 63 
0 42 44 56 
7 34 52 56 
7 10 37 56 
0 25 42 63 
0 18 51 56 
7 18 53 56 
21 29 56 63 
30 46 56 63 
17 18 56 63 
0 37 50 63 
7 49 54 63 
7 22 49 63 
0 41 46 56 
0 13 35 63 
0 25 33 56 
45 50 56 63 
7 43 54 56 
7 30 53 56 
7 12 46 56 
0 38 53 56 
7 22 52 56 
0 17 54 63 
0 7 17 45 
0 49 54 56 
7 26 36 63 
0 7 45 54 
7 28 51 56 
0 7 46 50 
7 14 52 56 
0 7 10 38 
0 11 27 63 
7 19 41 56 
7 13 42 56 
0 7 28 49 
33 52 56 63 
7 30 36 56 
0 7 36 41 
0 17 38 56 
0 20 36 63 
7 38 45 56 
0 36 52 63 
13 28 56 63 
0 7 36 51 
22 44 56 63 
7 11 34 63 
7 33 46 63 
0 10 49 63 
0 7 12 41 
0 14 45 63 
0 7 33 42 
14 29 56 63 
0 7 20 45 
20 41 56 63 
10 51 56 63 
7 19 30 56 
7 25 30 56 
0 21 41 63 
0 25 35 56 
0 11 21 56 
7 19 26 63 
0 9 30 63 
0 7 14 45 
0 10 50 63 
7 37 41 56 
7 28 51 63 
7 20 44 56 
7 21 35 56 
7 26 43 56 
7 22 46 56 
7 18 54 56 
7 26 41 56 
0 22 41 56 
0 20 52 56 
7 18 36 56 
7 49 53 56 
0 7 36 52 
7 13 27 63 
7 27 29 56 
0 7 14 34 
0 7 33 37 
7 25 42 56 
0 34 42 63 
0 34 45 63 
0 7 35 53 
0 7 29 46 
0 28 42 63 
7 20 41 63 
17 33 56 63 
7 11 26 56 
0 9 43 63 
0 7 12 44 
7 26 33 63 
7 11 35 63 
7 12 43 63 
41 44 56 63 
7 42 52 63 
0 25 35 63 
0 30 42 56 
10 20 56 63 
7 21 36 56 
7 41 52 63 
0 7 29 53 
0 7 37 42 
7 41 50 56 
7 22 54 56 
0 7 28 42 
0 7 51 52 
0 18 38 63 
7 38 53 63 
0 11 36 63 
0 20 28 56 
7 38 41 63 
7 17 38 63 
7 21 37 56 
46 49 56 63 
7 21 36 63 
0 42 53 56 
0 38 44 56 
0 34 50 56 
0 7 18 27 
0 7 10 13 
0 20 46 63 
7 35 41 56 
7 11 51 56 
0 10 30 56 
7 18 50 63 
0 18 37 56 
0 14 25 63 
7 46 51 56 
0 7 14 43 
17 53 56 63 
0 7 38 54 
0 7 25 30 
0 25 46 56 
14 17 56 63 
0 10 44 56 
0 7 17 44 
13 19 56 63 
7 17 21 56 
0 22 37 56 
0 7 43 50 
0 19 42 56 
0 25 51 56 
0 20 41 63 
7 9 18 56 
0 19 50 56 
0 13 30 56 
0 38 50 63 
7 26 45 63 
7 20 51 56 
7 9 50 56 
0 20 38 63 
0 11 45 63 
51 53 56 63 
22 28 56 63 
7 19 36 56 
7 13 54 56 
12 43 56 63 
0 7 30 42 
7 11 28 63 
0 36 41 56 
7 13 34 56 
7 10 30 56 
18 38 56 63 
7 41 43 56 
7 12 28 56 
9 13 56 63 
0 42 51 63 
7 22 43 63 
0 38 45 56 
0 14 44 63 
0 13 35 56 
0 7 46 53 
7 10 11 56 
0 7 11 18 
0 21 52 56 
0 35 50 56 
7 27 46 56 
22 52 56 63 
7 28 41 63 
7 33 42 63 
7 27 42 56 
7 9 17 63 
0 7 29 41 
7 20 33 56 
7 11 19 56 
0 38 45 63 
0 27 41 56 
0 11 30 56 
0 11 44 56 
0 7 28 29 
7 11 38 56 
0 7 18 49 
0 7 12 27 
0 22 34 63 
0 35 53 56 
7 22 38 56 
0 7 34 54 
9 49 56 63 
0 13 44 56 
0 29 45 56 
0 14 42 56 
7 35 46 56 
35 36 56 63 
19 34 56 63 
0 9 28 63 
0 21 27 63 
0 10 52 56 
7 27 43 56 
38 44 56 63 
0 17 21 56 
0 17 30 63 
7 21 45 63 
0 35 44 63 
0 7 36 44 
35 54 56 63 
0 18 44 56 
0 7 26 37 
13 41 56 63 
7 17 34 56 
7 12 13 63 
0 21 49 63 
0 22 36 56 
7 36 54 63 
7 19 52 56 
7 22 28 63 
7 34 51 56 
7 17 53 56 
7 43 53 56 
0 18 41 63 
0 7 13 20 
0 43 54 56 
28 42 56 63 
0 7 30 37 
0 33 34 63 
0 7 37 54 
0 9 35 63 
7 14 22 56 
18 34 56 63 
7 35 38 56 
0 35 53 63 
0 22 27 63 
0 35 38 56 
9 18 56 63 
7 25 34 56 
0 11 49 56 
7 12 20 56 
0 28 38 63 
0 7 10 53 
0 7 17 29 
7 22 44 56 
0 7 52 54 
7 25 35 56 
17 19 56 63 
7 30 43 63 
7 22 28 56 
0 11 54 56 
0 11 41 56 
0 20 43 63 
0 7 20 43 
0 13 14 56 
7 18 42 63 
7 10 41 63 
20 50 56 63 
0 13 50 56 
7 26 41 63 
7 20 21 56 
0 7 42 44 
0 30 36 56 
7 34 49 56 
0 25 33 63 
0 7 25 41 
7 22 38 63 
0 18 21 56 
0 7 20 42 
0 7 17 42 
0 27 41 63 
0 43 50 56 
7 11 25 63 
7 43 46 56 
0 7 21 25 
0 12 45 56 
0 14 22 63 
0 33 46 56 
7 21 25 63 
7 35 54 56 
7 41 54 63 
0 10 26 63 
7 18 33 63 
0 7 14 22 
7 26 35 63 
7 14 44 63 
7 20 30 63 
49 54 56 63 
35 41 56 63 
0 11 22 63 
7 20 37 63 
0 20 21 56 
0 7 22 25 
7 11 20 63 
0 33 45 63 
28 53 56 63 
0 27 54 56 
0 19 53 63 
0 34 52 56 
0 34 50 63 
0 7 12 21 
12 21 56 63 
0 12 29 56 
7 26 27 63 
7 11 14 56 
7 17 51 56 
0 28 42 56 
7 12 37 56 
38 54 56 63 
0 41 54 63 
49 52 56 63 
0 13 17 56 
10 18 56 63 
11 21 56 63 
0 7 9 19 
0 17 28 56 
51 52 56 63 
0 27 45 56 
7 21 33 63 
0 7 29 51 
0 30 34 63 
7 33 46 56 
0 17 43 56 
0 22 44 56 
0 12 26 56 
0 7 37 53 
7 34 44 63 
7 18 45 63 
41 51 56 63 
7 18 42 56 
0 7 29 43 
0 25 29 56 
7 27 51 56 
38 41 56 63 
25 53 56 63 
7 18 43 63 
0 18 53 56 
7 11 29 56 
0 20 33 56 
0 17 38 63 
0 13 29 56 
0 29 50 63 
18 28 56 63 
0 7 27 45 
10 45 56 63 
0 26 51 63 
7 9 27 56 
0 7 20 49 
0 46 53 56 
7 17 20 56 
7 27 50 63 
7 36 44 63 
0 7 29 44 
22 53 56 63 
0 49 54 63 
0 21 25 56 
7 21 41 56 
0 13 53 63 
0 7 12 49 
0 28 52 56 
7 43 50 63 
14 41 56 63 
0 34 44 56 
0 22 38 56 
0 29 44 63 
14 20 56 63 
7 44 54 63 
0 30 54 56 
0 13 25 63 
7 37 41 63 
7 27 45 56 
0 14 35 56 
0 20 45 56 
0 12 20 63 
7 26 34 56 
0 52 54 56 
0 7 25 29 
18 36 56 63 
7 28 37 63 
0 7 34 35 
7 18 29 56 
0 43 53 63 
0 7 21 34 
0 26 36 56 
0 17 27 63 
7 20 28 56 
7 10 18 63 
0 7 11 49 
18 22 56 63 
0 10 50 56 
7 9 52 63 
29 52 56 63 
27 29 56 63 
7 45 53 63 
0 42 45 56 
0 7 29 54 
0 29 30 63 
0 18 33 56 
18 30 56 63 
0 7 30 43 
7 13 41 63 
0 25 27 63 
7 28 29 56 
7 17 36 56 
7 19 34 63 
0 36 53 56 
7 28 44 63 
19 25 56 63 
10 34 56 63 
0 29 54 63 
19 49 56 63 
0 7 9 28 
0 9 53 63 
13 46 56 63 
0 26 46 63 
7 18 38 56 
7 10 28 63 
20 36 56 63 
18 25 56 63 
0 30 36 63 
0 13 27 63 
0 7 12 51 
7 33 50 63 
0 7 21 42 
7 10 27 63 
7 13 52 63 
0 7 19 36 
0 10 38 63 
0 26 37 63 
0 7 12 25 
0 13 17 63 
30 35 56 63 
0 19 26 63 
7 10 12 63 
7 14 42 56 
0 29 53 63 
35 49 56 63 
0 7 12 50 
7 13 41 56 
35 37 56 63 
7 35 52 56 
0 7 50 53 
0 27 38 56 
0 30 33 56 
0 11 44 63 
0 7 9 46 
27 45 56 63 
0 7 9 38 
0 38 52 56 
0 7 9 50 
0 10 14 63 
0 14 41 56 
7 43 52 56 
22 34 56 63 
0 45 49 56 
7 25 45 56 
7 10 49 63 
7 14 21 56 
7 12 49 63 
0 7 27 33 
7 26 27 56 
0 42 54 56 
7 34 45 63 
9 14 56 63 
0 29 54 56 
0 7 17 19 
0 18 29 56 
0 7 13 35 
0 21 41 56 
0 7 28 54 
7 11 50 56 
7 43 51 56 
7 9 54 56 
7 18 43 56 
0 20 54 56 
7 21 41 63 
9 26 56 63 
7 38 53 56 
7 43 45 56 
0 7 41 53 
0 7 21 43 
0 7 44 50 
0 22 36 63 
0 7 10 43 
12 49 56 63 
0 7 20 33 
0 18 29 63 
30 44 56 63 
0 17 50 56 
0 50 53 63 
0 30 49 56 
7 9 29 56 
7 9 21 63 
7 10 20 56 
22 26 56 63 
7 43 52 63 
0 38 41 56 
0 26 34 56 
11 28 56 63 
7 17 44 56 
7 45 50 63 
0 7 11 14 
0 7 20 22 
49 53 56 63 
7 28 45 63 
0 43 51 63 
7 52 54 63 
0 11 26 63 
0 11 54 63 
7 41 43 63 
29 50 56 63 
7 46 54 63 
0 7 37 50 
7 14 42 63 
7 38 52 63 
7 10 14 63 
0 7 13 21 
0 7 19 26 
7 33 36 63 
7 29 38 56 
7 34 53 63 
0 13 19 56 
9 46 56 63 
7 33 53 56 
11 30 56 63 
9 50 56 63 
0 7 20 30 
0 7 35 37 
0 51 54 63 
7 51 54 63 
7 30 41 56 
0 28 46 63 
7 38 44 56 
0 19 54 63 
7 17 46 56 
7 38 49 63 
7 14 45 56 
7 11 27 63 
0 11 37 63 
7 29 30 63 
0 45 52 63 
0 13 14 63 
0 14 51 56 
18 49 56 63 
37 46 56 63 
0 9 20 63 
0 7 49 53 
7 30 35 56 
7 17 44 63 
43 46 56 63 
0 7 22 50 
0 7 13 51 
7 42 44 63 
0 37 54 63 
7 28 50 56 
0 7 17 37 
0 19 45 63 
14 49 56 63 
28 41 56 63 
26 34 56 63 
7 9 30 56 
0 25 46 63 
7 28 30 63 
0 30 35 63 
0 7 10 44 
0 13 38 56 
0 33 34 56 
0 7 36 46 
0 26 43 56 
0 13 34 56 
7 10 28 56 
21 53 56 63 
7 12 54 63 
0 7 44 45 
0 7 26 33 
0 28 45 56 
0 26 42 63 
0 9 46 56 
7 37 42 63 
0 9 27 63 
7 21 37 63 
7 14 19 56 
0 13 18 56 
0 26 50 56 
7 11 54 56 
0 33 51 63 
7 37 42 56 
7 42 46 63 
11 41 56 63 
0 7 28 43 
7 41 52 56 
0 7 25 37 
7 9 22 63 
21 42 56 63 
7 20 38 63 
0 11 46 63 
0 36 51 63 
7 37 54 63 
7 18 22 56 
0 9 33 63 
0 19 21 63 
7 30 45 63 
10 29 56 63 
7 29 38 63 
35 51 56 63 
7 25 52 56 
0 9 19 56 
0 29 41 63 
7 9 34 56 
0 7 19 44 
0 28 30 63 
7 21 30 63 
7 9 44 56 
13 25 56 63 
21 45 56 63 
0 19 37 56 
0 21 45 63 
7 21 26 56 
7 41 45 63 
0 20 50 63 
0 22 29 63 
0 21 38 56 
0 7 46 54 
0 9 36 63 
0 25 30 56 
14 46 56 63 
0 14 44 56 
7 21 51 56 
7 36 51 56 
0 7 11 21 
0 7 45 51 
7 50 51 56 
7 34 43 63 
0 14 33 56 
7 41 54 56 
7 29 34 63 
0 45 51 63 
7 25 28 56 
0 33 52 63 
0 19 49 56 
0 27 38 63 
7 35 37 56 
0 25 54 63 
0 11 51 63 
0 7 17 53 
7 11 17 56 
13 44 56 63 
7 22 42 63 
10 35 56 63 
0 11 34 56 
20 52 56 63 
7 38 54 63 
0 13 20 63 
0 37 49 63 
0 9 35 56 
9 10 56 63 
0 13 43 56 
0 37 43 56 
0 10 20 63 
0 27 35 63 
7 25 46 56 
20 21 56 63 
19 54 56 63 
0 7 25 42 
7 28 37 56 
0 20 52 63 
0 7 35 54 
27 36 56 63 
17 54 56 63 
0 25 37 56 
7 13 33 56 
33 43 56 63 
7 38 41 56 
0 28 33 63 
7 43 50 56 
14 45 56 63 
7 12 51 56 
7 51 52 63 
0 7 20 27 
7 14 33 56 
21 43 56 63 
7 52 53 56 
7 17 45 63 
7 28 38 63 
7 14 27 63 
0 10 14 56 
0 9 38 56 
0 7 9 25 
7 33 34 63 
7 11 19 63 
7 28 36 56 
0 7 12 36 
0 25 52 63 
7 26 53 56 
7 21 35 63 
0 30 35 56 
18 46 56 63 
7 11 46 63 
7 27 37 63 
7 17 37 56 
20 30 56 63 
7 20 27 56 
0 19 30 63 
0 37 41 63 
0 7 19 54 
7 20 30 56 
26 49 56 63 
0 38 42 63 
7 13 22 63 
17 28 56 63 
0 7 38 44 
0 21 42 56 
7 21 43 63 
0 29 34 63 
7 26 30 56 
7 14 54 56 
0 7 9 14 
7 9 52 56 
0 28 36 63 
0 37 41 56 
7 45 46 56 
0 27 52 63 
7 9 51 56 
0 43 50 63 
0 30 43 56 
7 12 53 56 
0 7 26 42 
0 27 35 56 
18 33 56 63 
7 19 49 56 
20 53 56 63 
0 7 33 53 
7 26 28 63 
7 25 35 63 
0 12 14 63 
0 41 44 63 
0 13 33 56 
0 18 43 56 
0 7 20 53 
7 20 54 56 
0 14 42 63 
0 7 9 36 
0 27 34 56 
7 13 20 56 
14 50 56 63 
7 35 42 63 
0 20 26 56 
0 45 54 56 
17 37 56 63 
7 17 21 63 
0 7 11 51 
7 44 46 56 
7 21 50 56 
0 7 21 50 
7 13 19 63 
0 10 43 63 
0 33 36 63 
0 9 11 56 
0 33 51 56 
7 46 53 63 
0 26 28 56 
7 41 45 56 
7 19 33 56 
14 26 56 63 
17 30 56 63 
0 10 12 63 
0 13 19 63 
7 17 19 63 
7 25 42 63 
0 7 43 52 
0 43 45 63 
7 10 42 56 
0 7 26 30 
7 35 49 63 
7 21 27 56 
7 35 50 63 
7 34 43 56 
0 10 46 56 
7 27 52 56 
0 20 51 56 
0 19 41 63 
0 12 52 56 
0 35 43 63 
17 46 56 63 
7 14 52 63 
0 22 25 56 
0 27 37 56 
7 13 53 56 
0 19 49 63 
0 7 29 49 
0 7 22 51 
0 7 18 33 
0 7 41 42 
7 19 54 56 
7 18 52 63 
0 25 38 63 
7 28 45 56 
25 49 56 63 
26 52 56 63 
17 44 56 63 
0 19 20 63 
0 7 42 53 
7 17 38 56 
7 11 13 56 
0 7 13 50 
0 29 42 63 
0 18 35 63 
0 12 38 56 
12 17 56 63 
7 51 53 56 
7 10 51 63 
0 21 54 56 
7 25 36 56 
0 7 18 38 
7 25 30 63 
0 17 53 56 
30 41 56 63 
0 46 54 56 
7 25 41 63 
0 22 45 56 
7 20 44 63 
7 18 46 63 
7 27 37 56 
18 45 56 63 
0 18 49 63 
0 10 35 56 
0 17 20 56 
7 42 43 56 
0 22 49 56 
7 34 35 56 
7 19 20 63 
0 7 41 44 
7 18 37 63 
7 13 29 63 
0 7 19 38 
0 34 46 56 
0 7 36 38 
7 25 52 63 
0 33 50 63 
7 33 36 56 
0 7 38 46 
0 37 44 63 
0 22 45 63 
7 10 26 63 
0 11 20 63 
7 38 51 63 
7 30 33 63 
42 43 56 63 
7 12 19 63 
7 10 41 56 
7 37 51 63 
7 26 45 56 
0 29 33 63 
0 7 29 30 
0 7 21 36 
0 41 52 56 
0 19 36 56 
0 30 54 63 
0 9 30 56 
0 27 45 63 
0 50 54 56 
0 27 49 63 
38 46 56 63 
7 20 25 63 
0 7 27 46 
7 37 49 63 
7 30 45 56 
7 18 35 63 
0 34 38 63 
7 17 52 63 
28 43 56 63 
7 34 42 56 
0 7 13 36 
7 19 53 63 
7 12 43 56 
0 7 14 46 
0 11 33 56 
0 12 18 63 
21 51 56 63 
0 7 18 26 
0 19 54 56 
7 42 43 63 
7 36 49 63 
0 7 19 29 
0 14 30 56 
0 36 42 56 
0 12 49 63 
7 42 53 56 
0 30 46 56 
21 34 56 63 
0 17 33 63 
25 50 56 63 
7 50 53 63 
7 27 29 63 
13 52 56 63 
7 17 36 63 
11 33 56 63 
10 26 56 63 
7 9 53 63 
7 12 45 56 
7 25 49 63 
7 11 26 63 
7 35 54 63 
0 17 42 56 
0 7 10 26 
0 10 51 63 
0 26 42 56 
7 10 34 56 
0 22 49 63 
0 7 30 35 
0 7 25 27 
0 20 25 63 
0 36 44 63 
7 18 49 63 
7 11 36 56 
22 33 56 63 
7 26 50 56 
14 52 56 63 
0 45 54 63 
0 46 54 63 
7 14 20 56 
7 51 52 56 
0 35 41 56 
7 33 54 63 
0 11 43 56 
7 25 44 56 
7 29 45 56 
0 7 9 22 
7 29 33 63 
0 28 54 56 
0 34 49 56 
0 7 20 25 
7 29 41 63 
7 13 50 56 
7 9 22 56 
0 10 34 56 
7 44 51 56 
7 10 29 56 
19 52 56 63 
21 26 56 63 
0 53 54 63 
0 37 38 63 
0 9 26 56 
0 7 11 52 
7 34 51 63 
7 20 27 63 
7 9 36 63 
0 20 43 56 
0 25 38 56 
36 45 56 63 
7 14 50 56 
0 14 41 63 
7 19 53 56 
42 50 56 63 
0 10 36 56 
7 38 45 63 
7 14 29 63 
0 7 20 38 
7 34 44 56 
14 53 56 63 
0 46 51 56 
7 49 52 56 
27 42 56 63 
7 25 46 63 
7 9 18 63 
9 35 56 63 
7 29 50 63 
0 10 11 56 
7 41 50 63 
0 11 35 63 
7 19 34 56 
0 13 46 56 
0 9 43 56 
43 49 56 63 
0 20 34 63 
7 9 13 56 
0 17 43 63 
0 7 11 34 
0 11 36 56 
0 38 46 63 
7 13 28 56 
11 27 56 63 
7 21 46 56 
0 13 30 63 
0 7 18 53 
0 44 53 56 
0 33 38 63 
19 38 56 63 
7 26 54 63 
0 29 37 63 
0 37 38 56 
0 11 22 56 
0 21 53 63 
7 19 52 63 
7 26 33 56 
7 29 36 56 
7 44 52 63 
0 13 42 63 
7 10 18 56 
0 10 26 56 
0 14 34 63 
19 43 56 63 
13 38 56 63 
43 54 56 63 
0 7 29 34 
0 30 50 56 
13 36 56 63 
33 46 56 63 
0 7 33 35 
41 43 56 63 
0 18 50 63 
7 17 19 56 
0 42 54 63 
0 12 37 56 
7 14 51 63 
0 26 46 56 
0 7 44 53 
0 7 38 50 
25 54 56 63 
0 17 51 63 
7 27 36 56 
7 12 18 63 
0 18 44 63 
7 45 54 63 
0 25 50 56 
21 36 56 63 
0 19 34 56 
22 51 56 63 
7 14 34 56 
0 9 10 56 
0 19 25 63 
7 22 45 63 
7 13 42 63 
0 7 12 13 
28 44 56 63 
0 7 36 50 
0 7 28 45 
0 7 11 38 
7 38 51 56 
0 21 50 63 
0 13 41 56 
0 28 50 63 
0 7 13 14 
0 7 12 30 
0 44 50 56 
7 20 36 56 
0 7 29 33 
0 34 53 56 
7 9 25 63 
0 7 26 51 
0 11 29 63 
0 7 38 53 
7 12 29 63 
0 46 49 56 
0 18 20 63 
0 7 45 52 
7 19 50 56 
0 43 51 56 
7 14 26 63 
0 38 50 56 
0 17 18 63 
13 42 56 63 
7 10 25 56 
10 36 56 63 
0 45 53 63 
0 27 51 63 
0 12 51 56 
7 11 12 63 
19 36 56 63 
7 13 43 63 
0 28 36 56 
11 25 56 63 
7 25 29 63 
0 7 12 28 
0 7 10 52 
7 30 44 63 
0 14 19 56 
0 35 42 63 
7 22 50 56 
0 7 10 51 
7 41 49 63 
17 34 56 63 
0 13 52 56 
0 50 51 56 
0 38 53 63 
7 18 45 56 
7 38 42 63 
0 7 9 10 
0 36 54 63 
0 14 20 56 
11 14 56 63 
0 7 19 53 
0 7 18 21 
0 17 45 63 
7 20 22 63 
7 20 51 63 
0 9 34 56 
7 22 29 63 
7 41 53 56 
30 42 56 63 
36 41 56 63 
0 7 50 54 
0 14 21 56 
0 7 17 38 
7 34 53 56 
7 49 50 63 
0 17 25 56 
0 11 46 56 
0 9 34 63 
0 26 27 56 
7 9 26 63 
50 53 56 63 
0 34 51 63 
7 20 36 63 
7 9 37 56 
0 7 13 37 
0 7 22 46 
19 37 56 63 
0 46 53 63 
7 19 22 63 
0 19 38 63 
7 19 54 63 
0 7 11 43 
0 17 26 56 
0 26 33 56 
7 11 20 56 
44 49 56 63 
7 18 27 63 
29 49 56 63 
0 20 33 63 
0 12 25 56 
12 33 56 63 
0 14 26 56 
0 12 19 63 
0 9 19 63 
12 13 56 63 
0 7 19 27 
7 19 35 63 
7 19 46 63 
36 43 56 63 
0 41 46 63 
0 18 30 63 
0 12 34 63 
0 12 13 56 
34 41 56 63 
7 42 50 56 
0 7 25 33 
0 7 41 45 
27 51 56 63 
7 27 51 63 
7 50 52 56 
14 19 56 63 
7 11 43 56 
0 7 33 46 
0 25 53 63 
7 22 45 56 
0 7 36 37 
26 54 56 63 
36 52 56 63 
7 18 35 56 
0 41 50 63 
0 29 41 56 
0 9 27 56 
9 22 56 63 
7 41 51 63 
0 34 43 63 
0 36 43 63 
10 22 56 63 
0 10 36 63 
7 26 52 63 
0 21 54 63 
0 18 37 63 
0 12 27 56 
0 7 13 25 
35 45 56 63 
0 19 27 63 
0 7 14 41 
0 11 50 63 
0 7 25 43 
0 7 30 34 
7 13 52 56 
7 27 38 56 
0 7 38 43 
0 7 26 43 
0 33 42 56 
0 7 49 52 
0 7 38 41 
27 43 56 63 
0 21 52 63 
7 41 46 56 
0 25 52 56 
12 18 56 63 
7 17 54 56 
0 38 43 63 
10 28 56 63 
7 14 30 56 
0 25 44 56 
7 13 36 56 
30 36 56 63 
0 29 50 56 
0 10 18 63 
36 49 56 63 
0 7 35 44 
0 7 10 54 
18 20 56 63 
7 37 54 56 
0 7 14 27 
0 29 52 56 
7 13 51 56 
0 11 17 63 
0 41 45 63 
0 11 51 56 
0 7 9 26 
27 54 56 63 
7 17 27 56 
0 7 19 49 
0 29 36 63 
0 7 21 27 
0 11 42 63 
28 50 56 63 
0 10 22 63 
0 7 13 19 
7 28 33 56 
45 53 56 63 
7 45 52 56 
0 7 12 35 
7 30 54 56 
7 10 54 63 
7 35 43 63 
7 36 37 63 
7 9 28 56 
0 17 52 63 
0 44 45 63 
34 38 56 63 
7 13 21 63 
7 25 33 63 
7 33 38 56 
7 38 54 56 
0 30 52 63 
7 22 30 63 
0 20 28 63 
7 10 29 63 
7 28 34 56 
0 13 29 63 
7 29 49 63 
0 30 43 63 
0 22 33 63 
28 36 56 63 
7 41 44 63 
0 43 46 56 
0 7 27 28 
0 7 21 28 
0 7 10 11 
0 7 22 37 
0 9 53 56 
7 14 33 63 
28 30 56 63 
12 35 56 63 
22 50 56 63 
0 34 42 56 
25 30 56 63 
0 36 42 63 
0 49 51 63 
27 34 56 63 
7 18 34 63 
7 9 26 56 
7 14 17 56 
7 9 43 56 
7 10 43 56 
0 7 29 45 
14 37 56 63 
0 18 46 56 
0 7 17 25 
0 18 28 56 
9 19 56 63 
0 25 28 56 
0 12 22 63 
7 35 51 63 
0 7 13 41 
7 17 49 56 
13 45 56 63 
0 7 28 37 
7 26 38 56 
21 35 56 63 
0 7 9 11 
0 19 45 56 
0 17 27 56 
7 37 38 63 
7 33 50 56 
7 26 43 63 
0 7 9 29 
7 36 38 56 
7 13 51 63 
0 7 12 20 
11 46 56 63 
7 22 26 56 
29 30 56 63 
0 44 51 63 
0 7 21 26 
7 19 38 63 
0 7 43 49 
0 37 52 56 
7 33 51 63 
0 7 22 28 
0 7 22 42 
0 17 19 56 
7 20 45 56 
10 44 56 63 
20 25 56 63 
7 42 46 56 
0 18 42 63 
7 20 35 56 
33 37 56 63 
0 11 20 56 
0 35 46 63 
0 20 42 56 
22 29 56 63 
7 37 44 63 
0 25 54 56 
7 20 21 63 
0 33 41 56 
0 7 28 35 
0 18 41 56 
0 27 44 56 
7 12 27 63 
11 26 56 63 
11 12 56 63 
7 9 35 56 
26 42 56 63 
7 12 42 63 
0 7 11 26 
7 12 44 56 
0 12 13 63 
0 37 51 56 
0 33 43 63 
0 7 17 36 
0 19 46 56 
0 19 33 56 
0 41 49 63 
0 7 46 52 
0 22 53 63 
7 10 19 63 
7 17 27 63 
0 42 45 63 
0 9 52 56 
7 27 42 63 
0 26 38 63 
0 7 18 52 
7 17 53 63 
7 21 42 63 
7 28 46 56 
0 34 37 56 
7 14 49 63 
0 10 29 63 
0 10 33 63 
0 28 46 56 
0 7 27 42 
9 17 56 63 
29 46 56 63 
44 46 56 63 
0 30 34 56 
0 21 42 63 
26 37 56 63 
0 20 22 63 
0 30 38 56 
7 29 30 56 
0 28 43 56 
7 30 35 63 
0 12 28 56 
35 53 56 63 
7 11 30 63 
0 12 34 56 
7 19 44 56 
7 18 46 56 
7 38 44 63 
7 49 51 56 
0 25 37 63 
0 7 27 53 
0 7 20 54 
0 13 52 63 
0 17 35 56 
7 34 54 56 
0 27 43 56 
0 7 21 53 
0 29 53 56 
12 41 56 63 
10 54 56 63 
0 9 52 63 
25 36 56 63 
0 30 50 63 
0 28 49 63 
13 30 56 63 
7 10 13 63 
7 35 44 63 
0 7 34 42 
10 41 56 63 
0 7 36 53 
18 50 56 63 
0 21 49 56 
0 36 53 63 
7 14 17 63 
7 12 20 63 
0 9 26 63 
7 26 49 63 
0 11 14 63 
0 7 17 43 
0 30 37 56 
7 35 50 56 
7 36 52 56 
7 10 35 56 
7 20 49 56 
7 41 42 63 
0 7 17 34 
0 30 49 63 
10 52 56 63 
14 33 56 63 
7 19 33 63 
7 27 49 63 
0 7 19 30 
0 7 17 41 
0 7 12 45 
7 46 54 56 
7 20 53 56 
7 10 46 63 
7 38 50 56 
0 7 27 44 
0 22 43 63 
0 7 17 27 
7 42 54 63 
7 42 45 63 
41 42 56 63 
7 21 33 56 
0 21 33 56 
7 9 30 63 
0 22 43 56 
30 53 56 63 
0 21 28 56 
26 29 56 63 
0 18 28 63 
7 21 34 56 
7 21 30 56 
0 38 41 63 
29 51 56 63 
0 18 54 56 
7 12 28 63 
0 13 22 56 
34 53 56 63 
37 42 56 63 
7 21 22 56 
0 22 46 56 
7 19 37 56 
7 18 52 56 
0 7 43 53 
14 42 56 63 
7 29 35 63 
14 51 56 63 
0 11 18 63 
7 27 38 63 
7 13 45 56 
0 41 51 56 
7 29 52 63 
0 7 22 27 
53 54 56 63 
0 46 51 63 
0 10 37 63 
0 14 18 56 
20 37 56 63 
0 7 9 37 
19 53 56 63 
7 22 54 63 
0 11 25 56 
0 18 19 56 
7 30 44 56 
7 20 43 56 
7 21 28 63 
7 19 46 56 
0 36 37 63 
7 17 41 63 
0 27 30 56 
9 20 56 63 
7 11 17 63 
0 14 54 56 
0 44 49 56 
0 33 45 56 
0 14 33 63 
7 18 38 63 
0 22 34 56 
34 45 56 63 
7 14 38 63 
0 44 45 56 
0 10 42 63 
7 36 52 63 
14 36 56 63 
0 7 21 51 
0 42 52 56 
0 7 30 41 
0 14 18 63 
0 13 51 63 
0 17 30 56 
20 51 56 63 
0 10 38 56 
0 37 54 56 
0 30 37 63 
0 7 34 38 
0 12 51 63 
0 18 30 56 
0 7 22 33 
0 19 26 56 
7 30 53 63 
7 36 45 63 
7 11 42 56 
0 7 37 45 
0 13 54 63 
0 7 18 44 
26 38 56 63 
7 37 53 63 
22 38 56 63 
0 38 54 63 
0 46 52 63 
0 10 54 63 
0 18 35 56 
7 25 49 56 
7 30 54 63 
7 11 36 63 
0 51 54 56 
0 7 25 38 
7 33 41 56 
7 12 54 56 
10 38 56 63 
0 7 9 13 
22 35 56 63 
19 41 56 63 
0 44 53 63 
7 13 14 63 
0 7 42 43 
0 29 51 63 
14 43 56 63 
0 33 38 56 
7 30 36 63 
30 52 56 63 
7 21 52 56 
26 36 56 63 
0 38 43 56 
7 14 51 56 
0 7 35 36 
0 7 9 44 
0 26 53 56 
0 7 30 44 
0 10 29 56 
7 17 33 56 
13 54 56 63 
0 19 42 63 
0 7 21 46 
0 7 11 13 
26 33 56 63 
0 12 26 63 
7 10 12 56 
0 9 50 56 
7 10 30 63 
0 7 30 50 
0 7 10 28 
0 7 11 36 
7 11 43 63 
0 17 22 63 
0 7 28 50 
0 21 34 63 
14 30 56 63 
0 7 19 37 
0 34 43 56 
0 14 27 56 
0 19 28 63 
0 52 53 56 
7 25 50 56 
0 12 21 56 
7 46 50 63 
13 53 56 63 
0 33 49 56 
0 19 46 63 
12 44 56 63 
7 18 51 56 
10 53 56 63 
7 17 43 56 
0 9 17 63 
7 10 50 56 
7 43 44 56 
0 7 22 30 
10 14 56 63 
0 10 41 56 
7 26 44 63 
0 29 46 56 
0 13 27 56 
0 38 42 56 
0 41 53 63 
7 27 53 56 
33 35 56 63 
0 22 30 63 
7 33 35 56 
0 7 13 27 
7 13 25 63 
7 30 46 63 
0 17 25 63 
7 33 41 63 
0 35 45 63 
0 30 53 56 
7 11 46 56 
0 27 54 63 
0 27 51 56 
7 34 36 56 
0 7 13 30 
0 43 44 63 
0 11 19 63 
7 17 42 56 
0 45 49 63 
0 36 43 56 
0 9 44 63 
7 42 49 56 
0 29 49 56 
27 53 56 63 
7 10 20 63 
7 21 42 56 
0 44 49 63 
29 34 56 63 
0 35 54 56 
7 13 18 56 
0 7 27 41 
0 18 53 63 
7 36 41 56 
7 25 29 56 
0 21 50 56 
0 35 46 56 
7 36 53 56 
7 34 37 63 
0 33 37 56 
0 36 44 56 
0 7 35 50 
0 7 19 28 
7 10 52 63 
0 7 28 51 
7 28 41 56 
0 14 17 63 
20 46 56 63 
0 13 45 63 
0 27 29 63 
7 35 36 63 
10 37 56 63 
7 29 52 56 
7 26 54 56 
7 25 53 56 
18 27 56 63 
12 25 56 63 
18 19 56 63 
22 49 56 63 
0 11 43 63 
0 7 10 45 
7 22 41 56 
11 54 56 63 
7 35 43 56 
0 7 34 49 
0 21 26 63 
0 7 21 41 
0 7 14 44 
7 21 27 63 
7 34 50 63 
0 7 17 50 
25 45 56 63 
7 11 33 63 
7 21 38 63 
0 7 10 29 
7 44 54 56 
0 27 53 63 
7 11 37 56 
7 9 21 56 
0 7 9 20 
0 7 18 20 
21 30 56 63 
0 26 52 63 
7 21 43 56 
7 10 27 56 
0 35 36 56 
27 30 56 63 
9 54 56 63 
7 19 44 63 
0 43 53 56 
0 13 21 56 
0 18 42 56 
0 25 28 63 
7 22 42 56 
29 45 56 63 
7 21 49 56 
7 13 50 63 
7 25 38 56 
27 35 56 63 
7 10 53 63 
0 7 13 53 
7 19 29 63 
0 26 49 56 
0 27 30 63 
7 30 37 63 
0 7 35 41 
0 26 29 56 
0 19 44 56 
7 22 53 56 
9 11 56 63 
13 49 56 63 
7 22 36 63 
0 7 21 37 
0 7 12 14 
0 41 43 63 
7 38 42 56 
0 10 28 56 
0 7 37 38 
0 11 38 56 
7 50 53 56 
7 13 17 63 
20 35 56 63 
45 52 56 63 
0 34 35 63 
0 7 10 30 
18 42 56 63 
0 18 52 56 
7 33 34 56 
0 28 49 56 
7 17 45 56 
7 19 49 63 
0 12 54 56 
0 10 19 56 
12 37 56 63 
7 14 43 56 
0 41 43 56 
7 45 50 56 
7 27 33 63 
0 12 14 56 
0 7 9 41 
0 7 18 51 
7 9 38 56 
13 18 56 63 
0 10 18 56 
7 33 37 56 
0 7 10 36 
0 36 46 56 
27 44 56 63 
0 13 42 56 
7 12 52 56 
7 11 13 63 
9 37 56 63 
7 14 21 63 
0 11 26 56 
30 43 56 63 
0 7 28 52 
0 49 50 63 
28 35 56 63 
0 20 34 56 
0 13 43 63 
7 19 28 63 
0 18 25 56 
7 33 43 56 
7 42 45 56 
7 10 22 56 
7 14 20 63 
0 14 29 56 
0 7 17 49 
7 28 43 56 
0 11 37 56 
50 52 56 63 
0 9 54 56 
0 7 27 34 
7 9 12 63 
7 33 49 63 
7 43 53 63 
0 7 19 45 
33 49 56 63 
10 46 56 63 
0 28 45 63 
0 22 29 56 
0 28 41 56 
26 27 56 63 
0 11 25 63 
7 12 17 56 
0 14 53 63 
0 25 49 63 
0 9 13 63 
7 19 37 63 
17 49 56 63 
0 35 45 56 
7 11 52 56 
0 20 46 56 
17 43 56 63 
0 13 28 56 
0 7 25 53 
0 7 21 22 
7 38 43 56 
0 43 44 56 
0 29 42 56 
0 33 37 63 
7 12 41 56 
41 52 56 63 
7 18 25 63 
0 14 28 56 
7 11 25 56 
7 38 43 63 
0 13 37 63 
0 7 14 42 
25 29 56 63 
7 19 51 63 
0 7 12 22 
46 50 56 63 
7 22 53 63 
0 7 22 29 
7 26 52 56 
7 43 44 63 
0 7 21 29 
0 7 33 38 
0 7 10 42 
9 38 56 63 
0 12 44 63 
0 25 45 56 
18 51 56 63 
0 11 12 56 
7 21 49 63 
0 17 42 63 
0 36 46 63 
0 14 43 63 
0 7 14 25 
0 7 38 45 
0 14 43 56 
34 52 56 63 
14 18 56 63 
7 36 50 63 
7 14 35 56 
0 19 36 63 
0 25 50 63 
0 28 51 56 
0 7 9 12 
0 18 46 63 
0 26 35 56 
11 35 56 63 
0 10 49 56 
7 17 30 63 
19 21 56 63 
11 37 56 63 
0 17 49 63 
18 53 56 63 
0 34 36 63 
0 9 25 63 
0 10 51 56 
12 53 56 63 
7 28 53 56 
0 12 37 63 
0 9 17 56 
0 41 45 56 
7 18 26 56 
0 7 13 17 
0 46 49 63 
0 13 45 56 
0 22 51 63 
0 7 10 22 
0 12 42 63 
29 37 56 63 
7 20 46 56 
26 41 56 63 
7 50 54 63 
0 14 29 63 
7 35 52 63 
0 21 51 56 
7 11 50 63 
7 9 49 56 
0 7 18 22 
0 35 37 63 
28 45 56 63 
50 54 56 63 
0 20 30 56 
0 26 51 56 
0 51 53 63 
0 25 26 56 
33 54 56 63 
7 25 44 63 
0 7 30 38 
7 34 42 63 
0 7 12 17 
7 21 44 56 
0 7 18 34 
37 38 56 63 
7 42 52 56 
0 49 52 63 
7 22 41 63 
7 10 21 63 
0 7 29 38 
34 43 56 63 
0 13 41 63 
0 11 52 56 
0 11 13 63 
7 11 49 63 
0 10 20 56 
0 7 18 36 
0 7 19 25 
0 44 52 56 
0 7 36 43 
0 7 17 20 
0 9 49 63 
0 12 18 56 
7 30 52 56 
0 37 53 63 
7 20 50 63 
7 10 38 56 
0 10 25 56 
0 7 19 50 
7 11 22 56 
7 18 54 63 
7 38 46 63 
7 25 54 56 
0 7 14 49 
0 26 33 63 
0 29 35 63 
0 7 33 50 
37 54 56 63 
0 35 51 56 
0 7 45 49 
12 26 56 63 
7 13 30 56 
0 7 13 46 
42 54 56 63 
7 12 34 63 
7 17 26 63 
7 21 26 63 
7 28 42 63 
0 17 34 63 
34 46 56 63 
18 37 56 63 
7 37 50 63 
0 18 27 56 
0 21 45 56 
7 9 20 56 
7 12 19 56 
7 13 44 63 
45 54 56 63 
7 27 45 63 
7 44 49 63 
19 33 56 63 
0 7 34 46 
0 11 50 56 
0 7 13 45 
0 9 25 56 
0 22 28 56 
0 29 34 56 
36 37 56 63 
12 19 56 63 
7 29 51 63 
7 9 42 56 
7 25 33 56 
0 27 42 63 
20 33 56 63 
10 42 56 63 
0 12 43 63 
0 7 27 37 
0 7 30 33 
0 26 27 63 
13 14 56 63 
13 20 56 63 
11 13 56 63 
7 44 45 56 
0 22 37 63 
0 19 20 56 
0 37 53 56 
0 21 43 56 
38 49 56 63 
7 14 36 56 
7 11 54 63 
0 18 26 63 
0 7 13 49 
0 22 25 63 
0 7 14 20 
7 20 29 63 
0 19 53 56 
0 7 10 34 
0 7 20 34 
10 27 56 63 
0 7 21 44 
29 44 56 63 
0 35 36 63 
36 54 56 63 
0 33 49 63 
7 29 53 56 
0 7 33 44 
0 11 13 56 
0 26 41 63 
7 14 50 63 
34 35 56 63 
0 51 52 63 
7 17 30 56 
18 21 56 63 
0 18 38 56 
7 9 49 63 
0 12 28 63 
29 35 56 63 
7 29 44 63 
10 13 56 63 
0 7 22 52 
7 25 51 56 
7 29 43 56 
0 26 38 56 
7 12 30 56 
7 13 18 63 
0 7 11 41 
7 21 29 63 
7 11 42 63 
0 34 46 63 
0 28 41 63 
0 26 28 63 
20 54 56 63 
0 33 54 56 
0 33 42 63 
7 12 50 56 
17 27 56 63 
7 34 35 63 
0 10 53 56 
0 7 38 42 
7 44 53 63 
44 53 56 63 
0 20 27 56 
0 26 50 63 
0 20 51 63 
0 43 54 63 
7 9 45 56 
0 26 44 63 
0 20 21 63 
14 25 56 63 
7 21 45 56 
0 7 43 46 
29 36 56 63 
0 41 49 56 
7 20 34 63 
7 34 52 63 
0 42 51 56 
7 29 43 63 
26 50 56 63 
0 7 35 51 
0 14 36 63 
19 28 56 63 
7 12 41 63 
0 9 29 56 
0 26 45 56 
7 10 50 63 
0 7 14 18 
7 20 34 56 
0 7 27 51 
7 9 50 63 
0 22 50 63 
0 34 49 63 
7 18 20 56 
0 11 49 63 
27 41 56 63 
0 21 33 63 
7 35 45 63 
0 7 14 29 
7 12 53 63 
0 13 49 63 
0 28 35 56 
7 25 43 56 
7 18 21 63 
0 7 14 53 
7 13 37 63 
20 45 56 63 
0 12 42 56 
7 9 13 63 
7 36 49 56 
7 34 50 56 
0 7 22 34 
0 7 34 53 
0 7 18 37 
0 33 52 56 
0 7 11 27 
21 38 56 63 
0 7 35 43 
0 37 50 56 
7 10 43 63 
0 30 41 63 
0 10 42 56 
10 43 56 63 
0 13 33 63 
0 17 52 56 
0 10 19 63 
0 9 28 56 
7 22 44 63 
0 7 25 54 
0 34 38 56 
28 34 56 63 
0 18 52 63 
0 7 26 49 
0 7 25 46 
0 18 36 63 
7 43 49 63 
43 51 56 63 
7 20 50 56 
14 44 56 63 
0 19 34 63 
36 44 56 63 
0 7 38 51 
7 22 35 56 
0 7 49 54 
25 34 56 63 
7 36 46 63 
7 34 54 63 
7 13 30 63 
12 46 56 63 
0 45 51 56 
7 42 51 56 
7 12 38 56 
0 35 52 63 
7 13 38 63 
0 45 50 56 
7 28 42 56 
0 26 49 63 
43 44 56 63 
7 30 38 63 
50 51 56 63 
0 27 29 56 
25 27 56 63 
17 41 56 63 
35 50 56 63 
0 51 52 56 
0 9 12 56 
35 42 56 63 
36 46 56 63 
7 30 49 63 
0 27 46 63 
0 9 33 56 
0 25 30 63 
33 42 56 63 
0 17 26 63 
7 11 35 56 
21 28 56 63 
7 27 36 63 
0 9 51 56 
0 22 26 63 
27 38 56 63 
0 7 41 49 
11 44 56 63 
42 44 56 63 
7 13 33 63 
0 7 42 49 
7 22 46 63 
7 11 44 56 
0 7 9 53 
0 7 19 34 
0 29 36 56 
10 17 56 63 
0 7 37 49 
0 20 30 63 
0 12 29 63 
9 42 56 63 
0 7 43 45 
0 26 45 63 
7 19 45 56 
7 9 46 63 
0 25 45 63 
0 10 43 56 
35 46 56 63 
7 11 12 56 
0 7 45 53 
0 9 49 56 
0 7 27 36 
0 14 27 63 
7 18 44 63 
21 50 56 63 
7 17 50 56 
7 13 27 56 
7 12 27 56 
7 45 52 63 
7 20 42 63 
7 19 42 56 
0 25 43 63 
12 45 56 63 
0 45 46 56 
0 10 35 63 
0 10 28 63 
0 13 21 63 
0 13 54 56 
0 7 17 30 
0 19 29 63 
14 54 56 63 
14 21 56 63 
0 7 13 44 
0 7 35 45 
0 12 19 56 
0 33 35 63 
35 43 56 63 
0 26 30 56 
7 34 46 56 
7 17 18 56 
11 43 56 63 
7 13 20 63 
0 7 19 20 
33 45 56 63 
11 36 56 63 
0 34 54 63 
19 46 56 63 
9 53 56 63 
37 49 56 63 
0 10 45 63 
7 11 45 63 
0 7 12 43 
0 7 9 51 
7 10 52 56 
0 19 38 56 
34 51 56 63 
33 50 56 63 
7 45 53 56 
7 12 33 63 
0 41 53 56 
25 37 56 63 
7 26 36 56 
37 44 56 63 
25 26 56 63 
7 37 50 56 
7 19 45 63 
0 45 52 56 
0 18 22 56 
9 52 56 63 
7 28 36 63 
0 13 44 63 
0 7 13 33 
7 18 51 63 
7 14 35 63 
7 12 49 56 
42 53 56 63 
7 13 54 63 
7 26 49 56 
7 33 38 63 
0 28 43 63 
7 10 22 63 
7 26 28 56 
0 7 28 36 
0 11 53 56 
0 20 53 63 
38 42 56 63 
11 29 56 63 
7 13 53 63 
0 13 26 56 
0 13 36 56 
43 52 56 63 
7 30 46 56 
7 9 14 63 
0 7 42 52 
7 14 27 56 
7 33 52 63 
0 28 33 56 
0 28 38 56 
0 14 20 63 
7 29 46 63 
0 25 29 63 
13 33 56 63 
7 9 44 63 
26 28 56 63 
0 14 34 56 
0 7 17 46 
12 30 56 63 
7 14 54 63 
0 7 14 37 
7 37 45 63 
0 35 50 63 
0 34 36 56 
7 10 14 56 
0 37 52 63 
13 26 56 63 
19 42 56 63 
0 19 52 63 
7 25 34 63 
0 37 42 63 
0 9 54 63 
0 7 41 52 
0 7 41 51 
7 46 52 56 
0 17 54 56 
12 22 56 63 
0 18 34 56 
0 7 9 52 
7 9 54 63 
0 21 46 63 
0 7 13 22 
0 27 43 63 
7 13 35 63 
0 7 17 22 
7 38 52 56 
17 52 56 63 
0 20 49 63 
27 28 56 63 
7 33 45 56 
36 38 56 63 
34 42 56 63 
30 51 56 63 
22 37 56 63 
0 7 12 38 
0 7 28 30 
0 7 35 46 
7 17 22 56 
7 41 49 56 
18 44 56 63 
7 29 35 56 
25 41 56 63 
7 12 26 56 
0 7 13 38 
7 12 36 56 
7 13 14 56 
13 17 56 63 
0 20 27 63 
42 52 56 63 
0 26 52 56 
7 20 33 63 
7 20 53 63 
7 12 35 56 
0 35 37 56 
0 34 51 56 
0 19 35 56 
0 7 26 52 
7 13 49 56 
0 7 9 42 
0 28 34 63 
42 46 56 63 
0 7 11 33 
0 43 52 63 
0 34 37 63 
25 52 56 63 
7 30 42 63 
7 34 46 63 
0 19 41 56 
7 45 51 63 
0 14 22 56 
7 46 52 63 
7 9 10 56 
7 19 21 63 
0 44 52 63 
0 14 54 63 
0 21 26 56 
0 19 37 63 
7 27 50 56 
0 30 42 63 
0 43 52 56 
7 36 42 56 
0 22 38 63 
7 27 43 63 
7 25 37 63 
7 46 49 56 
7 22 52 63 
0 7 35 49 
7 12 17 63 
0 36 52 56 
7 25 26 63 
7 21 53 63 
17 36 56 63 
7 33 44 63 
7 10 36 56 
0 7 44 46 
0 13 22 63 
7 22 30 56 
7 13 21 56 
19 22 56 63 
33 53 56 63 
13 34 56 63 
41 53 56 63 
7 12 46 63 
0 7 12 37 
0 7 12 19 
0 44 54 56 
26 53 56 63 
0 7 12 54 
20 42 56 63 
0 7 36 42 
7 35 38 63 
0 7 11 37 
7 18 36 63 
0 7 9 35 
0 18 43 63 
44 50 56 63 
7 30 37 56 
0 20 35 56 
18 52 56 63 
17 45 56 63 
7 35 49 56 
0 27 33 63 
7 35 36 56 
0 7 10 18 
7 26 38 63 
21 46 56 63 
7 10 21 56 
38 50 56 63 
0 7 18 19 
7 20 38 56 
0 14 53 56 
7 12 42 56 
37 45 56 63 
0 46 50 63 
7 17 41 56 
7 20 46 63 
7 22 25 63 
34 50 56 63 
0 30 33 63 
12 52 56 63 
22 42 56 63 
0 7 28 46 
0 12 49 56 
7 41 51 56 
0 17 46 63 
7 27 34 56 
0 7 22 45 
7 12 34 56 
0 43 46 63 
0 14 46 56 
0 7 37 46 
7 14 34 63 
0 11 12 63 
7 13 38 56 
7 13 46 56 
0 20 25 56 
0 14 38 56 
0 7 26 50 
0 29 52 63 
7 25 54 63 
7 12 51 63 
0 51 53 56 
7 19 43 63 
7 10 53 56 
0 18 19 63 
7 26 50 63 
0 7 10 41 
0 17 20 63 
7 35 53 63 
19 30 56 63 
38 45 56 63 
0 18 22 63 
0 7 51 53 
10 25 56 63 
7 11 51 63 
0 12 50 63 
0 17 44 63 
7 44 50 56 
0 11 35 56 
0 20 29 56 
7 41 44 56 
7 22 27 56 
7 21 28 56 
0 10 46 63 
0 46 52 56 
0 35 49 56 
0 22 44 63 
7 50 54 56 
0 7 18 45 
30 34 56 63 
7 28 35 63 
0 30 45 56 
0 7 30 36 
44 52 56 63 
0 7 9 43 
17 22 56 63 
0 18 34 63 
0 30 38 63 
7 27 49 56 
0 7 20 46 
0 10 13 56 
33 34 56 63 
44 51 56 63 
0 21 36 63 
0 26 29 63 
0 44 50 63 
0 7 22 54 
7 29 44 56 
0 7 11 20 
7 11 18 63 
0 7 45 50 
0 12 21 63 
41 45 56 63 
7 11 30 56 
0 27 44 63 
0 7 44 54 
7 35 37 63 
22 30 56 63 
0 30 44 56 
0 26 35 63 
28 51 56 63 
0 7 27 49 
21 49 56 63 
7 22 33 56 
9 28 56 63 
7 11 52 63 
0 17 36 63 
7 14 26 56 
0 21 29 63 
7 33 42 56 
7 37 53 56 
0 20 38 56 
0 7 51 54 
0 17 33 56 
0 7 14 35 
0 21 51 63 
0 37 51 63 
7 17 22 63 
0 27 46 56 
0 7 41 54 
9 45 56 63 
13 22 56 63 
0 28 29 63 
0 19 22 56 
7 12 52 63 
7 22 34 56 
0 18 45 63 
25 42 56 63 
7 11 41 63 
0 11 29 56 
7 9 17 56 
29 41 56 63 
7 20 22 56 
7 30 43 56 
7 49 53 63 
7 44 51 63 
0 25 41 56 
0 11 45 56 
0 17 21 63 
20 27 56 63 
0 17 35 63 
0 10 53 63 
0 26 41 56 
0 21 44 56 
30 50 56 63 
0 53 54 56 
0 30 53 63 
0 12 20 56 
7 37 45 56 
7 41 53 63 
7 26 30 63 
0 18 50 56 
17 35 56 63 
0 34 54 56 
41 49 56 63 
0 27 36 63 
7 44 50 63 
7 38 49 56 
0 7 12 53 
7 27 54 56 
0 7 14 51 
0 30 44 63 
0 27 34 63 
7 9 19 63 
0 36 51 56 
0 9 41 63 
7 25 53 63 
7 28 54 56 
7 33 54 56 
0 7 19 43 
49 51 56 63 
7 33 43 63 
7 14 41 56 
0 7 13 26 
7 26 29 56 
0 19 43 56 
7 19 27 56 
7 17 33 63 
0 7 44 49 
0 12 52 63 
0 22 54 63 
0 38 52 63 
0 17 22 56 
7 9 37 63 
21 33 56 63 
7 21 51 63 
0 11 52 63 
0 7 18 54 
7 11 38 63 
0 14 36 56 
0 7 14 28 
7 37 43 56 
0 7 14 30 
0 19 21 56 
7 27 53 63 
0 22 35 56 
13 21 56 63 
7 37 52 63 
7 25 37 56 
7 18 26 63 
29 54 56 63 
0 7 34 45 
38 51 56 63 
0 44 51 56 
11 34 56 63 
7 9 25 56 
30 54 56 63 
7 17 29 56 
7 28 46 63 
30 37 56 63 
11 50 56 63 
0 41 50 56 
27 50 56 63 
0 7 34 37 
0 11 28 63 
0 22 27 56 
0 9 45 63 
42 51 56 63 
0 25 36 63 
0 7 28 33 
22 54 56 63 
38 52 56 63 
0 7 20 50 
7 29 36 63 
7 34 41 63 
7 11 21 63 
0 12 27 63 
7 14 30 63 
7 27 54 63 
0 7 41 50 
0 46 50 56 
26 45 56 63 
7 25 27 56 
0 12 17 63 
0 7 37 44 
34 54 56 63 
7 41 46 63 
0 7 37 41 
22 41 56 63 
7 11 14 63 
7 17 34 63 
46 53 56 63 
0 7 14 52 
7 9 34 63 
0 20 53 56 
7 28 52 63 
10 50 56 63 
0 7 18 41 
0 50 52 56 
0 36 41 63 
0 27 49 56 
7 12 33 56 
0 18 21 63 
7 33 44 56 
0 22 30 56 
7 14 43 63 
7 20 42 56 
0 18 51 63 
0 10 17 56 
17 26 56 63 
25 33 56 63 
17 29 56 63 
0 21 25 63 
12 51 56 63 
9 41 56 63 
7 46 50 56 
18 54 56 63 
43 50 56 63 
7 11 44 63 
0 7 21 33 
0 7 21 54 
0 7 41 43 
7 28 30 56 
0 28 54 63 
0 13 38 63 
0 28 51 63 
0 10 52 63 
0 35 43 56 
0 27 33 56 
17 20 56 63 
0 19 52 56 
0 19 44 63 
7 11 18 56 
0 22 41 63 
7 25 45 63 
0 7 10 20 
7 22 35 63 
7 10 25 63 
0 27 50 56 
0 30 46 63 
0 9 14 56 
7 37 52 56 
7 34 38 63 
0 14 28 63 
7 21 54 56 
7 9 12 56 
0 7 27 29 
0 9 38 63 
0 7 11 30 
7 27 41 56 
7 25 26 56 
12 36 56 63 
7 33 51 56 
0 7 11 29 
25 28 56 63 
0 37 44 56 
0 7 11 42 
7 26 53 63 
7 19 43 56 
7 30 38 56 
12 38 56 63 
0 50 52 63 
19 27 56 63 
22 25 56 63 
7 9 10 63 
0 42 46 63 
0 14 51 63 
0 7 21 30 
7 19 41 63 
7 20 26 63 
7 17 25 63 
0 7 22 49 
0 42 50 63 
0 7 9 54 
7 21 46 63 
7 30 51 63 
7 37 46 63 
7 18 41 56 
0 7 14 17 
0 20 37 56 
7 26 34 63 
7 14 45 63 
19 26 56 63 
0 7 29 37 
7 14 53 63 
0 27 28 63 
0 9 21 63 
0 18 49 56 
7 18 19 63 
0 52 53 63 
7 13 25 56 
0 7 19 33 
0 49 52 56 
38 53 56 63 
7 9 27 63 
7 34 37 56 
0 7 10 21 
0 41 52 63 
7 17 46 63 
17 50 56 63 
0 7 33 43 
0 37 49 56 
7 9 14 56 
7 13 34 63 
29 33 56 63 
0 27 50 63 
7 19 28 56 
13 37 56 63 
0 14 52 63 
0 29 30 56 
7 12 21 63 
10 19 56 63 
7 43 51 63 
0 22 28 63 
0 7 46 49 
0 7 43 44 
7 19 42 63 
12 34 56 63 
7 19 25 56 
0 21 44 63 
7 36 43 63 
0 12 35 56 
7 10 35 63 
0 22 51 56 
7 11 22 63 
0 45 46 63 
0 18 36 56 
7 11 37 63 
7 18 37 56 
0 17 45 56 
34 44 56 63 
0 7 18 29 
9 30 56 63 
0 33 50 56 
7 9 20 63 
7 18 21 56 
7 33 49 56 
0 7 11 53 
7 11 45 56 
7 27 30 56 
14 27 56 63 
0 22 33 56 
0 10 27 56 
7 34 45 56 
0 22 35 63 
0 7 18 35 
0 35 49 63 
7 29 41 56 
28 54 56 63 
7 28 44 56 
7 22 36 56 
0 7 53 54 
41 50 56 63 
0 7 14 38 
0 36 50 63 
0 19 25 56 
0 12 41 63 
7 19 35 56 
0 7 13 43 
7 26 29 63 
7 18 50 56 
25 43 56 63 
0 21 30 56 
7 19 38 56 
7 29 37 63 
0 34 45 56 
27 52 56 63 
7 14 37 63 
0 13 18 63 
0 7 19 42 
27 49 56 63 
0 7 22 36 
0 7 22 53 
7 25 43 63 
0 7 13 18 
7 10 19 56 
0 7 19 41 
0 20 41 56 
0 7 19 46 
9 27 56 63 
7 43 49 56 
0 19 27 56 
7 10 49 56 
0 41 51 63 
43 53 56 63 
0 27 37 63 
0 7 28 53 
29 38 56 63 
7 10 13 56 
0 33 35 56 
7 42 44 56 
14 22 56 63 
0 41 44 56 
0 43 49 63 
7 36 41 63 
0 7 21 35 
0 10 37 56 
7 22 43 56 
7 12 18 56 
0 34 52 63 
28 37 56 63 
0 14 25 56 
0 7 25 36 
0 44 54 63 
7 42 51 63 
0 49 51 56 
0 7 11 28 
11 17 56 63 
0 21 29 56 
30 33 56 63 
0 37 45 56 
0 10 33 56 
0 28 52 63 
7 21 29 56 
0 10 34 63 
7 22 51 56 
0 14 49 56 
0 7 11 46 
7 30 33 56 
0 7 26 46 
19 44 56 63 
0 7 20 44 
0 7 12 18 
7 30 42 56 
0 7 10 37 
7 13 29 56 
9 21 56 63 
0 7 42 50 
7 13 19 56 
0 7 12 42 
7 37 43 63 
19 45 56 63 
0 28 44 56 
0 7 14 36 
9 51 56 63 
7 49 52 63 
7 10 17 56 
0 49 50 56 
7 36 54 56 
0 21 36 56 
0 30 41 56 
7 43 46 63 
7 13 35 56 
0 12 22 56 
0 29 33 56 
0 7 38 52 
7 20 25 56 
36 42 56 63 
7 25 28 63 
0 12 46 56 
7 42 50 63 
7 9 41 63 
0 43 49 56 
0 7 25 34 
13 27 56 63 
13 51 56 63 
0 21 35 56 
7 18 29 63 
0 9 22 56 
0 20 44 63 
7 22 49 56 
7 51 54 56 
0 44 46 63 
0 33 46 63 
0 25 36 56 
7 35 41 63 
0 9 14 63 
42 45 56 63 
7 18 19 56 
0 7 52 53 
0 7 19 52 
0 13 53 56 
7 36 38 63 
7 17 29 63 
9 29 56 63 
28 33 56 63 
44 54 56 63 
12 14 56 63 
7 34 49 63 
7 13 44 56 
0 7 43 54 
0 7 17 52 
0 7 43 51 
0 20 37 63 
0 7 14 54 
0 12 25 63 
0 7 18 50 
0 12 43 56 
0 7 34 36 
0 13 20 56 
0 36 50 56 
0 14 26 63 
0 7 11 54 
7 41 42 56 
28 29 56 63 
28 52 56 63 
0 17 19 63 
0 7 30 54 
7 25 38 63 
7 14 53 56 
7 36 50 56 
7 10 33 56 
0 33 53 63 
0 33 44 63 
11 53 56 63 
0 36 37 56 
11 52 56 63 
0 42 43 63 
0 11 41 63 
0 35 52 56 
12 20 56 63 
20 38 56 63 
7 37 44 56 
38 43 56 63 
7 26 42 56 
17 21 56 63 
12 27 56 63 
0 7 27 43 
7 20 45 63 
20 26 56 63 
0 25 34 63 
19 29 56 63 
7 29 45 63 
7 27 28 56 
7 20 52 56 
7 34 38 56 
0 7 10 33 
7 35 53 56 
0 12 36 56 
0 26 43 63 
14 38 56 63 
0 13 34 63 
0 27 36 56 
0 35 54 63 
0 19 28 56 
28 46 56 63 
0 17 41 56 
7 37 46 56 
7 9 11 56 
0 17 29 63 
0 17 46 56 
0 49 53 63 
0 7 12 34 
0 10 30 63 
7 19 22 56 
0 12 33 56 
7 19 25 63 
7 25 36 63 
7 14 19 63 
0 36 45 63 
7 12 21 56 
7 10 37 63 
7 11 41 56 
7 36 45 56 
7 34 41 56 
7 30 34 56 
0 14 45 56 
11 22 56 63 
0 50 54 63 
21 22 56 63 
49 50 56 63 
0 7 50 51 
0 28 37 63 
0 41 42 56 
0 7 35 42 
0 26 34 63 
7 45 51 56 
26 30 56 63 
7 45 49 56 
0 11 17 56 
0 17 50 63 
7 26 37 56 
0 7 10 27 
10 33 56 63 
7 14 18 56 
0 14 52 56 
0 7 33 51 
0 7 28 41 
0 11 38 63 
0 9 42 56 
0 7 21 38 
0 30 51 56 
9 43 56 63 
9 12 56 63 
10 30 56 63 
0 21 30 63 
0 9 44 56 
7 14 36 63 
7 9 36 56 
0 7 14 26 
7 9 41 56 
7 14 28 56 
0 25 42 56 
0 7 25 28 
7 18 30 63 
0 12 54 63 
0 7 29 42 
7 11 21 56 
28 49 56 63 
43 45 56 63 
0 7 27 52 
0 20 49 56 
7 37 49 56 
0 26 53 63 
0 7 14 19 
22 36 56 63 
7 49 51 63 
7 45 49 63 
0 7 27 30 
7 9 29 63 
0 12 53 63 
0 19 29 56 
0 7 11 44 
17 51 56 63 
0 7 25 44 
46 52 56 63 
0 7 10 19 
19 20 56 63 
0 11 21 63 
7 49 50 56 
0 25 51 63 
7 9 42 63 
0 10 13 63 
0 11 33 63 
0 7 10 35 
0 17 51 56 
7 10 44 56 
7 13 26 56 
0 26 54 63 
0 13 51 56 
0 26 44 56 
0 9 45 56 
0 7 29 35 
7 29 46 56 
7 11 27 56 
0 38 49 56 
0 7 30 51 
0 7 17 35 
7 29 53 63 
0 9 46 63 
7 9 51 63 
7 12 45 63 
12 42 56 63 
0 12 33 63 
7 28 49 63 
0 11 30 63 
0 7 29 52 
22 43 56 63 
0 25 49 56 
0 7 30 52 
0 10 27 63 
33 36 56 63 
0 7 21 52 
0 37 42 56 
12 29 56 63 
0 9 37 63 
7 18 20 63 
21 27 56 63 
7 37 38 56 
7 13 46 63 
7 19 21 56 
0 9 50 63 
0 7 26 29 
7 11 33 56 
0 22 52 63 
0 7 19 35 
0 25 53 56 
0 7 13 52 
0 7 25 45 
20 29 56 63 
7 17 26 56 
7 12 50 63 
7 50 52 63 
41 46 56 63 
0 7 20 21 
46 54 56 63 
0 25 44 63 
7 28 49 56 
51 54 56 63 
20 49 56 63 
0 28 53 63 
0 7 13 28 
7 36 53 63 
37 41 56 63 
0 33 44 56 
29 42 56 63 
0 42 50 56 
0 28 35 63 
7 20 35 63 
7 29 33 56 
0 7 9 45 
0 25 41 63 
7 12 22 56 
7 18 34 56 
37 43 56 63 
36 51 56 63 
0 11 42 56 
0 11 27 56 
0 7 27 35 
0 7 35 52 
7 52 53 63 
0 20 36 56 
0 22 53 56 
7 14 46 63 
0 7 26 35 
7 29 51 56 
7 38 50 63 
0 9 21 56 
0 26 54 56 
0 7 17 18 
0 7 34 52 
0 13 37 56 
14 35 56 63 
0 7 42 46 
0 19 30 56 
17 42 56 63 
7 30 50 56 
0 7 37 51 
7 20 29 56 
30 49 56 63 
0 7 20 26 
0 28 30 56 
0 7 17 33 
0 7 34 44 
0 7 18 43 
7 21 25 56 
7 28 35 56 
0 19 33 63 
0 25 27 56 
0 7 19 22 
11 19 56 63 
7 36 46 56 
0 38 46 56 
0 12 35 63 
0 7 9 18 
0 7 9 49 
7 22 34 63 
0 7 45 46 
0 7 11 25 
0 7 18 25 
0 17 37 56 
7 42 54 56 
0 9 11 63 
7 11 28 56 
0 7 42 51 
0 18 20 56 
7 49 54 56 
7 17 35 56 
0 7 50 52 
0 27 28 56 
7 13 43 56 
7 26 51 56 
0 42 53 63 
7 10 17 63 
7 12 14 63 
0 10 22 56 
25 46 56 63 
0 7 13 54 
7 19 29 56 
25 51 56 63 
0 7 30 53 
0 7 20 51 
0 11 53 63 
0 7 18 42 
7 12 14 56 
7 22 37 63 
0 7 18 30 
0 7 36 54 
0 7 13 42 
7 22 51 63 
0 13 36 63 
0 28 37 56 
0 7 34 50 
0 29 51 56 
10 12 56 63 
0 29 38 56 
11 51 56 63 
0 9 10 63 
0 17 53 63 
0 7 10 50 
12 54 56 63 
0 9 12 63 
0 18 25 63 
0 29 43 63 
7 18 41 63 
7 27 46 63 
7 13 37 56 
0 7 19 21 
7 10 54 56 
0 7 30 45 
7 36 37 56 
0 21 37 56 
0 13 46 63 
0 37 46 63 
11 20 56 63 
18 26 56 63 
0 17 36 56 
0 7 12 26 
20 44 56 63 
7 19 36 63 
7 33 37 63 
7 29 50 56 
7 35 44 56 
0 11 19 56 
0 7 9 27 
7 9 33 63 
0 11 34 63 
0 7 27 50 
7 27 52 63 
7 22 26 63 
0 13 25 56 
0 7 25 35 
0 7 11 45 
7 30 50 63 
0 12 46 63 
7 27 35 63 
20 28 56 63 
0 34 35 56 
0 18 27 63 
0 14 38 63 
0 45 50 63 
0 7 17 51 
36 53 56 63 
0 20 29 63 
0 7 17 28 
0 7 29 50 
0 13 50 63 
0 7 26 41 
0 12 30 63 
7 25 50 63 
30 45 56 63 
0 36 45 56 
7 28 54 63 
0 9 18 56 
7 46 51 63 
0 7 29 36 
7 12 38 63 
7 17 43 63 
7 28 38 56 
12 50 56 63 
7 10 33 63 
33 41 56 63 
0 52 54 63 
0 7 20 52 
45 46 56 63 
9 34 56 63 
7 27 33 56 
0 29 38 63 
0 7 9 34 
0 33 54 63 
0 7 35 38 
21 54 56 63 
0 18 33 63 
0 10 45 56 
0 7 20 35 
35 44 56 63 
0 7 33 45 
21 52 56 63 
26 51 56 63 
34 37 56 63 
0 49 53 56 
7 17 28 63 
0 43 45 56 
7 45 46 63 
0 29 46 63 
0 7 42 45 
7 18 49 56 
7 30 51 56 
9 33 56 63 
0 14 30 63 
7 26 44 56 
0 7 28 38 
0 41 42 63 
7 29 42 56 
0 21 35 63 
7 21 22 63 
0 34 41 56 
7 9 11 63 
7 12 26 63 
7 43 54 63 
7 12 22 63 
13 35 56 63 
