0 7 29 56 63 
0 7 35 56 63 
0 7 21 56 63 
0 7 54 56 63 
0 7 17 56 63 
0 7 10 56 63 
0 7 44 56 63 
0 7 19 56 63 
0 7 25 56 63 
0 7 36 56 63 
0 7 37 56 63 
0 7 38 56 63 
0 7 11 56 63 
0 7 13 56 63 
0 7 33 56 63 
0 7 46 56 63 
0 7 22 56 63 
0 7 20 56 63 
0 7 52 56 63 
0 7 34 56 63 
0 7 26 56 63 
0 7 9 56 63 
0 7 42 56 63 
0 7 12 56 63 
0 7 45 56 63 
0 7 14 56 63 
0 7 43 56 63 
0 7 50 56 63 
0 7 28 56 63 
0 7 41 56 63 
0 7 18 56 63 
0 7 53 56 63 
0 7 27 56 63 
0 7 49 56 63 
0 7 30 56 63 
0 7 51 56 63 
