0 1 7 58 63 
0 1 48 56 63 
7 40 48 56 63 
7 8 56 62 63 
0 2 7 40 56 
0 5 7 56 62 
0 7 32 55 56 
0 3 7 47 56 
7 23 32 56 63 
0 5 7 31 63 
0 32 56 59 63 
0 16 48 56 63 
0 4 16 56 63 
0 7 39 60 63 
0 47 48 56 63 
0 7 8 32 63 
0 32 48 56 63 
0 4 7 24 56 
0 3 7 8 63 
7 32 48 56 63 
5 7 24 56 63 
0 7 24 56 58 
0 6 40 56 63 
0 3 8 56 63 
4 7 32 56 63 
0 7 47 56 58 
0 7 23 47 56 
0 4 47 56 63 
0 7 32 40 63 
7 39 56 62 63 
0 2 55 56 63 
7 39 47 56 63 
0 7 8 61 63 
7 56 59 61 63 
0 4 5 56 63 
0 2 7 39 63 
0 4 31 56 63 
3 7 32 56 63 
0 7 40 58 63 
0 7 55 56 61 
4 7 56 61 63 
3 7 56 62 63 
0 3 7 16 56 
0 5 56 60 63 
0 7 40 48 56 
5 7 23 56 63 
4 7 23 56 63 
0 7 40 56 58 
0 16 56 62 63 
6 7 8 56 63 
0 7 47 56 57 
7 15 48 56 63 
0 7 15 47 56 
0 7 15 56 61 
0 1 5 56 63 
0 7 39 58 63 
0 1 7 40 63 
0 7 8 47 63 
3 7 39 56 63 
2 7 48 56 63 
0 23 56 59 63 
0 1 7 24 56 
0 40 47 56 63 
7 32 56 60 63 
0 23 56 57 63 
7 8 56 58 63 
0 47 56 60 63 
0 8 56 58 63 
6 7 15 56 63 
0 6 16 56 63 
7 15 39 56 63 
0 2 6 7 63 
0 4 7 31 56 
0 4 7 56 61 
0 2 7 23 56 
0 7 40 56 61 
0 6 15 56 63 
7 16 56 62 63 
0 5 24 56 63 
0 2 7 48 56 
0 3 15 56 63 
0 5 7 56 59 
0 5 7 59 63 
7 15 31 56 63 
7 8 31 56 63 
6 7 48 56 63 
0 1 56 60 63 
7 32 56 57 63 
4 7 55 56 63 
0 7 23 47 63 
0 4 56 58 63 
0 6 23 56 63 
0 7 16 56 62 
0 7 8 16 56 
0 2 7 8 63 
0 7 15 16 56 
0 7 16 39 56 
0 6 7 56 57 
7 24 40 56 63 
2 7 23 56 63 
0 24 40 56 63 
1 7 24 56 63 
7 8 32 56 63 
0 7 56 58 59 
0 2 7 15 63 
2 7 56 59 63 
0 7 24 58 63 
0 7 40 61 63 
2 7 15 56 63 
7 39 55 56 63 
0 16 32 56 63 
7 32 56 62 63 
0 7 56 59 62 
0 4 7 59 63 
0 2 7 24 56 
0 23 39 56 63 
0 48 56 60 63 
0 7 16 56 61 
0 1 40 56 63 
0 1 56 57 63 
0 4 7 62 63 
0 1 7 62 63 
0 7 24 32 63 
0 4 7 15 56 
7 47 56 57 63 
0 6 7 40 63 
0 6 7 56 62 
0 56 57 61 63 
0 1 56 62 63 
0 2 7 59 63 
0 16 56 57 63 
0 5 7 16 63 
5 7 40 56 63 
0 1 47 56 63 
0 24 56 59 63 
0 2 7 56 60 
0 2 7 47 63 
0 7 32 56 61 
0 7 8 55 56 
0 7 31 56 57 
0 7 59 60 63 
0 7 16 24 63 
0 16 55 56 63 
0 5 7 47 63 
0 7 15 56 62 
2 7 56 57 63 
0 3 24 56 63 
0 7 40 47 56 
0 6 56 59 63 
1 7 16 56 63 
0 7 40 57 63 
0 5 7 62 63 
0 2 56 59 63 
0 7 23 56 62 
4 7 8 56 63 
5 7 39 56 63 
3 7 24 56 63 
0 7 24 55 63 
0 5 55 56 63 
0 1 2 56 63 
0 15 56 60 63 
0 1 7 56 61 
7 55 56 61 63 
4 7 56 59 63 
0 32 47 56 63 
0 6 56 61 63 
0 2 5 7 63 
7 24 55 56 63 
0 6 7 48 56 
5 7 56 57 63 
0 1 6 56 63 
0 7 8 15 56 
0 1 7 23 56 
0 7 23 57 63 
7 40 56 60 63 
0 24 48 56 63 
0 7 24 56 59 
0 3 56 62 63 
0 24 31 56 63 
0 5 6 56 63 
0 48 56 57 63 
0 4 7 56 62 
3 7 56 57 63 
0 4 7 23 56 
0 4 7 31 63 
0 56 60 61 63 
7 56 58 62 63 
7 47 48 56 63 
0 6 7 15 63 
0 8 55 56 63 
0 7 24 48 63 
0 32 40 56 63 
0 8 56 57 63 
0 1 3 7 56 
0 7 40 55 63 
0 7 55 58 63 
1 7 39 56 63 
0 3 7 40 63 
0 56 57 59 63 
0 5 7 56 57 
1 7 56 57 63 
0 1 7 16 63 
0 7 32 40 56 
0 55 56 57 63 
0 5 7 40 63 
0 4 6 7 56 
7 56 61 62 63 
0 7 32 56 59 
5 7 56 62 63 
0 7 56 57 62 
0 7 15 40 56 
0 32 55 56 63 
0 7 15 40 63 
0 16 39 56 63 
0 1 7 61 63 
7 23 56 60 63 
7 55 56 59 63 
7 8 24 56 63 
0 7 55 62 63 
1 2 7 56 63 
7 15 40 56 63 
0 7 40 56 59 
0 1 7 56 59 
0 2 56 58 63 
0 2 7 62 63 
0 15 56 59 63 
7 56 57 62 63 
0 7 15 56 59 
0 5 7 47 56 
0 32 56 60 63 
7 32 47 56 63 
1 3 7 56 63 
0 3 6 56 63 
0 8 56 61 63 
7 47 56 62 63 
0 1 2 7 63 
0 47 56 59 63 
7 48 56 58 63 
7 16 31 56 63 
0 3 7 58 63 
7 31 39 56 63 
7 16 56 60 63 
0 3 7 23 63 
7 23 40 56 63 
4 7 56 62 63 
0 1 7 40 56 
0 3 7 23 56 
0 1 7 24 63 
0 4 56 57 63 
7 56 59 60 63 
0 7 48 56 59 
0 7 40 56 57 
5 7 48 56 63 
0 7 16 59 63 
2 7 8 56 63 
0 7 39 55 56 
0 47 55 56 63 
0 23 47 56 63 
0 4 7 16 63 
0 7 24 40 63 
0 8 31 56 63 
0 1 7 55 63 
0 4 23 56 63 
0 5 7 58 63 
7 31 56 61 63 
0 3 7 31 56 
0 7 15 60 63 
0 5 56 58 63 
0 7 15 31 63 
1 7 55 56 63 
0 40 56 59 63 
0 55 56 60 63 
1 7 56 61 63 
0 7 16 56 58 
0 2 3 56 63 
0 7 31 56 62 
0 5 7 15 63 
0 1 7 57 63 
0 24 56 62 63 
0 4 7 47 63 
7 8 56 60 63 
0 7 23 31 63 
0 39 48 56 63 
0 31 39 56 63 
0 7 23 32 56 
0 4 56 62 63 
0 7 23 56 60 
0 55 56 61 63 
5 7 56 59 63 
0 6 7 55 56 
7 48 56 62 63 
0 32 56 58 63 
0 2 7 32 56 
0 7 32 47 56 
5 7 32 56 63 
0 7 15 31 56 
7 32 40 56 63 
0 7 48 56 61 
0 7 8 59 63 
0 15 40 56 63 
0 4 8 56 63 
0 7 32 62 63 
0 7 31 59 63 
0 1 23 56 63 
0 48 56 61 63 
0 3 56 57 63 
0 7 40 56 62 
0 7 56 57 61 
0 8 32 56 63 
0 2 5 56 63 
0 7 31 48 63 
7 47 56 59 63 
0 7 48 58 63 
0 56 57 62 63 
0 40 56 61 63 
7 23 48 56 63 
0 1 7 32 56 
7 55 56 58 63 
7 16 32 56 63 
0 15 48 56 63 
7 56 57 59 63 
0 3 7 55 63 
5 7 56 58 63 
0 7 23 58 63 
7 8 23 56 63 
7 16 48 56 63 
0 7 16 31 56 
0 7 16 48 56 
0 2 7 15 56 
0 4 7 8 63 
0 6 7 56 61 
0 7 8 23 56 
0 4 7 58 63 
7 56 59 62 63 
0 7 39 56 60 
0 7 32 56 62 
0 31 56 61 63 
0 4 7 48 56 
0 7 56 58 60 
0 7 40 62 63 
0 7 57 58 63 
0 7 23 62 63 
0 2 56 62 63 
0 7 23 55 63 
0 48 56 58 63 
0 1 7 56 60 
0 7 15 23 63 
0 39 40 56 63 
5 7 55 56 63 
0 3 4 7 56 
0 1 7 48 63 
0 5 7 16 56 
0 40 56 57 63 
0 8 56 59 63 
0 7 8 47 56 
0 2 7 39 56 
2 7 24 56 63 
0 6 7 47 56 
0 7 56 61 62 
0 7 39 61 63 
0 15 56 62 63 
0 3 55 56 63 
0 7 24 32 56 
0 7 48 62 63 
0 3 7 56 62 
7 32 56 61 63 
7 24 39 56 63 
0 7 57 62 63 
0 2 7 56 58 
0 7 8 62 63 
6 7 40 56 63 
0 6 7 39 63 
0 7 31 48 56 
3 7 56 61 63 
0 39 47 56 63 
0 6 7 32 63 
0 2 24 56 63 
0 7 15 24 56 
0 23 56 58 63 
0 56 58 59 63 
0 4 7 48 63 
0 7 8 55 63 
7 55 56 62 63 
0 7 15 39 63 
0 6 7 58 63 
0 7 56 58 61 
7 23 31 56 63 
7 48 56 57 63 
0 3 7 8 56 
0 7 15 16 63 
0 4 7 15 63 
0 7 47 56 62 
0 7 24 56 61 
0 6 7 31 56 
6 7 56 57 63 
2 5 7 56 63 
0 15 55 56 63 
0 15 56 57 63 
7 23 24 56 63 
0 7 24 57 63 
7 16 39 56 63 
0 6 7 47 63 
0 8 15 56 63 
0 47 56 57 63 
0 7 39 56 61 
0 7 47 48 56 
0 5 7 32 56 
7 40 55 56 63 
0 4 24 56 63 
0 56 58 62 63 
7 24 56 62 63 
0 15 39 56 63 
0 6 7 60 63 
7 8 56 57 63 
7 24 48 56 63 
0 4 7 56 59 
7 15 32 56 63 
0 7 16 61 63 
0 24 39 56 63 
7 39 56 58 63 
0 7 23 40 63 
0 7 55 56 59 
5 7 56 61 63 
0 7 47 56 59 
0 3 6 7 63 
0 7 39 47 56 
3 4 7 56 63 
0 7 23 31 56 
0 23 24 56 63 
2 6 7 56 63 
0 3 4 56 63 
0 7 16 56 60 
0 7 31 61 63 
0 7 15 39 56 
0 7 32 58 63 
7 55 56 57 63 
7 15 56 60 63 
0 7 24 60 63 
0 7 32 55 63 
7 8 15 56 63 
0 7 32 48 63 
0 7 31 62 63 
7 47 56 61 63 
0 3 56 59 63 
0 2 7 56 62 
0 7 60 61 63 
0 1 7 16 56 
0 48 56 59 63 
0 24 56 61 63 
0 4 7 56 58 
0 15 56 61 63 
0 31 32 56 63 
1 7 23 56 63 
0 5 56 62 63 
0 7 16 62 63 
0 7 16 60 63 
0 3 32 56 63 
0 3 7 56 61 
7 15 56 57 63 
0 7 40 55 56 
0 24 56 58 63 
0 4 56 59 63 
0 2 39 56 63 
0 6 7 32 56 
0 2 40 56 63 
0 5 7 23 63 
0 6 7 48 63 
0 7 8 39 56 
0 1 3 56 63 
0 24 55 56 63 
0 8 39 56 63 
1 7 56 58 63 
0 2 47 56 63 
0 7 16 47 56 
0 7 23 48 63 
0 7 31 56 59 
0 32 56 61 63 
7 56 58 59 63 
7 56 57 60 63 
0 48 56 62 63 
0 2 7 55 56 
0 7 48 56 60 
0 6 7 31 63 
0 5 7 55 63 
3 7 56 59 63 
0 32 56 62 63 
0 2 4 56 63 
0 31 55 56 63 
0 2 7 47 56 
0 7 31 39 63 
0 23 56 61 63 
2 7 47 56 63 
0 5 6 7 56 
0 7 56 60 61 
0 6 39 56 63 
0 16 56 59 63 
0 1 7 56 57 
0 2 6 7 56 
0 4 32 56 63 
0 4 7 40 63 
0 6 7 62 63 
0 1 31 56 63 
4 7 56 57 63 
0 6 7 16 56 
0 4 7 57 63 
1 7 56 59 63 
0 7 60 62 63 
0 1 56 58 63 
0 4 40 56 63 
7 31 56 57 63 
0 40 56 58 63 
7 16 56 58 63 
0 7 39 56 59 
0 3 7 39 63 
0 2 56 61 63 
0 7 16 39 63 
0 7 8 57 63 
7 23 47 56 63 
0 7 31 55 63 
0 4 5 7 56 
0 6 8 56 63 
0 8 47 56 63 
0 56 57 58 63 
7 23 56 62 63 
0 7 8 40 63 
7 15 56 59 63 
0 1 7 8 63 
0 3 5 56 63 
5 6 7 56 63 
0 23 32 56 63 
0 7 55 56 60 
4 7 47 56 63 
7 15 55 56 63 
4 7 56 60 63 
7 40 56 61 63 
0 7 16 55 63 
0 5 15 56 63 
0 32 39 56 63 
0 2 3 7 63 
0 40 48 56 63 
7 40 56 57 63 
0 5 7 31 56 
6 7 56 61 63 
0 3 7 16 63 
0 7 39 56 58 
0 6 7 23 56 
0 16 56 58 63 
0 7 47 55 56 
0 7 15 56 57 
7 48 56 60 63 
0 3 23 56 63 
0 4 56 61 63 
7 31 40 56 63 
5 7 47 56 63 
7 24 56 61 63 
0 3 7 39 56 
0 1 7 48 56 
0 7 23 39 56 
0 6 56 57 63 
0 7 8 16 63 
0 2 32 56 63 
0 1 15 56 63 
0 7 16 56 57 
0 1 7 47 63 
7 15 56 62 63 
0 31 47 56 63 
0 4 55 56 63 
0 7 8 56 62 
0 7 15 48 63 
0 1 7 56 62 
0 24 47 56 63 
0 5 7 39 63 
7 23 56 59 63 
4 7 56 58 63 
7 56 58 61 63 
7 15 24 56 63 
0 7 8 23 63 
7 15 23 56 63 
7 15 16 56 63 
7 16 56 61 63 
0 7 15 62 63 
0 40 55 56 63 
0 4 56 60 63 
0 7 31 39 56 
0 7 56 57 60 
0 3 7 57 63 
0 7 24 39 56 
0 2 7 48 63 
3 7 48 56 63 
0 4 5 7 63 
0 5 7 56 58 
0 3 7 59 63 
0 7 15 32 56 
7 39 48 56 63 
0 3 7 62 63 
0 3 4 7 63 
0 5 7 48 56 
0 3 7 15 63 
0 7 56 60 62 
0 7 23 48 56 
7 8 16 56 63 
0 3 7 60 63 
0 7 23 24 63 
0 7 8 56 59 
1 7 15 56 63 
0 5 7 56 61 
0 7 8 32 56 
1 7 56 60 63 
0 7 32 56 58 
0 7 8 60 63 
0 7 58 61 63 
0 7 48 59 63 
0 7 8 31 56 
0 7 55 61 63 
7 16 47 56 63 
2 7 56 60 63 
3 6 7 56 63 
0 2 7 23 63 
7 40 56 62 63 
0 7 39 40 56 
0 3 56 58 63 
0 7 8 56 61 
2 7 32 56 63 
0 7 15 47 63 
0 15 24 56 63 
0 7 23 40 56 
7 55 56 60 63 
0 16 31 56 63 
0 7 32 48 56 
0 7 48 56 58 
0 1 7 32 63 
0 7 48 56 57 
0 3 7 56 59 
0 39 56 57 63 
0 39 56 59 63 
0 4 6 7 63 
0 7 16 40 56 
0 7 32 57 63 
0 1 7 15 56 
7 40 47 56 63 
0 7 58 60 63 
0 1 7 15 63 
7 24 56 60 63 
0 4 7 39 63 
0 2 7 60 63 
0 7 15 61 63 
0 7 55 56 62 
0 7 23 56 59 
0 15 23 56 63 
0 7 31 58 63 
7 8 48 56 63 
7 32 55 56 63 
3 7 40 56 63 
0 55 56 59 63 
7 56 57 58 63 
4 7 16 56 63 
0 5 39 56 63 
7 47 55 56 63 
0 7 39 48 56 
0 3 7 61 63 
0 3 7 56 60 
0 2 7 61 63 
6 7 23 56 63 
0 15 56 58 63 
0 7 47 58 63 
0 7 56 59 60 
0 7 31 40 63 
0 7 31 32 56 
0 4 7 24 63 
0 6 7 40 56 
0 5 7 39 56 
0 5 6 7 63 
0 3 7 15 56 
0 56 58 61 63 
0 5 7 8 56 
0 31 40 56 63 
0 15 31 56 63 
0 7 56 57 59 
0 7 8 15 63 
0 4 7 32 56 
0 2 3 7 56 
0 7 15 56 58 
0 7 32 60 63 
0 5 56 57 63 
5 7 16 56 63 
0 7 24 47 63 
0 4 15 56 63 
0 3 5 7 63 
0 4 48 56 63 
0 5 7 24 56 
0 47 56 62 63 
0 7 15 56 60 
2 7 31 56 63 
0 1 7 60 63 
0 8 48 56 63 
0 7 31 32 63 
7 56 60 61 63 
0 6 7 16 63 
0 56 58 60 63 
0 7 16 32 56 
7 16 56 57 63 
0 7 58 59 63 
0 7 15 55 56 
6 7 39 56 63 
0 3 7 47 63 
0 7 24 31 63 
7 47 56 58 63 
0 7 32 56 60 
0 5 7 55 56 
0 5 7 48 63 
0 6 7 57 63 
0 7 47 61 63 
0 2 7 56 57 
0 1 5 7 63 
0 7 16 24 56 
0 7 39 62 63 
0 2 7 57 63 
0 7 23 60 63 
1 4 7 56 63 
7 23 56 57 63 
0 5 7 24 63 
0 32 56 57 63 
0 2 7 8 56 
0 7 16 48 63 
7 8 39 56 63 
0 7 47 59 63 
0 7 47 60 63 
0 7 47 56 60 
6 7 56 60 63 
0 7 24 61 63 
0 40 56 60 63 
3 7 8 56 63 
0 7 40 47 63 
0 1 7 56 58 
0 31 48 56 63 
5 7 8 56 63 
0 2 7 58 63 
0 5 7 57 63 
0 48 55 56 63 
0 6 7 56 59 
0 6 48 56 63 
0 7 24 56 62 
0 2 8 56 63 
0 3 7 32 63 
2 7 40 56 63 
0 7 24 62 63 
4 7 31 56 63 
7 16 24 56 63 
3 7 47 56 63 
0 5 7 60 63 
1 7 8 56 63 
7 39 56 61 63 
0 6 7 23 63 
0 7 61 62 63 
3 7 23 56 63 
0 5 23 56 63 
0 7 16 56 59 
7 40 56 58 63 
0 7 55 60 63 
1 5 7 56 63 
0 6 7 39 56 
0 7 23 55 56 
7 15 47 56 63 
3 7 56 58 63 
0 31 56 58 63 
0 7 15 55 63 
7 32 56 59 63 
0 4 7 8 56 
0 1 7 31 56 
0 1 7 47 56 
7 32 56 58 63 
0 6 56 60 63 
3 7 55 56 63 
0 5 7 40 56 
0 6 7 56 60 
0 56 59 60 63 
0 7 58 62 63 
0 16 56 61 63 
4 7 40 56 63 
7 31 48 56 63 
0 7 8 48 63 
0 23 31 56 63 
0 23 56 60 63 
0 4 39 56 63 
7 8 55 56 63 
0 7 8 24 63 
0 3 39 56 63 
0 7 56 59 61 
7 39 56 57 63 
2 7 55 56 63 
0 7 8 40 56 
0 5 7 61 63 
0 3 7 48 63 
0 7 16 57 63 
0 7 57 60 63 
0 1 7 8 56 
0 5 47 56 63 
7 24 56 57 63 
0 39 56 58 63 
0 2 7 24 63 
0 5 7 32 63 
0 31 56 60 63 
0 2 6 56 63 
0 24 56 57 63 
7 40 56 59 63 
0 7 55 56 58 
0 7 8 56 57 
0 2 7 16 56 
0 2 23 56 63 
4 6 7 56 63 
0 7 8 56 58 
7 16 23 56 63 
0 55 56 58 63 
0 7 15 57 63 
0 7 47 55 63 
0 7 31 56 61 
0 7 31 47 63 
0 2 7 31 63 
0 7 57 59 63 
0 7 40 59 63 
0 7 39 48 63 
0 7 48 61 63 
0 7 40 48 63 
0 7 23 56 58 
3 7 16 56 63 
0 1 8 56 63 
7 31 32 56 63 
7 23 56 58 63 
0 7 23 56 57 
0 7 48 60 63 
0 7 15 58 63 
1 7 31 56 63 
7 56 60 62 63 
0 7 47 48 63 
0 7 32 47 63 
1 6 7 56 63 
0 7 23 32 63 
0 39 56 61 63 
6 7 56 62 63 
3 7 31 56 63 
0 7 32 39 63 
0 1 7 23 63 
0 4 7 16 56 
0 4 7 40 56 
0 16 40 56 63 
0 2 31 56 63 
0 6 24 56 63 
0 7 39 59 63 
3 7 56 60 63 
0 6 47 56 63 
0 40 56 62 63 
0 5 56 59 63 
0 7 23 39 63 
2 7 56 58 63 
1 7 47 56 63 
5 7 15 56 63 
0 7 15 24 63 
0 7 23 59 63 
7 15 56 58 63 
0 56 59 62 63 
0 7 16 47 63 
0 7 55 59 63 
0 3 7 40 56 
2 7 56 61 63 
7 56 58 60 63 
0 2 7 40 63 
0 7 39 40 63 
0 7 31 57 63 
0 7 55 57 63 
7 31 47 56 63 
0 31 56 59 63 
0 7 48 57 63 
0 23 48 56 63 
4 7 15 56 63 
7 23 55 56 63 
0 1 39 56 63 
0 3 7 56 57 
0 39 56 60 63 
7 31 55 56 63 
1 7 32 56 63 
0 5 40 56 63 
0 4 7 56 57 
0 2 7 56 59 
0 5 56 61 63 
2 7 39 56 63 
0 1 56 59 63 
0 3 6 7 56 
3 5 7 56 63 
0 7 8 58 63 
0 1 3 7 63 
0 1 5 7 56 
0 23 56 62 63 
0 7 15 23 56 
0 6 7 59 63 
0 2 5 7 56 
7 31 56 62 63 
0 16 47 56 63 
0 5 7 15 56 
0 2 48 56 63 
0 3 56 60 63 
0 1 7 55 56 
0 6 56 62 63 
0 3 40 56 63 
0 31 56 62 63 
0 1 2 7 56 
0 7 56 58 62 
0 4 7 61 63 
0 7 24 59 63 
0 7 31 55 56 
0 39 56 62 63 
0 3 31 56 63 
0 1 4 7 63 
0 7 31 56 60 
0 7 16 58 63 
7 32 39 56 63 
0 5 32 56 63 
0 1 7 39 56 
0 4 7 55 56 
0 1 55 56 63 
0 6 55 56 63 
0 16 56 60 63 
0 7 32 39 56 
0 7 48 55 56 
0 7 39 57 63 
0 8 56 60 63 
0 7 23 56 61 
0 7 48 56 62 
0 5 7 8 63 
0 7 47 56 61 
0 3 16 56 63 
0 2 4 7 63 
7 24 56 58 63 
7 15 56 61 63 
0 3 48 56 63 
7 24 56 59 63 
0 7 40 56 60 
0 6 7 15 56 
4 7 39 56 63 
0 7 16 40 63 
0 39 55 56 63 
0 2 7 16 63 
0 7 24 48 56 
0 1 4 56 63 
7 24 32 56 63 
0 2 56 57 63 
0 7 24 40 56 
0 16 23 56 63 
0 7 16 23 56 
0 24 32 56 63 
0 3 7 24 56 
0 6 7 56 58 
0 5 7 56 60 
0 7 48 55 63 
0 56 60 62 63 
0 3 56 61 63 
7 16 40 56 63 
1 7 56 62 63 
0 1 24 56 63 
0 56 57 60 63 
0 7 39 55 63 
0 7 23 61 63 
0 3 7 31 63 
0 6 32 56 63 
0 5 8 56 63 
0 24 56 60 63 
0 7 8 48 56 
7 16 55 56 63 
0 7 15 59 63 
5 7 56 60 63 
0 1 32 56 63 
0 16 24 56 63 
0 5 31 56 63 
7 8 40 56 63 
0 23 55 56 63 
0 7 16 55 56 
0 7 24 55 56 
0 6 7 24 63 
0 7 16 31 63 
0 7 32 56 57 
0 4 7 47 56 
0 2 16 56 63 
0 7 23 24 56 
0 1 6 7 63 
0 6 7 8 56 
0 1 7 39 63 
0 15 47 56 63 
0 1 6 7 56 
2 7 16 56 63 
6 7 31 56 63 
0 1 7 59 63 
0 7 8 31 63 
4 7 48 56 63 
0 2 7 55 63 
7 23 39 56 63 
6 7 16 56 63 
0 4 7 55 63 
0 3 7 24 63 
0 7 32 59 63 
6 7 55 56 63 
0 7 57 61 63 
7 8 47 56 63 
7 31 56 58 63 
0 8 24 56 63 
0 56 61 62 63 
0 8 16 56 63 
0 5 48 56 63 
7 39 56 59 63 
0 4 7 32 63 
0 7 47 62 63 
7 48 56 59 63 
0 7 56 57 58 
7 24 31 56 63 
7 47 56 60 63 
0 7 24 31 56 
0 8 56 62 63 
2 4 7 56 63 
0 2 7 32 63 
7 24 47 56 63 
4 5 7 56 63 
0 2 15 56 63 
7 48 55 56 63 
0 8 40 56 63 
0 47 56 58 63 
0 7 24 39 63 
7 56 57 61 63 
0 47 56 61 63 
0 7 31 60 63 
0 1 16 56 63 
0 4 7 60 63 
0 5 16 56 63 
0 3 7 55 56 
0 4 7 56 60 
0 3 7 56 58 
6 7 24 56 63 
0 2 7 31 56 
6 7 56 58 63 
0 7 40 60 63 
0 7 39 47 63 
0 7 59 62 63 
7 48 56 61 63 
0 7 47 57 63 
7 8 56 61 63 
0 3 47 56 63 
1 7 48 56 63 
0 7 24 56 57 
0 55 56 62 63 
0 7 16 32 63 
0 6 7 8 63 
0 7 15 48 56 
0 6 31 56 63 
7 39 40 56 63 
0 7 31 40 56 
0 8 23 56 63 
0 2 56 60 63 
0 7 59 61 63 
1 7 40 56 63 
6 7 56 59 63 
0 1 4 7 56 
0 7 16 23 63 
0 31 56 57 63 
6 7 47 56 63 
7 31 56 59 63 
0 23 40 56 63 
0 15 16 56 63 
7 8 56 59 63 
0 6 7 24 56 
0 3 7 48 56 
6 7 32 56 63 
0 2 7 56 61 
0 4 7 39 56 
5 7 31 56 63 
0 56 59 61 63 
0 7 39 56 57 
3 7 15 56 63 
2 7 56 62 63 
0 7 8 24 56 
4 7 24 56 63 
0 1 7 31 63 
0 2 4 7 56 
0 5 7 23 56 
7 39 56 60 63 
7 31 56 60 63 
0 7 24 56 60 
0 1 56 61 63 
0 6 56 58 63 
0 3 5 7 56 
0 7 24 47 56 
0 7 32 61 63 
7 16 56 59 63 
0 3 7 32 56 
0 7 31 47 56 
2 3 7 56 63 
7 23 56 61 63 
0 7 8 56 60 
0 7 15 32 63 
0 4 7 23 63 
0 7 8 39 63 
0 7 39 56 62 
0 4 6 56 63 
0 6 7 61 63 
0 7 31 56 58 
0 7 55 56 57 
0 15 32 56 63 
0 6 7 55 63 
