48 63 
0 15 
7 40 
4 56 
0 62 
0 32 
56 60 
39 56 
56 62 
40 63 
6 7 
4 63 
8 63 
0 4 
56 59 
32 63 
7 31 
4 7 
7 60 
1 7 
15 63 
0 39 
0 2 
62 63 
55 63 
61 63 
7 16 
3 63 
24 56 
47 63 
0 8 
1 63 
23 63 
40 56 
7 15 
2 7 
0 31 
56 61 
6 63 
0 59 
7 24 
7 59 
7 55 
0 57 
0 24 
0 60 
0 6 
56 57 
8 56 
32 56 
16 56 
39 63 
48 56 
7 61 
5 63 
5 56 
7 23 
60 63 
0 1 
7 32 
0 61 
0 48 
15 56 
0 55 
3 56 
2 63 
7 58 
2 56 
55 56 
59 63 
7 48 
0 3 
3 7 
0 47 
0 16 
7 8 
1 56 
31 56 
5 7 
7 39 
0 40 
57 63 
16 63 
0 23 
7 62 
7 57 
47 56 
56 58 
6 56 
0 5 
24 63 
31 63 
0 58 
23 56 
7 47 
58 63 
