0 7 56 57 60 63 
0 6 7 56 62 63 
0 7 39 56 62 63 
0 2 7 56 62 63 
0 4 7 39 56 63 
0 7 24 48 56 63 
0 7 8 16 56 63 
0 7 16 39 56 63 
0 3 7 48 56 63 
0 5 7 47 56 63 
0 1 3 7 56 63 
0 7 8 56 57 63 
0 7 48 56 62 63 
0 1 7 56 59 63 
0 2 7 32 56 63 
0 7 24 56 60 63 
0 4 7 31 56 63 
0 7 23 31 56 63 
0 7 32 56 61 63 
0 7 15 56 58 63 
0 7 32 39 56 63 
0 4 5 7 56 63 
0 2 3 7 56 63 
0 7 47 55 56 63 
0 7 32 48 56 63 
0 7 16 56 61 63 
0 1 7 40 56 63 
0 7 23 56 58 63 
0 7 56 59 61 63 
0 7 15 32 56 63 
0 6 7 31 56 63 
0 4 7 48 56 63 
0 7 31 56 58 63 
0 1 7 56 58 63 
0 7 15 16 56 63 
0 6 7 55 56 63 
0 7 31 55 56 63 
0 4 7 32 56 63 
0 7 40 56 58 63 
0 7 55 56 58 63 
0 7 8 55 56 63 
0 7 15 56 60 63 
0 7 40 56 61 63 
0 6 7 32 56 63 
0 4 7 56 62 63 
0 7 47 56 59 63 
0 7 8 23 56 63 
0 3 7 56 57 63 
0 7 39 47 56 63 
0 7 56 60 61 63 
0 7 55 56 60 63 
0 7 47 56 60 63 
0 7 24 39 56 63 
0 7 23 32 56 63 
0 6 7 48 56 63 
0 1 7 31 56 63 
0 7 16 56 62 63 
0 7 8 32 56 63 
0 7 56 58 62 63 
0 7 31 39 56 63 
0 1 7 39 56 63 
0 7 56 60 62 63 
0 7 31 47 56 63 
0 6 7 40 56 63 
0 7 39 56 59 63 
0 6 7 56 57 63 
0 5 7 56 58 63 
0 7 56 58 61 63 
0 7 16 23 56 63 
0 2 7 40 56 63 
0 7 8 48 56 63 
0 7 40 48 56 63 
0 6 7 23 56 63 
0 7 31 32 56 63 
0 7 32 56 59 63 
0 2 7 15 56 63 
0 6 7 15 56 63 
0 1 7 48 56 63 
0 4 7 56 60 63 
0 6 7 16 56 63 
0 5 7 15 56 63 
0 7 47 56 62 63 
0 1 7 23 56 63 
0 2 7 24 56 63 
0 4 7 15 56 63 
0 5 7 8 56 63 
0 7 39 56 61 63 
0 7 48 56 59 63 
0 7 39 55 56 63 
0 5 7 56 62 63 
0 1 7 55 56 63 
0 1 7 15 56 63 
0 6 7 8 56 63 
0 7 32 56 58 63 
0 5 6 7 56 63 
0 7 55 56 61 63 
0 7 16 24 56 63 
0 7 32 47 56 63 
0 7 24 56 61 63 
0 7 15 47 56 63 
0 7 8 40 56 63 
0 7 32 55 56 63 
0 7 39 40 56 63 
0 4 7 8 56 63 
0 3 7 8 56 63 
0 7 40 56 60 63 
0 7 32 40 56 63 
0 4 7 47 56 63 
0 3 4 7 56 63 
0 7 56 57 59 63 
0 7 15 39 56 63 
0 7 40 56 57 63 
0 5 7 32 56 63 
0 7 31 56 57 63 
0 7 8 56 61 63 
0 7 24 32 56 63 
0 7 8 39 56 63 
0 4 7 56 59 63 
0 7 24 40 56 63 
0 7 16 56 60 63 
0 7 40 56 59 63 
0 7 39 48 56 63 
0 7 31 56 62 63 
0 4 7 40 56 63 
0 7 15 23 56 63 
0 1 7 8 56 63 
0 7 31 56 61 63 
0 7 32 56 62 63 
0 7 24 56 62 63 
0 7 23 24 56 63 
0 1 7 56 60 63 
0 1 6 7 56 63 
0 7 56 59 60 63 
0 7 23 39 56 63 
0 6 7 24 56 63 
0 7 56 57 62 63 
0 3 7 56 62 63 
0 4 6 7 56 63 
0 7 24 56 59 63 
0 7 31 48 56 63 
0 7 24 56 57 63 
0 7 8 56 62 63 
0 5 7 40 56 63 
0 2 7 48 56 63 
0 3 7 55 56 63 
0 7 15 56 62 63 
0 7 8 24 56 63 
0 7 39 56 58 63 
0 2 7 56 59 63 
0 7 15 31 56 63 
0 3 7 47 56 63 
0 7 39 56 60 63 
0 7 32 56 57 63 
0 7 16 55 56 63 
0 7 24 31 56 63 
0 1 7 32 56 63 
0 7 55 56 62 63 
0 3 7 31 56 63 
0 7 24 55 56 63 
0 7 23 56 62 63 
0 1 7 24 56 63 
0 2 6 7 56 63 
0 7 47 56 58 63 
0 7 39 56 57 63 
0 7 56 57 58 63 
0 2 7 56 57 63 
0 4 7 56 57 63 
0 7 15 40 56 63 
0 1 4 7 56 63 
0 7 55 56 59 63 
0 3 7 32 56 63 
0 7 15 24 56 63 
0 7 47 48 56 63 
0 3 7 15 56 63 
0 1 2 7 56 63 
0 7 15 56 61 63 
0 7 47 56 61 63 
0 2 7 16 56 63 
0 7 15 56 57 63 
0 4 7 23 56 63 
0 7 8 31 56 63 
0 4 7 16 56 63 
0 5 7 16 56 63 
0 1 7 16 56 63 
0 1 5 7 56 63 
0 7 31 56 59 63 
0 7 16 31 56 63 
0 2 7 56 61 63 
0 7 56 57 61 63 
0 6 7 56 60 63 
0 3 7 39 56 63 
0 7 16 56 59 63 
0 2 7 39 56 63 
0 7 40 55 56 63 
0 5 7 31 56 63 
0 4 7 56 58 63 
0 5 7 56 57 63 
0 1 7 56 61 63 
0 2 7 47 56 63 
0 5 7 23 56 63 
0 4 7 24 56 63 
0 1 7 56 57 63 
0 7 48 55 56 63 
0 7 23 40 56 63 
0 7 31 56 60 63 
0 7 23 56 61 63 
0 6 7 56 58 63 
0 7 47 56 57 63 
0 7 16 48 56 63 
0 7 8 56 59 63 
0 5 7 56 61 63 
0 2 5 7 56 63 
0 7 23 48 56 63 
0 7 48 56 58 63 
0 7 16 56 57 63 
0 1 7 56 62 63 
0 2 7 31 56 63 
0 7 16 56 58 63 
0 2 4 7 56 63 
0 7 31 40 56 63 
0 7 40 56 62 63 
0 7 24 56 58 63 
0 5 7 48 56 63 
0 3 7 24 56 63 
0 7 23 47 56 63 
0 7 56 61 62 63 
0 7 15 48 56 63 
0 7 23 56 57 63 
0 3 7 56 59 63 
0 7 16 32 56 63 
0 5 7 55 56 63 
0 7 23 56 59 63 
0 7 16 40 56 63 
0 2 7 56 58 63 
0 7 23 55 56 63 
0 7 56 59 62 63 
0 3 7 16 56 63 
0 7 48 56 57 63 
0 7 23 56 60 63 
0 3 7 40 56 63 
0 7 55 56 57 63 
0 6 7 39 56 63 
0 2 7 56 60 63 
0 3 7 56 58 63 
0 5 7 56 59 63 
0 6 7 47 56 63 
0 7 32 56 60 63 
0 7 56 58 60 63 
0 4 7 56 61 63 
0 3 7 23 56 63 
0 7 48 56 60 63 
0 6 7 56 59 63 
0 2 7 55 56 63 
0 7 24 47 56 63 
0 7 15 55 56 63 
0 3 6 7 56 63 
0 3 7 56 60 63 
0 7 56 58 59 63 
0 3 5 7 56 63 
0 7 40 47 56 63 
0 7 48 56 61 63 
0 2 7 8 56 63 
0 5 7 39 56 63 
0 7 8 56 60 63 
0 7 8 56 58 63 
0 7 8 47 56 63 
0 1 7 47 56 63 
0 7 15 56 59 63 
0 6 7 56 61 63 
0 4 7 55 56 63 
0 5 7 56 60 63 
0 5 7 24 56 63 
0 2 7 23 56 63 
0 7 8 15 56 63 
0 3 7 56 61 63 
0 7 16 47 56 63 
