0 2 7 49 56 63 
0 7 43 56 62 63 
0 7 22 24 56 63 
0 4 7 36 56 63 
0 4 7 18 56 63 
0 4 7 33 56 63 
0 7 41 56 62 63 
0 7 8 35 56 63 
0 6 7 49 56 63 
0 7 49 56 57 63 
0 5 7 9 56 63 
0 7 44 56 58 63 
0 7 13 56 58 63 
0 7 9 15 56 63 
0 6 7 52 56 63 
0 7 39 52 56 63 
0 7 32 45 56 63 
0 7 14 56 58 63 
0 7 17 56 57 63 
0 6 7 25 56 63 
0 2 7 36 56 63 
0 7 35 56 59 63 
0 7 46 56 61 63 
0 7 24 52 56 63 
0 7 35 55 56 63 
0 7 27 31 56 63 
0 7 41 56 58 63 
0 7 16 53 56 63 
0 7 41 47 56 63 
0 7 26 40 56 63 
0 1 7 37 56 63 
0 7 8 10 56 63 
0 7 30 56 61 63 
0 2 7 20 56 63 
0 7 8 22 56 63 
0 7 44 48 56 63 
0 4 7 43 56 63 
0 7 44 56 61 63 
0 7 15 44 56 63 
0 7 22 56 61 63 
0 2 7 34 56 63 
0 7 28 31 56 63 
0 7 30 31 56 63 
0 4 7 11 56 63 
0 5 7 35 56 63 
0 7 12 24 56 63 
0 7 28 48 56 63 
0 7 35 56 57 63 
0 1 7 38 56 63 
0 7 8 17 56 63 
0 7 34 56 57 63 
0 4 7 44 56 63 
0 7 34 39 56 63 
0 7 10 56 60 63 
0 7 25 48 56 63 
0 1 7 14 56 63 
0 7 22 55 56 63 
0 7 31 42 56 63 
0 3 7 20 56 63 
0 7 28 56 61 63 
0 6 7 51 56 63 
0 2 7 52 56 63 
0 3 7 35 56 63 
0 7 9 32 56 63 
0 7 15 49 56 63 
0 7 23 45 56 63 
0 7 16 37 56 63 
0 7 23 49 56 63 
0 5 7 43 56 63 
0 7 39 44 56 63 
0 7 18 47 56 63 
0 7 36 40 56 63 
0 7 24 29 56 63 
0 6 7 35 56 63 
0 2 7 21 56 63 
0 7 25 55 56 63 
0 7 40 43 56 63 
0 7 45 56 58 63 
0 7 17 47 56 63 
0 7 26 56 61 63 
0 7 21 56 60 63 
0 7 44 56 60 63 
0 6 7 53 56 63 
0 7 12 56 59 63 
0 7 41 56 59 63 
0 3 7 43 56 63 
0 2 7 19 56 63 
0 7 13 24 56 63 
0 1 7 36 56 63 
0 7 43 56 58 63 
0 7 38 39 56 63 
0 3 7 25 56 63 
0 7 8 18 56 63 
0 7 29 47 56 63 
0 7 8 53 56 63 
0 7 46 48 56 63 
0 7 13 56 60 63 
0 7 22 23 56 63 
0 7 15 37 56 63 
0 7 39 54 56 63 
0 3 7 13 56 63 
0 7 39 43 56 63 
0 7 20 23 56 63 
0 7 25 56 58 63 
0 7 34 40 56 63 
0 3 7 26 56 63 
0 7 24 35 56 63 
0 7 25 32 56 63 
0 7 38 56 62 63 
0 7 23 35 56 63 
0 7 24 50 56 63 
0 7 11 55 56 63 
0 7 11 31 56 63 
0 7 50 56 58 63 
0 7 36 39 56 63 
0 7 17 23 56 63 
0 6 7 43 56 63 
0 7 45 48 56 63 
0 7 34 48 56 63 
0 7 8 21 56 63 
0 7 15 34 56 63 
0 7 9 47 56 63 
0 7 40 54 56 63 
0 7 10 56 59 63 
0 7 20 48 56 63 
0 7 30 56 57 63 
0 5 7 49 56 63 
0 7 41 55 56 63 
0 7 28 56 59 63 
0 7 15 28 56 63 
0 7 15 18 56 63 
0 3 7 46 56 63 
0 5 7 17 56 63 
0 4 7 35 56 63 
0 7 15 19 56 63 
0 5 7 53 56 63 
0 7 20 56 59 63 
0 7 32 52 56 63 
0 2 7 10 56 63 
0 2 7 28 56 63 
0 5 7 37 56 63 
0 7 16 30 56 63 
0 4 7 37 56 63 
0 3 7 36 56 63 
0 5 7 20 56 63 
0 1 7 42 56 63 
0 7 15 20 56 63 
0 7 26 56 57 63 
0 1 7 20 56 63 
0 7 31 43 56 63 
0 7 21 48 56 63 
0 6 7 30 56 63 
0 7 12 47 56 63 
0 7 32 41 56 63 
0 7 24 33 56 63 
0 7 20 56 61 63 
0 7 36 55 56 63 
0 7 37 56 59 63 
0 7 35 56 58 63 
0 3 7 42 56 63 
0 1 7 53 56 63 
0 7 21 56 62 63 
0 7 14 55 56 63 
0 5 7 21 56 63 
0 7 15 54 56 63 
0 2 7 30 56 63 
0 7 25 56 62 63 
0 7 15 36 56 63 
0 7 38 47 56 63 
0 7 32 51 56 63 
0 7 19 32 56 63 
0 2 7 38 56 63 
0 7 11 16 56 63 
0 7 23 53 56 63 
0 2 7 11 56 63 
0 7 9 31 56 63 
0 7 27 56 58 63 
0 7 25 47 56 63 
0 7 51 55 56 63 
0 7 22 39 56 63 
0 4 7 14 56 63 
0 7 12 32 56 63 
0 7 17 24 56 63 
0 5 7 25 56 63 
0 7 30 48 56 63 
0 7 18 56 60 63 
0 3 7 45 56 63 
0 7 16 18 56 63 
0 7 29 56 58 63 
0 4 7 29 56 63 
0 7 37 56 58 63 
0 7 21 56 58 63 
0 7 8 30 56 63 
0 3 7 18 56 63 
0 7 19 24 56 63 
0 3 7 44 56 63 
0 7 53 56 60 63 
0 7 12 56 57 63 
0 2 7 9 56 63 
0 7 15 29 56 63 
0 7 51 56 57 63 
0 2 7 51 56 63 
0 7 23 37 56 63 
0 7 18 32 56 63 
0 7 15 50 56 63 
0 7 8 14 56 63 
0 4 7 10 56 63 
0 7 44 56 62 63 
0 7 39 50 56 63 
0 7 12 56 58 63 
0 3 7 52 56 63 
0 1 7 17 56 63 
0 7 51 56 61 63 
0 6 7 11 56 63 
0 7 32 37 56 63 
0 6 7 26 56 63 
0 5 7 28 56 63 
0 7 29 56 62 63 
0 7 10 48 56 63 
0 7 14 56 61 63 
0 7 14 39 56 63 
0 7 29 56 60 63 
0 7 8 42 56 63 
0 7 15 35 56 63 
0 7 37 56 57 63 
0 4 7 28 56 63 
0 5 7 52 56 63 
0 7 10 56 58 63 
0 7 40 41 56 63 
0 7 8 37 56 63 
0 7 16 33 56 63 
0 7 8 11 56 63 
0 7 14 23 56 63 
0 3 7 30 56 63 
0 7 27 56 57 63 
0 7 20 56 57 63 
0 7 11 47 56 63 
0 1 7 43 56 63 
0 6 7 36 56 63 
0 3 7 12 56 63 
0 6 7 12 56 63 
0 7 19 31 56 63 
0 7 44 56 59 63 
0 7 23 26 56 63 
0 7 28 32 56 63 
0 7 12 56 61 63 
0 3 7 10 56 63 
0 7 27 47 56 63 
0 7 24 44 56 63 
0 7 33 40 56 63 
0 7 35 56 61 63 
0 7 27 55 56 63 
0 7 24 37 56 63 
0 7 53 56 57 63 
0 7 47 51 56 63 
0 5 7 45 56 63 
0 7 13 56 61 63 
0 7 12 56 62 63 
0 2 7 46 56 63 
0 7 8 25 56 63 
0 7 37 56 60 63 
0 7 40 46 56 63 
0 7 21 40 56 63 
0 7 45 56 61 63 
0 7 47 52 56 63 
0 7 20 47 56 63 
0 7 23 29 56 63 
0 3 7 19 56 63 
0 5 7 36 56 63 
0 7 11 56 61 63 
0 7 29 40 56 63 
0 7 38 40 56 63 
0 7 12 48 56 63 
0 7 39 46 56 63 
0 7 16 20 56 63 
0 4 7 52 56 63 
0 7 12 40 56 63 
0 6 7 33 56 63 
0 2 7 45 56 63 
0 7 12 31 56 63 
0 7 30 55 56 63 
0 7 9 40 56 63 
0 7 22 31 56 63 
0 7 42 55 56 63 
0 7 16 51 56 63 
0 4 7 19 56 63 
0 7 52 56 57 63 
0 3 7 9 56 63 
0 7 11 56 58 63 
0 7 16 19 56 63 
0 6 7 28 56 63 
0 7 48 52 56 63 
0 7 17 56 62 63 
0 7 32 35 56 63 
0 7 48 49 56 63 
0 7 18 56 57 63 
0 7 17 56 59 63 
0 7 48 51 56 63 
0 7 48 54 56 63 
0 7 50 56 59 63 
0 6 7 45 56 63 
0 7 15 45 56 63 
0 7 20 39 56 63 
0 6 7 38 56 63 
0 7 31 33 56 63 
0 7 14 56 62 63 
0 7 28 56 62 63 
0 6 7 9 56 63 
0 7 31 44 56 63 
0 7 28 56 60 63 
0 7 19 47 56 63 
0 2 7 12 56 63 
0 7 45 56 62 63 
0 7 45 56 57 63 
0 7 45 56 60 63 
0 7 12 55 56 63 
0 7 29 56 61 63 
0 7 34 56 62 63 
0 7 17 55 56 63 
0 7 27 56 60 63 
0 7 54 56 62 63 
0 6 7 20 56 63 
0 3 7 54 56 63 
0 2 7 25 56 63 
0 7 38 48 56 63 
0 5 7 54 56 63 
0 7 9 56 60 63 
0 7 14 56 57 63 
0 7 54 56 61 63 
0 7 37 56 62 63 
0 7 24 45 56 63 
0 1 7 10 56 63 
0 7 16 17 56 63 
0 7 34 56 59 63 
0 5 7 12 56 63 
0 7 37 47 56 63 
0 7 35 48 56 63 
0 7 20 56 62 63 
0 1 7 26 56 63 
0 7 13 47 56 63 
0 7 49 56 58 63 
0 7 17 40 56 63 
0 7 24 49 56 63 
0 1 7 12 56 63 
0 2 7 33 56 63 
0 7 33 56 57 63 
0 7 46 56 58 63 
0 7 45 55 56 63 
0 1 7 35 56 63 
0 7 37 55 56 63 
0 7 42 56 57 63 
0 7 26 56 60 63 
0 7 23 33 56 63 
0 7 31 49 56 63 
0 6 7 54 56 63 
0 7 24 53 56 63 
0 4 7 30 56 63 
0 7 33 55 56 63 
0 7 33 56 62 63 
0 7 43 56 60 63 
0 7 32 38 56 63 
0 7 32 54 56 63 
0 7 23 25 56 63 
0 5 7 22 56 63 
0 7 47 53 56 63 
0 7 15 53 56 63 
0 7 11 23 56 63 
0 7 32 33 56 63 
0 7 16 46 56 63 
0 7 31 34 56 63 
0 1 7 34 56 63 
0 7 16 43 56 63 
0 7 33 56 59 63 
0 7 28 55 56 63 
0 7 15 22 56 63 
0 4 7 21 56 63 
0 7 26 56 62 63 
0 7 21 47 56 63 
0 7 36 48 56 63 
0 7 53 56 59 63 
0 5 7 29 56 63 
0 7 20 56 58 63 
0 7 10 40 56 63 
0 7 28 56 57 63 
0 7 20 32 56 63 
0 1 7 18 56 63 
0 7 16 28 56 63 
0 7 8 33 56 63 
0 7 44 47 56 63 
0 7 17 39 56 63 
0 4 7 26 56 63 
0 7 16 49 56 63 
0 7 46 55 56 63 
0 3 7 49 56 63 
0 7 31 53 56 63 
0 2 7 42 56 63 
0 7 49 56 59 63 
0 7 44 56 57 63 
0 7 53 55 56 63 
0 7 37 48 56 63 
0 7 42 56 58 63 
0 7 51 56 62 63 
0 7 21 56 61 63 
0 1 7 45 56 63 
0 7 33 39 56 63 
0 7 30 56 58 63 
0 6 7 46 56 63 
0 7 25 56 57 63 
0 7 29 56 59 63 
0 2 7 41 56 63 
0 7 43 56 59 63 
0 5 7 44 56 63 
0 2 7 22 56 63 
0 6 7 42 56 63 
0 5 7 19 56 63 
0 6 7 19 56 63 
0 7 16 38 56 63 
0 7 18 56 59 63 
0 7 34 47 56 63 
0 3 7 17 56 63 
0 7 11 48 56 63 
0 7 10 15 56 63 
0 4 7 38 56 63 
0 7 10 47 56 63 
0 7 30 40 56 63 
0 7 8 29 56 63 
0 6 7 17 56 63 
0 7 15 33 56 63 
0 7 24 26 56 63 
0 7 43 56 61 63 
0 6 7 18 56 63 
0 7 11 56 60 63 
0 7 23 52 56 63 
0 7 13 56 57 63 
0 7 29 32 56 63 
0 7 8 38 56 63 
0 7 9 55 56 63 
0 7 13 55 56 63 
0 7 28 47 56 63 
0 7 29 48 56 63 
0 5 7 18 56 63 
0 4 7 49 56 63 
0 7 40 51 56 63 
0 7 16 27 56 63 
0 7 17 56 61 63 
0 7 50 56 60 63 
0 7 37 56 61 63 
0 7 26 32 56 63 
0 7 23 51 56 63 
0 7 9 23 56 63 
0 3 7 51 56 63 
0 7 31 41 56 63 
0 3 7 27 56 63 
0 7 26 56 59 63 
0 7 15 26 56 63 
0 7 49 56 60 63 
0 1 7 52 56 63 
0 6 7 14 56 63 
0 4 7 22 56 63 
0 4 7 34 56 63 
0 4 7 53 56 63 
0 7 49 56 61 63 
0 7 33 48 56 63 
0 4 7 27 56 63 
0 2 7 37 56 63 
0 7 31 46 56 63 
0 6 7 37 56 63 
0 7 23 34 56 63 
0 1 7 28 56 63 
0 7 11 40 56 63 
0 7 48 50 56 63 
0 7 24 42 56 63 
0 7 53 56 58 63 
0 1 7 19 56 63 
0 7 12 16 56 63 
0 7 9 56 59 63 
0 2 7 50 56 63 
0 6 7 29 56 63 
0 7 27 40 56 63 
0 7 22 40 56 63 
0 6 7 27 56 63 
0 1 7 29 56 63 
0 3 7 33 56 63 
0 7 23 46 56 63 
0 6 7 21 56 63 
0 7 9 56 62 63 
0 7 24 27 56 63 
0 4 7 25 56 63 
0 7 31 36 56 63 
0 7 8 54 56 63 
0 4 7 42 56 63 
0 5 7 33 56 63 
0 2 7 53 56 63 
0 7 39 51 56 63 
0 7 14 40 56 63 
0 7 40 49 56 63 
0 7 35 47 56 63 
0 7 22 48 56 63 
0 7 15 21 56 63 
0 7 46 47 56 63 
0 7 13 40 56 63 
0 7 35 40 56 63 
0 7 29 31 56 63 
0 7 13 31 56 63 
0 7 31 52 56 63 
0 7 23 28 56 63 
0 7 52 56 58 63 
0 7 32 36 56 63 
0 7 20 24 56 63 
0 7 24 36 56 63 
0 1 7 13 56 63 
0 1 7 22 56 63 
0 7 20 40 56 63 
0 7 35 56 60 63 
0 7 15 17 56 63 
0 7 14 47 56 63 
0 7 16 25 56 63 
0 7 24 30 56 63 
0 7 32 53 56 63 
0 7 16 26 56 63 
0 7 13 48 56 63 
0 7 35 56 62 63 
0 7 39 53 56 63 
0 7 22 56 57 63 
0 7 21 31 56 63 
0 7 10 32 56 63 
0 7 22 56 62 63 
0 3 7 22 56 63 
0 7 10 56 61 63 
0 7 16 41 56 63 
0 6 7 22 56 63 
0 3 7 34 56 63 
0 7 28 40 56 63 
0 7 15 25 56 63 
0 7 14 32 56 63 
0 7 13 32 56 63 
0 7 14 56 60 63 
0 1 7 9 56 63 
0 7 9 56 57 63 
0 7 11 56 57 63 
0 7 19 40 56 63 
0 1 7 21 56 63 
0 7 41 48 56 63 
0 7 46 56 59 63 
0 7 52 56 62 63 
0 7 40 42 56 63 
0 7 33 56 58 63 
0 7 45 47 56 63 
0 7 15 43 56 63 
0 7 47 49 56 63 
0 2 7 14 56 63 
0 1 7 49 56 63 
0 7 17 56 60 63 
0 7 36 56 59 63 
0 1 7 27 56 63 
0 7 11 32 56 63 
0 7 9 39 56 63 
0 1 7 51 56 63 
0 4 7 17 56 63 
0 7 22 32 56 63 
0 7 24 41 56 63 
0 7 15 51 56 63 
0 7 10 39 56 63 
0 7 13 15 56 63 
0 1 7 11 56 63 
0 4 7 20 56 63 
0 5 7 42 56 63 
0 7 37 40 56 63 
0 7 28 56 58 63 
0 1 7 25 56 63 
0 5 7 27 56 63 
0 7 17 32 56 63 
0 7 32 50 56 63 
0 1 7 41 56 63 
0 7 8 20 56 63 
0 7 18 31 56 63 
0 7 16 35 56 63 
0 7 40 45 56 63 
0 7 24 28 56 63 
0 7 36 56 57 63 
0 7 27 48 56 63 
0 7 19 23 56 63 
0 7 36 56 61 63 
0 7 19 56 57 63 
0 7 8 27 56 63 
0 7 25 31 56 63 
0 7 18 48 56 63 
0 7 8 36 56 63 
0 7 38 56 57 63 
0 2 7 44 56 63 
0 2 7 35 56 63 
0 4 7 9 56 63 
0 7 23 36 56 63 
0 2 7 13 56 63 
0 7 35 39 56 63 
0 7 31 45 56 63 
0 2 7 27 56 63 
0 7 33 56 60 63 
0 7 15 52 56 63 
0 7 43 48 56 63 
0 7 9 56 61 63 
0 7 15 41 56 63 
0 7 15 38 56 63 
0 7 51 56 58 63 
0 7 36 56 58 63 
0 7 26 47 56 63 
0 7 33 56 61 63 
0 7 39 45 56 63 
0 7 30 56 59 63 
0 7 52 56 60 63 
0 7 16 44 56 63 
0 7 39 49 56 63 
0 7 8 51 56 63 
0 7 15 42 56 63 
0 7 24 51 56 63 
0 7 20 31 56 63 
0 7 23 43 56 63 
0 7 54 56 60 63 
0 7 17 31 56 63 
0 7 22 47 56 63 
0 7 38 56 59 63 
0 7 30 56 62 63 
0 5 7 13 56 63 
0 7 34 56 58 63 
0 7 27 56 59 63 
0 7 21 55 56 63 
0 7 33 47 56 63 
0 7 10 23 56 63 
0 7 8 52 56 63 
0 7 31 50 56 63 
0 7 8 41 56 63 
0 6 7 13 56 63 
0 7 42 56 60 63 
0 7 23 38 56 63 
0 7 16 50 56 63 
0 7 9 48 56 63 
0 7 13 23 56 63 
0 7 22 56 58 63 
0 4 7 45 56 63 
0 7 8 44 56 63 
0 7 43 55 56 63 
0 7 25 56 60 63 
0 7 36 56 62 63 
0 7 18 40 56 63 
0 5 7 14 56 63 
0 7 19 56 61 63 
0 7 21 23 56 63 
0 7 14 31 56 63 
0 5 7 34 56 63 
0 4 7 41 56 63 
0 7 19 39 56 63 
0 3 7 41 56 63 
0 7 40 52 56 63 
0 7 22 56 60 63 
0 2 7 29 56 63 
0 7 31 54 56 63 
0 7 19 56 58 63 
0 7 27 39 56 63 
0 3 7 21 56 63 
0 7 46 56 62 63 
0 7 21 56 59 63 
0 7 18 55 56 63 
0 3 7 14 56 63 
0 5 7 38 56 63 
0 7 12 56 60 63 
0 7 25 40 56 63 
0 4 7 54 56 63 
0 7 8 9 56 63 
0 1 7 50 56 63 
0 3 7 50 56 63 
0 7 49 55 56 63 
0 7 29 55 56 63 
0 7 9 56 58 63 
0 7 21 56 57 63 
0 7 14 56 59 63 
0 7 54 56 57 63 
0 7 17 56 58 63 
0 6 7 44 56 63 
0 7 32 49 56 63 
0 7 16 52 56 63 
0 7 49 56 62 63 
0 7 36 56 60 63 
0 7 32 46 56 63 
0 2 7 43 56 63 
0 7 14 16 56 63 
0 7 15 27 56 63 
0 7 42 47 56 63 
0 7 54 56 59 63 
0 7 16 42 56 63 
0 7 40 44 56 63 
0 7 16 45 56 63 
0 7 30 56 60 63 
0 7 18 39 56 63 
0 4 7 51 56 63 
0 7 14 15 56 63 
0 7 16 36 56 63 
0 7 12 23 56 63 
0 7 41 56 60 63 
0 6 7 10 56 63 
0 7 14 24 56 63 
0 7 15 46 56 63 
0 7 30 39 56 63 
0 7 50 56 61 63 
0 7 13 16 56 63 
0 7 11 39 56 63 
0 7 11 56 59 63 
0 7 31 51 56 63 
0 7 37 39 56 63 
0 7 19 56 60 63 
0 7 42 56 62 63 
0 7 14 48 56 63 
0 7 24 54 56 63 
0 3 7 53 56 63 
0 7 18 24 56 63 
0 7 8 12 56 63 
0 7 11 24 56 63 
0 4 7 50 56 63 
0 7 10 31 56 63 
0 7 51 56 59 63 
0 7 32 44 56 63 
0 7 24 38 56 63 
0 7 43 47 56 63 
0 7 23 42 56 63 
0 5 7 51 56 63 
0 2 7 17 56 63 
0 7 38 55 56 63 
0 7 20 56 60 63 
0 7 26 48 56 63 
0 7 8 43 56 63 
0 7 25 56 61 63 
0 7 32 34 56 63 
0 7 18 23 56 63 
0 2 7 18 56 63 
0 3 7 29 56 63 
0 7 28 39 56 63 
0 7 38 56 58 63 
0 7 26 39 56 63 
0 6 7 41 56 63 
0 3 7 28 56 63 
0 7 46 56 60 63 
0 7 17 48 56 63 
0 7 34 56 60 63 
0 7 52 56 61 63 
0 7 29 56 57 63 
0 7 41 56 57 63 
0 7 23 54 56 63 
0 7 19 56 59 63 
0 7 12 39 56 63 
0 7 51 56 60 63 
0 7 19 56 62 63 
0 7 16 34 56 63 
0 3 7 11 56 63 
0 7 16 29 56 63 
0 7 10 56 62 63 
0 7 41 56 61 63 
0 3 7 38 56 63 
0 7 42 56 61 63 
0 7 19 48 56 63 
0 7 53 56 62 63 
0 7 53 56 61 63 
0 7 24 46 56 63 
0 7 11 15 56 63 
0 1 7 33 56 63 
0 7 31 37 56 63 
0 7 16 22 56 63 
0 7 42 56 59 63 
0 7 23 30 56 63 
0 4 7 12 56 63 
0 7 23 50 56 63 
0 7 54 56 58 63 
0 7 50 56 62 63 
0 7 8 49 56 63 
0 7 42 48 56 63 
0 7 24 25 56 63 
0 7 29 39 56 63 
0 5 7 46 56 63 
0 6 7 34 56 63 
0 7 34 56 61 63 
0 7 34 55 56 63 
0 5 7 10 56 63 
0 7 13 56 59 63 
0 7 23 41 56 63 
0 7 48 53 56 63 
0 7 16 21 56 63 
0 7 40 53 56 63 
0 7 24 34 56 63 
0 7 25 56 59 63 
0 7 26 56 58 63 
0 7 8 13 56 63 
0 7 25 39 56 63 
0 7 54 55 56 63 
0 1 7 44 56 63 
0 5 7 26 56 63 
0 7 24 43 56 63 
0 7 10 55 56 63 
0 7 10 16 56 63 
0 7 38 56 61 63 
0 7 21 32 56 63 
0 7 39 41 56 63 
0 7 20 55 56 63 
0 1 7 46 56 63 
0 7 45 56 59 63 
0 7 39 42 56 63 
0 7 18 56 58 63 
0 7 30 47 56 63 
0 7 21 39 56 63 
0 7 9 16 56 63 
0 7 30 32 56 63 
0 5 7 41 56 63 
0 7 44 55 56 63 
0 7 18 56 61 63 
0 7 32 43 56 63 
0 7 16 54 56 63 
0 7 21 24 56 63 
0 7 46 56 57 63 
0 7 22 56 59 63 
0 7 26 55 56 63 
0 7 10 56 57 63 
0 7 19 55 56 63 
0 7 38 56 60 63 
0 7 8 28 56 63 
0 7 50 56 57 63 
0 5 7 30 56 63 
0 7 47 50 56 63 
0 7 23 27 56 63 
0 1 7 54 56 63 
0 7 8 19 56 63 
0 7 43 56 57 63 
0 7 8 46 56 63 
0 7 8 26 56 63 
0 7 11 56 62 63 
0 7 52 55 56 63 
0 5 7 11 56 63 
0 7 32 42 56 63 
0 7 8 50 56 63 
0 7 27 32 56 63 
0 7 23 44 56 63 
0 7 40 50 56 63 
0 7 9 24 56 63 
0 1 7 30 56 63 
0 4 7 46 56 63 
0 7 50 55 56 63 
0 7 13 56 62 63 
0 7 27 56 61 63 
0 7 15 30 56 63 
0 7 47 54 56 63 
0 6 7 50 56 63 
0 7 18 56 62 63 
0 5 7 50 56 63 
0 7 36 47 56 63 
0 7 52 56 59 63 
0 7 31 35 56 63 
0 3 7 37 56 63 
0 7 8 34 56 63 
0 7 31 38 56 63 
0 7 8 45 56 63 
0 7 27 56 62 63 
0 7 12 15 56 63 
0 4 7 13 56 63 
0 7 10 24 56 63 
0 2 7 26 56 63 
0 7 13 39 56 63 
0 2 7 54 56 63 
0 7 26 31 56 63 
