0 7 18 37 56 63 
0 7 22 38 56 63 
0 7 9 10 56 63 
0 7 42 51 56 63 
0 7 25 29 56 63 
0 7 13 35 56 63 
0 7 14 20 56 63 
0 7 14 35 56 63 
0 7 18 26 56 63 
0 7 20 45 56 63 
0 7 18 34 56 63 
0 7 21 22 56 63 
0 7 10 49 56 63 
0 7 34 35 56 63 
0 7 9 14 56 63 
0 7 9 25 56 63 
0 7 17 19 56 63 
0 7 27 41 56 63 
0 7 34 51 56 63 
0 7 10 43 56 63 
0 7 21 52 56 63 
0 7 35 52 56 63 
0 7 28 29 56 63 
0 7 25 34 56 63 
0 7 29 42 56 63 
0 7 38 41 56 63 
0 7 35 44 56 63 
0 7 20 26 56 63 
0 7 9 21 56 63 
0 7 37 53 56 63 
0 7 51 53 56 63 
0 7 9 53 56 63 
0 7 13 42 56 63 
0 7 50 51 56 63 
0 7 45 46 56 63 
0 7 17 27 56 63 
0 7 11 28 56 63 
0 7 30 36 56 63 
0 7 12 28 56 63 
0 7 28 34 56 63 
0 7 12 22 56 63 
0 7 11 51 56 63 
0 7 36 54 56 63 
0 7 14 17 56 63 
0 7 22 45 56 63 
0 7 14 25 56 63 
0 7 43 50 56 63 
0 7 28 52 56 63 
0 7 14 28 56 63 
0 7 21 44 56 63 
0 7 11 35 56 63 
0 7 25 38 56 63 
0 7 25 28 56 63 
0 7 20 28 56 63 
0 7 41 45 56 63 
0 7 12 51 56 63 
0 7 43 51 56 63 
0 7 26 42 56 63 
0 7 27 29 56 63 
0 7 20 54 56 63 
0 7 35 50 56 63 
0 7 26 51 56 63 
0 7 26 41 56 63 
0 7 33 37 56 63 
0 7 10 19 56 63 
0 7 49 54 56 63 
0 7 30 45 56 63 
0 7 18 33 56 63 
0 7 27 33 56 63 
0 7 21 42 56 63 
0 7 19 52 56 63 
0 7 12 20 56 63 
0 7 14 30 56 63 
0 7 13 18 56 63 
0 7 12 25 56 63 
0 7 13 45 56 63 
0 7 26 28 56 63 
0 7 11 46 56 63 
0 7 9 37 56 63 
0 7 10 42 56 63 
0 7 13 49 56 63 
0 7 21 37 56 63 
0 7 34 49 56 63 
0 7 49 53 56 63 
0 7 21 25 56 63 
0 7 26 43 56 63 
0 7 30 37 56 63 
0 7 12 18 56 63 
0 7 19 35 56 63 
0 7 12 17 56 63 
0 7 12 21 56 63 
0 7 11 21 56 63 
0 7 10 27 56 63 
0 7 26 52 56 63 
0 7 22 27 56 63 
0 7 20 52 56 63 
0 7 26 50 56 63 
0 7 12 45 56 63 
0 7 18 25 56 63 
0 7 37 54 56 63 
0 7 22 42 56 63 
0 7 29 30 56 63 
0 7 13 54 56 63 
0 7 33 46 56 63 
0 7 28 38 56 63 
0 7 9 54 56 63 
0 7 12 14 56 63 
0 7 18 44 56 63 
0 7 10 45 56 63 
0 7 17 46 56 63 
0 7 13 46 56 63 
0 7 53 54 56 63 
0 7 33 36 56 63 
0 7 33 43 56 63 
0 7 10 29 56 63 
0 7 42 46 56 63 
0 7 25 26 56 63 
0 7 20 29 56 63 
0 7 27 49 56 63 
0 7 19 53 56 63 
0 7 9 41 56 63 
0 7 9 30 56 63 
0 7 28 35 56 63 
0 7 17 45 56 63 
0 7 13 21 56 63 
0 7 17 51 56 63 
0 7 17 37 56 63 
0 7 30 42 56 63 
0 7 45 51 56 63 
0 7 9 35 56 63 
0 7 43 46 56 63 
0 7 29 50 56 63 
0 7 20 25 56 63 
0 7 35 36 56 63 
0 7 37 52 56 63 
0 7 43 54 56 63 
0 7 17 34 56 63 
0 7 27 44 56 63 
0 7 13 28 56 63 
0 7 11 30 56 63 
0 7 42 45 56 63 
0 7 43 53 56 63 
0 7 11 27 56 63 
0 7 37 42 56 63 
0 7 35 46 56 63 
0 7 20 22 56 63 
0 7 19 25 56 63 
0 7 30 38 56 63 
0 7 22 46 56 63 
0 7 26 36 56 63 
0 7 22 53 56 63 
0 7 25 51 56 63 
0 7 22 34 56 63 
0 7 20 51 56 63 
0 7 14 42 56 63 
0 7 38 49 56 63 
0 7 21 45 56 63 
0 7 37 38 56 63 
0 7 29 33 56 63 
0 7 29 37 56 63 
0 7 29 52 56 63 
0 7 9 44 56 63 
0 7 30 50 56 63 
0 7 22 35 56 63 
0 7 33 34 56 63 
0 7 13 44 56 63 
0 7 29 35 56 63 
0 7 19 43 56 63 
0 7 20 38 56 63 
0 7 9 42 56 63 
0 7 30 53 56 63 
0 7 18 53 56 63 
0 7 21 29 56 63 
0 7 9 11 56 63 
0 7 17 35 56 63 
0 7 12 29 56 63 
0 7 49 51 56 63 
0 7 45 52 56 63 
0 7 10 20 56 63 
0 7 18 35 56 63 
0 7 12 36 56 63 
0 7 26 29 56 63 
0 7 17 54 56 63 
0 7 12 38 56 63 
0 7 9 51 56 63 
0 7 18 52 56 63 
0 7 33 52 56 63 
0 7 9 12 56 63 
0 7 27 50 56 63 
0 7 17 25 56 63 
0 7 12 50 56 63 
0 7 29 53 56 63 
0 7 51 54 56 63 
0 7 49 50 56 63 
0 7 12 27 56 63 
0 7 13 30 56 63 
0 7 20 44 56 63 
0 7 11 42 56 63 
0 7 12 41 56 63 
0 7 37 41 56 63 
0 7 20 30 56 63 
0 7 14 29 56 63 
0 7 18 28 56 63 
0 7 43 45 56 63 
0 7 28 50 56 63 
0 7 13 53 56 63 
0 7 52 53 56 63 
0 7 37 43 56 63 
0 7 34 45 56 63 
0 7 12 53 56 63 
0 7 34 54 56 63 
0 7 22 54 56 63 
0 7 52 54 56 63 
0 7 18 29 56 63 
0 7 35 51 56 63 
0 7 13 34 56 63 
0 7 10 38 56 63 
0 7 13 29 56 63 
0 7 44 50 56 63 
0 7 13 22 56 63 
0 7 17 43 56 63 
0 7 25 46 56 63 
0 7 46 53 56 63 
0 7 20 33 56 63 
0 7 45 53 56 63 
0 7 19 38 56 63 
0 7 35 54 56 63 
0 7 14 53 56 63 
0 7 25 35 56 63 
0 7 28 37 56 63 
0 7 18 41 56 63 
0 7 46 52 56 63 
0 7 22 50 56 63 
0 7 17 28 56 63 
0 7 29 49 56 63 
0 7 38 44 56 63 
0 7 29 44 56 63 
0 7 20 36 56 63 
0 7 19 21 56 63 
0 7 11 45 56 63 
0 7 10 51 56 63 
0 7 13 51 56 63 
0 7 36 51 56 63 
0 7 26 44 56 63 
0 7 18 51 56 63 
0 7 10 53 56 63 
0 7 28 36 56 63 
0 7 20 41 56 63 
0 7 25 50 56 63 
0 7 13 52 56 63 
0 7 18 22 56 63 
0 7 11 25 56 63 
0 7 36 37 56 63 
0 7 35 53 56 63 
0 7 37 49 56 63 
0 7 29 36 56 63 
0 7 44 51 56 63 
0 7 26 30 56 63 
0 7 20 37 56 63 
0 7 19 28 56 63 
0 7 13 19 56 63 
0 7 11 37 56 63 
0 7 14 41 56 63 
0 7 10 36 56 63 
0 7 26 37 56 63 
0 7 25 45 56 63 
0 7 17 18 56 63 
0 7 41 44 56 63 
0 7 25 44 56 63 
0 7 27 54 56 63 
0 7 14 22 56 63 
0 7 18 49 56 63 
0 7 30 46 56 63 
0 7 30 54 56 63 
0 7 17 52 56 63 
0 7 14 49 56 63 
0 7 19 27 56 63 
0 7 29 43 56 63 
0 7 9 33 56 63 
0 7 28 51 56 63 
0 7 9 27 56 63 
0 7 34 38 56 63 
0 7 20 21 56 63 
0 7 34 36 56 63 
0 7 14 37 56 63 
0 7 14 38 56 63 
0 7 28 30 56 63 
0 7 11 26 56 63 
0 7 20 42 56 63 
0 7 27 37 56 63 
0 7 20 49 56 63 
0 7 45 50 56 63 
0 7 34 43 56 63 
0 7 17 26 56 63 
0 7 19 37 56 63 
0 7 14 52 56 63 
0 7 17 30 56 63 
0 7 43 52 56 63 
0 7 25 33 56 63 
0 7 21 50 56 63 
0 7 14 19 56 63 
0 7 9 50 56 63 
0 7 22 26 56 63 
0 7 36 43 56 63 
0 7 28 54 56 63 
0 7 10 28 56 63 
0 7 12 54 56 63 
0 7 11 49 56 63 
0 7 46 50 56 63 
0 7 14 46 56 63 
0 7 10 37 56 63 
0 7 30 51 56 63 
0 7 18 42 56 63 
0 7 25 42 56 63 
0 7 42 52 56 63 
0 7 46 49 56 63 
0 7 22 41 56 63 
0 7 27 30 56 63 
0 7 36 42 56 63 
0 7 14 43 56 63 
0 7 19 50 56 63 
0 7 18 30 56 63 
0 7 17 50 56 63 
0 7 11 50 56 63 
0 7 33 49 56 63 
0 7 14 33 56 63 
0 7 9 38 56 63 
0 7 21 33 56 63 
0 7 19 44 56 63 
0 7 10 46 56 63 
0 7 19 34 56 63 
0 7 21 28 56 63 
0 7 10 12 56 63 
0 7 19 20 56 63 
0 7 12 33 56 63 
0 7 19 46 56 63 
0 7 13 17 56 63 
0 7 45 54 56 63 
0 7 11 54 56 63 
0 7 9 49 56 63 
0 7 45 49 56 63 
0 7 25 54 56 63 
0 7 12 49 56 63 
0 7 43 49 56 63 
0 7 22 28 56 63 
0 7 37 45 56 63 
0 7 9 36 56 63 
0 7 12 52 56 63 
0 7 11 38 56 63 
0 7 34 46 56 63 
0 7 11 29 56 63 
0 7 35 41 56 63 
0 7 27 38 56 63 
0 7 46 51 56 63 
0 7 9 20 56 63 
0 7 21 46 56 63 
0 7 19 22 56 63 
0 7 12 35 56 63 
0 7 17 38 56 63 
0 7 44 45 56 63 
0 7 10 25 56 63 
0 7 21 34 56 63 
0 7 37 50 56 63 
0 7 22 25 56 63 
0 7 33 51 56 63 
0 7 12 43 56 63 
0 7 10 14 56 63 
0 7 41 50 56 63 
0 7 9 22 56 63 
0 7 41 53 56 63 
0 7 35 37 56 63 
0 7 22 36 56 63 
0 7 34 41 56 63 
0 7 50 53 56 63 
0 7 38 46 56 63 
0 7 13 41 56 63 
0 7 27 51 56 63 
0 7 37 51 56 63 
0 7 36 44 56 63 
0 7 36 46 56 63 
0 7 35 38 56 63 
0 7 17 20 56 63 
0 7 14 26 56 63 
0 7 30 33 56 63 
0 7 21 54 56 63 
0 7 18 46 56 63 
0 7 33 42 56 63 
0 7 17 36 56 63 
0 7 13 43 56 63 
0 7 38 42 56 63 
0 7 50 52 56 63 
0 7 27 35 56 63 
0 7 11 34 56 63 
0 7 26 35 56 63 
0 7 14 34 56 63 
0 7 27 42 56 63 
0 7 14 44 56 63 
0 7 26 33 56 63 
0 7 28 33 56 63 
0 7 18 36 56 63 
0 7 19 36 56 63 
0 7 30 41 56 63 
0 7 20 46 56 63 
0 7 27 28 56 63 
0 7 21 51 56 63 
0 7 17 22 56 63 
0 7 17 53 56 63 
0 7 26 54 56 63 
0 7 9 43 56 63 
0 7 10 30 56 63 
0 7 20 34 56 63 
0 7 28 49 56 63 
0 7 10 50 56 63 
0 7 18 38 56 63 
0 7 13 33 56 63 
0 7 21 53 56 63 
0 7 9 46 56 63 
0 7 21 38 56 63 
0 7 25 41 56 63 
0 7 11 14 56 63 
0 7 33 35 56 63 
0 7 34 42 56 63 
0 7 21 41 56 63 
0 7 14 45 56 63 
0 7 27 45 56 63 
0 7 9 13 56 63 
0 7 41 52 56 63 
0 7 35 49 56 63 
0 7 44 49 56 63 
0 7 34 52 56 63 
0 7 22 44 56 63 
0 7 44 54 56 63 
0 7 18 43 56 63 
0 7 10 26 56 63 
0 7 14 21 56 63 
0 7 42 43 56 63 
0 7 28 45 56 63 
0 7 42 50 56 63 
0 7 26 45 56 63 
0 7 19 49 56 63 
0 7 14 18 56 63 
0 7 36 50 56 63 
0 7 30 44 56 63 
0 7 11 22 56 63 
0 7 33 38 56 63 
0 7 13 27 56 63 
0 7 36 41 56 63 
0 7 14 27 56 63 
0 7 44 52 56 63 
0 7 12 37 56 63 
0 7 22 52 56 63 
0 7 21 49 56 63 
0 7 12 19 56 63 
0 7 13 37 56 63 
0 7 37 44 56 63 
0 7 33 45 56 63 
0 7 13 26 56 63 
0 7 10 35 56 63 
0 7 21 35 56 63 
0 7 38 53 56 63 
0 7 21 43 56 63 
0 7 19 42 56 63 
0 7 13 38 56 63 
0 7 18 19 56 63 
0 7 41 42 56 63 
0 7 30 34 56 63 
0 7 25 49 56 63 
0 7 20 35 56 63 
0 7 33 41 56 63 
0 7 19 45 56 63 
0 7 22 30 56 63 
0 7 20 43 56 63 
0 7 50 54 56 63 
0 7 11 44 56 63 
0 7 17 42 56 63 
0 7 33 53 56 63 
0 7 21 27 56 63 
0 7 18 45 56 63 
0 7 18 20 56 63 
0 7 13 50 56 63 
0 7 20 50 56 63 
0 7 44 46 56 63 
0 7 11 41 56 63 
0 7 18 27 56 63 
0 7 41 51 56 63 
0 7 17 44 56 63 
0 7 9 29 56 63 
0 7 34 44 56 63 
0 7 35 45 56 63 
0 7 17 41 56 63 
0 7 20 53 56 63 
0 7 43 44 56 63 
0 7 25 30 56 63 
0 7 11 19 56 63 
0 7 18 50 56 63 
0 7 28 42 56 63 
0 7 25 27 56 63 
0 7 38 43 56 63 
0 7 10 52 56 63 
0 7 13 25 56 63 
0 7 17 49 56 63 
0 7 27 46 56 63 
0 7 22 49 56 63 
0 7 38 45 56 63 
0 7 11 43 56 63 
0 7 41 49 56 63 
0 7 11 20 56 63 
0 7 12 44 56 63 
0 7 9 28 56 63 
0 7 17 21 56 63 
0 7 28 44 56 63 
0 7 19 51 56 63 
0 7 26 49 56 63 
0 7 29 46 56 63 
0 7 25 43 56 63 
0 7 22 43 56 63 
0 7 42 53 56 63 
0 7 38 50 56 63 
0 7 36 49 56 63 
0 7 21 30 56 63 
0 7 25 36 56 63 
0 7 37 46 56 63 
0 7 22 29 56 63 
0 7 14 36 56 63 
0 7 38 54 56 63 
0 7 22 51 56 63 
0 7 19 41 56 63 
0 7 12 26 56 63 
0 7 22 33 56 63 
0 7 10 22 56 63 
0 7 30 43 56 63 
0 7 36 38 56 63 
0 7 25 37 56 63 
0 7 30 49 56 63 
0 7 11 18 56 63 
0 7 42 49 56 63 
0 7 19 30 56 63 
0 7 28 43 56 63 
0 7 30 35 56 63 
0 7 11 52 56 63 
0 7 11 53 56 63 
0 7 30 52 56 63 
0 7 13 36 56 63 
0 7 10 11 56 63 
0 7 34 53 56 63 
0 7 12 13 56 63 
0 7 11 13 56 63 
0 7 12 34 56 63 
0 7 26 27 56 63 
0 7 36 45 56 63 
0 7 19 33 56 63 
0 7 25 52 56 63 
0 7 19 54 56 63 
0 7 18 21 56 63 
0 7 10 54 56 63 
0 7 38 51 56 63 
0 7 10 41 56 63 
0 7 42 44 56 63 
0 7 28 53 56 63 
0 7 36 52 56 63 
0 7 10 17 56 63 
0 7 29 45 56 63 
0 7 33 44 56 63 
0 7 19 29 56 63 
0 7 29 34 56 63 
0 7 36 53 56 63 
0 7 18 54 56 63 
0 7 41 46 56 63 
0 7 12 46 56 63 
0 7 44 53 56 63 
0 7 14 51 56 63 
0 7 21 26 56 63 
0 7 14 50 56 63 
0 7 9 34 56 63 
0 7 34 37 56 63 
0 7 10 33 56 63 
0 7 19 26 56 63 
0 7 41 43 56 63 
0 7 26 38 56 63 
0 7 13 20 56 63 
0 7 29 41 56 63 
0 7 42 54 56 63 
0 7 51 52 56 63 
0 7 27 53 56 63 
0 7 10 44 56 63 
0 7 34 50 56 63 
0 7 9 52 56 63 
0 7 12 30 56 63 
0 7 13 14 56 63 
0 7 26 46 56 63 
0 7 17 33 56 63 
0 7 33 54 56 63 
0 7 10 18 56 63 
0 7 49 52 56 63 
0 7 35 43 56 63 
0 7 25 53 56 63 
0 7 9 45 56 63 
0 7 10 34 56 63 
0 7 17 29 56 63 
0 7 27 43 56 63 
0 7 26 53 56 63 
0 7 11 36 56 63 
0 7 35 42 56 63 
0 7 33 50 56 63 
0 7 38 52 56 63 
0 7 9 26 56 63 
0 7 9 19 56 63 
0 7 10 21 56 63 
0 7 27 34 56 63 
0 7 28 46 56 63 
0 7 41 54 56 63 
0 7 12 42 56 63 
0 7 20 27 56 63 
0 7 46 54 56 63 
0 7 29 51 56 63 
0 7 27 52 56 63 
0 7 29 38 56 63 
0 7 27 36 56 63 
0 7 11 12 56 63 
0 7 26 34 56 63 
0 7 28 41 56 63 
0 7 9 18 56 63 
0 7 14 54 56 63 
0 7 22 37 56 63 
0 7 10 13 56 63 
0 7 11 17 56 63 
0 7 21 36 56 63 
0 7 29 54 56 63 
0 7 11 33 56 63 
0 7 9 17 56 63 
