0 12 
7 41 
19 63 
42 63 
34 63 
7 54 
7 37 
18 56 
7 18 
0 36 
0 51 
0 44 
0 33 
7 10 
7 29 
0 26 
7 53 
50 56 
0 54 
7 36 
26 56 
7 25 
7 35 
0 30 
21 63 
0 52 
14 56 
53 56 
10 63 
7 19 
19 56 
33 56 
7 33 
30 56 
0 27 
17 63 
25 56 
33 63 
12 63 
0 43 
29 63 
28 63 
0 46 
27 56 
44 56 
7 45 
7 22 
41 56 
45 63 
0 10 
49 63 
0 25 
11 63 
51 63 
0 42 
0 45 
0 35 
7 21 
22 63 
35 63 
34 56 
0 50 
14 63 
7 26 
0 19 
0 34 
9 56 
7 12 
13 63 
26 63 
0 18 
17 56 
42 56 
7 11 
0 17 
7 52 
20 63 
28 56 
29 56 
0 49 
0 38 
7 13 
0 9 
49 56 
7 20 
30 63 
20 56 
11 56 
43 63 
50 63 
10 56 
7 46 
54 56 
7 44 
45 56 
0 53 
53 63 
7 27 
7 28 
51 56 
7 38 
38 63 
7 49 
41 63 
27 63 
46 63 
0 13 
7 14 
7 30 
9 63 
21 56 
0 28 
7 17 
54 63 
0 14 
0 37 
7 43 
46 56 
44 63 
0 20 
12 56 
13 56 
0 11 
7 34 
36 63 
0 41 
7 50 
35 56 
38 56 
43 56 
37 63 
7 9 
7 51 
7 42 
36 56 
0 22 
0 21 
37 56 
18 63 
22 56 
0 29 
52 63 
52 56 
25 63 
