16 62 
2 61 
5 8 
40 59 
40 47 
32 57 
47 55 
59 62 
15 57 
39 62 
5 24 
5 59 
8 40 
5 39 
31 62 
32 39 
15 39 
5 40 
8 15 
1 15 
24 55 
60 62 
5 58 
5 62 
40 62 
4 48 
3 62 
3 57 
16 39 
16 47 
23 55 
4 55 
48 59 
39 58 
4 39 
3 24 
3 23 
1 47 
8 23 
55 58 
16 55 
55 60 
2 6 
1 48 
2 16 
55 57 
16 24 
61 62 
2 8 
4 61 
4 31 
55 59 
2 48 
16 59 
15 48 
32 59 
40 60 
3 32 
3 16 
3 31 
16 60 
40 57 
6 39 
23 60 
16 31 
3 55 
6 47 
23 57 
5 57 
24 58 
24 57 
3 39 
3 59 
3 6 
23 58 
5 15 
57 62 
4 57 
2 4 
23 62 
57 60 
1 32 
24 61 
1 5 
2 31 
16 61 
47 62 
40 61 
3 47 
15 40 
1 39 
2 58 
8 60 
32 48 
23 47 
47 59 
31 60 
8 58 
24 40 
58 62 
16 57 
6 8 
1 40 
6 16 
58 59 
2 39 
23 31 
55 62 
48 60 
4 58 
59 60 
48 62 
31 61 
6 59 
4 6 
6 55 
31 39 
5 61 
5 60 
2 40 
8 59 
39 60 
24 31 
24 48 
32 60 
47 48 
31 47 
23 24 
6 24 
15 62 
47 60 
39 40 
24 39 
8 31 
6 31 
8 16 
15 60 
8 55 
23 32 
32 40 
15 24 
2 5 
24 62 
40 48 
47 61 
40 55 
5 16 
4 8 
48 55 
15 16 
1 62 
3 40 
1 2 
4 47 
5 48 
2 23 
47 58 
4 60 
3 8 
16 58 
15 61 
57 59 
6 48 
8 62 
60 61 
8 57 
16 23 
15 47 
3 5 
15 32 
4 59 
31 55 
32 55 
1 23 
8 39 
6 62 
23 48 
15 55 
24 32 
2 55 
2 60 
3 48 
1 61 
39 55 
57 58 
31 48 
1 8 
1 57 
32 62 
58 60 
3 4 
6 32 
2 24 
4 15 
40 58 
1 4 
15 59 
24 47 
32 61 
1 58 
23 40 
5 47 
24 60 
1 6 
6 57 
5 32 
8 48 
23 59 
3 58 
15 31 
5 6 
5 31 
2 15 
59 61 
2 57 
31 40 
8 47 
24 59 
3 61 
4 23 
39 59 
8 61 
6 40 
5 55 
4 16 
48 58 
31 32 
6 60 
4 32 
4 62 
1 59 
1 60 
2 59 
2 3 
2 47 
48 57 
31 58 
31 57 
1 31 
39 61 
2 62 
55 61 
6 23 
4 5 
8 32 
6 58 
16 32 
32 58 
16 40 
2 32 
1 16 
3 15 
3 60 
5 23 
39 57 
1 24 
31 59 
23 61 
32 47 
15 58 
1 3 
1 55 
57 61 
39 48 
15 23 
4 40 
39 47 
6 15 
48 61 
6 61 
8 24 
58 61 
47 57 
23 39 
4 24 
16 48 
