18 39 
8 21 
5 35 
22 48 
1 51 
14 31 
40 45 
45 61 
23 33 
37 62 
13 62 
22 32 
2 38 
37 40 
13 47 
16 46 
25 60 
2 46 
18 47 
43 60 
6 10 
3 37 
6 52 
3 33 
8 35 
19 31 
12 47 
50 55 
51 55 
42 47 
45 48 
3 27 
52 61 
26 55 
39 46 
18 40 
30 57 
4 14 
10 32 
54 58 
16 35 
2 22 
32 42 
8 20 
38 58 
23 36 
15 41 
6 26 
1 46 
8 22 
26 31 
14 57 
5 41 
2 21 
12 48 
23 25 
39 41 
3 18 
23 34 
34 61 
17 39 
32 36 
23 42 
1 10 
24 30 
32 41 
40 54 
39 49 
19 61 
17 40 
31 34 
20 24 
3 36 
9 59 
2 44 
8 52 
22 60 
13 23 
31 49 
1 35 
23 51 
43 62 
22 31 
22 24 
29 47 
40 50 
15 45 
6 9 
36 58 
22 55 
31 50 
53 61 
39 50 
27 47 
15 38 
32 45 
47 49 
35 62 
19 60 
32 38 
15 29 
48 49 
2 20 
9 57 
39 44 
16 45 
4 27 
5 21 
11 55 
43 57 
16 34 
5 18 
6 14 
12 61 
38 61 
13 61 
14 24 
17 24 
20 55 
3 28 
36 39 
51 60 
32 34 
36 59 
42 61 
18 62 
28 61 
19 57 
1 49 
35 57 
23 54 
16 44 
26 57 
49 62 
8 46 
31 44 
2 50 
53 57 
20 58 
54 59 
28 39 
5 37 
22 40 
18 31 
17 47 
29 48 
14 55 
22 58 
32 52 
29 60 
4 42 
15 52 
40 41 
16 53 
22 47 
3 45 
4 20 
50 61 
32 35 
24 54 
5 26 
26 59 
5 29 
46 48 
9 40 
10 47 
23 28 
5 11 
11 31 
3 25 
15 54 
13 55 
20 47 
6 54 
13 60 
6 35 
2 30 
3 43 
48 50 
15 49 
9 47 
27 39 
18 61 
4 41 
8 26 
25 59 
26 60 
33 58 
4 18 
51 59 
11 40 
2 37 
19 58 
4 36 
20 23 
35 59 
10 61 
4 28 
35 39 
19 32 
15 26 
13 48 
9 24 
18 59 
3 50 
47 53 
18 23 
30 31 
16 26 
1 11 
8 25 
52 60 
32 33 
3 51 
19 23 
11 15 
42 59 
4 9 
23 44 
16 22 
18 24 
2 11 
8 37 
47 52 
47 51 
19 59 
20 39 
51 57 
30 48 
43 48 
25 58 
4 38 
31 46 
42 62 
32 51 
4 51 
2 42 
3 14 
47 54 
52 55 
4 17 
46 47 
30 61 
10 58 
1 21 
5 43 
1 14 
10 40 
20 59 
28 58 
23 46 
6 51 
2 18 
45 62 
2 49 
24 35 
1 52 
15 37 
29 39 
16 37 
38 40 
23 41 
17 48 
33 61 
9 61 
6 37 
16 49 
36 40 
6 21 
4 45 
46 61 
8 14 
28 31 
6 33 
18 55 
21 40 
4 26 
16 38 
42 58 
41 62 
2 33 
33 62 
44 55 
36 62 
16 20 
3 17 
17 60 
40 53 
6 13 
14 16 
28 55 
10 24 
49 60 
11 16 
31 35 
5 9 
8 50 
35 55 
6 36 
44 61 
51 62 
9 58 
22 39 
24 36 
52 62 
5 51 
19 40 
24 34 
38 60 
3 29 
13 24 
17 59 
1 20 
45 55 
37 59 
11 57 
11 58 
2 12 
2 52 
11 47 
24 27 
6 38 
9 15 
15 35 
27 59 
34 40 
21 31 
5 33 
8 54 
5 44 
25 61 
15 46 
46 58 
11 23 
15 44 
33 57 
4 34 
8 41 
1 29 
28 62 
28 47 
4 37 
31 36 
35 40 
21 32 
3 11 
44 48 
15 33 
53 60 
25 40 
4 10 
32 49 
1 41 
4 30 
31 42 
44 57 
13 59 
48 52 
16 17 
24 51 
54 61 
2 26 
5 28 
8 30 
11 32 
16 27 
37 48 
15 17 
20 40 
15 21 
46 62 
40 43 
34 60 
8 43 
11 60 
16 30 
1 54 
3 52 
5 34 
26 62 
35 61 
1 44 
31 38 
50 58 
28 57 
16 52 
8 18 
29 59 
20 31 
4 53 
12 16 
20 62 
8 49 
41 60 
6 34 
2 13 
17 61 
3 44 
16 43 
5 14 
22 59 
33 47 
44 47 
3 19 
23 27 
4 54 
44 59 
10 48 
5 52 
13 15 
14 59 
20 60 
30 59 
30 47 
8 27 
4 33 
52 57 
1 17 
32 50 
12 60 
12 57 
6 19 
16 28 
8 36 
37 39 
1 19 
6 20 
6 28 
16 51 
1 37 
6 27 
16 29 
22 57 
16 36 
3 9 
2 45 
5 36 
5 22 
32 54 
23 29 
11 59 
9 39 
12 62 
5 53 
9 31 
1 50 
51 61 
34 59 
33 55 
9 23 
23 26 
2 27 
41 58 
25 55 
6 44 
34 55 
38 57 
12 32 
4 21 
28 40 
5 30 
33 60 
14 60 
13 57 
1 33 
36 57 
3 49 
4 43 
26 61 
10 57 
31 43 
9 60 
5 42 
15 51 
31 53 
24 53 
6 45 
18 58 
2 25 
12 55 
1 30 
39 42 
36 55 
6 41 
5 13 
11 62 
33 59 
19 47 
8 34 
30 39 
18 60 
12 24 
31 54 
14 40 
24 45 
13 40 
31 33 
9 62 
42 57 
1 18 
6 43 
32 46 
23 30 
22 23 
1 53 
8 33 
23 38 
19 55 
8 11 
1 28 
19 62 
15 36 
49 57 
6 53 
2 28 
29 40 
24 44 
6 50 
38 55 
4 46 
31 51 
34 39 
15 25 
8 53 
31 37 
1 26 
5 54 
45 59 
29 62 
27 60 
10 59 
15 22 
17 62 
27 40 
2 17 
16 25 
43 55 
42 48 
35 58 
20 48 
10 23 
37 55 
6 30 
28 48 
50 59 
44 62 
48 53 
13 58 
3 35 
4 11 
4 35 
41 61 
25 47 
24 37 
6 12 
40 42 
1 34 
35 60 
2 43 
3 10 
8 9 
46 60 
43 61 
21 57 
5 38 
37 47 
1 38 
21 48 
33 48 
27 48 
8 19 
11 48 
2 53 
24 43 
25 57 
27 32 
20 61 
5 46 
27 58 
46 59 
54 62 
40 51 
9 55 
34 58 
31 52 
21 24 
16 42 
14 23 
15 42 
38 39 
42 55 
5 25 
36 47 
24 26 
4 12 
18 48 
10 60 
3 12 
45 57 
30 32 
21 59 
19 48 
54 57 
38 47 
14 15 
2 34 
15 53 
17 23 
4 29 
5 10 
23 49 
15 19 
5 19 
37 58 
5 20 
4 22 
15 20 
34 57 
3 26 
8 10 
31 41 
2 51 
41 55 
14 58 
38 59 
17 32 
37 61 
1 27 
10 62 
53 55 
41 57 
33 39 
5 27 
12 23 
6 22 
13 39 
31 45 
39 45 
12 31 
3 46 
25 32 
23 43 
3 20 
21 47 
49 58 
27 62 
12 59 
32 37 
16 41 
1 42 
26 32 
23 53 
30 40 
40 52 
53 58 
35 47 
22 62 
36 48 
15 34 
14 61 
8 13 
3 34 
21 55 
11 61 
29 61 
30 62 
6 49 
25 39 
44 60 
23 45 
24 46 
50 62 
29 58 
3 53 
13 31 
27 31 
3 54 
24 52 
16 50 
21 39 
46 57 
39 54 
52 59 
44 58 
15 28 
3 41 
3 42 
4 19 
24 38 
2 14 
24 42 
11 39 
37 57 
15 30 
6 46 
5 45 
23 35 
2 10 
8 29 
1 45 
53 59 
32 53 
41 47 
18 57 
1 13 
8 12 
29 32 
8 51 
43 47 
27 55 
24 41 
5 50 
24 33 
41 59 
1 22 
8 38 
30 55 
3 22 
19 24 
13 16 
41 48 
5 49 
40 46 
26 58 
21 60 
54 60 
10 31 
8 17 
1 12 
2 29 
16 54 
21 61 
14 47 
5 12 
17 55 
9 16 
30 60 
46 55 
25 31 
23 50 
6 42 
9 48 
23 37 
39 53 
49 55 
15 18 
48 54 
4 13 
34 47 
3 38 
24 28 
14 39 
12 40 
26 40 
39 52 
32 43 
1 25 
6 18 
6 29 
16 21 
2 41 
39 51 
50 60 
32 44 
24 50 
4 25 
54 55 
25 62 
30 58 
28 60 
28 59 
24 29 
22 61 
21 58 
4 52 
24 25 
27 57 
15 43 
29 55 
18 32 
20 57 
16 18 
15 50 
43 59 
8 28 
10 55 
52 58 
28 32 
20 32 
27 61 
14 48 
6 25 
29 31 
39 43 
34 48 
10 39 
45 60 
4 44 
2 54 
34 62 
43 58 
23 52 
11 24 
10 15 
24 49 
6 17 
8 45 
36 60 
47 50 
16 19 
17 58 
45 58 
50 57 
42 60 
26 39 
12 39 
8 44 
1 36 
6 11 
26 47 
45 47 
36 61 
38 48 
8 42 
17 31 
40 44 
3 13 
21 62 
48 51 
25 48 
49 61 
2 36 
51 58 
13 32 
12 15 
53 62 
16 33 
4 50 
19 39 
21 23 
14 62 
1 9 
40 49 
2 19 
1 43 
4 49 
49 59 
12 58 
10 16 
29 57 
15 27 
2 35 
3 30 
35 48 
26 48 
38 62 
9 32 
37 60 
2 9 
3 21 
5 17 
17 57 
33 40 
14 32 
