0 7 24 55 56 59 63 
0 7 8 31 55 56 63 
0 7 16 24 31 56 63 
0 1 7 8 32 56 63 
0 2 6 7 32 56 63 
0 3 7 55 56 59 63 
0 4 7 31 47 56 63 
0 1 7 24 56 58 63 
0 7 31 39 55 56 63 
0 1 6 7 23 56 63 
0 1 7 16 39 56 63 
0 1 7 16 56 59 63 
0 1 7 56 59 62 63 
0 1 7 32 56 60 63 
0 7 48 56 58 59 63 
0 7 16 23 56 61 63 
0 7 15 47 56 61 63 
0 7 16 32 55 56 63 
0 7 8 15 56 61 63 
0 7 31 40 56 61 63 
0 7 15 32 56 61 63 
0 7 32 56 57 60 63 
0 2 5 7 24 56 63 
0 2 7 39 47 56 63 
0 5 7 24 56 62 63 
0 3 7 48 56 57 63 
0 6 7 8 56 57 63 
0 7 31 32 40 56 63 
0 7 16 31 56 57 63 
0 7 47 56 60 61 63 
0 5 7 31 55 56 63 
0 2 7 23 56 58 63 
0 4 6 7 56 58 63 
0 7 23 31 56 62 63 
0 6 7 23 56 58 63 
0 1 7 32 56 57 63 
0 7 55 56 59 62 63 
0 1 4 7 56 62 63 
0 7 16 31 47 56 63 
0 5 7 48 56 59 63 
0 7 15 32 39 56 63 
0 2 7 40 47 56 63 
0 7 8 32 48 56 63 
0 2 7 16 56 61 63 
0 7 32 56 58 61 63 
0 7 23 56 58 59 63 
0 7 39 56 60 61 63 
0 7 24 31 56 62 63 
0 4 6 7 56 61 63 
0 7 32 40 56 61 63 
0 4 7 39 48 56 63 
0 7 40 55 56 59 63 
0 3 7 23 55 56 63 
0 2 7 15 56 57 63 
0 7 23 48 55 56 63 
0 6 7 23 48 56 63 
0 7 8 40 56 62 63 
0 7 23 32 56 59 63 
0 7 15 48 56 60 63 
0 2 3 7 24 56 63 
0 7 40 47 48 56 63 
0 7 16 32 48 56 63 
0 7 23 56 60 61 63 
0 4 7 24 56 60 63 
0 7 16 56 57 58 63 
0 6 7 48 55 56 63 
0 7 31 47 56 61 63 
0 1 7 24 56 59 63 
0 3 7 24 31 56 63 
0 1 7 16 56 62 63 
0 3 7 48 56 61 63 
0 3 7 56 57 59 63 
0 7 8 47 56 57 63 
0 7 32 39 56 62 63 
0 4 7 39 55 56 63 
0 4 7 48 56 62 63 
0 7 15 48 56 61 63 
0 3 6 7 48 56 63 
0 2 7 39 56 61 63 
0 7 16 40 56 58 63 
0 7 31 56 57 62 63 
0 1 7 40 56 59 63 
0 7 32 47 56 59 63 
0 3 7 47 56 62 63 
0 5 7 56 59 60 63 
0 7 8 24 40 56 63 
0 1 7 56 57 58 63 
0 2 5 7 16 56 63 
0 2 7 55 56 59 63 
0 2 5 7 56 62 63 
0 7 47 55 56 59 63 
0 4 7 31 56 61 63 
0 5 7 31 56 61 63 
0 7 40 47 56 57 63 
0 7 15 40 56 58 63 
0 5 7 15 40 56 63 
0 7 15 24 32 56 63 
0 5 7 55 56 62 63 
0 6 7 31 56 57 63 
0 7 39 40 56 62 63 
0 5 7 23 47 56 63 
0 7 31 55 56 59 63 
0 7 40 48 56 61 63 
0 7 23 31 56 57 63 
0 7 15 47 56 57 63 
0 3 7 15 32 56 63 
0 7 15 23 39 56 63 
0 2 4 7 55 56 63 
0 6 7 47 56 58 63 
0 2 7 8 56 57 63 
0 7 47 56 59 60 63 
0 7 15 56 57 61 63 
0 7 8 56 59 61 63 
0 3 7 16 55 56 63 
0 2 6 7 56 60 63 
0 7 23 55 56 61 63 
0 6 7 56 58 62 63 
0 7 40 55 56 57 63 
0 7 39 56 59 60 63 
0 5 7 8 39 56 63 
0 4 6 7 24 56 63 
0 3 4 7 23 56 63 
0 2 7 39 48 56 63 
0 2 5 7 56 61 63 
0 2 7 48 55 56 63 
0 7 24 40 55 56 63 
0 5 7 32 56 58 63 
0 3 7 48 56 62 63 
0 7 32 56 59 61 63 
0 7 8 16 56 59 63 
0 7 31 40 56 62 63 
0 7 24 55 56 62 63 
0 7 16 39 47 56 63 
0 7 8 16 56 58 63 
0 7 8 15 56 60 63 
0 3 7 56 60 61 63 
0 7 47 48 56 58 63 
0 7 31 56 61 62 63 
0 4 7 15 47 56 63 
0 1 6 7 55 56 63 
0 4 7 55 56 60 63 
0 7 23 31 56 60 63 
0 5 7 47 56 59 63 
0 2 7 56 61 62 63 
0 7 16 47 56 62 63 
0 1 7 31 56 57 63 
0 2 4 7 8 56 63 
0 1 7 40 56 57 63 
0 3 7 16 47 56 63 
0 7 23 24 56 57 63 
0 5 7 16 39 56 63 
0 7 8 56 60 62 63 
0 7 15 40 56 57 63 
0 7 24 56 58 59 63 
0 4 7 31 56 60 63 
0 7 40 56 59 61 63 
0 6 7 48 56 57 63 
0 3 7 15 24 56 63 
0 5 6 7 23 56 63 
0 4 5 7 56 61 63 
0 2 7 23 31 56 63 
0 3 7 15 56 60 63 
0 7 24 40 56 61 63 
0 4 7 47 48 56 63 
0 4 7 23 32 56 63 
0 2 6 7 16 56 63 
0 6 7 24 48 56 63 
0 3 7 31 56 57 63 
0 5 7 48 56 58 63 
0 1 7 40 56 62 63 
0 7 24 56 59 60 63 
0 7 24 56 57 58 63 
0 7 15 23 55 56 63 
0 4 6 7 39 56 63 
0 2 3 7 56 60 63 
0 1 7 16 56 57 63 
0 7 48 56 61 62 63 
0 3 7 56 57 62 63 
0 3 7 31 56 61 63 
0 5 7 31 56 62 63 
0 7 32 48 56 58 63 
0 4 5 7 24 56 63 
0 7 16 24 47 56 63 
0 7 24 56 58 62 63 
0 3 7 40 56 57 63 
0 1 2 7 56 57 63 
0 4 7 15 40 56 63 
0 5 7 8 56 61 63 
0 1 7 31 48 56 63 
0 7 15 56 59 62 63 
0 7 16 56 58 62 63 
0 7 40 55 56 60 63 
0 7 39 56 59 61 63 
0 5 7 48 55 56 63 
0 7 32 56 57 58 63 
0 5 7 15 39 56 63 
0 4 7 23 56 58 63 
0 7 8 40 55 56 63 
0 7 15 24 47 56 63 
0 7 15 16 31 56 63 
0 5 6 7 40 56 63 
0 5 7 40 56 61 63 
0 7 39 56 57 62 63 
0 1 7 40 56 61 63 
0 5 7 16 40 56 63 
0 7 8 56 58 62 63 
0 1 4 7 24 56 63 
0 7 31 40 55 56 63 
0 4 7 8 16 56 63 
0 7 23 31 40 56 63 
0 1 7 32 39 56 63 
0 4 7 56 57 62 63 
0 7 8 24 32 56 63 
0 1 7 24 56 57 63 
0 2 7 32 48 56 63 
0 3 6 7 39 56 63 
0 7 32 39 48 56 63 
0 7 15 23 56 60 63 
0 2 3 6 7 56 63 
0 6 7 8 23 56 63 
0 7 32 56 60 62 63 
0 4 5 7 48 56 63 
0 7 8 48 56 60 63 
0 7 32 40 48 56 63 
0 7 24 48 56 59 63 
0 7 16 47 56 57 63 
0 7 15 47 56 60 63 
0 7 40 56 59 62 63 
0 5 7 8 56 60 63 
0 7 16 47 56 58 63 
0 3 4 7 8 56 63 
0 7 16 39 56 61 63 
0 1 2 5 7 56 63 
0 7 23 56 60 62 63 
0 7 47 56 61 62 63 
0 4 7 56 57 59 63 
0 1 2 7 15 56 63 
0 1 7 23 56 61 63 
0 1 5 7 56 60 63 
0 6 7 15 56 57 63 
0 3 7 56 58 59 63 
0 7 32 55 56 57 63 
0 2 7 31 39 56 63 
0 6 7 56 58 59 63 
0 5 6 7 55 56 63 
0 7 15 39 40 56 63 
0 7 8 56 57 58 63 
0 1 4 7 56 59 63 
0 6 7 24 56 59 63 
0 7 15 48 56 59 63 
0 6 7 23 47 56 63 
0 1 2 4 7 56 63 
0 3 7 15 56 61 63 
0 7 8 23 31 56 63 
0 7 31 56 57 60 63 
0 1 7 8 56 58 63 
0 6 7 48 56 62 63 
0 5 7 8 56 57 63 
0 7 8 23 39 56 63 
0 3 7 8 55 56 63 
0 1 7 16 55 56 63 
0 2 6 7 55 56 63 
0 7 15 24 56 61 63 
0 4 7 23 39 56 63 
0 2 7 47 56 58 63 
0 5 7 47 56 61 63 
0 1 7 8 24 56 63 
0 7 16 31 39 56 63 
0 7 15 31 39 56 63 
0 7 55 56 57 61 63 
0 7 16 48 56 61 63 
0 3 7 39 56 59 63 
0 4 7 55 56 57 63 
0 7 8 40 56 57 63 
0 1 7 55 56 61 63 
0 5 7 40 56 62 63 
0 5 7 8 15 56 63 
0 1 7 24 47 56 63 
0 7 15 31 56 60 63 
0 2 7 16 56 60 63 
0 7 23 31 56 61 63 
0 2 7 48 56 60 63 
0 1 7 48 56 61 63 
0 1 7 15 16 56 63 
0 5 7 32 39 56 63 
0 2 7 39 56 60 63 
0 7 31 39 56 61 63 
0 2 7 16 55 56 63 
0 1 7 8 56 61 63 
0 7 31 47 55 56 63 
0 7 8 31 39 56 63 
0 3 7 39 56 62 63 
0 1 7 16 56 61 63 
0 7 16 47 56 60 63 
0 7 47 48 55 56 63 
0 4 7 24 56 58 63 
0 6 7 47 48 56 63 
0 6 7 39 48 56 63 
0 6 7 55 56 60 63 
0 6 7 56 59 62 63 
0 1 7 47 56 61 63 
0 4 7 24 56 62 63 
0 2 7 39 56 62 63 
0 6 7 16 31 56 63 
0 3 7 16 31 56 63 
0 7 23 39 55 56 63 
0 2 5 7 47 56 63 
0 5 7 39 56 59 63 
0 6 7 56 59 61 63 
0 4 7 24 56 59 63 
0 7 23 48 56 58 63 
0 7 23 24 48 56 63 
0 3 7 31 39 56 63 
0 2 5 6 7 56 63 
0 4 7 56 60 62 63 
0 7 32 39 47 56 63 
0 6 7 24 31 56 63 
0 7 15 24 40 56 63 
0 6 7 23 56 62 63 
0 7 31 48 56 60 63 
0 5 7 8 16 56 63 
0 7 24 48 56 57 63 
0 6 7 16 47 56 63 
0 7 8 48 56 61 63 
0 2 7 39 56 58 63 
0 2 5 7 23 56 63 
0 7 24 40 48 56 63 
0 7 16 32 47 56 63 
0 2 7 48 56 62 63 
0 1 7 16 48 56 63 
0 1 7 16 56 58 63 
0 1 4 7 56 58 63 
0 7 8 40 56 59 63 
0 2 4 7 56 59 63 
0 6 7 15 56 58 63 
0 6 7 8 16 56 63 
0 2 6 7 24 56 63 
0 7 16 56 58 61 63 
0 2 6 7 56 61 63 
0 6 7 15 55 56 63 
0 7 31 56 57 58 63 
0 4 7 15 56 60 63 
0 2 7 32 56 61 63 
0 1 7 55 56 60 63 
0 3 7 16 39 56 63 
0 4 6 7 56 60 63 
0 7 31 55 56 58 63 
0 4 7 8 56 58 63 
0 7 8 32 56 61 63 
0 3 5 7 16 56 63 
0 7 24 32 55 56 63 
0 7 15 16 56 58 63 
0 1 7 15 24 56 63 
0 1 7 32 56 58 63 
0 1 4 7 40 56 63 
0 4 7 40 47 56 63 
0 6 7 32 40 56 63 
0 1 6 7 56 60 63 
0 1 7 40 47 56 63 
0 7 32 48 56 61 63 
0 7 16 56 57 59 63 
0 7 8 15 48 56 63 
0 2 4 7 32 56 63 
0 7 8 15 56 62 63 
0 7 40 47 56 58 63 
0 7 47 48 56 61 63 
0 7 56 57 61 62 63 
0 7 32 39 40 56 63 
0 7 23 39 40 56 63 
0 7 16 23 24 56 63 
0 1 2 7 56 60 63 
0 2 7 31 56 59 63 
0 5 6 7 56 57 63 
0 4 7 56 58 62 63 
0 3 7 48 56 59 63 
0 4 7 15 55 56 63 
0 4 7 23 56 59 63 
0 2 5 7 15 56 63 
0 2 7 39 40 56 63 
0 6 7 40 55 56 63 
0 7 24 31 56 61 63 
0 2 5 7 56 60 63 
0 7 56 57 58 60 63 
0 1 6 7 31 56 63 
0 7 31 56 58 60 63 
0 7 24 47 48 56 63 
0 7 24 32 56 59 63 
0 6 7 32 48 56 63 
0 5 7 32 40 56 63 
0 1 6 7 40 56 63 
0 5 7 31 40 56 63 
0 7 8 15 47 56 63 
0 2 7 40 56 61 63 
0 6 7 39 56 57 63 
0 5 7 47 55 56 63 
0 3 7 31 56 60 63 
0 7 8 15 39 56 63 
0 1 7 8 47 56 63 
0 7 8 48 56 57 63 
0 7 39 47 56 61 63 
0 2 4 7 47 56 63 
0 7 23 31 56 58 63 
0 2 7 8 56 58 63 
0 3 4 7 56 60 63 
0 2 7 40 56 58 63 
0 6 7 39 56 61 63 
0 4 7 32 39 56 63 
0 6 7 32 56 59 63 
0 2 3 7 32 56 63 
0 1 4 7 47 56 63 
0 7 56 57 60 61 63 
0 6 7 31 56 62 63 
0 6 7 16 56 59 63 
0 7 16 55 56 61 63 
0 2 7 23 32 56 63 
0 7 15 56 57 62 63 
0 6 7 24 56 61 63 
0 7 39 56 60 62 63 
0 3 6 7 56 60 63 
0 7 8 47 56 62 63 
0 7 15 24 56 58 63 
0 7 32 40 56 58 63 
0 7 39 47 56 60 63 
0 7 8 32 56 59 63 
0 7 16 24 56 62 63 
0 5 7 48 56 57 63 
0 1 2 7 16 56 63 
0 5 7 40 47 56 63 
0 4 6 7 8 56 63 
0 6 7 23 56 61 63 
0 3 7 23 31 56 63 
0 5 7 23 56 57 63 
0 1 7 15 56 58 63 
0 5 7 47 56 62 63 
0 4 7 47 55 56 63 
0 7 15 40 56 60 63 
0 5 7 16 56 58 63 
0 7 32 39 56 57 63 
0 5 7 40 56 58 63 
0 7 24 47 56 58 63 
0 7 24 55 56 58 63 
0 7 32 39 56 61 63 
0 6 7 40 56 60 63 
0 2 7 8 55 56 63 
0 1 6 7 32 56 63 
0 4 7 15 24 56 63 
0 7 15 39 56 62 63 
0 3 7 47 56 58 63 
0 7 23 31 47 56 63 
0 2 7 31 56 62 63 
0 7 15 24 56 60 63 
0 3 7 56 60 62 63 
0 3 7 8 40 56 63 
0 3 7 31 56 58 63 
0 7 16 32 56 62 63 
0 5 7 55 56 61 63 
0 2 4 7 56 62 63 
0 2 6 7 15 56 63 
0 7 16 56 57 61 63 
0 6 7 15 47 56 63 
0 1 4 7 55 56 63 
0 7 48 56 57 60 63 
0 7 23 32 39 56 63 
0 2 7 32 56 57 63 
0 5 7 16 24 56 63 
0 7 40 47 56 60 63 
0 7 39 47 56 58 63 
0 5 7 31 56 58 63 
0 7 8 32 55 56 63 
0 7 23 32 56 61 63 
0 1 7 56 59 60 63 
0 5 7 15 55 56 63 
0 1 4 7 16 56 63 
0 3 7 56 59 62 63 
0 3 7 39 56 57 63 
0 5 7 31 39 56 63 
0 7 8 39 56 57 63 
0 1 7 23 32 56 63 
0 1 7 24 56 61 63 
0 3 7 15 48 56 63 
0 3 6 7 31 56 63 
0 1 3 7 55 56 63 
0 5 7 16 56 57 63 
0 7 15 32 56 58 63 
0 7 23 48 56 60 63 
0 3 7 16 32 56 63 
0 1 4 6 7 56 63 
0 7 24 56 60 62 63 
0 5 7 16 55 56 63 
0 3 5 7 56 62 63 
0 3 7 47 56 60 63 
0 7 24 40 56 57 63 
0 7 24 40 47 56 63 
0 4 7 16 48 56 63 
0 7 16 40 56 61 63 
0 7 23 48 56 62 63 
0 7 24 39 56 61 63 
0 7 40 56 57 62 63 
0 1 2 7 55 56 63 
0 4 7 31 48 56 63 
0 7 16 24 39 56 63 
0 3 6 7 24 56 63 
0 5 7 8 56 59 63 
0 6 7 16 23 56 63 
0 1 3 6 7 56 63 
0 1 7 47 56 62 63 
0 7 47 56 59 61 63 
0 3 4 7 56 61 63 
0 7 15 55 56 60 63 
0 7 47 55 56 61 63 
0 7 15 16 24 56 63 
0 4 7 40 56 57 63 
0 1 5 7 56 57 63 
0 2 7 56 58 62 63 
0 2 4 7 56 61 63 
0 2 7 24 56 61 63 
0 1 7 39 47 56 63 
0 7 8 24 48 56 63 
0 3 6 7 16 56 63 
0 6 7 31 47 56 63 
0 7 8 32 56 57 63 
0 6 7 24 56 57 63 
0 5 7 15 32 56 63 
0 2 7 56 58 61 63 
0 3 4 6 7 56 63 
0 7 23 56 57 58 63 
0 7 31 48 56 61 63 
0 6 7 15 56 62 63 
0 7 32 48 55 56 63 
0 7 39 55 56 58 63 
0 2 7 24 32 56 63 
0 5 7 39 47 56 63 
0 1 3 7 56 57 63 
0 1 7 31 56 62 63 
0 2 4 7 31 56 63 
0 2 7 31 47 56 63 
0 7 31 39 48 56 63 
0 7 56 58 59 60 63 
0 7 32 40 56 62 63 
0 3 7 16 56 59 63 
0 7 31 39 56 58 63 
0 6 7 31 55 56 63 
0 7 23 56 57 61 63 
0 7 24 55 56 61 63 
0 1 3 7 56 62 63 
0 7 16 23 56 62 63 
0 7 15 56 59 60 63 
0 1 7 15 55 56 63 
0 7 40 55 56 62 63 
0 2 7 40 56 60 63 
0 1 4 7 56 60 63 
0 7 15 31 55 56 63 
0 4 7 48 56 61 63 
0 3 7 16 23 56 63 
0 7 15 23 56 61 63 
0 7 32 48 56 59 63 
0 5 7 16 56 62 63 
0 4 7 23 40 56 63 
0 1 6 7 47 56 63 
0 2 7 15 56 61 63 
0 5 7 16 56 59 63 
0 5 7 24 56 57 63 
0 3 7 23 56 62 63 
0 6 7 32 39 56 63 
0 2 4 7 23 56 63 
0 2 7 16 48 56 63 
0 2 7 24 47 56 63 
0 7 31 32 56 57 63 
0 1 7 8 56 59 63 
0 3 7 32 55 56 63 
0 7 40 56 60 61 63 
0 7 15 23 24 56 63 
0 7 23 24 56 60 63 
0 7 16 39 56 60 63 
0 7 23 32 48 56 63 
0 7 39 40 48 56 63 
0 3 7 16 56 58 63 
0 3 7 16 56 60 63 
0 7 15 23 56 59 63 
0 1 2 7 23 56 63 
0 1 7 56 57 62 63 
0 7 56 58 61 62 63 
0 7 8 16 31 56 63 
0 2 4 7 24 56 63 
0 4 7 47 56 57 63 
0 7 23 40 47 56 63 
0 1 7 24 31 56 63 
0 5 7 15 24 56 63 
0 1 5 7 40 56 63 
0 7 23 40 56 59 63 
0 1 4 7 48 56 63 
0 2 7 31 56 57 63 
0 1 7 39 56 62 63 
0 4 5 7 56 57 63 
0 7 47 56 57 60 63 
0 5 7 55 56 58 63 
0 7 15 56 58 59 63 
0 3 7 23 40 56 63 
0 7 16 47 55 56 63 
0 6 7 16 56 57 63 
0 7 15 56 57 59 63 
0 5 7 23 24 56 63 
0 3 6 7 55 56 63 
0 2 6 7 56 58 63 
0 7 8 16 24 56 63 
0 1 5 7 47 56 63 
0 4 7 32 56 61 63 
0 7 8 23 56 58 63 
0 4 7 39 56 58 63 
0 7 31 40 48 56 63 
0 5 7 8 24 56 63 
0 3 7 8 39 56 63 
0 7 40 56 57 61 63 
0 4 7 55 56 59 63 
0 7 23 39 56 61 63 
0 1 3 7 31 56 63 
0 7 15 24 55 56 63 
0 6 7 24 56 62 63 
0 5 7 48 56 61 63 
0 3 5 7 39 56 63 
0 7 23 48 56 59 63 
0 4 7 8 39 56 63 
0 3 7 15 40 56 63 
0 5 7 15 16 56 63 
0 1 7 24 55 56 63 
0 2 7 8 56 60 63 
0 5 7 48 56 60 63 
0 1 7 8 23 56 63 
0 7 32 47 56 57 63 
0 6 7 24 55 56 63 
0 1 7 56 58 59 63 
0 7 8 24 55 56 63 
0 3 4 7 56 59 63 
0 3 7 24 47 56 63 
0 7 16 40 55 56 63 
0 6 7 31 56 59 63 
0 2 3 7 39 56 63 
0 1 7 39 40 56 63 
0 4 7 15 23 56 63 
0 5 7 15 56 58 63 
0 7 39 55 56 59 63 
0 7 32 47 55 56 63 
0 6 7 39 40 56 63 
0 2 7 31 55 56 63 
0 7 31 48 56 59 63 
0 3 7 16 56 57 63 
0 5 7 8 23 56 63 
0 7 8 24 56 60 63 
0 7 23 47 56 60 63 
0 1 7 39 56 58 63 
0 4 7 16 31 56 63 
0 7 31 32 47 56 63 
0 2 7 16 40 56 63 
0 7 31 47 56 59 63 
0 5 7 32 48 56 63 
0 6 7 23 55 56 63 
0 4 5 7 56 62 63 
0 7 15 32 56 62 63 
0 4 5 7 32 56 63 
0 4 5 7 8 56 63 
0 7 39 48 56 61 63 
0 7 47 48 56 57 63 
0 6 7 32 56 60 63 
0 2 4 7 39 56 63 
0 7 24 40 56 62 63 
0 7 16 31 56 60 63 
0 4 7 8 48 56 63 
0 1 7 24 32 56 63 
0 2 4 7 16 56 63 
0 7 16 32 56 57 63 
0 7 32 40 56 57 63 
0 2 7 24 56 60 63 
0 7 55 56 57 58 63 
0 1 7 24 56 62 63 
0 1 7 56 57 61 63 
0 5 7 31 56 60 63 
0 1 7 39 56 57 63 
0 3 4 5 7 56 63 
0 7 23 24 40 56 63 
0 7 15 23 40 56 63 
0 7 31 40 56 59 63 
0 2 6 7 31 56 63 
0 4 7 56 59 60 63 
0 2 7 8 24 56 63 
0 7 48 56 58 62 63 
0 7 47 48 56 62 63 
0 7 48 56 60 61 63 
0 2 7 8 32 56 63 
0 7 16 23 31 56 63 
0 6 7 40 56 58 63 
0 3 7 16 56 62 63 
0 7 24 40 56 58 63 
0 2 7 16 31 56 63 
0 3 7 39 56 60 63 
0 7 8 16 55 56 63 
0 7 24 56 57 61 63 
0 4 7 32 55 56 63 
0 2 7 56 59 61 63 
0 4 7 40 56 60 63 
0 6 7 55 56 59 63 
0 3 7 15 23 56 63 
0 7 16 40 47 56 63 
0 7 8 16 48 56 63 
0 7 24 31 40 56 63 
0 6 7 47 56 57 63 
0 7 48 55 56 60 63 
0 4 6 7 40 56 63 
0 7 48 55 56 58 63 
0 7 16 40 48 56 63 
0 6 7 40 56 59 63 
0 7 31 48 56 57 63 
0 5 7 23 31 56 63 
0 7 39 40 56 59 63 
0 7 15 16 48 56 63 
0 3 7 31 56 59 63 
0 1 7 31 40 56 63 
0 7 24 31 48 56 63 
0 7 32 39 56 59 63 
0 6 7 16 39 56 63 
0 3 7 8 56 57 63 
0 6 7 16 56 60 63 
0 7 48 56 60 62 63 
0 7 15 39 48 56 63 
0 7 15 39 56 60 63 
0 7 23 39 56 57 63 
0 5 6 7 56 58 63 
0 5 7 47 56 58 63 
0 7 16 47 56 61 63 
0 5 7 24 47 56 63 
0 1 7 31 56 58 63 
0 3 7 32 56 62 63 
0 7 8 24 56 57 63 
0 7 16 24 56 60 63 
0 7 8 56 57 61 63 
0 3 6 7 56 59 63 
0 5 7 15 56 60 63 
0 7 15 47 48 56 63 
0 7 8 39 56 61 63 
0 4 5 7 15 56 63 
0 7 8 39 40 56 63 
0 4 7 24 31 56 63 
0 2 7 24 55 56 63 
0 4 6 7 16 56 63 
0 2 7 15 39 56 63 
0 7 8 31 48 56 63 
0 7 23 47 56 61 63 
0 2 6 7 23 56 63 
0 7 8 31 32 56 63 
0 3 7 24 56 57 63 
0 1 2 7 56 61 63 
0 7 8 31 56 61 63 
0 7 55 56 58 59 63 
0 7 31 40 56 60 63 
0 5 7 16 56 61 63 
0 4 7 15 56 61 63 
0 3 4 7 32 56 63 
0 4 7 31 56 57 63 
0 1 7 47 56 57 63 
0 3 7 23 24 56 63 
0 7 31 48 55 56 63 
0 7 16 31 55 56 63 
0 3 7 24 55 56 63 
0 7 39 48 56 58 63 
0 2 7 24 40 56 63 
0 3 7 16 40 56 63 
0 6 7 8 32 56 63 
0 5 6 7 8 56 63 
0 3 6 7 56 61 63 
0 2 7 23 56 62 63 
0 7 47 56 58 62 63 
0 2 7 56 57 61 63 
0 6 7 40 47 56 63 
0 6 7 16 56 61 63 
0 7 16 39 56 58 63 
0 7 8 23 56 60 63 
0 7 23 40 56 61 63 
0 7 8 40 56 60 63 
0 7 24 56 58 60 63 
0 3 7 48 56 60 63 
0 6 7 15 56 59 63 
0 4 5 7 23 56 63 
0 7 15 56 60 61 63 
0 4 7 32 47 56 63 
0 7 15 31 47 56 63 
0 1 3 7 40 56 63 
0 6 7 56 61 62 63 
0 1 7 23 40 56 63 
0 2 7 56 60 62 63 
0 1 7 56 58 61 63 
0 5 6 7 47 56 63 
0 7 15 39 56 58 63 
0 7 48 56 58 60 63 
0 7 15 24 56 62 63 
0 2 7 56 57 60 63 
0 7 23 56 57 62 63 
0 1 7 23 56 58 63 
0 4 7 23 47 56 63 
0 4 7 39 47 56 63 
0 2 7 16 32 56 63 
0 1 7 40 55 56 63 
0 7 8 47 56 59 63 
0 7 48 56 58 61 63 
0 7 8 15 31 56 63 
0 4 5 7 39 56 63 
0 7 31 56 58 62 63 
0 3 4 7 39 56 63 
0 7 8 15 56 57 63 
0 6 7 47 55 56 63 
0 1 7 31 55 56 63 
0 7 23 56 58 62 63 
0 2 3 7 48 56 63 
0 3 7 16 56 61 63 
0 3 7 8 56 59 63 
0 7 40 56 59 60 63 
0 7 55 56 57 59 63 
0 3 5 7 55 56 63 
0 2 7 15 56 60 63 
0 6 7 56 58 61 63 
0 4 7 16 56 61 63 
0 7 48 56 57 62 63 
0 6 7 55 56 57 63 
0 2 7 15 55 56 63 
0 7 23 24 55 56 63 
0 4 7 32 56 62 63 
0 7 15 32 56 57 63 
0 7 40 47 56 59 63 
0 7 24 32 48 56 63 
0 6 7 8 47 56 63 
0 7 16 39 56 57 63 
0 6 7 24 39 56 63 
0 1 6 7 48 56 63 
0 6 7 15 39 56 63 
0 2 7 8 48 56 63 
0 3 5 7 15 56 63 
0 7 55 56 60 61 63 
0 1 7 31 56 60 63 
0 7 23 40 56 62 63 
0 6 7 23 56 60 63 
0 1 4 7 15 56 63 
0 7 8 24 31 56 63 
0 4 5 7 16 56 63 
0 7 56 58 59 62 63 
0 5 7 56 59 61 63 
0 7 23 55 56 62 63 
0 5 6 7 16 56 63 
0 7 16 32 40 56 63 
0 5 7 15 47 56 63 
0 7 16 55 56 62 63 
0 4 7 47 56 60 63 
0 3 5 6 7 56 63 
0 3 5 7 31 56 63 
0 2 7 24 48 56 63 
0 7 8 56 58 60 63 
0 5 7 8 47 56 63 
0 7 15 48 56 57 63 
0 2 7 23 56 61 63 
0 7 8 55 56 57 63 
0 7 39 56 58 61 63 
0 5 7 32 56 62 63 
0 4 7 40 56 62 63 
0 1 7 39 55 56 63 
0 5 7 48 56 62 63 
0 4 7 8 55 56 63 
0 7 23 47 56 57 63 
0 7 8 39 56 59 63 
0 7 23 55 56 57 63 
0 3 7 39 40 56 63 
0 7 15 39 56 57 63 
0 1 7 55 56 59 63 
0 5 7 55 56 59 63 
0 7 40 47 56 62 63 
0 7 24 39 55 56 63 
0 4 7 23 31 56 63 
0 7 15 23 48 56 63 
0 7 23 39 48 56 63 
0 7 16 56 58 59 63 
0 7 47 48 56 60 63 
0 5 7 39 48 56 63 
0 4 7 16 56 62 63 
0 2 7 56 57 58 63 
0 7 15 56 59 61 63 
0 7 15 16 56 59 63 
0 1 7 23 56 62 63 
0 7 48 56 57 59 63 
0 7 31 32 48 56 63 
0 7 32 56 58 62 63 
0 7 23 56 58 61 63 
0 4 6 7 56 62 63 
0 5 7 31 56 59 63 
0 2 7 8 31 56 63 
0 1 4 7 8 56 63 
0 7 16 48 55 56 63 
0 7 8 31 47 56 63 
0 1 6 7 15 56 63 
0 7 24 39 40 56 63 
0 5 7 23 56 62 63 
0 7 31 48 56 58 63 
0 7 8 48 56 59 63 
0 7 32 55 56 60 63 
0 2 6 7 56 62 63 
0 7 15 32 56 60 63 
0 3 7 24 56 60 63 
0 5 7 8 32 56 63 
0 7 15 23 56 58 63 
0 5 6 7 15 56 63 
0 7 31 56 58 61 63 
0 5 7 23 56 58 63 
0 7 39 47 56 57 63 
0 7 32 48 56 57 63 
0 5 7 56 58 59 63 
0 3 7 24 40 56 63 
0 7 16 32 56 59 63 
0 1 7 48 56 60 63 
0 4 7 55 56 58 63 
0 4 7 47 56 61 63 
0 7 8 24 47 56 63 
0 7 23 32 55 56 63 
0 7 23 24 39 56 63 
0 5 7 24 32 56 63 
0 7 16 31 40 56 63 
0 7 8 15 40 56 63 
0 1 5 7 24 56 63 
0 7 23 24 56 58 63 
0 1 7 56 59 61 63 
0 4 7 23 56 57 63 
0 7 8 24 56 61 63 
0 7 15 32 56 59 63 
0 1 7 15 56 62 63 
0 1 3 7 56 59 63 
0 7 31 56 57 61 63 
0 7 39 47 56 62 63 
0 5 7 24 40 56 63 
0 3 5 7 56 57 63 
0 1 7 15 39 56 63 
0 3 7 56 58 62 63 
0 4 6 7 48 56 63 
0 3 7 31 32 56 63 
0 4 7 16 56 60 63 
0 2 7 8 39 56 63 
0 6 7 31 48 56 63 
0 1 2 7 31 56 63 
0 7 47 56 57 58 63 
0 7 16 55 56 57 63 
0 1 7 16 47 56 63 
0 7 32 56 58 60 63 
0 7 31 55 56 62 63 
0 7 47 55 56 57 63 
0 7 39 56 57 60 63 
0 6 7 48 56 61 63 
0 6 7 8 39 56 63 
0 4 7 16 40 56 63 
0 5 7 40 56 59 63 
0 6 7 15 32 56 63 
0 2 7 24 56 57 63 
0 3 7 23 47 56 63 
0 7 8 56 58 59 63 
0 6 7 8 56 58 63 
0 7 48 55 56 62 63 
0 4 7 16 32 56 63 
0 7 39 48 56 62 63 
0 7 40 47 55 56 63 
0 7 8 31 56 60 63 
0 3 7 23 56 58 63 
0 4 6 7 47 56 63 
0 7 39 55 56 61 63 
0 7 23 48 56 57 63 
0 4 5 6 7 56 63 
0 2 5 7 31 56 63 
0 7 39 40 56 60 63 
0 7 23 55 56 59 63 
0 1 7 55 56 57 63 
0 7 15 56 58 60 63 
0 1 7 32 56 59 63 
0 7 8 39 55 56 63 
0 7 15 24 56 59 63 
0 2 5 7 56 59 63 
0 7 24 55 56 57 63 
0 7 23 40 56 58 63 
0 2 7 15 31 56 63 
0 2 7 48 56 59 63 
0 7 8 32 40 56 63 
0 7 56 57 58 59 63 
0 3 5 7 40 56 63 
0 2 7 31 32 56 63 
0 2 7 32 56 58 63 
0 6 7 24 40 56 63 
0 7 8 23 24 56 63 
0 1 2 7 56 58 63 
0 5 7 23 56 61 63 
0 7 23 47 56 58 63 
0 7 8 24 39 56 63 
0 6 7 55 56 58 63 
0 1 5 7 15 56 63 
0 5 7 24 56 61 63 
0 7 24 31 39 56 63 
0 1 2 7 56 59 63 
0 5 7 32 56 60 63 
0 7 8 23 56 62 63 
0 7 8 15 55 56 63 
0 4 7 39 56 57 63 
0 6 7 15 48 56 63 
0 7 24 39 56 59 63 
0 1 7 48 56 58 63 
0 3 7 31 48 56 63 
0 1 7 39 48 56 63 
0 7 47 56 59 62 63 
0 7 56 60 61 62 63 
0 7 24 31 56 57 63 
0 7 24 32 56 62 63 
0 1 7 56 57 59 63 
0 7 24 32 56 60 63 
0 5 7 16 31 56 63 
0 4 7 15 56 62 63 
0 7 8 56 59 62 63 
0 2 7 56 58 60 63 
0 7 39 47 48 56 63 
0 7 31 40 47 56 63 
0 1 7 55 56 58 63 
0 3 7 40 55 56 63 
0 7 47 56 57 61 63 
0 6 7 24 47 56 63 
0 1 3 7 24 56 63 
0 1 7 56 60 61 63 
0 1 3 7 15 56 63 
0 4 7 39 56 59 63 
0 7 15 47 56 62 63 
0 5 7 56 60 61 63 
0 7 8 48 56 58 63 
0 2 7 32 56 62 63 
0 3 4 7 48 56 63 
0 6 7 15 31 56 63 
0 3 5 7 8 56 63 
0 7 16 23 56 60 63 
0 2 7 16 56 62 63 
0 7 8 47 56 61 63 
0 1 7 16 32 56 63 
0 1 7 15 56 57 63 
0 6 7 56 59 60 63 
0 1 7 32 56 61 63 
0 7 23 56 58 60 63 
0 7 15 16 55 56 63 
0 4 7 8 56 61 63 
0 5 7 8 48 56 63 
0 6 7 48 56 58 63 
0 7 16 31 32 56 63 
0 1 3 5 7 56 63 
0 3 7 15 31 56 63 
0 7 15 39 56 61 63 
0 1 3 7 32 56 63 
0 5 7 56 61 62 63 
0 7 31 39 56 57 63 
0 4 7 15 16 56 63 
0 7 24 47 55 56 63 
0 2 7 16 39 56 63 
0 6 7 8 56 61 63 
0 1 7 23 24 56 63 
0 1 7 15 56 59 63 
0 7 55 56 58 62 63 
0 7 8 23 56 61 63 
0 3 7 8 56 60 63 
0 1 3 7 56 58 63 
0 7 8 23 56 59 63 
0 7 23 31 32 56 63 
0 4 7 32 56 60 63 
0 7 32 56 59 60 63 
0 2 3 7 56 61 63 
0 1 7 23 39 56 63 
0 7 32 56 57 59 63 
0 5 7 56 57 60 63 
0 4 7 31 56 59 63 
0 5 7 47 56 60 63 
0 1 7 56 60 62 63 
0 5 7 24 55 56 63 
0 7 31 32 55 56 63 
0 1 7 23 56 60 63 
0 7 16 23 56 59 63 
0 7 16 24 56 58 63 
0 2 7 56 59 62 63 
0 7 16 23 39 56 63 
0 4 7 47 56 58 63 
0 6 7 16 32 56 63 
0 1 4 5 7 56 63 
0 7 24 56 59 62 63 
0 4 7 8 56 62 63 
0 2 4 7 15 56 63 
0 7 15 48 56 58 63 
0 4 7 56 58 59 63 
0 6 7 15 16 56 63 
0 5 7 56 58 61 63 
0 7 8 55 56 60 63 
0 7 8 23 55 56 63 
0 1 7 8 16 56 63 
0 7 31 47 56 58 63 
0 1 7 15 32 56 63 
0 4 7 32 48 56 63 
0 3 5 7 32 56 63 
0 1 7 8 55 56 63 
0 3 7 40 47 56 63 
0 7 39 40 56 58 63 
0 7 47 56 60 62 63 
0 2 3 7 55 56 63 
0 7 31 55 56 60 63 
0 7 24 32 56 61 63 
0 7 8 47 56 60 63 
0 7 16 48 56 58 63 
0 1 7 31 47 56 63 
0 7 15 40 56 59 63 
0 1 5 6 7 56 63 
0 7 8 32 47 56 63 
0 3 7 31 55 56 63 
0 2 6 7 47 56 63 
0 3 7 16 48 56 63 
0 7 15 56 60 62 63 
0 6 7 15 40 56 63 
0 6 7 47 56 60 63 
0 4 7 39 56 62 63 
0 2 7 16 24 56 63 
0 6 7 23 56 59 63 
0 7 31 32 56 58 63 
0 7 24 48 56 61 63 
0 1 7 15 56 60 63 
0 7 15 56 58 62 63 
0 7 15 32 47 56 63 
0 3 7 23 48 56 63 
0 7 31 32 56 62 63 
0 6 7 47 56 59 63 
0 2 7 15 23 56 63 
0 5 6 7 24 56 63 
0 3 7 8 15 56 63 
0 6 7 56 57 62 63 
0 5 7 55 56 60 63 
0 7 56 58 60 62 63 
0 1 5 7 23 56 63 
0 7 32 39 55 56 63 
0 7 56 57 58 61 63 
0 6 7 8 55 56 63 
0 2 5 7 8 56 63 
0 1 7 48 56 59 63 
0 6 7 23 31 56 63 
0 4 7 56 59 62 63 
0 1 3 7 39 56 63 
0 7 15 16 56 60 63 
0 4 7 16 55 56 63 
0 5 7 39 56 62 63 
0 5 6 7 48 56 63 
0 2 4 6 7 56 63 
0 4 7 32 40 56 63 
0 3 7 32 40 56 63 
0 7 23 24 56 59 63 
0 6 7 39 56 60 63 
0 4 7 24 47 56 63 
0 2 7 31 56 61 63 
0 7 40 48 56 57 63 
0 3 7 32 56 60 63 
0 7 15 40 48 56 63 
0 7 23 56 61 62 63 
0 6 7 24 32 56 63 
0 3 7 47 56 59 63 
0 7 39 48 55 56 63 
0 7 47 55 56 60 63 
0 7 16 39 56 62 63 
0 2 7 31 56 60 63 
0 1 4 7 32 56 63 
0 2 7 23 48 56 63 
0 7 48 56 57 61 63 
0 7 39 56 58 60 63 
0 3 5 7 56 61 63 
0 7 15 31 56 61 63 
0 2 5 7 48 56 63 
0 7 16 48 56 62 63 
0 3 5 7 56 58 63 
0 7 24 32 47 56 63 
0 5 7 24 56 60 63 
0 7 39 48 56 59 63 
0 1 7 56 61 62 63 
0 7 8 39 56 62 63 
0 2 5 7 32 56 63 
0 2 3 7 8 56 63 
0 7 39 56 58 59 63 
0 4 7 23 56 62 63 
0 5 7 39 55 56 63 
0 7 56 57 59 62 63 
0 3 7 48 55 56 63 
0 3 7 56 57 58 63 
0 6 7 23 56 57 63 
0 5 6 7 56 60 63 
0 3 7 8 31 56 63 
0 7 31 56 59 62 63 
0 2 7 56 60 61 63 
0 7 15 31 56 57 63 
0 5 6 7 56 62 63 
0 7 15 16 23 56 63 
0 2 7 8 15 56 63 
0 4 6 7 32 56 63 
0 7 8 23 47 56 63 
0 5 7 8 56 62 63 
0 1 7 15 47 56 63 
0 2 3 4 7 56 63 
0 7 15 47 56 58 63 
0 7 8 15 32 56 63 
0 1 7 31 56 61 63 
0 4 7 8 56 60 63 
0 6 7 16 48 56 63 
0 7 16 31 56 59 63 
0 7 16 47 56 59 63 
0 2 3 7 56 59 63 
0 1 7 16 40 56 63 
0 4 7 15 56 57 63 
0 2 7 55 56 61 63 
0 7 15 40 47 56 63 
0 7 24 47 56 59 63 
0 7 16 56 61 62 63 
0 1 7 32 56 62 63 
0 3 7 47 56 57 63 
0 2 7 15 40 56 63 
0 5 7 56 57 59 63 
0 4 7 24 32 56 63 
0 2 4 7 40 56 63 
0 4 7 32 56 59 63 
0 3 7 23 56 57 63 
0 7 15 56 58 61 63 
0 4 7 8 23 56 63 
0 7 55 56 57 60 63 
0 5 7 56 59 62 63 
0 4 5 7 56 60 63 
0 7 39 55 56 62 63 
0 6 7 56 60 61 63 
0 7 32 55 56 59 63 
0 7 31 56 59 60 63 
0 7 8 56 57 60 63 
0 5 7 24 56 58 63 
0 2 7 23 56 60 63 
0 7 48 55 56 57 63 
0 4 7 16 39 56 63 
0 4 7 55 56 61 63 
0 7 31 56 60 61 63 
0 4 7 48 56 60 63 
0 2 3 7 56 58 63 
0 6 7 8 31 56 63 
0 4 7 56 59 61 63 
0 7 24 31 56 59 63 
0 1 7 47 55 56 63 
0 2 4 7 56 57 63 
0 4 7 31 56 62 63 
0 6 7 16 56 62 63 
0 3 7 23 32 56 63 
0 1 6 7 8 56 63 
0 3 7 55 56 61 63 
0 7 47 56 58 60 63 
0 2 7 48 56 58 63 
0 4 7 23 24 56 63 
0 7 32 39 56 58 63 
0 7 24 39 56 57 63 
0 7 15 32 40 56 63 
0 3 6 7 56 58 63 
0 7 23 32 40 56 63 
0 7 23 40 56 60 63 
0 6 7 8 15 56 63 
0 1 7 23 56 57 63 
0 7 23 32 56 62 63 
0 7 15 39 47 56 63 
0 3 7 56 61 62 63 
0 6 7 8 40 56 63 
0 6 7 23 39 56 63 
0 6 7 55 56 62 63 
0 5 7 55 56 57 63 
0 2 4 7 56 58 63 
0 6 7 56 57 60 63 
0 3 7 47 56 61 63 
0 2 7 55 56 58 63 
0 4 6 7 56 59 63 
0 4 5 7 56 59 63 
0 2 7 48 56 61 63 
0 7 40 56 58 60 63 
0 7 15 24 48 56 63 
0 4 7 40 56 59 63 
0 7 56 57 58 62 63 
0 7 55 56 57 62 63 
0 7 15 56 61 62 63 
0 7 40 56 57 58 63 
0 7 24 31 47 56 63 
0 2 7 8 47 56 63 
0 3 7 40 56 60 63 
0 7 16 31 56 61 63 
0 5 6 7 32 56 63 
0 7 24 39 47 56 63 
0 1 5 7 8 56 63 
0 7 23 24 56 62 63 
0 5 6 7 56 61 63 
0 2 7 47 56 61 63 
0 3 7 40 48 56 63 
0 5 7 56 60 62 63 
0 2 7 23 39 56 63 
0 7 8 24 56 58 63 
0 3 7 8 48 56 63 
0 4 7 24 40 56 63 
0 2 4 5 7 56 63 
0 1 7 32 40 56 63 
0 1 7 15 40 56 63 
0 7 8 39 47 56 63 
0 3 7 23 56 59 63 
0 5 7 39 56 57 63 
0 4 7 23 56 60 63 
0 4 7 24 55 56 63 
0 3 6 7 40 56 63 
0 7 39 40 47 56 63 
0 7 47 56 58 61 63 
0 6 7 15 23 56 63 
0 2 7 32 39 56 63 
0 1 2 7 39 56 63 
0 3 7 24 56 58 63 
0 4 7 16 56 58 63 
0 3 5 7 56 60 63 
0 4 5 7 31 56 63 
0 7 47 55 56 58 63 
0 5 7 47 48 56 63 
0 7 15 16 56 57 63 
0 7 16 24 56 59 63 
0 7 40 48 56 58 63 
0 7 32 39 56 60 63 
0 4 7 31 32 56 63 
0 1 6 7 56 58 63 
0 7 23 47 48 56 63 
0 1 7 56 58 62 63 
0 1 7 23 56 59 63 
0 3 5 7 24 56 63 
0 3 7 23 39 56 63 
0 7 23 24 32 56 63 
0 7 16 23 40 56 63 
0 7 47 56 57 59 63 
0 5 7 15 56 57 63 
0 2 7 23 24 56 63 
0 6 7 24 56 58 63 
0 7 15 55 56 61 63 
0 7 48 56 57 58 63 
0 1 7 48 56 57 63 
0 7 15 23 31 56 63 
0 3 7 56 58 61 63 
0 7 16 40 56 62 63 
0 3 7 32 48 56 63 
0 7 23 48 56 61 63 
0 4 5 7 56 58 63 
0 4 6 7 55 56 63 
0 7 31 55 56 57 63 
0 7 23 55 56 58 63 
0 7 23 24 47 56 63 
0 4 7 39 56 60 63 
0 7 8 47 48 56 63 
0 7 16 56 59 62 63 
0 5 7 40 48 56 63 
0 7 56 59 61 62 63 
0 3 7 55 56 57 63 
0 3 7 15 56 57 63 
0 6 7 32 55 56 63 
0 7 15 55 56 57 63 
0 7 15 23 32 56 63 
0 7 24 47 56 57 63 
0 7 39 56 57 59 63 
0 3 7 15 56 58 63 
0 5 7 32 55 56 63 
0 4 7 48 56 59 63 
0 5 7 39 56 61 63 
0 7 31 56 59 61 63 
0 2 7 31 48 56 63 
0 2 7 15 32 56 63 
0 7 31 48 56 62 63 
0 7 15 32 48 56 63 
0 2 7 23 56 59 63 
0 7 16 32 39 56 63 
0 3 4 7 16 56 63 
0 4 7 8 31 56 63 
0 6 7 24 56 60 63 
0 7 39 40 56 61 63 
0 7 16 23 47 56 63 
0 7 24 31 56 58 63 
0 7 40 56 58 62 63 
0 5 7 23 32 56 63 
0 7 39 56 57 58 63 
0 5 7 31 56 57 63 
0 7 15 39 55 56 63 
0 5 7 39 56 60 63 
0 7 8 56 59 60 63 
0 5 7 56 57 61 63 
0 7 8 23 40 56 63 
0 7 15 48 56 62 63 
0 6 7 48 56 59 63 
0 7 8 39 56 60 63 
0 3 7 23 56 60 63 
0 7 24 48 56 60 63 
0 5 7 8 56 58 63 
0 7 24 56 57 59 63 
0 7 24 56 57 60 63 
0 3 6 7 56 62 63 
0 6 7 56 57 59 63 
0 3 7 32 47 56 63 
0 7 39 40 56 57 63 
0 4 7 47 56 62 63 
0 3 7 8 47 56 63 
0 7 23 40 48 56 63 
0 7 8 31 56 57 63 
0 3 7 8 32 56 63 
0 6 7 31 56 58 63 
0 7 15 16 56 61 63 
0 4 7 39 56 61 63 
0 7 32 40 56 60 63 
0 1 5 7 56 61 63 
0 3 6 7 23 56 63 
0 7 48 55 56 59 63 
0 4 7 56 61 62 63 
0 3 7 39 47 56 63 
0 7 8 16 47 56 63 
0 4 7 48 56 57 63 
0 7 15 31 48 56 63 
0 7 15 31 56 59 63 
0 2 4 7 56 60 63 
0 1 7 8 31 56 63 
0 1 2 7 56 62 63 
0 1 7 56 57 60 63 
0 7 16 39 40 56 63 
0 7 32 55 56 61 63 
0 7 24 32 39 56 63 
0 1 3 7 56 60 63 
0 5 7 16 48 56 63 
0 7 24 48 56 62 63 
0 4 7 48 56 58 63 
0 4 6 7 15 56 63 
0 7 16 23 32 56 63 
0 2 7 23 47 56 63 
0 5 7 39 56 58 63 
0 3 7 15 39 56 63 
0 4 7 31 55 56 63 
0 6 7 31 56 60 63 
0 5 7 15 31 56 63 
0 3 4 7 24 56 63 
0 7 23 32 56 60 63 
0 4 7 56 57 61 63 
0 1 7 47 56 59 63 
0 7 23 39 56 60 63 
0 2 7 39 56 57 63 
0 2 3 7 56 62 63 
0 2 7 15 56 58 63 
0 7 32 48 56 60 63 
0 3 7 15 16 56 63 
0 7 8 16 39 56 63 
0 7 8 32 56 58 63 
0 2 7 15 56 59 63 
0 7 40 48 56 62 63 
0 7 8 40 48 56 63 
0 1 7 23 55 56 63 
0 7 23 39 47 56 63 
0 7 55 56 58 61 63 
0 7 48 56 59 61 63 
0 4 7 40 56 58 63 
0 7 56 58 59 61 63 
0 7 32 55 56 62 63 
0 7 8 23 48 56 63 
0 7 8 31 56 58 63 
0 7 24 47 56 60 63 
0 4 5 7 47 56 63 
0 7 31 47 56 62 63 
0 4 7 32 56 58 63 
0 1 7 23 48 56 63 
0 7 55 56 61 62 63 
0 7 8 31 56 62 63 
0 2 7 23 40 56 63 
0 1 7 48 56 62 63 
0 5 7 8 40 56 63 
0 7 23 56 59 62 63 
0 6 7 40 48 56 63 
0 7 24 31 55 56 63 
0 5 7 40 56 57 63 
0 7 47 56 57 62 63 
0 3 6 7 32 56 63 
0 1 7 56 58 60 63 
0 2 7 24 56 59 63 
0 7 23 47 56 62 63 
0 4 7 23 48 56 63 
0 3 4 7 15 56 63 
0 7 32 48 56 62 63 
0 4 7 24 39 56 63 
0 4 5 7 55 56 63 
0 7 55 56 58 60 63 
0 7 16 32 56 61 63 
0 7 15 55 56 58 63 
0 7 8 47 55 56 63 
0 7 8 16 56 60 63 
0 7 23 47 55 56 63 
0 6 7 16 56 58 63 
0 2 5 7 55 56 63 
0 3 5 7 23 56 63 
0 1 5 7 32 56 63 
0 5 6 7 39 56 63 
0 2 7 56 58 59 63 
0 5 7 15 56 62 63 
0 2 7 15 16 56 63 
0 2 4 7 48 56 63 
0 7 24 48 55 56 63 
0 7 31 47 56 57 63 
0 7 32 56 58 59 63 
0 1 7 8 39 56 63 
0 4 7 40 56 61 63 
0 2 7 8 56 61 63 
0 1 5 7 56 62 63 
0 7 8 55 56 61 63 
0 7 8 15 56 59 63 
0 7 8 40 47 56 63 
0 7 56 57 59 61 63 
0 2 3 7 15 56 63 
0 7 31 32 56 61 63 
0 7 31 39 47 56 63 
0 3 4 7 31 56 63 
0 3 7 40 56 59 63 
0 3 7 56 57 60 63 
0 2 7 47 48 56 63 
0 5 6 7 56 59 63 
0 2 7 32 47 56 63 
0 5 7 23 48 56 63 
0 7 15 24 56 57 63 
0 7 24 55 56 60 63 
0 1 7 55 56 62 63 
0 7 16 56 59 60 63 
0 3 5 7 48 56 63 
0 7 8 32 39 56 63 
0 2 6 7 40 56 63 
0 2 6 7 48 56 63 
0 5 7 8 31 56 63 
0 7 16 40 56 59 63 
0 5 7 40 55 56 63 
0 7 23 32 47 56 63 
0 7 23 56 59 60 63 
0 7 40 48 56 60 63 
0 2 3 5 7 56 63 
0 6 7 8 56 60 63 
0 4 7 31 56 58 63 
0 4 5 7 40 56 63 
0 2 7 24 39 56 63 
0 1 7 16 56 60 63 
0 6 7 40 56 57 63 
0 7 24 39 56 62 63 
0 7 24 56 61 62 63 
0 5 7 8 55 56 63 
0 2 7 31 56 58 63 
0 1 7 16 24 56 63 
0 5 7 40 56 60 63 
0 2 7 16 56 58 63 
0 7 15 55 56 59 63 
0 7 16 31 48 56 63 
0 7 8 16 23 56 63 
0 6 7 48 56 60 63 
0 2 7 40 56 59 63 
0 3 7 56 59 61 63 
0 5 7 15 56 59 63 
0 7 24 32 40 56 63 
0 5 7 23 39 56 63 
0 2 7 55 56 60 63 
0 6 7 40 56 62 63 
0 7 39 55 56 57 63 
0 7 32 47 48 56 63 
0 3 7 39 48 56 63 
0 1 6 7 56 62 63 
0 7 15 55 56 62 63 
0 4 7 31 39 56 63 
0 5 7 39 40 56 63 
0 6 7 15 56 61 63 
0 4 7 48 55 56 63 
0 3 7 56 59 60 63 
0 1 7 40 56 60 63 
0 2 7 8 56 62 63 
0 1 7 23 47 56 63 
0 3 7 24 56 62 63 
0 1 3 7 48 56 63 
0 1 6 7 16 56 63 
0 2 7 8 56 59 63 
0 3 7 16 24 56 63 
0 7 16 32 56 60 63 
0 5 7 23 56 60 63 
0 2 6 7 56 57 63 
0 5 7 15 48 56 63 
0 2 7 40 56 57 63 
0 1 7 39 56 61 63 
0 2 5 7 56 57 63 
0 3 7 15 55 56 63 
0 7 24 47 56 62 63 
0 7 40 56 58 61 63 
0 7 8 16 40 56 63 
0 5 7 15 23 56 63 
0 3 7 15 56 62 63 
0 7 24 40 56 59 63 
0 2 3 7 23 56 63 
0 1 6 7 56 61 63 
0 4 6 7 56 57 63 
0 7 15 16 39 56 63 
0 2 7 32 56 59 63 
0 2 7 56 57 59 63 
0 5 7 56 57 62 63 
0 7 31 47 56 60 63 
0 7 16 56 58 60 63 
0 1 3 7 16 56 63 
0 4 7 16 56 59 63 
0 7 47 48 56 59 63 
0 7 39 56 57 61 63 
0 7 16 23 48 56 63 
0 6 7 47 56 61 63 
0 1 7 16 23 56 63 
0 7 31 56 60 62 63 
0 7 8 32 56 62 63 
0 4 7 16 47 56 63 
0 2 7 23 56 57 63 
0 2 7 15 47 56 63 
0 7 39 56 58 62 63 
0 7 23 56 57 59 63 
0 6 7 39 56 62 63 
0 7 23 40 56 57 63 
0 3 7 39 56 61 63 
0 7 40 48 56 59 63 
0 7 8 15 56 58 63 
0 6 7 56 57 58 63 
0 7 48 56 59 60 63 
0 1 7 15 23 56 63 
0 5 7 24 56 59 63 
0 3 7 32 39 56 63 
0 7 16 31 56 58 63 
0 7 16 24 40 56 63 
0 3 7 24 32 56 63 
0 1 7 47 56 58 63 
0 7 8 56 58 61 63 
0 7 39 40 55 56 63 
0 5 7 16 47 56 63 
0 7 8 15 24 56 63 
0 3 4 7 56 58 63 
0 4 7 23 55 56 63 
0 7 15 31 56 58 63 
0 1 7 15 48 56 63 
0 6 7 56 58 60 63 
0 1 5 7 48 56 63 
0 7 24 48 56 58 63 
0 7 23 31 48 56 63 
0 7 15 47 55 56 63 
0 7 16 39 56 59 63 
0 1 7 15 31 56 63 
0 7 24 56 59 61 63 
0 7 15 47 56 59 63 
0 3 7 55 56 58 63 
0 6 7 32 56 58 63 
0 7 24 39 48 56 63 
0 3 7 8 56 61 63 
0 7 8 56 57 62 63 
0 7 32 56 60 61 63 
0 4 7 15 48 56 63 
0 7 15 23 56 57 63 
0 7 16 56 60 61 63 
0 6 7 8 48 56 63 
0 1 5 7 39 56 63 
0 7 8 16 56 62 63 
0 3 7 56 58 60 63 
0 1 7 15 56 61 63 
0 7 8 24 56 62 63 
0 1 7 47 56 60 63 
0 7 31 32 56 59 63 
0 1 2 7 40 56 63 
0 3 7 55 56 62 63 
0 1 7 24 48 56 63 
0 1 2 3 7 56 63 
0 2 7 40 48 56 63 
0 3 7 23 56 61 63 
0 5 7 32 56 61 63 
0 6 7 16 55 56 63 
0 6 7 39 55 56 63 
0 2 3 7 56 57 63 
0 7 40 55 56 58 63 
0 7 16 48 56 59 63 
0 7 39 48 56 57 63 
0 5 7 16 32 56 63 
0 1 2 7 47 56 63 
0 7 16 55 56 58 63 
0 7 31 55 56 61 63 
0 7 15 16 40 56 63 
0 7 16 24 32 56 63 
0 7 16 48 56 57 63 
0 7 24 31 56 60 63 
0 7 48 55 56 61 63 
0 7 16 24 56 61 63 
0 6 7 47 56 62 63 
0 6 7 23 40 56 63 
0 4 7 55 56 62 63 
0 2 7 56 59 60 63 
0 6 7 39 56 59 63 
0 7 24 32 56 57 63 
0 7 32 47 56 61 63 
0 1 3 7 8 56 63 
0 2 3 7 16 56 63 
0 7 15 40 56 61 63 
0 2 7 32 40 56 63 
0 7 16 55 56 60 63 
0 5 7 15 56 61 63 
0 3 4 7 47 56 63 
0 7 8 23 32 56 63 
0 7 24 32 56 58 63 
0 3 7 39 56 58 63 
0 3 7 8 23 56 63 
0 1 5 7 55 56 63 
0 1 7 24 40 56 63 
0 4 7 15 56 59 63 
0 4 7 24 56 57 63 
0 7 39 48 56 60 63 
0 7 39 55 56 60 63 
0 4 7 8 56 59 63 
0 7 8 56 60 61 63 
0 6 7 15 24 56 63 
0 3 7 8 16 56 63 
0 2 7 55 56 62 63 
0 7 16 32 56 58 63 
0 7 15 24 31 56 63 
0 1 7 24 39 56 63 
0 7 32 56 59 62 63 
0 3 4 7 40 56 63 
0 7 32 56 57 61 63 
0 7 15 31 32 56 63 
0 7 39 47 55 56 63 
0 3 4 7 56 62 63 
0 2 7 8 23 56 63 
0 7 16 56 57 62 63 
0 7 23 24 31 56 63 
0 3 4 7 56 57 63 
0 1 7 47 48 56 63 
0 7 15 56 57 60 63 
0 2 7 56 57 62 63 
0 1 3 7 23 56 63 
0 4 7 15 39 56 63 
0 3 7 8 24 56 63 
0 2 7 24 31 56 63 
0 2 3 7 40 56 63 
0 7 15 23 47 56 63 
0 7 23 31 56 59 63 
0 6 7 31 56 61 63 
0 2 7 24 56 62 63 
0 7 31 39 40 56 63 
0 1 6 7 56 57 63 
0 4 7 24 48 56 63 
0 4 7 23 56 61 63 
0 4 7 16 23 56 63 
0 4 7 16 56 57 63 
0 1 4 7 56 57 63 
0 6 7 23 32 56 63 
0 7 31 32 39 56 63 
0 2 7 48 56 57 63 
0 7 16 56 60 62 63 
0 2 7 55 56 57 63 
0 7 8 39 56 58 63 
0 7 8 55 56 62 63 
0 7 15 40 56 62 63 
0 2 7 16 23 56 63 
0 7 31 56 57 59 63 
0 7 8 40 56 58 63 
0 7 23 56 57 60 63 
0 2 5 7 56 58 63 
0 2 7 39 55 56 63 
0 7 31 40 56 57 63 
0 7 23 40 55 56 63 
0 7 16 23 55 56 63 
0 7 31 39 56 60 63 
0 5 7 23 56 59 63 
0 1 3 7 47 56 63 
0 4 6 7 31 56 63 
0 5 7 31 32 56 63 
0 7 8 16 32 56 63 
0 1 6 7 24 56 63 
0 3 7 55 56 60 63 
0 7 48 56 59 62 63 
0 6 7 32 56 61 63 
0 2 7 32 56 60 63 
0 2 7 47 56 59 63 
0 5 7 24 48 56 63 
0 5 7 23 55 56 63 
0 7 15 39 56 59 63 
0 4 7 8 40 56 63 
0 7 8 39 48 56 63 
0 7 15 16 47 56 63 
0 3 7 32 56 61 63 
0 3 7 8 56 58 63 
0 7 39 47 56 59 63 
0 2 7 15 24 56 63 
0 6 7 31 39 56 63 
0 7 24 56 58 61 63 
0 3 7 31 47 56 63 
0 6 7 32 56 62 63 
0 2 7 16 56 59 63 
0 7 15 16 32 56 63 
0 7 31 39 56 59 63 
0 5 7 23 40 56 63 
0 7 8 56 61 62 63 
0 6 7 56 60 62 63 
0 7 16 39 48 56 63 
0 4 7 56 57 58 63 
0 7 16 24 56 57 63 
0 7 40 56 57 59 63 
0 7 47 55 56 62 63 
0 6 7 8 56 62 63 
0 4 7 15 32 56 63 
0 3 7 24 39 56 63 
0 2 7 32 55 56 63 
0 1 7 32 47 56 63 
0 7 24 56 57 62 63 
0 7 24 31 32 56 63 
0 7 16 40 56 60 63 
0 3 7 24 56 61 63 
0 5 7 32 47 56 63 
0 2 7 47 55 56 63 
0 7 23 32 56 57 63 
0 6 7 31 32 56 63 
0 1 7 31 39 56 63 
0 7 23 39 56 62 63 
0 1 2 7 32 56 63 
0 3 7 31 56 62 63 
0 6 7 16 40 56 63 
0 2 7 39 56 59 63 
0 1 7 24 56 60 63 
0 4 7 16 24 56 63 
0 7 24 47 56 61 63 
0 7 8 15 16 56 63 
0 5 7 31 48 56 63 
0 7 16 31 56 62 63 
0 2 7 40 56 62 63 
0 3 5 7 47 56 63 
0 6 7 32 47 56 63 
0 4 7 8 24 56 63 
0 7 15 31 56 62 63 
0 7 8 15 23 56 63 
0 7 23 31 55 56 63 
0 7 8 47 56 58 63 
0 1 5 7 31 56 63 
0 4 7 8 47 56 63 
0 4 7 31 40 56 63 
0 7 56 57 60 62 63 
0 1 7 23 31 56 63 
0 6 7 40 56 61 63 
0 7 31 47 48 56 63 
0 3 6 7 47 56 63 
0 4 7 47 56 59 63 
0 7 32 40 56 59 63 
0 6 7 32 56 57 63 
0 1 7 8 40 56 63 
0 7 16 23 56 57 63 
0 1 7 32 55 56 63 
0 5 7 16 56 60 63 
0 7 8 40 56 61 63 
0 5 7 16 23 56 63 
0 2 7 47 56 60 63 
0 7 24 40 56 60 63 
0 1 4 7 39 56 63 
0 7 31 32 56 60 63 
0 5 7 32 56 59 63 
0 3 7 32 56 57 63 
0 2 7 8 40 56 63 
0 7 16 56 57 60 63 
0 7 32 55 56 58 63 
0 3 6 7 56 57 63 
0 3 7 32 56 59 63 
0 1 5 7 56 59 63 
0 6 7 23 24 56 63 
0 7 40 48 55 56 63 
0 2 7 8 16 56 63 
0 7 15 31 40 56 63 
0 7 40 47 56 61 63 
0 3 7 15 56 59 63 
0 3 7 40 56 61 63 
0 1 5 7 16 56 63 
0 7 8 31 40 56 63 
0 2 7 16 56 57 63 
0 7 24 39 56 60 63 
0 7 16 47 48 56 63 
0 7 23 31 39 56 63 
0 1 7 8 56 60 63 
0 2 7 16 47 56 63 
0 1 7 8 15 56 63 
0 7 15 48 55 56 63 
0 6 7 39 56 58 63 
0 1 6 7 39 56 63 
0 4 7 32 56 57 63 
0 1 4 7 23 56 63 
0 1 6 7 56 59 63 
0 1 5 7 56 58 63 
0 1 7 8 56 62 63 
0 4 7 56 60 61 63 
0 5 7 56 58 62 63 
0 7 15 56 57 58 63 
0 7 56 57 59 60 63 
0 3 6 7 8 56 63 
0 7 40 56 61 62 63 
0 7 32 56 61 62 63 
0 7 16 48 56 60 63 
0 6 7 8 24 56 63 
0 2 7 24 56 58 63 
0 4 7 8 15 56 63 
0 7 16 39 55 56 63 
0 1 7 39 56 60 63 
0 7 40 55 56 61 63 
0 6 7 56 57 61 63 
0 5 7 24 31 56 63 
0 4 7 56 58 61 63 
0 4 7 15 31 56 63 
0 7 16 24 55 56 63 
0 7 15 24 39 56 63 
0 6 7 55 56 61 63 
0 7 15 16 56 62 63 
0 7 23 24 56 61 63 
0 4 7 15 56 58 63 
0 7 56 59 60 62 63 
0 7 56 58 60 61 63 
0 7 8 55 56 58 63 
0 7 40 56 57 60 63 
0 1 7 31 32 56 63 
0 3 5 7 56 59 63 
0 7 15 23 56 62 63 
0 6 7 8 56 59 63 
0 5 6 7 31 56 63 
0 7 16 56 59 61 63 
0 7 32 40 47 56 63 
0 3 7 31 40 56 63 
0 7 8 31 56 59 63 
0 2 3 7 31 56 63 
0 3 7 40 56 58 63 
0 4 7 40 48 56 63 
0 2 3 7 47 56 63 
0 7 23 56 59 61 63 
0 2 7 47 56 57 63 
0 4 7 8 32 56 63 
0 7 24 39 56 58 63 
0 7 16 55 56 59 63 
0 1 7 8 56 57 63 
0 4 7 56 58 60 63 
0 1 7 48 55 56 63 
0 5 7 47 56 57 63 
0 7 56 59 60 61 63 
0 1 2 7 24 56 63 
0 1 7 40 56 58 63 
0 1 7 8 48 56 63 
0 5 7 31 47 56 63 
0 4 7 24 56 61 63 
0 2 7 40 55 56 63 
0 1 3 4 7 56 63 
0 7 16 24 48 56 63 
0 7 23 47 56 59 63 
0 1 4 7 31 56 63 
0 6 7 31 40 56 63 
0 7 32 56 57 62 63 
0 3 7 24 56 59 63 
0 7 23 39 56 58 63 
0 2 7 47 56 62 63 
0 2 5 7 40 56 63 
0 7 8 24 56 59 63 
0 2 6 7 39 56 63 
0 7 32 47 56 60 63 
0 3 7 8 56 62 63 
0 1 7 39 56 59 63 
0 5 7 56 57 58 63 
0 7 23 32 56 58 63 
0 7 23 39 56 59 63 
0 1 7 16 31 56 63 
0 5 7 56 58 60 63 
0 6 7 16 24 56 63 
0 3 4 7 55 56 63 
0 7 47 56 58 59 63 
0 1 2 7 48 56 63 
0 3 7 48 56 58 63 
0 2 6 7 56 59 63 
0 7 8 16 56 61 63 
0 7 31 39 56 62 63 
0 1 7 32 48 56 63 
0 7 23 55 56 60 63 
0 3 7 47 48 56 63 
0 7 8 56 57 59 63 
0 7 40 56 58 59 63 
0 7 16 40 56 57 63 
0 2 5 7 39 56 63 
0 4 7 56 57 60 63 
0 3 7 32 56 58 63 
0 7 32 47 56 62 63 
0 2 7 15 48 56 63 
0 7 55 56 59 60 63 
0 1 7 31 56 59 63 
0 3 7 39 55 56 63 
0 1 7 40 48 56 63 
0 2 7 31 40 56 63 
0 3 7 15 47 56 63 
0 7 24 56 60 61 63 
0 3 7 56 57 61 63 
0 7 15 40 55 56 63 
0 3 7 24 48 56 63 
0 6 7 39 47 56 63 
0 7 40 56 60 62 63 
0 1 2 6 7 56 63 
0 7 8 32 56 60 63 
0 7 8 48 55 56 63 
0 7 39 56 59 62 63 
0 2 7 23 55 56 63 
0 5 7 24 39 56 63 
0 7 16 23 56 58 63 
0 7 31 40 56 58 63 
0 1 3 7 56 61 63 
0 7 8 48 56 62 63 
0 7 55 56 59 61 63 
0 7 32 47 56 58 63 
0 4 7 40 55 56 63 
0 4 7 8 56 57 63 
0 6 7 15 56 60 63 
0 7 32 40 55 56 63 
0 7 15 32 55 56 63 
0 7 55 56 60 62 63 
0 7 8 23 56 57 63 
0 2 7 15 56 62 63 
0 7 8 55 56 59 63 
0 3 7 40 56 62 63 
0 4 7 39 40 56 63 
0 7 8 16 56 57 63 
0 4 6 7 23 56 63 
0 1 4 7 56 61 63 
0 7 31 56 58 59 63 
0 5 7 32 56 57 63 
0 3 6 7 15 56 63 
0 2 6 7 8 56 63 
0 1 2 7 8 56 63 
0 3 7 47 55 56 63 
0 7 39 56 61 62 63 
