14 37 
33 45 
9 45 
12 13 
18 45 
9 30 
29 50 
14 35 
21 50 
22 38 
19 25 
21 27 
11 12 
18 27 
13 43 
20 52 
17 54 
29 51 
12 45 
26 34 
25 45 
28 49 
30 54 
35 54 
30 46 
20 41 
33 42 
9 52 
17 52 
22 27 
27 33 
20 42 
35 45 
22 37 
17 36 
10 27 
10 52 
12 26 
41 50 
20 27 
29 38 
44 45 
14 17 
21 30 
12 34 
26 46 
37 53 
21 54 
27 51 
30 49 
28 52 
29 53 
10 37 
27 44 
19 53 
21 34 
12 54 
17 20 
41 45 
13 45 
43 50 
12 52 
35 37 
19 21 
44 46 
12 50 
33 54 
36 43 
11 53 
33 50 
10 26 
19 44 
26 53 
45 52 
45 50 
27 35 
28 42 
27 38 
42 49 
10 21 
25 33 
22 53 
21 46 
37 46 
13 20 
50 52 
27 54 
36 45 
34 42 
42 53 
10 14 
34 41 
35 49 
25 51 
26 29 
27 49 
20 28 
17 46 
21 25 
27 45 
34 53 
13 14 
30 42 
11 28 
27 37 
37 50 
12 44 
21 41 
12 27 
36 46 
14 52 
20 54 
30 35 
29 46 
35 36 
12 17 
11 38 
28 53 
19 38 
44 54 
41 54 
25 29 
42 52 
11 30 
21 37 
17 53 
14 30 
17 25 
34 37 
33 53 
14 33 
30 37 
19 29 
28 41 
33 49 
14 36 
9 26 
14 53 
14 26 
22 35 
29 43 
12 29 
18 22 
14 29 
44 49 
41 46 
17 33 
43 45 
35 51 
11 50 
19 33 
11 41 
18 46 
38 51 
20 37 
18 30 
10 34 
22 30 
17 44 
45 51 
13 27 
10 20 
49 52 
25 38 
9 34 
29 54 
50 51 
20 22 
12 43 
9 35 
13 37 
33 43 
17 37 
11 52 
34 46 
30 43 
11 35 
18 21 
26 51 
13 26 
22 46 
35 43 
44 52 
14 41 
13 18 
9 27 
43 51 
22 54 
9 36 
18 34 
9 54 
46 53 
26 45 
12 33 
30 44 
22 50 
26 49 
11 43 
30 50 
42 51 
43 54 
34 44 
10 19 
33 36 
18 20 
51 52 
9 13 
20 35 
28 34 
18 43 
10 30 
11 46 
9 53 
21 53 
28 33 
12 22 
41 43 
36 51 
14 38 
9 46 
29 36 
22 36 
21 35 
19 26 
42 46 
12 19 
36 38 
35 50 
13 19 
43 52 
11 17 
9 17 
10 45 
17 18 
19 51 
17 43 
27 28 
13 41 
13 28 
12 20 
22 41 
21 38 
14 42 
34 50 
14 22 
25 37 
18 29 
21 28 
27 30 
28 43 
37 38 
46 52 
20 29 
17 35 
17 41 
20 43 
27 50 
25 26 
13 25 
35 44 
37 44 
12 36 
13 38 
22 28 
51 54 
49 50 
37 45 
13 52 
36 54 
19 41 
14 19 
29 37 
13 42 
11 51 
25 27 
29 49 
9 41 
43 46 
19 28 
9 19 
25 50 
19 45 
46 54 
11 18 
18 54 
25 49 
11 54 
33 37 
17 30 
46 50 
11 19 
10 49 
19 54 
41 49 
12 21 
34 36 
44 53 
43 53 
9 11 
13 53 
9 43 
22 52 
27 36 
41 42 
34 38 
10 35 
10 43 
18 51 
28 46 
34 52 
11 27 
30 51 
35 46 
30 34 
9 38 
17 51 
10 33 
50 53 
9 51 
19 52 
13 29 
26 37 
11 22 
33 41 
12 53 
43 49 
19 46 
21 45 
36 44 
27 53 
9 37 
29 44 
26 54 
26 42 
13 22 
46 49 
10 18 
38 44 
18 44 
17 21 
36 37 
14 50 
14 43 
36 52 
29 30 
13 51 
27 42 
9 10 
11 20 
13 30 
14 34 
14 18 
28 29 
22 51 
34 51 
25 44 
9 25 
25 36 
22 29 
21 52 
26 36 
37 43 
28 45 
10 54 
29 42 
12 30 
11 36 
25 46 
9 33 
18 37 
43 44 
27 29 
11 33 
42 43 
10 51 
17 34 
18 25 
13 17 
28 30 
12 51 
10 36 
22 44 
17 38 
10 12 
27 34 
10 41 
45 54 
33 51 
25 53 
14 20 
14 49 
29 41 
34 35 
25 34 
11 34 
41 53 
20 38 
37 49 
52 54 
20 53 
34 45 
22 25 
33 35 
14 45 
17 50 
13 21 
18 41 
22 49 
20 26 
12 37 
44 50 
14 46 
14 27 
26 43 
29 35 
26 52 
11 25 
20 34 
18 28 
25 28 
18 26 
27 41 
36 42 
10 28 
26 50 
14 44 
33 34 
18 42 
36 50 
37 52 
9 49 
35 38 
29 33 
10 29 
19 34 
19 43 
30 41 
20 33 
38 52 
17 26 
14 21 
19 37 
30 45 
26 33 
19 50 
20 30 
28 51 
18 53 
26 41 
36 41 
11 49 
20 44 
17 28 
29 52 
21 29 
35 42 
17 29 
11 37 
12 35 
27 52 
52 53 
13 54 
10 17 
12 49 
10 53 
36 49 
42 50 
10 25 
18 38 
12 41 
20 50 
10 50 
10 13 
12 42 
9 44 
11 13 
22 34 
51 53 
10 38 
13 50 
22 33 
37 42 
25 41 
25 35 
9 12 
33 38 
44 51 
30 53 
38 41 
38 49 
13 34 
25 42 
10 46 
9 50 
20 51 
37 41 
26 44 
46 51 
38 42 
35 52 
25 30 
26 38 
10 44 
37 51 
37 54 
35 53 
19 49 
13 46 
26 30 
19 22 
41 52 
49 53 
27 46 
20 45 
21 42 
10 11 
25 52 
49 51 
14 25 
10 42 
12 18 
35 41 
28 54 
29 45 
45 49 
19 27 
28 36 
33 44 
20 25 
53 54 
41 51 
34 54 
26 28 
18 35 
17 49 
34 49 
22 45 
26 27 
42 44 
38 50 
11 21 
22 26 
17 19 
30 38 
19 36 
9 22 
9 29 
18 50 
42 45 
18 33 
28 50 
21 33 
12 46 
12 25 
20 46 
18 19 
12 28 
26 35 
13 49 
10 22 
49 54 
13 36 
19 35 
21 22 
25 43 
21 44 
38 54 
33 52 
13 44 
21 49 
42 54 
20 49 
9 14 
12 38 
21 51 
29 34 
9 42 
21 43 
38 45 
13 35 
11 26 
14 28 
22 43 
9 20 
25 54 
11 14 
30 52 
11 42 
30 36 
14 51 
28 44 
41 44 
14 54 
21 26 
11 44 
20 21 
38 46 
34 43 
19 42 
20 36 
17 45 
38 53 
22 42 
45 53 
19 30 
18 36 
11 29 
17 27 
12 14 
27 43 
30 33 
9 18 
21 36 
9 28 
45 46 
28 35 
38 43 
11 45 
17 42 
28 38 
33 46 
13 33 
9 21 
18 49 
36 53 
28 37 
50 54 
17 22 
18 52 
19 20 
