0 4 32 64
1 3 32 64
2 4 31 64
3 4 32 63
4 2 32 64
5 3 31 64
6 3 32 63
7 4 30 64
8 4 31 63
9 4 32 62
10 1 32 64
11 2 31 64
12 2 32 63
13 3 30 64
14 3 31 63
15 3 32 62
16 4 29 64
17 4 30 63
18 4 31 62
19 4 32 61
20 0 32 64
21 1 31 64
22 1 32 63
23 2 30 64
24 2 31 63
25 2 32 62
26 3 29 64
27 3 30 63
28 3 31 62
29 3 32 61
30 4 28 64
31 4 29 63
32 4 30 62
33 4 31 61
34 4 32 60
35 0 31 64
36 0 32 63
37 1 30 64
38 1 31 63
39 1 32 62
40 2 29 64
41 2 30 63
42 2 31 62
43 2 32 61
44 3 28 64
45 3 29 63
46 3 30 62
47 3 31 61
48 3 32 60
49 4 27 64
50 4 28 63
51 4 29 62
52 4 30 61
53 4 31 60
54 4 32 59
55 0 30 64
56 0 31 63
57 0 32 62
58 1 29 64
59 1 30 63
60 1 31 62
61 1 32 61
62 2 28 64
63 2 29 63
64 2 30 62
65 2 31 61
66 2 32 60
67 3 27 64
68 3 28 63
69 3 29 62
70 3 30 61
71 3 31 60
72 3 32 59
73 4 26 64
74 4 27 63
75 4 28 62
76 4 29 61
77 4 30 60
78 4 31 59
79 4 32 58
80 0 29 64
81 0 30 63
82 0 31 62
83 0 32 61
84 1 28 64
85 1 29 63
86 1 30 62
87 1 31 61
88 1 32 60
89 2 27 64
90 2 28 63
91 2 29 62
92 2 30 61
93 2 31 60
94 2 32 59
95 3 26 64
96 3 27 63
97 3 28 62
98 3 29 61
99 3 30 60
100 3 31 59
101 3 32 58
102 4 25 64
103 4 26 63
104 4 27 62
105 4 28 61
106 4 29 60
107 4 30 59
108 4 31 58
109 4 32 57
110 0 28 64
111 0 29 63
112 0 30 62
113 0 31 61
114 0 32 60
115 1 27 64
116 1 28 63
117 1 29 62
118 1 30 61
119 1 31 60
120 1 32 59
121 2 26 64
122 2 27 63
123 2 28 62
124 2 29 61
125 2 30 60
126 2 31 59
127 2 32 58
128 3 25 64
129 3 26 63
130 3 27 62
131 3 28 61
132 3 29 60
133 3 30 59
134 3 31 58
135 3 32 57
136 4 24 64
137 4 25 63
138 4 26 62
139 4 27 61
140 4 28 60
141 4 29 59
142 4 30 58
143 4 31 57
144 4 32 56
145 0 27 64
146 0 28 63
147 0 29 62
148 0 30 61
149 0 31 60
150 0 32 59
151 1 26 64
152 1 27 63
153 1 28 62
154 1 29 61
155 1 30 60
156 1 31 59
157 1 32 58
158 2 25 64
159 2 26 63
160 2 27 62
161 2 28 61
162 2 29 60
163 2 30 59
164 2 31 58
165 2 32 57
166 3 24 64
167 3 25 63
168 3 26 62
169 3 27 61
170 3 28 60
171 3 29 59
172 3 30 58
173 3 31 57
174 3 32 56
175 4 23 64
176 4 24 63
177 4 25 62
178 4 26 61
179 4 27 60
180 4 28 59
181 4 29 58
182 4 30 57
183 4 31 56
184 4 32 55
185 0 26 64
186 0 27 63
187 0 28 62
188 0 29 61
189 0 30 60
190 0 31 59
191 0 32 58
192 1 25 64
193 1 26 63
194 1 27 62
195 1 28 61
196 1 29 60
197 1 30 59
198 1 31 58
199 1 32 57
200 2 24 64
201 2 25 63
202 2 26 62
203 2 27 61
204 2 28 60
205 2 29 59
206 2 30 58
207 2 31 57
208 2 32 56
209 3 23 64
210 3 24 63
211 3 25 62
212 3 26 61
213 3 27 60
214 3 28 59
215 3 29 58
216 3 30 57
217 3 31 56
218 3 32 55
219 4 22 64
220 4 23 63
221 4 24 62
222 4 25 61
223 4 26 60
224 4 27 59
225 4 28 58
226 4 29 57
227 4 30 56
228 4 31 55
229 4 32 54
230 0 25 64
231 0 26 63
232 0 27 62
233 0 28 61
234 0 29 60
235 0 30 59
236 0 31 58
237 0 32 57
238 1 24 64
239 1 25 63
240 1 26 62
241 1 27 61
242 1 28 60
243 1 29 59
244 1 30 58
245 1 31 57
246 1 32 56
247 2 23 64
248 2 24 63
249 2 25 62
250 2 26 61
251 2 27 60
252 2 28 59
253 2 29 58
254 2 30 57
255 2 31 56
256 2 32 55
257 3 22 64
258 3 23 63
259 3 24 62
260 3 25 61
261 3 26 60
262 3 27 59
263 3 28 58
264 3 29 57
265 3 30 56
266 3 31 55
267 3 32 54
268 4 21 64
269 4 22 63
270 4 23 62
271 4 24 61
272 4 25 60
273 4 26 59
274 4 27 58
275 4 28 57
276 4 29 56
277 4 30 55
278 4 31 54
279 4 32 53
