0 4 40 100
1 3 40 100
2 4 39 100
3 4 40 99
4 2 40 100
5 3 39 100
6 3 40 99
7 4 38 100
8 4 39 99
9 4 40 98
10 1 40 100
11 2 39 100
12 2 40 99
13 3 38 100
14 3 39 99
15 3 40 98
16 4 37 100
17 4 38 99
18 4 39 98
19 4 40 97
20 0 40 100
21 1 39 100
22 1 40 99
23 2 38 100
24 2 39 99
25 2 40 98
26 3 37 100
27 3 38 99
28 3 39 98
29 3 40 97
30 4 36 100
31 4 37 99
32 4 38 98
33 4 39 97
34 4 40 96
35 0 39 100
36 0 40 99
37 1 38 100
38 1 39 99
39 1 40 98
40 2 37 100
41 2 38 99
42 2 39 98
43 2 40 97
44 3 36 100
45 3 37 99
46 3 38 98
47 3 39 97
48 3 40 96
49 4 35 100
50 4 36 99
51 4 37 98
52 4 38 97
53 4 39 96
54 4 40 95
55 0 38 100
56 0 39 99
57 0 40 98
58 1 37 100
59 1 38 99
60 1 39 98
61 1 40 97
62 2 36 100
63 2 37 99
64 2 38 98
65 2 39 97
66 2 40 96
67 3 35 100
68 3 36 99
69 3 37 98
70 3 38 97
71 3 39 96
72 3 40 95
73 4 34 100
74 4 35 99
75 4 36 98
76 4 37 97
77 4 38 96
78 4 39 95
79 4 40 94
80 0 37 100
81 0 38 99
82 0 39 98
83 0 40 97
84 1 36 100
85 1 37 99
86 1 38 98
87 1 39 97
88 1 40 96
89 2 35 100
90 2 36 99
91 2 37 98
92 2 38 97
93 2 39 96
94 2 40 95
95 3 34 100
96 3 35 99
97 3 36 98
98 3 37 97
99 3 38 96
100 3 39 95
101 3 40 94
102 4 33 100
103 4 34 99
104 4 35 98
105 4 36 97
106 4 37 96
107 4 38 95
108 4 39 94
109 4 40 93
110 0 36 100
111 0 37 99
112 0 38 98
113 0 39 97
114 0 40 96
115 1 35 100
116 1 36 99
117 1 37 98
118 1 38 97
119 1 39 96
120 1 40 95
121 2 34 100
122 2 35 99
123 2 36 98
124 2 37 97
125 2 38 96
126 2 39 95
127 2 40 94
128 3 33 100
129 3 34 99
130 3 35 98
131 3 36 97
132 3 37 96
133 3 38 95
134 3 39 94
135 3 40 93
136 4 32 100
137 4 33 99
138 4 34 98
139 4 35 97
140 4 36 96
141 4 37 95
142 4 38 94
143 4 39 93
144 4 40 92
145 0 35 100
146 0 36 99
147 0 37 98
148 0 38 97
149 0 39 96
150 0 40 95
151 1 34 100
152 1 35 99
153 1 36 98
154 1 37 97
155 1 38 96
156 1 39 95
157 1 40 94
158 2 33 100
159 2 34 99
160 2 35 98
161 2 36 97
162 2 37 96
163 2 38 95
164 2 39 94
165 2 40 93
166 3 32 100
167 3 33 99
168 3 34 98
169 3 35 97
170 3 36 96
171 3 37 95
172 3 38 94
173 3 39 93
174 3 40 92
175 4 31 100
176 4 32 99
177 4 33 98
178 4 34 97
179 4 35 96
180 4 36 95
181 4 37 94
182 4 38 93
183 4 39 92
184 4 40 91
185 0 34 100
186 0 35 99
187 0 36 98
188 0 37 97
189 0 38 96
190 0 39 95
191 0 40 94
192 1 33 100
193 1 34 99
194 1 35 98
195 1 36 97
196 1 37 96
197 1 38 95
198 1 39 94
199 1 40 93
200 2 32 100
201 2 33 99
202 2 34 98
203 2 35 97
204 2 36 96
205 2 37 95
206 2 38 94
207 2 39 93
208 2 40 92
209 3 31 100
210 3 32 99
211 3 33 98
212 3 34 97
213 3 35 96
214 3 36 95
215 3 37 94
216 3 38 93
217 3 39 92
218 3 40 91
219 4 30 100
220 4 31 99
221 4 32 98
222 4 33 97
223 4 34 96
224 4 35 95
225 4 36 94
226 4 37 93
227 4 38 92
228 4 39 91
229 4 40 90
230 0 33 100
231 0 34 99
232 0 35 98
233 0 36 97
234 0 37 96
235 0 38 95
236 0 39 94
237 0 40 93
238 1 32 100
239 1 33 99
240 1 34 98
241 1 35 97
242 1 36 96
243 1 37 95
244 1 38 94
245 1 39 93
246 1 40 92
247 2 31 100
248 2 32 99
249 2 33 98
250 2 34 97
251 2 35 96
252 2 36 95
253 2 37 94
254 2 38 93
255 2 39 92
256 2 40 91
257 3 30 100
258 3 31 99
259 3 32 98
260 3 33 97
261 3 34 96
262 3 35 95
263 3 36 94
264 3 37 93
265 3 38 92
266 3 39 91
267 3 40 90
268 4 29 100
269 4 30 99
270 4 31 98
271 4 32 97
272 4 33 96
273 4 34 95
274 4 35 94
275 4 36 93
276 4 37 92
277 4 38 91
278 4 39 90
279 4 40 89
280 0 32 100
281 0 33 99
282 0 34 98
283 0 35 97
284 0 36 96
285 0 37 95
286 0 38 94
287 0 39 93
288 0 40 92
289 1 31 100
290 1 32 99
291 1 33 98
292 1 34 97
293 1 35 96
294 1 36 95
295 1 37 94
296 1 38 93
297 1 39 92
298 1 40 91
299 2 30 100
300 2 31 99
301 2 32 98
302 2 33 97
303 2 34 96
304 2 35 95
305 2 36 94
306 2 37 93
307 2 38 92
308 2 39 91
309 2 40 90
310 3 29 100
311 3 30 99
312 3 31 98
313 3 32 97
314 3 33 96
315 3 34 95
316 3 35 94
317 3 36 93
318 3 37 92
319 3 38 91
320 3 39 90
321 3 40 89
322 4 28 100
323 4 29 99
324 4 30 98
325 4 31 97
326 4 32 96
327 4 33 95
328 4 34 94
329 4 35 93
330 4 36 92
331 4 37 91
332 4 38 90
333 4 39 89
334 4 40 88
335 0 31 100
336 0 32 99
337 0 33 98
338 0 34 97
339 0 35 96
340 0 36 95
341 0 37 94
342 0 38 93
343 0 39 92
344 0 40 91
345 1 30 100
346 1 31 99
347 1 32 98
348 1 33 97
349 1 34 96
350 1 35 95
351 1 36 94
352 1 37 93
353 1 38 92
354 1 39 91
355 1 40 90
356 2 29 100
357 2 30 99
358 2 31 98
359 2 32 97
360 2 33 96
361 2 34 95
362 2 35 94
363 2 36 93
364 2 37 92
365 2 38 91
366 2 39 90
367 2 40 89
368 3 28 100
369 3 29 99
370 3 30 98
371 3 31 97
372 3 32 96
373 3 33 95
374 3 34 94
375 3 35 93
376 3 36 92
377 3 37 91
378 3 38 90
379 3 39 89
380 3 40 88
381 4 27 100
382 4 28 99
383 4 29 98
384 4 30 97
385 4 31 96
386 4 32 95
387 4 33 94
388 4 34 93
389 4 35 92
390 4 36 91
391 4 37 90
392 4 38 89
393 4 39 88
394 4 40 87
395 0 30 100
396 0 31 99
397 0 32 98
398 0 33 97
399 0 34 96
400 0 35 95
401 0 36 94
402 0 37 93
403 0 38 92
404 0 39 91
405 0 40 90
406 1 29 100
407 1 30 99
408 1 31 98
409 1 32 97
410 1 33 96
411 1 34 95
412 1 35 94
413 1 36 93
414 1 37 92
415 1 38 91
416 1 39 90
417 1 40 89
418 2 28 100
419 2 29 99
420 2 30 98
421 2 31 97
422 2 32 96
423 2 33 95
424 2 34 94
425 2 35 93
426 2 36 92
427 2 37 91
428 2 38 90
429 2 39 89
430 2 40 88
431 3 27 100
432 3 28 99
433 3 29 98
434 3 30 97
435 3 31 96
436 3 32 95
437 3 33 94
438 3 34 93
439 3 35 92
440 3 36 91
441 3 37 90
442 3 38 89
443 3 39 88
444 3 40 87
445 4 26 100
446 4 27 99
447 4 28 98
448 4 29 97
449 4 30 96
450 4 31 95
451 4 32 94
452 4 33 93
453 4 34 92
454 4 35 91
455 4 36 90
456 4 37 89
457 4 38 88
458 4 39 87
459 4 40 86
460 0 29 100
461 0 30 99
462 0 31 98
463 0 32 97
464 0 33 96
465 0 34 95
466 0 35 94
467 0 36 93
468 0 37 92
469 0 38 91
470 0 39 90
471 0 40 89
472 1 28 100
473 1 29 99
474 1 30 98
475 1 31 97
476 1 32 96
477 1 33 95
478 1 34 94
479 1 35 93
480 1 36 92
481 1 37 91
482 1 38 90
483 1 39 89
484 1 40 88
485 2 27 100
486 2 28 99
487 2 29 98
488 2 30 97
489 2 31 96
490 2 32 95
491 2 33 94
492 2 34 93
493 2 35 92
494 2 36 91
495 2 37 90
496 2 38 89
497 2 39 88
498 2 40 87
499 3 26 100
500 3 27 99
501 3 28 98
502 3 29 97
503 3 30 96
504 3 31 95
505 3 32 94
506 3 33 93
507 3 34 92
508 3 35 91
509 3 36 90
510 3 37 89
511 3 38 88
512 3 39 87
513 3 40 86
514 4 25 100
515 4 26 99
516 4 27 98
517 4 28 97
518 4 29 96
519 4 30 95
520 4 31 94
521 4 32 93
522 4 33 92
523 4 34 91
524 4 35 90
525 4 36 89
526 4 37 88
527 4 38 87
528 4 39 86
529 4 40 85
530 0 28 100
531 0 29 99
532 0 30 98
533 0 31 97
534 0 32 96
535 0 33 95
536 0 34 94
537 0 35 93
538 0 36 92
539 0 37 91
540 0 38 90
541 0 39 89
542 0 40 88
543 1 27 100
544 1 28 99
545 1 29 98
546 1 30 97
547 1 31 96
548 1 32 95
549 1 33 94
550 1 34 93
551 1 35 92
552 1 36 91
553 1 37 90
554 1 38 89
555 1 39 88
556 1 40 87
557 2 26 100
558 2 27 99
559 2 28 98
560 2 29 97
561 2 30 96
562 2 31 95
563 2 32 94
564 2 33 93
565 2 34 92
566 2 35 91
567 2 36 90
568 2 37 89
569 2 38 88
570 2 39 87
571 2 40 86
572 3 25 100
573 3 26 99
574 3 27 98
575 3 28 97
576 3 29 96
577 3 30 95
578 3 31 94
579 3 32 93
580 3 33 92
581 3 34 91
582 3 35 90
583 3 36 89
584 3 37 88
585 3 38 87
586 3 39 86
587 3 40 85
588 4 24 100
589 4 25 99
590 4 26 98
591 4 27 97
592 4 28 96
593 4 29 95
594 4 30 94
595 4 31 93
596 4 32 92
597 4 33 91
598 4 34 90
599 4 35 89
600 4 36 88
601 4 37 87
602 4 38 86
603 4 39 85
604 4 40 84
