0 4 48 144
1 3 48 144
2 4 47 144
3 4 48 143
4 2 48 144
5 3 47 144
6 3 48 143
7 4 46 144
8 4 47 143
9 4 48 142
10 1 48 144
11 2 47 144
12 2 48 143
13 3 46 144
14 3 47 143
15 3 48 142
16 4 45 144
17 4 46 143
18 4 47 142
19 4 48 141
20 0 48 144
21 1 47 144
22 1 48 143
23 2 46 144
24 2 47 143
25 2 48 142
26 3 45 144
27 3 46 143
28 3 47 142
29 3 48 141
30 4 44 144
31 4 45 143
32 4 46 142
33 4 47 141
34 4 48 140
35 0 47 144
36 0 48 143
37 1 46 144
38 1 47 143
39 1 48 142
40 2 45 144
41 2 46 143
42 2 47 142
43 2 48 141
44 3 44 144
45 3 45 143
46 3 46 142
47 3 47 141
48 3 48 140
49 4 43 144
50 4 44 143
51 4 45 142
52 4 46 141
53 4 47 140
54 4 48 139
55 0 46 144
56 0 47 143
57 0 48 142
58 1 45 144
59 1 46 143
60 1 47 142
61 1 48 141
62 2 44 144
63 2 45 143
64 2 46 142
65 2 47 141
66 2 48 140
67 3 43 144
68 3 44 143
69 3 45 142
70 3 46 141
71 3 47 140
72 3 48 139
73 4 42 144
74 4 43 143
75 4 44 142
76 4 45 141
77 4 46 140
78 4 47 139
79 4 48 138
80 0 45 144
81 0 46 143
82 0 47 142
83 0 48 141
84 1 44 144
85 1 45 143
86 1 46 142
87 1 47 141
88 1 48 140
89 2 43 144
90 2 44 143
91 2 45 142
92 2 46 141
93 2 47 140
94 2 48 139
95 3 42 144
96 3 43 143
97 3 44 142
98 3 45 141
99 3 46 140
100 3 47 139
101 3 48 138
102 4 41 144
103 4 42 143
104 4 43 142
105 4 44 141
106 4 45 140
107 4 46 139
108 4 47 138
109 4 48 137
110 0 44 144
111 0 45 143
112 0 46 142
113 0 47 141
114 0 48 140
115 1 43 144
116 1 44 143
117 1 45 142
118 1 46 141
119 1 47 140
120 1 48 139
121 2 42 144
122 2 43 143
123 2 44 142
124 2 45 141
125 2 46 140
126 2 47 139
127 2 48 138
128 3 41 144
129 3 42 143
130 3 43 142
131 3 44 141
132 3 45 140
133 3 46 139
134 3 47 138
135 3 48 137
136 4 40 144
137 4 41 143
138 4 42 142
139 4 43 141
140 4 44 140
141 4 45 139
142 4 46 138
143 4 47 137
144 4 48 136
145 0 43 144
146 0 44 143
147 0 45 142
148 0 46 141
149 0 47 140
150 0 48 139
151 1 42 144
152 1 43 143
153 1 44 142
154 1 45 141
155 1 46 140
156 1 47 139
157 1 48 138
158 2 41 144
159 2 42 143
160 2 43 142
161 2 44 141
162 2 45 140
163 2 46 139
164 2 47 138
165 2 48 137
166 3 40 144
167 3 41 143
168 3 42 142
169 3 43 141
170 3 44 140
171 3 45 139
172 3 46 138
173 3 47 137
174 3 48 136
175 4 39 144
176 4 40 143
177 4 41 142
178 4 42 141
179 4 43 140
180 4 44 139
181 4 45 138
182 4 46 137
183 4 47 136
184 4 48 135
185 0 42 144
186 0 43 143
187 0 44 142
188 0 45 141
189 0 46 140
190 0 47 139
191 0 48 138
192 1 41 144
193 1 42 143
194 1 43 142
195 1 44 141
196 1 45 140
197 1 46 139
198 1 47 138
199 1 48 137
200 2 40 144
201 2 41 143
202 2 42 142
203 2 43 141
204 2 44 140
205 2 45 139
206 2 46 138
207 2 47 137
208 2 48 136
209 3 39 144
210 3 40 143
211 3 41 142
212 3 42 141
213 3 43 140
214 3 44 139
215 3 45 138
216 3 46 137
217 3 47 136
218 3 48 135
219 4 38 144
220 4 39 143
221 4 40 142
222 4 41 141
223 4 42 140
224 4 43 139
225 4 44 138
226 4 45 137
227 4 46 136
228 4 47 135
229 4 48 134
230 0 41 144
231 0 42 143
232 0 43 142
233 0 44 141
234 0 45 140
235 0 46 139
236 0 47 138
237 0 48 137
238 1 40 144
239 1 41 143
240 1 42 142
241 1 43 141
242 1 44 140
243 1 45 139
244 1 46 138
245 1 47 137
246 1 48 136
247 2 39 144
248 2 40 143
249 2 41 142
250 2 42 141
251 2 43 140
252 2 44 139
253 2 45 138
254 2 46 137
255 2 47 136
256 2 48 135
257 3 38 144
258 3 39 143
259 3 40 142
260 3 41 141
261 3 42 140
262 3 43 139
263 3 44 138
264 3 45 137
265 3 46 136
266 3 47 135
267 3 48 134
268 4 37 144
269 4 38 143
270 4 39 142
271 4 40 141
272 4 41 140
273 4 42 139
274 4 43 138
275 4 44 137
276 4 45 136
277 4 46 135
278 4 47 134
279 4 48 133
280 0 40 144
281 0 41 143
282 0 42 142
283 0 43 141
284 0 44 140
285 0 45 139
286 0 46 138
287 0 47 137
288 0 48 136
289 1 39 144
290 1 40 143
291 1 41 142
292 1 42 141
293 1 43 140
294 1 44 139
295 1 45 138
296 1 46 137
297 1 47 136
298 1 48 135
299 2 38 144
300 2 39 143
301 2 40 142
302 2 41 141
303 2 42 140
304 2 43 139
305 2 44 138
306 2 45 137
307 2 46 136
308 2 47 135
309 2 48 134
310 3 37 144
311 3 38 143
312 3 39 142
313 3 40 141
314 3 41 140
315 3 42 139
316 3 43 138
317 3 44 137
318 3 45 136
319 3 46 135
320 3 47 134
321 3 48 133
322 4 36 144
323 4 37 143
324 4 38 142
325 4 39 141
326 4 40 140
327 4 41 139
328 4 42 138
329 4 43 137
330 4 44 136
331 4 45 135
332 4 46 134
333 4 47 133
334 4 48 132
335 0 39 144
336 0 40 143
337 0 41 142
338 0 42 141
339 0 43 140
340 0 44 139
341 0 45 138
342 0 46 137
343 0 47 136
344 0 48 135
345 1 38 144
346 1 39 143
347 1 40 142
348 1 41 141
349 1 42 140
350 1 43 139
351 1 44 138
352 1 45 137
353 1 46 136
354 1 47 135
355 1 48 134
356 2 37 144
357 2 38 143
358 2 39 142
359 2 40 141
360 2 41 140
361 2 42 139
362 2 43 138
363 2 44 137
364 2 45 136
365 2 46 135
366 2 47 134
367 2 48 133
368 3 36 144
369 3 37 143
370 3 38 142
371 3 39 141
372 3 40 140
373 3 41 139
374 3 42 138
375 3 43 137
376 3 44 136
377 3 45 135
378 3 46 134
379 3 47 133
380 3 48 132
381 4 35 144
382 4 36 143
383 4 37 142
384 4 38 141
385 4 39 140
386 4 40 139
387 4 41 138
388 4 42 137
389 4 43 136
390 4 44 135
391 4 45 134
392 4 46 133
393 4 47 132
394 4 48 131
395 0 38 144
396 0 39 143
397 0 40 142
398 0 41 141
399 0 42 140
400 0 43 139
401 0 44 138
402 0 45 137
403 0 46 136
404 0 47 135
405 0 48 134
406 1 37 144
407 1 38 143
408 1 39 142
409 1 40 141
410 1 41 140
411 1 42 139
412 1 43 138
413 1 44 137
414 1 45 136
415 1 46 135
416 1 47 134
417 1 48 133
418 2 36 144
419 2 37 143
420 2 38 142
421 2 39 141
422 2 40 140
423 2 41 139
424 2 42 138
425 2 43 137
426 2 44 136
427 2 45 135
428 2 46 134
429 2 47 133
430 2 48 132
431 3 35 144
432 3 36 143
433 3 37 142
434 3 38 141
435 3 39 140
436 3 40 139
437 3 41 138
438 3 42 137
439 3 43 136
440 3 44 135
441 3 45 134
442 3 46 133
443 3 47 132
444 3 48 131
445 4 34 144
446 4 35 143
447 4 36 142
448 4 37 141
449 4 38 140
450 4 39 139
451 4 40 138
452 4 41 137
453 4 42 136
454 4 43 135
455 4 44 134
456 4 45 133
457 4 46 132
458 4 47 131
459 4 48 130
460 0 37 144
461 0 38 143
462 0 39 142
463 0 40 141
464 0 41 140
465 0 42 139
466 0 43 138
467 0 44 137
468 0 45 136
469 0 46 135
470 0 47 134
471 0 48 133
472 1 36 144
473 1 37 143
474 1 38 142
475 1 39 141
476 1 40 140
477 1 41 139
478 1 42 138
479 1 43 137
480 1 44 136
481 1 45 135
482 1 46 134
483 1 47 133
484 1 48 132
485 2 35 144
486 2 36 143
487 2 37 142
488 2 38 141
489 2 39 140
490 2 40 139
491 2 41 138
492 2 42 137
493 2 43 136
494 2 44 135
495 2 45 134
496 2 46 133
497 2 47 132
498 2 48 131
499 3 34 144
500 3 35 143
501 3 36 142
502 3 37 141
503 3 38 140
504 3 39 139
505 3 40 138
506 3 41 137
507 3 42 136
508 3 43 135
509 3 44 134
510 3 45 133
511 3 46 132
512 3 47 131
513 3 48 130
514 4 33 144
515 4 34 143
516 4 35 142
517 4 36 141
518 4 37 140
519 4 38 139
520 4 39 138
521 4 40 137
522 4 41 136
523 4 42 135
524 4 43 134
525 4 44 133
526 4 45 132
527 4 46 131
528 4 47 130
529 4 48 129
530 0 36 144
531 0 37 143
532 0 38 142
533 0 39 141
534 0 40 140
535 0 41 139
536 0 42 138
537 0 43 137
538 0 44 136
539 0 45 135
540 0 46 134
541 0 47 133
542 0 48 132
543 1 35 144
544 1 36 143
545 1 37 142
546 1 38 141
547 1 39 140
548 1 40 139
549 1 41 138
550 1 42 137
551 1 43 136
552 1 44 135
553 1 45 134
554 1 46 133
555 1 47 132
556 1 48 131
557 2 34 144
558 2 35 143
559 2 36 142
560 2 37 141
561 2 38 140
562 2 39 139
563 2 40 138
564 2 41 137
565 2 42 136
566 2 43 135
567 2 44 134
568 2 45 133
569 2 46 132
570 2 47 131
571 2 48 130
572 3 33 144
573 3 34 143
574 3 35 142
575 3 36 141
576 3 37 140
577 3 38 139
578 3 39 138
579 3 40 137
580 3 41 136
581 3 42 135
582 3 43 134
583 3 44 133
584 3 45 132
585 3 46 131
586 3 47 130
587 3 48 129
588 4 32 144
589 4 33 143
590 4 34 142
591 4 35 141
592 4 36 140
593 4 37 139
594 4 38 138
595 4 39 137
596 4 40 136
597 4 41 135
598 4 42 134
599 4 43 133
600 4 44 132
601 4 45 131
602 4 46 130
603 4 47 129
604 4 48 128
605 0 35 144
606 0 36 143
607 0 37 142
608 0 38 141
609 0 39 140
610 0 40 139
611 0 41 138
612 0 42 137
613 0 43 136
614 0 44 135
615 0 45 134
616 0 46 133
617 0 47 132
618 0 48 131
619 1 34 144
620 1 35 143
621 1 36 142
622 1 37 141
623 1 38 140
624 1 39 139
625 1 40 138
626 1 41 137
627 1 42 136
628 1 43 135
629 1 44 134
630 1 45 133
631 1 46 132
632 1 47 131
633 1 48 130
634 2 33 144
635 2 34 143
636 2 35 142
637 2 36 141
638 2 37 140
639 2 38 139
640 2 39 138
641 2 40 137
642 2 41 136
643 2 42 135
644 2 43 134
645 2 44 133
646 2 45 132
647 2 46 131
648 2 47 130
649 2 48 129
650 3 32 144
651 3 33 143
652 3 34 142
653 3 35 141
654 3 36 140
655 3 37 139
656 3 38 138
657 3 39 137
658 3 40 136
659 3 41 135
660 3 42 134
661 3 43 133
662 3 44 132
663 3 45 131
664 3 46 130
665 3 47 129
666 3 48 128
667 4 31 144
668 4 32 143
669 4 33 142
670 4 34 141
671 4 35 140
672 4 36 139
673 4 37 138
674 4 38 137
675 4 39 136
676 4 40 135
677 4 41 134
678 4 42 133
679 4 43 132
680 4 44 131
681 4 45 130
682 4 46 129
683 4 47 128
684 4 48 127
685 0 34 144
686 0 35 143
687 0 36 142
688 0 37 141
689 0 38 140
690 0 39 139
691 0 40 138
692 0 41 137
693 0 42 136
694 0 43 135
695 0 44 134
696 0 45 133
697 0 46 132
698 0 47 131
699 0 48 130
700 1 33 144
701 1 34 143
702 1 35 142
703 1 36 141
704 1 37 140
705 1 38 139
706 1 39 138
707 1 40 137
708 1 41 136
709 1 42 135
710 1 43 134
711 1 44 133
712 1 45 132
713 1 46 131
714 1 47 130
715 1 48 129
716 2 32 144
717 2 33 143
718 2 34 142
719 2 35 141
720 2 36 140
721 2 37 139
722 2 38 138
723 2 39 137
724 2 40 136
725 2 41 135
726 2 42 134
727 2 43 133
728 2 44 132
729 2 45 131
730 2 46 130
731 2 47 129
732 2 48 128
733 3 31 144
734 3 32 143
735 3 33 142
736 3 34 141
737 3 35 140
738 3 36 139
739 3 37 138
740 3 38 137
741 3 39 136
742 3 40 135
743 3 41 134
744 3 42 133
745 3 43 132
746 3 44 131
747 3 45 130
748 3 46 129
749 3 47 128
750 3 48 127
751 4 30 144
752 4 31 143
753 4 32 142
754 4 33 141
755 4 34 140
756 4 35 139
757 4 36 138
758 4 37 137
759 4 38 136
760 4 39 135
761 4 40 134
762 4 41 133
763 4 42 132
764 4 43 131
765 4 44 130
766 4 45 129
767 4 46 128
768 4 47 127
769 4 48 126
770 0 33 144
771 0 34 143
772 0 35 142
773 0 36 141
774 0 37 140
775 0 38 139
776 0 39 138
777 0 40 137
778 0 41 136
779 0 42 135
780 0 43 134
781 0 44 133
782 0 45 132
783 0 46 131
784 0 47 130
785 0 48 129
786 1 32 144
787 1 33 143
788 1 34 142
789 1 35 141
790 1 36 140
791 1 37 139
792 1 38 138
793 1 39 137
794 1 40 136
795 1 41 135
796 1 42 134
797 1 43 133
798 1 44 132
799 1 45 131
800 1 46 130
801 1 47 129
802 1 48 128
803 2 31 144
804 2 32 143
805 2 33 142
806 2 34 141
807 2 35 140
808 2 36 139
809 2 37 138
810 2 38 137
811 2 39 136
812 2 40 135
813 2 41 134
814 2 42 133
815 2 43 132
816 2 44 131
817 2 45 130
818 2 46 129
819 2 47 128
820 2 48 127
821 3 30 144
822 3 31 143
823 3 32 142
824 3 33 141
825 3 34 140
826 3 35 139
827 3 36 138
828 3 37 137
829 3 38 136
830 3 39 135
831 3 40 134
832 3 41 133
833 3 42 132
834 3 43 131
835 3 44 130
836 3 45 129
837 3 46 128
838 3 47 127
839 3 48 126
840 4 29 144
841 4 30 143
842 4 31 142
843 4 32 141
844 4 33 140
845 4 34 139
846 4 35 138
847 4 36 137
848 4 37 136
849 4 38 135
850 4 39 134
851 4 40 133
852 4 41 132
853 4 42 131
854 4 43 130
855 4 44 129
856 4 45 128
857 4 46 127
858 4 47 126
859 4 48 125
860 0 32 144
861 0 33 143
862 0 34 142
863 0 35 141
864 0 36 140
865 0 37 139
866 0 38 138
867 0 39 137
868 0 40 136
869 0 41 135
870 0 42 134
871 0 43 133
872 0 44 132
873 0 45 131
874 0 46 130
875 0 47 129
876 0 48 128
877 1 31 144
878 1 32 143
879 1 33 142
880 1 34 141
881 1 35 140
882 1 36 139
883 1 37 138
884 1 38 137
885 1 39 136
886 1 40 135
887 1 41 134
888 1 42 133
889 1 43 132
890 1 44 131
891 1 45 130
892 1 46 129
893 1 47 128
894 1 48 127
895 2 30 144
896 2 31 143
897 2 32 142
898 2 33 141
899 2 34 140
900 2 35 139
901 2 36 138
902 2 37 137
903 2 38 136
904 2 39 135
905 2 40 134
906 2 41 133
907 2 42 132
908 2 43 131
909 2 44 130
910 2 45 129
911 2 46 128
912 2 47 127
913 2 48 126
914 3 29 144
915 3 30 143
916 3 31 142
917 3 32 141
918 3 33 140
919 3 34 139
920 3 35 138
921 3 36 137
922 3 37 136
923 3 38 135
924 3 39 134
925 3 40 133
926 3 41 132
927 3 42 131
928 3 43 130
929 3 44 129
930 3 45 128
931 3 46 127
932 3 47 126
933 3 48 125
934 4 28 144
935 4 29 143
936 4 30 142
937 4 31 141
938 4 32 140
939 4 33 139
940 4 34 138
941 4 35 137
942 4 36 136
943 4 37 135
944 4 38 134
945 4 39 133
946 4 40 132
947 4 41 131
948 4 42 130
949 4 43 129
950 4 44 128
951 4 45 127
952 4 46 126
953 4 47 125
954 4 48 124
955 0 31 144
956 0 32 143
957 0 33 142
958 0 34 141
959 0 35 140
960 0 36 139
961 0 37 138
962 0 38 137
963 0 39 136
964 0 40 135
965 0 41 134
966 0 42 133
967 0 43 132
968 0 44 131
969 0 45 130
970 0 46 129
971 0 47 128
972 0 48 127
973 1 30 144
974 1 31 143
975 1 32 142
976 1 33 141
977 1 34 140
978 1 35 139
979 1 36 138
980 1 37 137
981 1 38 136
982 1 39 135
983 1 40 134
984 1 41 133
985 1 42 132
986 1 43 131
987 1 44 130
988 1 45 129
989 1 46 128
990 1 47 127
991 1 48 126
992 2 29 144
993 2 30 143
994 2 31 142
995 2 32 141
996 2 33 140
997 2 34 139
998 2 35 138
999 2 36 137
1000 2 37 136
1001 2 38 135
1002 2 39 134
1003 2 40 133
1004 2 41 132
1005 2 42 131
1006 2 43 130
1007 2 44 129
1008 2 45 128
1009 2 46 127
1010 2 47 126
1011 2 48 125
1012 3 28 144
1013 3 29 143
1014 3 30 142
1015 3 31 141
1016 3 32 140
1017 3 33 139
1018 3 34 138
1019 3 35 137
1020 3 36 136
1021 3 37 135
1022 3 38 134
1023 3 39 133
1024 3 40 132
1025 3 41 131
1026 3 42 130
1027 3 43 129
1028 3 44 128
1029 3 45 127
1030 3 46 126
1031 3 47 125
1032 3 48 124
1033 4 27 144
1034 4 28 143
1035 4 29 142
1036 4 30 141
1037 4 31 140
1038 4 32 139
1039 4 33 138
1040 4 34 137
1041 4 35 136
1042 4 36 135
1043 4 37 134
1044 4 38 133
1045 4 39 132
1046 4 40 131
1047 4 41 130
1048 4 42 129
1049 4 43 128
1050 4 44 127
1051 4 45 126
1052 4 46 125
1053 4 47 124
1054 4 48 123
