0 4 16 16
1 3 16 16
2 4 15 16
3 4 16 15
4 2 16 16
5 3 15 16
6 3 16 15
7 4 14 16
8 4 15 15
9 4 16 14
10 1 16 16
11 2 15 16
12 2 16 15
13 3 14 16
14 3 15 15
15 3 16 14
16 4 13 16
17 4 14 15
18 4 15 14
19 4 16 13
20 0 16 16
21 1 15 16
22 1 16 15
23 2 14 16
24 2 15 15
25 2 16 14
26 3 13 16
27 3 14 15
28 3 15 14
29 3 16 13
30 4 12 16
31 4 13 15
32 4 14 14
33 4 15 13
34 4 16 12
35 0 15 16
36 0 16 15
37 1 14 16
38 1 15 15
39 1 16 14
40 2 13 16
41 2 14 15
42 2 15 14
43 2 16 13
44 3 12 16
45 3 13 15
46 3 14 14
47 3 15 13
48 3 16 12
49 4 11 16
50 4 12 15
51 4 13 14
52 4 14 13
53 4 15 12
54 4 16 11
