0 4 24 36
1 3 24 36
2 4 23 36
3 4 24 35
4 2 24 36
5 3 23 36
6 3 24 35
7 4 22 36
8 4 23 35
9 4 24 34
10 1 24 36
11 2 23 36
12 2 24 35
13 3 22 36
14 3 23 35
15 3 24 34
16 4 21 36
17 4 22 35
18 4 23 34
19 4 24 33
20 0 24 36
21 1 23 36
22 1 24 35
23 2 22 36
24 2 23 35
25 2 24 34
26 3 21 36
27 3 22 35
28 3 23 34
29 3 24 33
30 4 20 36
31 4 21 35
32 4 22 34
33 4 23 33
34 4 24 32
35 0 23 36
36 0 24 35
37 1 22 36
38 1 23 35
39 1 24 34
40 2 21 36
41 2 22 35
42 2 23 34
43 2 24 33
44 3 20 36
45 3 21 35
46 3 22 34
47 3 23 33
48 3 24 32
49 4 19 36
50 4 20 35
51 4 21 34
52 4 22 33
53 4 23 32
54 4 24 31
55 0 22 36
56 0 23 35
57 0 24 34
58 1 21 36
59 1 22 35
60 1 23 34
61 1 24 33
62 2 20 36
63 2 21 35
64 2 22 34
65 2 23 33
66 2 24 32
67 3 19 36
68 3 20 35
69 3 21 34
70 3 22 33
71 3 23 32
72 3 24 31
73 4 18 36
74 4 19 35
75 4 20 34
76 4 21 33
77 4 22 32
78 4 23 31
79 4 24 30
80 0 21 36
81 0 22 35
82 0 23 34
83 0 24 33
84 1 20 36
85 1 21 35
86 1 22 34
87 1 23 33
88 1 24 32
89 2 19 36
90 2 20 35
91 2 21 34
92 2 22 33
93 2 23 32
94 2 24 31
95 3 18 36
96 3 19 35
97 3 20 34
98 3 21 33
99 3 22 32
100 3 23 31
101 3 24 30
102 4 17 36
103 4 18 35
104 4 19 34
105 4 20 33
106 4 21 32
107 4 22 31
108 4 23 30
109 4 24 29
110 0 20 36
111 0 21 35
112 0 22 34
113 0 23 33
114 0 24 32
115 1 19 36
116 1 20 35
117 1 21 34
118 1 22 33
119 1 23 32
120 1 24 31
121 2 18 36
122 2 19 35
123 2 20 34
124 2 21 33
125 2 22 32
126 2 23 31
127 2 24 30
128 3 17 36
129 3 18 35
130 3 19 34
131 3 20 33
132 3 21 32
133 3 22 31
134 3 23 30
135 3 24 29
136 4 16 36
137 4 17 35
138 4 18 34
139 4 19 33
140 4 20 32
141 4 21 31
142 4 22 30
143 4 23 29
144 4 24 28
