0 1 182 
70 182 195 
0 11 195 
0 182 193 
13 56 195 
5 13 182 
13 186 195 
0 97 195 
153 182 195 
13 125 182 
0 7 195 
13 182 190 
13 111 195 
0 69 182 
13 192 195 
0 4 13 
111 182 195 
13 112 182 
168 182 195 
13 193 195 
0 182 183 
0 98 195 
0 98 182 
11 13 195 
0 10 182 
13 69 195 
13 154 182 
13 139 182 
0 125 182 
0 56 195 
8 182 195 
12 13 195 
8 13 182 
12 13 182 
0 182 188 
0 42 182 
13 97 195 
13 125 195 
0 153 195 
0 182 184 
0 13 153 
0 153 182 
0 12 182 
0 5 195 
2 13 182 
0 182 190 
13 182 187 
13 190 195 
4 13 195 
0 8 13 
0 13 140 
13 28 182 
0 182 189 
2 13 195 
0 7 13 
0 125 195 
0 167 182 
182 185 195 
182 190 195 
0 9 13 
139 182 195 
13 188 195 
0 187 195 
0 186 195 
0 5 13 
0 13 184 
13 98 182 
154 182 195 
0 28 182 
10 13 195 
0 8 195 
0 192 195 
0 84 195 
0 184 195 
97 182 195 
8 13 195 
98 182 195 
13 187 195 
0 27 182 
0 183 195 
0 2 182 
1 13 182 
0 194 195 
0 6 13 
9 182 195 
13 27 195 
0 13 185 
0 1 13 
182 188 195 
13 83 182 
13 153 195 
0 13 112 
13 182 189 
0 41 182 
13 168 182 
13 182 186 
9 13 182 
0 13 194 
7 13 195 
0 13 186 
5 182 195 
0 13 98 
0 13 139 
0 13 56 
13 111 182 
6 13 182 
0 140 195 
0 154 182 
112 182 195 
13 184 195 
0 13 27 
0 188 195 
13 183 195 
0 10 13 
0 4 182 
0 83 195 
13 153 182 
0 13 168 
13 194 195 
0 13 125 
13 168 195 
0 13 55 
0 7 182 
5 13 195 
7 182 195 
13 167 195 
0 13 42 
13 14 195 
0 10 195 
13 55 195 
28 182 195 
0 190 195 
0 9 195 
0 28 195 
0 139 195 
13 181 182 
13 126 195 
0 112 195 
0 11 182 
13 42 182 
0 13 70 
13 55 182 
0 111 195 
13 41 182 
0 13 14 
27 182 195 
1 13 195 
0 139 182 
13 182 183 
13 185 195 
0 191 195 
182 192 195 
0 70 182 
0 13 28 
11 182 195 
13 182 185 
0 13 181 
0 181 182 
182 193 195 
13 154 195 
0 13 189 
13 97 182 
0 182 192 
182 191 195 
182 194 195 
3 13 195 
0 3 13 
0 13 154 
0 14 182 
0 13 83 
4 182 195 
0 55 195 
13 182 193 
13 182 192 
0 13 191 
0 189 195 
0 13 188 
13 14 182 
13 189 195 
13 83 195 
13 98 195 
13 41 195 
6 13 195 
0 126 182 
83 182 195 
13 70 195 
0 27 195 
0 13 192 
182 186 195 
0 13 69 
13 28 195 
182 183 195 
13 84 195 
0 6 195 
13 181 195 
0 112 182 
7 13 182 
0 13 190 
0 55 182 
14 182 195 
9 13 195 
0 84 182 
0 193 195 
0 97 182 
12 182 195 
0 1 195 
182 187 195 
0 5 182 
0 13 167 
0 13 126 
13 140 182 
13 112 195 
10 13 182 
13 139 195 
0 182 187 
0 181 195 
0 4 195 
0 8 182 
56 182 195 
42 182 195 
0 182 186 
167 182 195 
13 27 182 
13 84 182 
13 69 182 
0 182 194 
10 182 195 
0 154 195 
13 182 188 
182 189 195 
41 182 195 
0 140 182 
3 13 182 
13 191 195 
1 182 195 
0 11 13 
84 182 195 
0 2 195 
0 13 111 
0 41 195 
13 70 182 
6 182 195 
0 56 182 
0 3 182 
0 13 84 
126 182 195 
0 111 182 
0 42 195 
13 167 182 
0 69 195 
0 9 182 
140 182 195 
3 182 195 
13 42 195 
0 185 195 
0 182 191 
0 14 195 
0 168 182 
182 184 195 
13 140 195 
13 182 184 
0 3 195 
4 13 182 
0 13 193 
0 126 195 
0 13 187 
0 13 97 
0 2 13 
2 182 195 
0 167 195 
0 13 41 
0 12 195 
181 182 195 
0 13 183 
0 182 185 
13 182 191 
0 83 182 
0 12 13 
55 182 195 
0 168 195 
0 6 182 
13 126 182 
69 182 195 
13 182 194 
125 182 195 
13 56 182 
0 70 195 
11 13 182 
