0 47 182 
96 182 195 
0 146 182 
0 43 195 
13 120 182 
0 131 195 
0 100 195 
13 169 182 
0 13 38 
13 64 195 
13 156 195 
13 141 195 
0 21 195 
13 61 182 
0 40 195 
0 13 115 
150 182 195 
13 161 195 
13 66 182 
0 76 182 
13 39 182 
0 13 123 
13 105 182 
13 169 195 
0 92 195 
13 152 182 
0 13 21 
13 131 195 
0 13 66 
0 172 195 
20 182 195 
13 136 182 
0 116 182 
13 124 195 
13 166 195 
0 136 182 
13 100 182 
0 13 145 
169 182 195 
0 13 129 
13 74 182 
0 110 195 
0 114 195 
0 13 62 
0 128 182 
13 93 195 
0 160 195 
13 159 195 
92 182 195 
0 13 37 
0 13 134 
13 71 195 
13 37 182 
0 13 79 
13 30 195 
0 103 182 
0 79 182 
18 182 195 
44 182 195 
0 57 195 
13 19 182 
0 43 182 
13 117 195 
13 149 195 
0 66 195 
13 50 195 
13 80 182 
0 13 157 
13 164 182 
0 20 182 
13 174 182 
13 33 182 
48 182 195 
13 47 195 
13 143 182 
0 94 195 
0 107 195 
13 79 182 
0 133 195 
13 18 195 
0 159 182 
93 182 195 
13 106 195 
0 76 195 
0 138 182 
17 182 195 
0 13 23 
124 182 195 
59 182 195 
161 182 195 
0 87 182 
13 129 195 
13 110 182 
25 182 195 
36 182 195 
80 182 195 
13 58 182 
13 47 182 
0 13 146 
0 169 182 
0 171 182 
0 13 132 
13 160 182 
136 182 195 
0 118 182 
21 182 195 
106 182 195 
105 182 195 
0 155 182 
13 109 195 
49 182 195 
117 182 195 
0 13 143 
64 182 195 
0 115 182 
109 182 195 
15 182 195 
13 86 182 
13 32 195 
0 91 182 
77 182 195 
0 13 122 
157 182 195 
13 62 195 
0 89 182 
0 82 195 
13 46 195 
13 65 195 
13 78 182 
13 16 195 
0 129 182 
0 59 195 
0 13 16 
178 182 195 
13 101 195 
0 13 73 
0 13 155 
0 115 195 
0 24 195 
13 130 195 
13 109 182 
0 64 182 
0 13 92 
0 151 195 
88 182 195 
0 46 195 
13 38 195 
0 13 108 
0 31 195 
13 151 195 
0 61 195 
13 59 182 
0 109 182 
0 47 195 
0 156 182 
13 16 182 
0 127 182 
0 13 121 
53 182 195 
0 80 182 
0 120 195 
34 182 195 
13 138 195 
13 127 182 
13 124 182 
0 50 182 
78 182 195 
0 114 182 
13 119 195 
0 30 195 
13 25 182 
13 26 182 
180 182 195 
32 182 195 
0 19 182 
103 182 195 
0 75 195 
13 25 195 
13 128 182 
0 171 195 
162 182 195 
138 182 195 
13 116 195 
0 60 195 
0 13 96 
0 13 30 
0 13 93 
13 60 182 
147 182 195 
0 81 182 
0 13 104 
13 59 195 
13 57 182 
0 13 95 
13 77 195 
0 78 182 
0 13 31 
0 13 124 
116 182 195 
13 78 195 
13 177 195 
13 90 182 
0 13 15 
0 161 195 
0 23 182 
0 90 195 
0 35 182 
13 175 182 
13 95 195 
0 178 182 
0 74 182 
13 45 182 
13 170 182 
0 13 114 
0 88 182 
0 62 195 
0 128 195 
0 147 195 
0 99 182 
0 135 195 
0 180 182 
0 13 137 
13 155 182 
0 158 195 
13 119 182 
0 15 182 
13 53 182 
113 182 195 
0 13 60 
13 21 182 
0 121 182 
0 104 182 
0 26 182 
0 180 195 
0 179 195 
123 182 195 
0 77 195 
13 34 195 
0 21 182 
13 162 182 
0 13 116 
13 60 195 
0 82 182 
118 182 195 
0 89 195 
0 132 182 
0 15 195 
0 13 17 
29 182 195 
0 16 182 
0 145 195 
13 134 195 
0 60 182 
74 182 195 
0 37 182 
13 116 182 
0 141 182 
0 144 195 
13 128 195 
0 33 195 
0 13 127 
30 182 195 
0 44 182 
0 13 54 
13 171 195 
0 62 182 
13 74 195 
13 157 195 
13 145 195 
13 102 182 
13 178 195 
0 13 58 
0 13 36 
13 93 182 
13 157 182 
13 99 182 
13 148 182 
13 23 195 
0 25 195 
13 88 195 
0 13 44 
13 94 182 
13 31 182 
13 87 182 
0 105 182 
39 182 195 
0 176 195 
0 74 195 
0 61 182 
0 13 159 
0 13 133 
13 129 182 
155 182 195 
176 182 195 
165 182 195 
0 134 195 
13 52 195 
0 174 182 
0 149 182 
0 53 195 
0 113 182 
13 148 195 
13 54 195 
13 165 182 
0 166 182 
0 13 35 
0 148 182 
0 13 59 
128 182 195 
0 49 182 
13 63 195 
13 160 195 
0 13 102 
152 182 195 
13 96 182 
0 135 182 
0 13 39 
0 131 182 
13 46 182 
13 173 182 
13 146 195 
0 52 182 
0 13 43 
13 58 195 
0 136 195 
0 80 195 
0 178 195 
149 182 195 
13 51 182 
107 182 195 
13 66 195 
13 77 182 
100 182 195 
148 182 195 
13 18 182 
13 132 182 
159 182 195 
0 102 195 
0 13 113 
13 90 195 
13 30 182 
13 75 195 
13 130 182 
13 43 195 
13 103 182 
13 102 195 
0 13 131 
13 48 195 
13 158 195 
13 49 182 
0 33 182 
0 91 195 
60 182 195 
13 165 195 
47 182 195 
0 164 195 
0 37 195 
0 13 25 
0 13 77 
0 13 32 
33 182 195 
0 87 195 
0 13 75 
0 13 34 
0 13 100 
13 138 182 
0 109 195 
0 34 182 
13 117 182 
0 13 85 
75 182 195 
0 95 182 
160 182 195 
13 73 182 
0 73 182 
0 105 195 
0 90 182 
13 22 182 
0 13 67 
0 127 195 
13 65 182 
0 164 182 
0 102 182 
13 110 195 
13 82 195 
104 182 195 
0 25 182 
0 40 182 
0 13 18 
13 144 195 
170 182 195 
50 182 195 
13 72 195 
91 182 195 
0 39 195 
13 156 182 
0 95 195 
0 13 90 
13 64 182 
0 65 195 
121 182 195 
127 182 195 
99 182 195 
13 24 195 
89 182 195 
13 48 182 
0 32 195 
0 143 195 
177 182 195 
13 163 195 
13 36 195 
0 17 195 
13 179 195 
0 77 182 
13 176 182 
0 118 195 
13 173 195 
86 182 195 
13 92 182 
0 176 182 
102 182 195 
0 13 171 
0 142 195 
0 13 158 
13 81 182 
13 171 182 
0 170 195 
0 157 195 
13 177 182 
13 57 195 
0 64 195 
0 122 195 
0 13 105 
0 13 110 
51 182 195 
13 85 182 
175 182 195 
0 162 195 
0 13 128 
0 18 182 
0 13 172 
0 53 182 
13 68 195 
0 117 182 
0 99 195 
0 106 182 
0 173 195 
122 182 195 
0 13 78 
0 13 71 
0 96 195 
13 115 182 
0 13 51 
13 44 195 
31 182 195 
90 182 195 
0 165 182 
67 182 195 
13 136 195 
0 108 182 
13 134 182 
0 146 195 
0 162 182 
13 17 182 
13 38 182 
13 33 195 
13 61 195 
0 149 195 
0 169 195 
0 122 182 
0 157 182 
13 51 195 
0 20 195 
76 182 195 
13 36 182 
0 13 177 
35 182 195 
0 13 103 
0 13 107 
0 67 195 
0 31 182 
0 46 182 
71 182 195 
0 120 182 
0 13 119 
0 159 195 
13 68 182 
0 85 195 
0 151 182 
0 117 195 
0 150 182 
13 178 182 
0 175 195 
171 182 195 
0 13 178 
0 13 45 
0 13 40 
0 119 195 
24 182 195 
164 182 195 
0 13 180 
13 73 195 
114 182 195 
79 182 195 
0 101 195 
13 146 182 
0 13 164 
120 182 195 
13 75 182 
13 67 182 
110 182 195 
0 147 182 
85 182 195 
45 182 195 
0 145 182 
13 72 182 
0 13 68 
13 26 195 
13 40 182 
13 118 195 
13 107 195 
0 13 80 
0 13 29 
13 132 195 
173 182 195 
57 182 195 
0 13 152 
13 34 182 
13 108 182 
0 124 182 
13 147 195 
0 13 33 
0 121 195 
13 166 182 
0 13 24 
13 107 182 
13 91 195 
13 94 195 
82 182 195 
0 13 76 
13 143 195 
0 166 195 
13 104 195 
163 182 195 
13 79 195 
13 104 182 
0 85 182 
38 182 195 
0 123 182 
13 137 182 
13 96 195 
0 67 182 
0 13 117 
0 34 195 
0 94 182 
13 158 182 
0 13 94 
174 182 195 
156 182 195 
0 138 195 
129 182 195 
0 172 182 
0 13 50 
0 134 182 
13 161 182 
13 92 195 
141 182 195 
0 93 182 
94 182 195 
13 31 195 
62 182 195 
0 148 195 
19 182 195 
0 163 182 
0 13 72 
13 170 195 
0 68 195 
13 29 182 
0 158 182 
0 152 182 
13 22 195 
13 52 182 
0 13 74 
0 71 195 
146 182 195 
13 101 182 
0 129 195 
0 103 195 
13 20 182 
0 13 47 
0 45 195 
0 13 52 
0 107 182 
13 114 182 
134 182 195 
0 13 61 
0 170 182 
13 137 195 
0 36 182 
13 159 182 
58 182 195 
0 119 182 
0 13 109 
0 161 182 
0 86 182 
13 37 195 
46 182 195 
13 62 182 
13 19 195 
0 130 182 
13 118 182 
13 21 195 
101 182 195 
0 13 65 
13 76 195 
142 182 195 
0 174 195 
108 182 195 
13 121 182 
0 13 46 
0 13 91 
0 54 182 
13 89 195 
0 22 195 
0 30 182 
0 29 182 
0 13 175 
65 182 195 
0 72 195 
0 96 182 
13 147 182 
13 152 195 
13 172 195 
13 99 195 
72 182 195 
0 13 57 
151 182 195 
0 137 182 
0 19 195 
37 182 195 
13 180 182 
0 13 163 
0 156 195 
0 13 99 
0 13 148 
13 67 195 
0 13 179 
137 182 195 
0 13 20 
66 182 195 
40 182 195 
0 48 182 
52 182 195 
13 151 182 
13 45 195 
133 182 195 
0 44 195 
0 152 195 
0 13 118 
13 85 195 
0 13 101 
158 182 195 
0 63 195 
13 87 195 
0 13 170 
0 13 149 
0 13 64 
0 13 87 
13 122 195 
26 182 195 
13 82 182 
0 51 182 
0 13 49 
0 66 182 
0 58 195 
119 182 195 
13 163 182 
13 108 195 
0 142 182 
95 182 195 
0 13 165 
13 63 182 
13 32 182 
0 13 82 
13 113 182 
0 173 182 
144 182 195 
0 13 53 
13 115 195 
13 29 195 
0 78 195 
0 51 195 
13 135 195 
131 182 195 
0 24 182 
0 113 195 
0 141 195 
13 133 195 
13 131 182 
13 133 182 
73 182 195 
0 163 195 
0 86 195 
0 13 136 
0 72 182 
0 133 182 
0 104 195 
13 105 195 
0 63 182 
179 182 195 
0 13 89 
0 13 142 
0 93 195 
13 15 182 
0 81 195 
13 43 182 
0 59 182 
166 182 195 
13 53 195 
13 179 182 
0 13 169 
13 100 195 
0 13 150 
0 175 182 
0 13 160 
13 17 195 
0 116 195 
0 179 182 
13 71 182 
13 142 182 
0 92 182 
13 135 182 
13 142 195 
13 150 182 
0 26 195 
0 75 182 
81 182 195 
13 150 195 
0 13 22 
0 13 161 
13 81 195 
0 16 195 
13 24 182 
13 149 182 
0 13 26 
13 106 182 
13 35 182 
0 13 86 
132 182 195 
0 13 162 
13 122 182 
13 113 195 
0 13 120 
16 182 195 
13 164 195 
13 103 195 
0 13 19 
0 49 195 
68 182 195 
0 123 195 
13 141 182 
0 18 195 
0 57 182 
0 13 156 
0 23 195 
0 38 195 
0 88 195 
0 13 173 
0 13 81 
135 182 195 
0 101 182 
130 182 195 
0 130 195 
0 165 195 
0 17 182 
0 13 88 
0 155 195 
13 44 182 
0 13 135 
13 162 195 
13 49 195 
13 23 182 
0 106 195 
0 13 147 
0 22 182 
0 144 182 
143 182 195 
87 182 195 
13 176 195 
13 145 182 
0 13 106 
0 35 195 
13 20 195 
0 137 195 
63 182 195 
0 58 182 
0 45 182 
13 127 195 
0 150 195 
0 13 174 
0 50 195 
13 89 182 
0 13 166 
0 13 176 
0 100 182 
13 172 182 
0 54 195 
13 120 195 
22 182 195 
54 182 195 
172 182 195 
13 15 195 
0 52 195 
43 182 195 
13 35 195 
0 177 182 
0 71 182 
13 50 182 
13 175 195 
13 54 182 
0 39 182 
0 29 195 
0 13 63 
13 174 195 
0 143 182 
0 32 182 
13 39 195 
0 13 151 
0 65 182 
13 144 182 
0 79 195 
0 13 138 
0 38 182 
0 36 195 
13 40 195 
0 13 48 
13 121 195 
0 132 195 
13 114 195 
0 73 195 
0 110 182 
0 68 182 
13 123 182 
0 124 195 
23 182 195 
0 13 130 
13 95 182 
0 108 195 
13 88 182 
13 180 195 
13 123 195 
115 182 195 
61 182 195 
0 177 195 
0 48 195 
145 182 195 
13 86 195 
0 160 182 
13 91 182 
0 13 141 
13 80 195 
13 155 195 
0 13 144 
13 76 182 
