42 167 182 
9 13 181 
14 194 195 
182 188 193 
140 167 182 
182 190 194 
41 112 182 
83 168 182 
0 1 181 
0 98 191 
182 183 186 
13 41 97 
3 13 167 
0 2 181 
3 125 195 
154 194 195 
13 56 186 
2 13 70 
2 97 182 
1 140 182 
2 13 126 
56 182 191 
5 41 195 
13 83 168 
184 194 195 
0 1 27 
7 13 139 
181 194 195 
13 153 188 
0 98 168 
6 13 153 
55 70 195 
1 8 182 
2 28 182 
69 181 182 
0 1 98 
0 70 188 
0 1 8 
0 7 12 
5 182 184 
0 5 194 
6 111 182 
4 186 195 
2 41 182 
0 69 186 
139 184 195 
0 56 140 
11 189 195 
0 4 8 
98 111 195 
0 6 28 
0 69 140 
4 13 84 
1 13 84 
13 139 187 
5 191 195 
12 168 195 
0 167 184 
3 13 188 
6 112 182 
0 10 125 
9 10 195 
9 13 168 
13 83 189 
6 70 182 
13 125 167 
8 55 182 
69 182 192 
3 13 153 
0 112 188 
6 13 168 
83 182 191 
13 41 167 
13 167 168 
13 42 98 
83 154 182 
2 139 182 
84 182 191 
11 193 195 
182 185 190 
0 98 181 
14 168 182 
13 27 184 
139 182 191 
0 56 185 
12 13 56 
6 27 195 
0 6 191 
41 167 195 
0 125 190 
14 153 195 
0 41 189 
13 185 189 
4 6 182 
11 182 189 
13 111 184 
13 41 192 
6 7 182 
4 13 27 
181 182 192 
4 139 195 
11 13 188 
11 13 42 
0 126 167 
7 13 56 
0 4 126 
0 181 183 
13 125 183 
8 182 189 
28 193 195 
42 69 195 
2 11 195 
13 69 140 
0 154 183 
4 13 194 
13 14 28 
189 193 195 
140 182 193 
10 167 195 
1 181 182 
184 189 195 
13 83 98 
55 153 195 
0 9 10 
14 181 195 
10 153 195 
28 187 195 
0 12 84 
41 69 195 
0 84 140 
70 125 195 
1 191 195 
3 56 195 
42 153 195 
0 5 97 
5 126 182 
13 28 192 
13 14 168 
0 3 189 
0 42 84 
187 194 195 
0 9 154 
42 125 182 
41 112 195 
0 41 55 
9 13 184 
28 97 195 
0 3 184 
187 189 195 
98 194 195 
0 193 194 
0 154 194 
0 56 153 
13 83 192 
13 69 183 
13 84 98 
1 182 184 
83 182 192 
13 97 194 
69 182 189 
55 182 189 
41 182 189 
7 8 195 
0 41 194 
0 188 191 
125 139 195 
3 42 182 
0 42 153 
2 10 195 
84 190 195 
27 153 182 
0 55 167 
11 12 182 
5 6 195 
1 6 13 
8 56 182 
1 56 195 
13 183 189 
1 13 188 
98 111 182 
13 14 69 
0 70 84 
13 56 97 
153 182 191 
3 55 182 
13 70 189 
0 139 188 
0 28 139 
0 10 190 
55 191 195 
2 190 195 
0 9 41 
9 41 182 
0 4 154 
84 125 182 
182 184 192 
69 111 195 
2 13 97 
0 41 153 
5 13 183 
182 185 189 
84 111 195 
83 140 182 
0 188 189 
182 186 190 
13 97 153 
0 12 125 
6 13 42 
13 181 194 
2 55 182 
0 184 188 
13 167 194 
5 84 182 
11 98 182 
0 4 83 
182 183 189 
0 69 125 
5 111 182 
126 140 195 
2 13 140 
167 189 195 
56 140 195 
0 154 192 
13 55 188 
3 56 182 
3 182 193 
0 3 191 
4 11 182 
83 167 195 
13 153 193 
140 154 182 
0 41 185 
13 126 187 
3 4 182 
0 188 190 
111 184 195 
0 41 70 
140 189 195 
10 84 195 
0 1 140 
2 6 13 
9 182 189 
0 10 11 
13 42 140 
13 14 111 
0 1 183 
10 13 167 
0 2 56 
9 153 195 
0 83 183 
125 167 182 
56 194 195 
4 181 195 
97 126 182 
7 13 194 
1 13 56 
9 139 182 
3 83 182 
125 140 182 
27 69 195 
0 3 41 
0 27 125 
13 41 188 
10 182 187 
5 13 186 
84 154 182 
9 70 182 
183 184 195 
0 125 183 
0 2 41 
12 187 195 
0 97 185 
55 70 182 
0 84 190 
0 27 98 
168 192 195 
0 112 193 
13 70 193 
12 191 195 
168 182 193 
0 56 188 
13 56 153 
182 184 185 
112 182 183 
3 13 168 
126 182 189 
12 139 182 
181 182 188 
13 183 192 
111 139 182 
0 4 84 
0 9 187 
0 28 193 
13 126 193 
0 6 55 
0 167 187 
0 112 167 
10 192 195 
0 84 187 
154 168 182 
27 182 189 
153 182 185 
83 182 184 
0 139 181 
3 13 186 
2 3 182 
112 184 195 
182 185 194 
13 140 167 
0 183 188 
13 139 168 
0 98 186 
12 83 195 
12 13 41 
13 84 189 
84 140 195 
13 188 189 
0 126 181 
98 182 192 
3 13 84 
7 13 153 
13 70 187 
139 192 195 
84 193 195 
0 4 69 
8 13 69 
13 153 194 
2 5 182 
0 7 193 
13 28 153 
10 13 153 
0 111 184 
13 14 41 
0 8 111 
112 182 192 
0 9 181 
9 182 187 
84 167 182 
2 11 13 
11 13 139 
0 84 112 
13 84 112 
84 98 182 
8 13 187 
0 3 154 
13 111 168 
181 182 183 
0 70 192 
13 70 154 
0 98 139 
125 182 192 
4 185 195 
14 70 195 
14 27 182 
4 7 182 
9 69 195 
13 154 194 
0 55 153 
13 112 194 
11 191 195 
5 13 98 
0 28 41 
111 187 195 
0 186 193 
9 111 182 
111 153 195 
13 42 168 
126 185 195 
1 7 182 
27 70 195 
13 97 193 
8 27 195 
4 13 154 
6 182 183 
0 56 194 
70 98 182 
13 139 153 
0 11 139 
7 187 195 
98 168 182 
0 14 181 
112 183 195 
13 190 193 
10 182 194 
0 112 168 
8 188 195 
41 181 195 
13 69 167 
168 182 194 
6 13 83 
0 70 125 
55 140 182 
0 112 126 
5 112 195 
0 70 186 
0 42 97 
70 185 195 
13 42 56 
0 12 154 
8 12 195 
0 6 42 
13 27 185 
11 167 182 
4 13 193 
0 83 191 
0 11 41 
153 194 195 
0 28 98 
4 5 13 
12 188 195 
13 56 98 
0 70 168 
14 182 185 
1 13 111 
7 98 182 
70 191 195 
0 8 184 
2 182 192 
14 183 195 
4 84 182 
2 13 184 
0 7 139 
84 188 195 
13 28 56 
6 98 195 
9 56 182 
13 112 193 
13 55 189 
0 139 185 
5 98 182 
0 70 189 
8 13 194 
0 42 191 
13 181 183 
125 194 195 
42 55 182 
27 182 192 
7 13 183 
112 139 182 
0 55 188 
0 12 28 
182 186 193 
28 153 195 
0 3 140 
12 13 83 
2 181 195 
6 13 167 
139 182 192 
13 55 185 
13 97 154 
0 5 14 
1 13 168 
7 194 195 
182 189 193 
139 188 195 
112 154 182 
6 192 195 
125 140 195 
0 9 189 
181 182 189 
182 187 193 
154 182 183 
3 140 182 
13 27 126 
2 168 195 
5 184 195 
7 98 195 
4 70 195 
153 181 195 
70 167 182 
182 184 189 
1 13 187 
12 192 195 
2 13 111 
0 42 183 
13 27 83 
0 181 194 
13 140 186 
125 182 189 
13 41 42 
13 56 188 
41 83 182 
2 69 182 
5 83 195 
0 111 125 
0 84 185 
83 154 195 
0 84 125 
0 112 181 
42 181 182 
1 13 125 
5 13 189 
83 188 195 
2 4 13 
0 2 192 
13 140 154 
13 183 186 
13 111 191 
97 139 195 
28 182 186 
3 168 182 
7 182 193 
10 13 190 
13 140 191 
11 13 112 
13 56 181 
0 4 192 
70 111 195 
13 140 168 
154 189 195 
13 139 191 
153 183 195 
153 182 194 
182 183 190 
4 153 182 
5 185 195 
13 184 190 
0 9 185 
13 55 125 
126 139 195 
0 5 10 
42 182 187 
13 42 139 
126 192 195 
5 13 70 
9 12 182 
9 13 154 
1 153 182 
6 41 195 
7 13 112 
0 84 186 
13 111 189 
8 84 182 
0 186 188 
0 55 168 
0 8 190 
13 14 154 
3 153 182 
13 42 184 
0 2 12 
13 125 188 
0 168 183 
182 190 193 
70 126 182 
9 11 195 
14 125 195 
41 181 182 
153 193 195 
5 182 191 
9 13 42 
0 11 112 
2 14 182 
56 188 195 
0 8 126 
13 42 153 
14 140 195 
0 69 153 
0 2 167 
12 13 183 
0 69 139 
12 13 187 
70 182 186 
70 194 195 
12 167 182 
12 27 182 
0 126 189 
111 154 195 
2 182 189 
97 189 195 
0 27 190 
14 28 182 
41 194 195 
11 13 41 
42 182 186 
0 191 192 
13 183 194 
0 1 189 
125 168 182 
0 10 126 
1 126 195 
98 192 195 
97 182 193 
1 12 195 
111 182 185 
0 2 98 
0 9 126 
27 69 182 
168 186 195 
0 168 185 
41 182 187 
1 154 195 
0 69 187 
1 13 153 
10 189 195 
12 125 195 
9 190 195 
13 41 194 
13 55 167 
6 185 195 
13 55 83 
27 184 195 
0 69 184 
167 194 195 
0 8 140 
0 4 6 
0 41 154 
11 182 184 
2 139 195 
12 27 195 
0 5 191 
13 27 69 
4 13 97 
5 168 195 
168 182 183 
84 167 195 
10 182 193 
1 13 27 
13 27 192 
125 182 191 
8 191 195 
42 187 195 
13 125 140 
0 84 184 
97 139 182 
97 184 195 
8 13 125 
5 11 182 
153 187 195 
181 187 195 
3 97 195 
12 97 195 
27 168 195 
0 3 6 
12 111 182 
1 11 195 
8 55 195 
0 14 27 
84 182 189 
0 6 184 
0 69 112 
0 98 185 
8 13 184 
0 11 186 
2 70 195 
0 2 126 
13 41 168 
11 13 193 
12 112 182 
2 189 195 
154 182 193 
1 13 167 
14 69 182 
1 190 195 
13 42 167 
3 13 154 
8 181 182 
1 11 182 
3 7 195 
0 84 168 
0 70 193 
4 70 182 
7 182 194 
56 182 183 
6 182 193 
139 186 195 
126 189 195 
6 13 192 
28 140 182 
0 56 98 
10 13 83 
6 13 185 
2 13 193 
0 186 191 
0 12 111 
55 83 195 
0 3 4 
42 182 183 
84 185 195 
28 111 182 
0 69 70 
4 190 195 
41 168 182 
97 181 182 
0 140 187 
5 13 97 
28 182 188 
0 125 139 
153 184 195 
11 185 195 
1 182 193 
5 14 182 
41 140 182 
13 14 55 
0 184 185 
12 184 195 
13 112 183 
0 139 140 
2 27 195 
55 69 182 
8 83 195 
98 167 195 
83 182 186 
0 98 154 
41 84 195 
8 70 195 
183 194 195 
84 98 195 
9 182 183 
0 55 97 
41 153 195 
4 13 140 
1 13 193 
4 182 193 
140 168 182 
10 13 168 
84 112 182 
4 168 195 
98 154 182 
0 3 153 
0 6 181 
0 9 69 
10 13 14 
13 188 190 
0 4 56 
42 140 195 
13 55 126 
0 69 97 
167 182 188 
13 126 167 
8 98 182 
69 154 195 
10 126 182 
0 28 184 
13 70 84 
42 70 195 
7 186 195 
0 12 168 
84 183 195 
5 153 182 
2 154 182 
0 27 69 
97 182 190 
0 6 188 
0 12 69 
55 154 195 
14 125 182 
8 12 13 
6 182 192 
111 193 195 
1 13 194 
6 13 14 
42 69 182 
0 183 189 
1 189 195 
13 55 140 
13 192 193 
0 11 126 
0 181 186 
126 153 182 
0 69 126 
69 190 195 
7 41 195 
0 11 190 
42 97 182 
13 84 126 
55 112 182 
8 139 182 
13 168 186 
3 183 195 
1 139 195 
4 98 195 
28 154 182 
0 10 14 
139 153 182 
168 182 184 
126 186 195 
41 185 195 
70 125 182 
7 112 195 
0 84 194 
13 84 194 
0 27 28 
112 186 195 
0 183 187 
5 13 188 
0 14 112 
0 111 183 
1 185 195 
140 191 195 
2 41 195 
13 183 193 
55 182 186 
6 189 195 
126 194 195 
168 185 195 
167 192 195 
5 13 187 
0 14 154 
69 186 195 
2 182 193 
4 8 13 
69 181 195 
0 27 181 
7 14 195 
7 13 126 
13 140 181 
167 168 195 
168 182 186 
70 182 187 
0 3 28 
9 13 153 
1 13 83 
0 167 190 
11 13 56 
28 70 195 
193 194 195 
0 10 98 
0 6 167 
3 97 182 
42 83 195 
70 188 195 
0 153 193 
13 188 193 
69 125 182 
13 111 183 
0 167 188 
13 42 83 
27 167 182 
4 83 195 
182 187 191 
0 6 126 
41 182 193 
181 190 195 
5 13 27 
12 182 194 
9 13 191 
11 153 195 
0 154 191 
13 125 194 
84 97 195 
0 97 168 
0 1 83 
8 112 182 
0 4 11 
1 111 182 
0 11 191 
6 28 182 
5 12 195 
0 83 168 
2 13 194 
3 188 195 
4 13 191 
13 125 168 
13 27 112 
0 112 183 
42 84 195 
13 83 183 
7 154 195 
5 154 182 
112 181 195 
0 8 191 
139 185 195 
12 13 167 
154 182 184 
3 4 13 
7 181 195 
7 13 185 
153 182 189 
0 140 190 
153 191 195 
3 13 183 
12 182 191 
6 140 195 
11 111 195 
13 181 191 
13 98 183 
13 84 97 
11 13 140 
9 28 182 
1 84 182 
1 13 192 
7 13 184 
28 184 195 
112 181 182 
14 55 195 
125 182 183 
55 167 182 
13 41 183 
0 56 154 
9 83 195 
8 189 195 
13 126 184 
1 13 139 
6 111 195 
84 184 195 
13 41 193 
111 182 192 
9 13 193 
12 13 184 
41 154 182 
7 125 182 
0 9 153 
13 111 126 
13 55 69 
6 182 191 
83 126 195 
0 9 188 
0 185 193 
111 182 188 
1 111 195 
0 3 70 
0 3 186 
28 55 182 
41 188 195 
5 187 195 
13 167 191 
1 183 195 
0 8 183 
9 13 167 
2 56 195 
6 13 98 
0 154 185 
1 10 195 
13 97 181 
0 3 84 
8 13 191 
5 154 195 
69 184 195 
0 42 168 
14 154 182 
27 182 193 
12 55 182 
8 13 84 
28 182 190 
4 8 195 
0 8 11 
0 184 192 
28 182 183 
4 182 194 
13 41 111 
167 182 192 
6 13 27 
0 7 189 
0 1 191 
2 6 195 
10 41 195 
1 13 190 
69 182 187 
0 97 111 
14 190 195 
3 182 189 
0 7 84 
13 98 188 
6 69 182 
1 28 182 
13 42 194 
0 139 186 
5 13 153 
28 139 195 
8 182 187 
0 8 41 
9 13 194 
70 97 195 
0 186 192 
13 191 193 
111 153 182 
13 56 194 
12 182 188 
0 183 191 
12 84 182 
3 8 13 
6 28 195 
9 13 14 
153 168 195 
0 1 55 
3 139 195 
8 182 194 
0 12 186 
9 193 195 
0 112 187 
2 185 195 
8 13 193 
4 41 195 
3 42 195 
7 12 182 
1 13 28 
55 97 195 
14 126 182 
13 41 191 
41 186 195 
13 56 189 
13 69 181 
13 42 191 
168 182 190 
154 182 186 
6 56 195 
0 168 184 
2 10 13 
0 7 111 
7 13 191 
13 112 187 
69 112 182 
1 10 182 
9 126 182 
27 111 195 
27 84 195 
5 13 194 
0 4 193 
69 182 183 
9 126 195 
27 111 182 
9 98 182 
0 1 5 
11 139 195 
13 83 112 
1 182 194 
3 5 195 
0 9 190 
28 84 195 
3 187 195 
0 27 154 
0 7 97 
0 11 187 
12 13 70 
0 42 190 
14 193 195 
2 5 13 
56 182 187 
13 112 126 
0 189 192 
3 182 183 
0 42 139 
3 13 181 
7 13 69 
84 181 182 
0 111 185 
0 97 181 
97 182 184 
13 181 184 
0 55 187 
41 182 190 
2 193 195 
0 2 111 
140 193 195 
13 185 186 
69 182 186 
56 191 195 
0 55 98 
0 70 153 
13 140 188 
27 182 190 
1 3 182 
0 154 190 
12 83 182 
97 168 195 
111 139 195 
13 28 189 
0 187 191 
5 10 195 
0 56 126 
97 185 195 
10 56 195 
9 184 195 
7 41 182 
55 184 195 
0 97 125 
3 6 182 
12 181 195 
1 182 190 
56 182 193 
7 182 189 
0 112 189 
9 13 183 
0 55 125 
13 14 192 
41 42 195 
1 13 126 
181 182 193 
5 13 154 
13 140 153 
14 167 195 
0 4 5 
0 27 112 
97 182 187 
10 28 195 
10 188 195 
0 5 41 
55 194 195 
0 140 193 
0 1 186 
13 56 167 
0 83 189 
0 28 190 
1 3 13 
5 111 195 
2 194 195 
0 98 125 
1 182 189 
13 56 193 
182 184 191 
6 187 195 
4 97 195 
41 111 195 
0 56 187 
13 111 188 
0 69 181 
0 97 188 
13 97 111 
9 182 191 
4 13 55 
56 182 186 
0 183 190 
154 182 187 
0 7 28 
139 167 182 
0 2 153 
2 13 112 
1 125 195 
9 84 195 
6 13 56 
6 125 182 
7 168 182 
111 140 182 
13 42 193 
182 188 189 
112 182 185 
83 153 182 
0 14 140 
111 126 195 
168 184 195 
3 194 195 
5 41 182 
14 83 182 
7 139 195 
0 10 154 
83 182 189 
154 167 182 
0 6 185 
0 27 184 
13 111 186 
0 5 56 
187 192 195 
140 181 195 
9 192 195 
0 111 167 
5 9 195 
0 70 98 
8 9 13 
6 182 186 
13 55 183 
0 98 189 
41 70 195 
5 10 182 
3 182 194 
0 153 168 
13 184 191 
167 193 195 
13 41 98 
13 140 190 
13 153 168 
2 13 14 
13 41 153 
0 5 154 
13 41 140 
83 97 182 
0 12 181 
56 182 184 
0 69 111 
12 13 84 
0 83 192 
0 83 84 
168 188 195 
2 69 195 
5 42 182 
0 4 111 
13 42 70 
5 182 185 
1 192 195 
125 186 195 
6 168 195 
8 182 190 
12 70 195 
0 185 188 
13 125 187 
0 27 139 
0 12 185 
4 14 182 
4 7 195 
11 13 187 
10 193 195 
2 7 182 
0 14 42 
8 13 56 
13 84 140 
7 13 190 
10 69 195 
0 69 84 
4 13 188 
0 83 190 
84 139 195 
5 125 182 
55 192 195 
14 188 195 
5 98 195 
0 9 112 
0 9 139 
10 13 55 
13 70 112 
0 42 167 
191 193 195 
0 5 126 
0 125 181 
28 182 193 
0 168 187 
0 28 186 
1 13 189 
7 182 188 
13 83 194 
0 184 190 
98 140 195 
2 13 139 
97 186 195 
5 188 195 
3 13 41 
13 69 187 
0 12 190 
13 84 168 
1 182 191 
13 42 192 
83 193 195 
0 41 139 
10 182 185 
70 182 193 
56 97 182 
182 186 188 
10 168 182 
0 41 192 
0 7 186 
13 139 186 
13 56 154 
0 154 186 
5 13 41 
12 13 112 
0 42 186 
9 13 189 
12 182 183 
0 3 12 
2 42 182 
0 10 139 
5 13 83 
0 1 153 
4 182 188 
0 4 186 
0 140 181 
0 4 7 
13 27 84 
28 112 182 
97 125 195 
13 27 189 
10 42 182 
13 55 111 
9 13 192 
13 84 186 
0 10 167 
5 181 195 
13 153 192 
8 153 182 
4 182 189 
140 182 192 
12 13 42 
167 168 182 
2 13 84 
0 1 56 
13 154 188 
12 28 182 
0 140 153 
167 182 194 
13 70 190 
4 167 182 
0 55 84 
56 139 182 
0 1 184 
5 167 182 
181 182 184 
0 4 188 
0 84 154 
140 182 189 
9 182 184 
70 182 191 
168 194 195 
0 5 125 
27 140 195 
153 186 195 
0 14 192 
112 182 194 
183 191 195 
5 11 195 
7 8 13 
55 111 182 
41 182 191 
112 168 195 
12 42 182 
12 13 191 
13 97 126 
9 140 195 
7 13 55 
7 181 182 
7 10 182 
10 13 181 
0 4 153 
0 41 190 
13 126 153 
70 181 182 
0 14 55 
0 6 139 
13 98 194 
0 98 153 
11 192 195 
41 182 186 
6 11 195 
0 98 126 
0 10 140 
13 154 189 
0 183 186 
4 13 190 
27 97 182 
13 28 111 
13 69 84 
187 188 195 
182 184 187 
0 42 192 
126 182 186 
0 10 186 
112 140 182 
97 193 195 
0 3 181 
0 27 188 
1 2 13 
0 167 185 
11 13 186 
13 185 194 
0 14 56 
0 12 83 
13 55 190 
13 153 186 
4 112 195 
10 140 195 
11 154 182 
0 1 7 
12 13 97 
97 183 195 
13 84 153 
42 112 195 
0 184 193 
0 42 126 
9 27 195 
1 10 13 
167 188 195 
0 153 186 
0 140 154 
0 126 191 
2 84 195 
6 191 195 
0 111 193 
56 153 195 
83 140 195 
11 70 182 
41 98 195 
7 182 192 
111 140 195 
10 11 195 
0 14 193 
7 13 192 
13 84 192 
83 187 195 
0 1 126 
3 28 195 
83 84 182 
13 42 125 
9 13 140 
11 69 182 
182 185 191 
10 41 182 
7 191 195 
13 189 190 
55 139 182 
0 3 27 
13 97 190 
13 41 189 
4 13 125 
188 194 195 
41 182 188 
10 27 182 
13 69 192 
8 13 27 
8 192 195 
13 125 185 
8 112 195 
7 42 182 
0 11 140 
153 167 182 
182 192 193 
5 56 195 
139 181 182 
83 182 188 
185 194 195 
4 83 182 
13 41 83 
0 153 190 
182 192 194 
0 12 70 
14 139 195 
0 189 194 
13 14 42 
4 13 28 
192 194 195 
0 111 194 
9 97 182 
0 8 189 
187 190 195 
0 2 27 
9 70 195 
12 181 182 
6 97 182 
4 182 186 
5 182 188 
27 192 195 
154 167 195 
13 98 192 
10 42 195 
0 12 192 
0 184 187 
0 190 194 
168 181 195 
5 13 191 
97 98 195 
3 10 13 
2 13 28 
10 181 182 
0 3 42 
11 14 195 
14 182 183 
6 83 182 
4 13 56 
0 83 193 
0 8 186 
0 6 168 
0 6 70 
7 13 193 
1 13 140 
0 111 188 
1 182 188 
13 98 140 
0 6 14 
0 4 9 
55 182 194 
41 189 195 
55 56 195 
0 11 56 
5 8 13 
0 41 98 
28 55 195 
4 13 41 
0 3 56 
0 70 126 
168 193 195 
0 27 83 
3 11 13 
0 9 194 
70 182 184 
8 111 182 
154 182 188 
9 13 97 
1 5 13 
0 27 189 
168 189 195 
13 126 190 
13 125 189 
0 10 69 
10 13 125 
126 182 187 
12 193 195 
42 182 194 
0 8 10 
13 97 167 
10 98 182 
12 111 195 
4 69 182 
0 3 11 
3 70 195 
0 153 188 
13 69 111 
0 7 56 
0 140 183 
0 11 183 
6 11 13 
83 167 182 
0 10 181 
9 112 182 
0 11 194 
188 191 195 
111 182 183 
0 12 187 
0 9 193 
112 126 195 
4 111 195 
2 97 195 
42 154 182 
5 112 182 
0 7 168 
6 154 195 
0 98 112 
0 10 191 
2 112 182 
8 84 195 
139 193 195 
167 185 195 
4 8 182 
0 5 9 
13 184 185 
7 182 186 
7 10 195 
98 182 186 
5 8 195 
6 42 182 
13 28 186 
0 7 183 
0 5 189 
8 168 195 
69 126 195 
182 184 186 
0 56 97 
3 13 56 
112 185 195 
28 182 184 
126 184 195 
13 42 97 
13 185 187 
13 139 190 
56 154 195 
10 139 195 
8 182 188 
9 186 195 
1 168 195 
3 27 195 
139 189 195 
0 125 192 
9 182 194 
0 5 28 
12 154 182 
97 182 191 
0 56 139 
0 28 192 
28 182 185 
0 7 140 
27 182 183 
2 8 13 
12 182 187 
70 154 182 
5 168 182 
0 27 187 
69 182 190 
14 189 195 
13 28 194 
0 112 154 
11 184 195 
13 55 168 
2 182 184 
14 139 182 
8 11 13 
188 190 195 
139 153 195 
0 140 189 
8 41 195 
9 13 83 
183 185 195 
41 191 195 
13 14 189 
0 191 193 
84 168 195 
27 41 182 
4 13 168 
0 2 191 
0 184 186 
0 28 83 
56 167 195 
0 126 187 
98 182 194 
70 184 195 
7 56 195 
13 69 125 
13 69 194 
11 140 195 
13 153 189 
9 69 182 
98 182 191 
0 6 153 
9 13 98 
9 182 193 
55 182 187 
0 168 186 
84 140 182 
2 7 195 
11 154 195 
0 98 190 
7 13 41 
13 97 168 
0 111 187 
7 14 182 
0 4 187 
28 69 195 
0 28 70 
13 27 42 
70 168 182 
0 9 14 
4 13 126 
13 139 194 
0 4 28 
186 193 195 
0 4 183 
13 112 139 
69 139 182 
0 3 188 
0 28 84 
14 42 182 
168 181 182 
0 125 126 
13 97 125 
10 13 140 
13 139 192 
10 70 182 
3 41 195 
11 13 153 
84 126 195 
13 28 83 
8 13 181 
1 13 42 
27 193 195 
0 2 28 
0 28 112 
3 12 182 
0 3 168 
6 184 195 
0 5 8 
42 182 184 
8 193 195 
9 111 195 
7 13 187 
98 183 195 
13 111 194 
8 42 195 
182 190 192 
9 55 182 
13 56 191 
0 9 111 
0 6 97 
10 182 186 
28 192 195 
0 97 154 
10 182 184 
185 186 195 
27 28 195 
5 13 185 
0 3 98 
1 182 192 
111 182 186 
2 125 182 
12 13 14 
0 167 193 
8 13 28 
3 55 195 
4 9 13 
8 13 70 
112 182 186 
0 187 188 
8 9 182 
0 139 167 
0 55 139 
6 8 13 
13 125 184 
13 97 140 
13 83 154 
98 189 195 
56 139 195 
28 182 191 
13 186 190 
11 55 182 
0 2 4 
69 70 182 
0 187 189 
2 153 182 
1 13 185 
0 5 55 
0 111 153 
14 56 195 
0 14 28 
1 182 185 
0 5 140 
41 190 195 
111 192 195 
6 7 13 
8 13 190 
56 97 195 
28 185 195 
0 185 191 
1 181 195 
69 194 195 
6 13 186 
0 2 7 
27 55 195 
70 153 195 
3 14 182 
0 70 112 
167 182 191 
5 182 190 
0 27 193 
0 28 188 
0 168 190 
56 153 182 
0 5 111 
98 125 182 
0 6 183 
7 168 195 
12 13 154 
10 97 182 
69 140 195 
0 8 70 
10 14 195 
2 140 195 
139 154 195 
13 69 184 
13 153 187 
13 28 188 
13 41 70 
10 12 195 
0 181 187 
8 13 153 
10 125 195 
55 97 182 
27 98 195 
13 185 192 
0 84 188 
0 4 184 
13 27 111 
27 56 182 
126 188 195 
1 13 69 
13 167 190 
13 140 183 
9 112 195 
0 97 153 
168 182 187 
0 181 191 
0 1 41 
0 4 14 
13 168 191 
181 191 195 
41 98 182 
13 97 184 
0 2 194 
0 8 192 
13 14 70 
11 182 191 
13 70 139 
0 111 168 
13 111 112 
6 182 190 
1 140 195 
125 139 182 
41 167 182 
0 11 83 
28 41 195 
0 126 192 
7 184 195 
0 2 14 
0 3 139 
0 111 190 
7 69 182 
42 70 182 
1 13 98 
0 5 187 
13 153 191 
0 4 168 
13 28 84 
2 182 183 
8 12 182 
0 10 189 
0 192 194 
70 84 195 
42 186 195 
0 83 184 
1 13 55 
28 186 195 
13 14 84 
27 182 187 
0 97 167 
27 182 186 
0 10 12 
0 28 154 
27 191 195 
13 186 192 
9 13 186 
7 55 195 
13 186 187 
14 27 195 
8 13 97 
69 167 195 
27 56 195 
6 13 193 
1 154 182 
13 168 189 
27 182 184 
0 55 191 
8 154 182 
14 70 182 
126 154 182 
3 8 182 
0 1 154 
0 42 194 
7 13 27 
0 83 97 
168 182 191 
42 83 182 
182 187 190 
0 14 190 
1 97 182 
0 1 10 
42 126 195 
7 13 181 
182 187 189 
0 7 55 
0 41 184 
98 181 195 
0 5 185 
111 182 184 
84 189 195 
12 182 190 
3 13 27 
0 4 125 
0 83 181 
6 193 195 
13 69 139 
185 188 195 
7 69 195 
83 98 182 
13 70 184 
13 184 192 
3 13 194 
4 153 195 
0 11 84 
9 11 13 
56 168 182 
13 28 184 
0 12 42 
8 41 182 
13 112 181 
11 97 182 
4 13 185 
0 168 181 
14 167 182 
0 190 191 
1 13 154 
12 13 55 
69 139 195 
56 182 188 
0 153 154 
13 14 27 
2 13 154 
0 42 140 
6 153 182 
0 1 188 
9 13 190 
4 182 185 
4 13 139 
0 56 192 
1 42 195 
10 13 126 
2 98 195 
0 2 183 
13 181 186 
182 189 192 
13 56 185 
11 182 186 
28 126 182 
12 154 195 
168 191 195 
0 41 168 
13 98 167 
11 182 187 
182 183 187 
1 98 195 
2 14 195 
11 13 192 
0 2 5 
8 111 195 
42 183 195 
167 191 195 
13 154 191 
0 6 7 
0 12 14 
3 184 195 
41 187 195 
8 13 183 
0 28 187 
13 14 185 
0 2 112 
69 182 193 
2 13 27 
189 192 195 
0 9 83 
12 112 195 
0 14 125 
0 14 139 
3 13 189 
6 13 181 
126 182 193 
14 126 195 
139 182 185 
13 126 185 
0 5 190 
2 188 195 
0 56 84 
0 186 189 
112 187 195 
13 28 139 
28 168 195 
2 9 182 
7 55 182 
13 190 192 
10 13 186 
12 98 182 
98 187 195 
11 28 182 
27 42 195 
13 14 98 
41 125 195 
0 27 185 
7 12 13 
5 13 184 
70 154 195 
56 167 182 
0 8 185 
0 28 194 
28 194 195 
7 182 185 
84 111 182 
0 83 140 
0 2 3 
0 83 112 
140 182 184 
14 98 195 
0 7 41 
112 192 195 
0 41 125 
0 41 187 
0 7 8 
0 140 191 
27 125 195 
139 190 195 
0 9 55 
1 125 182 
84 168 182 
11 41 182 
0 183 184 
98 154 195 
11 13 69 
125 184 195 
8 140 182 
55 69 195 
13 84 183 
0 4 42 
182 185 192 
10 11 182 
3 8 195 
2 42 195 
2 5 195 
55 112 195 
10 182 190 
0 7 184 
0 83 139 
3 181 195 
97 111 195 
13 14 191 
184 188 195 
13 189 191 
0 153 187 
0 98 194 
0 70 83 
6 182 188 
5 182 189 
1 13 191 
69 182 188 
0 11 167 
42 182 192 
13 167 186 
0 125 194 
83 84 195 
0 70 167 
167 181 195 
0 27 192 
13 140 185 
69 189 195 
0 55 83 
140 181 182 
10 139 182 
0 14 168 
13 185 193 
111 191 195 
13 27 191 
10 12 13 
140 188 195 
0 10 42 
28 182 187 
0 5 84 
0 190 192 
5 13 14 
70 182 190 
0 153 185 
2 182 191 
11 168 182 
13 191 194 
0 28 167 
0 11 28 
0 6 125 
167 182 187 
153 182 188 
153 182 190 
13 168 192 
111 125 195 
3 13 193 
8 11 195 
0 9 27 
10 13 189 
0 14 167 
125 126 195 
0 8 56 
0 70 154 
13 69 186 
2 13 125 
8 14 182 
9 13 27 
0 5 83 
3 7 182 
4 41 182 
153 182 187 
0 70 184 
7 182 184 
0 41 140 
5 140 195 
182 183 193 
1 13 14 
12 182 185 
10 28 182 
10 154 182 
6 12 13 
1 12 13 
5 69 182 
0 97 187 
1 55 195 
27 190 195 
8 28 195 
5 182 187 
83 112 195 
112 182 193 
28 182 189 
0 10 185 
13 27 56 
139 168 182 
10 13 194 
13 98 126 
8 13 186 
12 182 193 
11 13 183 
0 84 167 
69 84 182 
1 182 183 
84 154 195 
6 13 69 
2 126 182 
13 181 193 
13 14 126 
83 190 195 
97 191 195 
9 14 182 
0 10 183 
0 27 41 
0 125 140 
0 4 55 
14 28 195 
0 11 125 
4 11 13 
9 182 190 
9 167 182 
4 13 70 
0 12 41 
0 4 191 
5 12 13 
0 12 97 
14 192 195 
3 5 13 
13 14 186 
4 182 191 
9 12 13 
8 182 186 
0 7 98 
2 12 195 
1 2 195 
13 185 191 
6 13 187 
2 13 41 
0 2 140 
3 182 191 
2 13 187 
0 3 183 
13 41 112 
0 41 188 
2 182 185 
0 28 42 
0 1 112 
6 9 182 
6 190 195 
1 4 13 
0 11 42 
13 28 154 
7 13 125 
9 13 55 
13 42 190 
0 2 70 
98 182 183 
0 41 112 
9 12 195 
14 182 192 
13 140 192 
8 13 83 
13 98 112 
1 69 182 
0 3 187 
83 126 182 
4 182 187 
8 125 195 
2 28 195 
8 10 182 
0 7 112 
6 14 182 
7 167 195 
0 28 185 
184 185 195 
0 56 181 
27 41 195 
13 56 187 
11 13 154 
4 7 13 
55 98 182 
28 167 195 
0 139 189 
83 153 195 
11 27 195 
12 28 195 
0 140 167 
13 69 193 
13 14 187 
10 13 188 
0 183 193 
27 139 195 
13 167 184 
0 112 185 
7 192 195 
10 83 195 
0 84 181 
0 1 167 
3 13 69 
13 140 193 
0 7 27 
14 182 188 
182 183 192 
13 41 125 
0 139 193 
84 182 193 
97 182 186 
9 168 182 
6 183 195 
56 187 195 
13 183 191 
42 188 195 
0 125 184 
5 193 195 
0 188 192 
6 55 182 
0 8 187 
0 11 111 
154 191 195 
13 98 185 
13 84 191 
56 83 182 
167 187 195 
125 183 195 
97 182 183 
139 182 184 
4 97 182 
41 139 195 
0 70 97 
4 191 195 
13 183 188 
0 1 6 
98 126 182 
13 70 98 
42 111 195 
126 153 195 
6 186 195 
188 192 195 
28 140 195 
0 139 192 
0 69 193 
139 181 195 
4 193 195 
126 182 183 
55 182 188 
0 69 183 
13 84 125 
0 2 11 
13 83 139 
7 12 195 
5 13 112 
0 6 154 
13 111 140 
0 125 191 
10 182 192 
7 8 182 
12 125 182 
153 182 183 
0 186 187 
0 4 194 
10 168 195 
13 56 184 
0 55 185 
0 10 55 
69 83 195 
7 193 195 
69 98 182 
5 190 195 
125 182 184 
13 153 181 
13 14 83 
0 4 41 
0 125 187 
1 4 195 
7 182 183 
28 181 182 
11 194 195 
0 187 192 
6 125 195 
181 193 195 
1 13 112 
13 70 140 
0 55 192 
8 168 182 
182 190 191 
3 13 111 
2 13 83 
4 84 195 
8 13 168 
3 13 187 
1 70 182 
0 4 27 
5 9 182 
0 98 111 
191 194 195 
8 97 195 
69 191 195 
98 188 195 
140 182 186 
56 98 195 
3 13 139 
0 125 168 
6 13 183 
112 182 190 
5 13 181 
98 153 182 
0 69 83 
13 84 190 
7 9 195 
140 184 195 
83 125 195 
0 167 192 
6 13 97 
8 13 140 
69 192 195 
13 168 193 
154 183 195 
0 112 192 
0 168 188 
11 69 195 
42 98 182 
3 126 195 
13 55 181 
0 186 194 
111 181 195 
4 13 83 
12 41 182 
0 41 181 
6 167 195 
13 98 186 
2 98 182 
8 69 182 
183 192 195 
191 192 195 
6 13 112 
42 189 195 
70 126 195 
4 13 186 
0 27 186 
12 189 195 
0 83 186 
5 140 182 
0 1 2 
4 182 190 
12 183 195 
13 181 185 
0 14 98 
187 191 195 
97 125 182 
12 13 28 
0 1 11 
27 112 195 
0 185 192 
13 69 168 
97 181 195 
8 125 182 
13 84 187 
13 28 69 
0 111 139 
13 28 55 
2 112 195 
11 188 195 
9 98 195 
111 182 191 
69 153 195 
0 6 112 
0 168 194 
56 84 182 
1 194 195 
13 55 139 
13 183 185 
0 10 187 
0 139 184 
10 27 195 
13 83 185 
111 182 187 
0 97 126 
13 153 183 
4 183 195 
0 111 192 
0 12 55 
0 7 181 
97 140 195 
70 182 189 
7 70 182 
69 193 195 
140 154 195 
0 126 188 
13 98 187 
97 182 188 
0 55 193 
182 184 193 
112 190 195 
13 154 192 
12 140 182 
13 186 188 
4 192 195 
0 55 181 
8 13 139 
154 182 194 
2 13 191 
12 69 182 
168 182 189 
27 70 182 
0 2 154 
14 182 191 
140 194 195 
7 11 182 
3 13 140 
188 189 195 
2 191 195 
0 83 167 
0 11 27 
125 182 193 
98 167 182 
139 154 182 
0 112 140 
13 28 140 
0 192 193 
13 98 153 
182 186 192 
8 184 195 
27 168 182 
10 186 195 
27 98 182 
0 2 187 
13 27 193 
0 126 139 
97 126 195 
12 13 126 
3 13 192 
8 182 191 
5 9 13 
13 84 188 
184 191 195 
0 97 191 
0 28 55 
13 98 189 
14 140 182 
8 10 195 
56 70 182 
0 4 185 
0 111 191 
11 139 182 
0 8 69 
13 27 190 
153 188 195 
13 111 192 
84 192 195 
10 13 184 
185 189 195 
13 97 187 
0 41 186 
13 41 181 
13 83 125 
28 182 194 
0 28 69 
13 55 186 
0 8 167 
0 14 126 
1 5 195 
7 112 182 
0 7 14 
5 7 13 
12 84 195 
55 83 182 
0 125 186 
56 193 195 
8 187 195 
69 182 194 
8 13 188 
0 5 112 
3 167 195 
4 5 182 
0 10 27 
13 14 190 
69 167 182 
3 193 195 
6 83 195 
10 182 191 
9 42 182 
55 84 195 
0 11 12 
3 14 195 
12 69 195 
6 13 184 
0 97 183 
111 112 195 
139 167 195 
5 84 195 
125 193 195 
11 182 193 
1 4 182 
56 184 195 
5 6 13 
168 182 192 
0 56 69 
56 186 195 
13 55 112 
13 56 183 
168 183 195 
0 10 192 
4 154 182 
0 27 111 
13 181 188 
11 186 195 
41 182 185 
140 185 195 
3 13 97 
11 13 125 
69 154 182 
0 11 184 
10 194 195 
0 12 189 
41 55 182 
2 167 182 
13 28 112 
0 125 193 
5 183 195 
28 168 182 
13 69 70 
167 183 195 
13 139 140 
13 168 181 
13 97 139 
70 182 194 
140 192 195 
98 182 189 
13 168 187 
0 9 125 
13 126 194 
13 14 184 
0 84 153 
0 98 140 
0 9 11 
13 28 190 
70 83 182 
0 10 70 
0 2 42 
0 8 153 
97 182 192 
1 153 195 
69 182 184 
0 10 56 
1 167 182 
154 186 195 
0 10 84 
125 168 195 
55 182 183 
84 182 183 
7 13 84 
0 5 192 
10 184 195 
7 9 13 
0 187 194 
0 2 193 
154 192 195 
0 9 70 
11 27 182 
0 125 185 
0 41 111 
42 139 182 
83 98 195 
13 126 192 
0 8 28 
10 12 182 
186 189 195 
28 190 195 
154 190 195 
11 13 190 
0 2 186 
13 70 168 
190 192 195 
0 55 69 
0 42 185 
56 112 182 
56 125 182 
5 13 140 
13 28 41 
0 12 194 
0 27 153 
0 139 154 
27 84 182 
0 14 189 
3 10 182 
2 13 189 
0 189 193 
13 125 126 
0 7 190 
5 13 192 
139 194 195 
0 126 140 
69 185 195 
6 12 195 
0 12 167 
56 111 182 
11 187 195 
11 13 83 
11 97 195 
13 69 185 
126 193 195 
3 182 186 
27 182 185 
13 27 70 
125 187 195 
4 13 181 
0 7 187 
3 191 195 
55 139 195 
0 126 193 
3 98 195 
190 194 195 
8 13 189 
0 126 185 
8 13 55 
6 126 195 
0 14 41 
56 112 195 
0 154 188 
13 14 140 
83 191 195 
98 125 195 
0 1 125 
56 181 195 
0 14 83 
183 187 195 
0 3 167 
0 55 194 
140 182 191 
3 69 195 
1 9 182 
13 70 181 
0 27 191 
182 188 191 
112 167 195 
0 154 167 
11 182 185 
0 140 168 
41 184 195 
0 28 125 
27 181 182 
111 112 182 
4 12 195 
0 56 186 
13 111 154 
56 192 195 
9 154 195 
112 139 195 
13 98 154 
41 182 184 
2 13 181 
2 13 69 
13 154 184 
28 111 195 
0 6 192 
10 125 182 
0 153 194 
0 1 14 
13 41 126 
4 13 153 
10 187 195 
8 190 195 
0 5 27 
2 167 195 
2 13 167 
0 1 139 
0 28 153 
0 11 193 
4 168 182 
14 182 189 
0 8 194 
0 5 168 
70 98 195 
2 7 13 
0 11 181 
13 139 189 
125 153 182 
0 10 28 
13 188 194 
0 55 126 
6 194 195 
13 126 189 
13 56 84 
5 8 182 
14 185 195 
70 112 195 
0 8 9 
2 186 195 
1 188 195 
12 186 195 
6 69 195 
5 13 56 
189 191 195 
13 27 153 
13 140 189 
2 111 182 
0 97 184 
182 193 194 
0 97 193 
8 13 126 
55 111 195 
98 186 195 
13 186 194 
0 140 184 
12 126 195 
0 8 139 
2 3 13 
0 70 185 
28 191 195 
11 111 182 
6 10 13 
0 6 11 
139 140 195 
0 70 139 
0 70 183 
154 182 190 
3 6 195 
56 185 195 
14 41 182 
3 9 182 
181 182 191 
13 167 193 
3 11 195 
13 83 153 
84 182 184 
13 69 153 
13 167 188 
126 182 185 
55 125 195 
4 187 195 
9 13 126 
1 167 195 
0 4 70 
111 182 194 
28 42 182 
41 84 182 
0 5 12 
0 126 194 
13 14 193 
41 126 195 
186 190 195 
13 184 193 
5 83 182 
0 55 184 
41 97 195 
4 139 182 
0 6 27 
1 42 182 
153 167 195 
167 182 186 
126 168 195 
13 188 191 
13 181 190 
12 13 27 
10 55 182 
5 14 195 
6 13 140 
0 69 168 
3 5 182 
0 7 192 
0 111 126 
0 1 97 
4 12 13 
27 189 195 
126 182 188 
4 6 195 
4 125 182 
13 42 189 
0 69 190 
8 182 193 
182 188 194 
112 191 195 
0 184 191 
0 27 140 
13 27 139 
185 192 195 
55 181 182 
13 126 140 
13 125 181 
13 41 84 
125 182 187 
0 7 126 
0 1 9 
0 153 167 
41 139 182 
10 13 97 
8 126 182 
70 112 182 
0 69 191 
42 182 191 
0 56 183 
11 70 195 
11 41 195 
97 168 182 
0 56 70 
5 70 195 
0 14 84 
0 9 98 
27 42 182 
0 11 185 
0 139 194 
13 112 125 
139 182 183 
13 69 190 
3 41 182 
3 27 182 
3 139 182 
4 42 195 
12 41 195 
13 84 193 
55 168 195 
4 13 98 
2 3 195 
5 55 195 
13 125 153 
14 181 182 
42 191 195 
12 13 69 
13 189 192 
7 126 195 
8 153 195 
0 3 111 
0 69 185 
0 167 186 
27 186 195 
9 194 195 
13 126 183 
0 190 193 
0 154 168 
12 55 195 
56 126 195 
0 14 194 
10 13 187 
182 185 187 
13 42 84 
9 182 186 
0 4 139 
13 112 185 
125 153 195 
0 4 112 
4 28 182 
182 183 188 
0 12 112 
0 3 194 
2 182 194 
13 69 97 
0 5 70 
0 181 188 
97 153 182 
13 186 191 
182 185 193 
13 55 97 
0 12 188 
6 126 182 
14 182 187 
0 9 168 
13 154 193 
0 6 190 
13 27 55 
97 182 194 
153 181 182 
13 184 187 
13 28 183 
3 154 182 
41 97 182 
2 9 195 
2 55 195 
0 5 186 
181 192 195 
0 7 167 
0 83 153 
5 13 168 
10 56 182 
12 42 195 
1 14 195 
0 56 83 
6 9 195 
13 139 188 
140 153 182 
153 182 192 
42 125 195 
0 1 194 
83 182 185 
0 10 188 
8 13 112 
41 140 195 
0 14 186 
0 2 185 
1 5 182 
0 5 153 
0 41 167 
13 167 181 
0 84 191 
181 183 195 
8 42 182 
0 1 70 
13 84 139 
9 13 28 
42 182 185 
2 182 186 
6 10 182 
13 126 168 
0 185 190 
0 154 184 
28 70 182 
3 13 98 
11 153 182 
13 98 184 
182 183 194 
41 83 195 
9 140 182 
12 56 182 
0 41 126 
14 83 195 
153 168 182 
126 167 195 
27 97 195 
11 13 84 
10 190 195 
70 190 195 
0 125 153 
112 125 182 
41 192 195 
7 111 195 
13 27 125 
13 42 69 
2 13 190 
10 183 195 
3 4 195 
4 5 195 
2 9 13 
0 5 69 
0 7 69 
5 167 195 
8 14 195 
0 154 189 
3 154 195 
8 183 195 
185 191 195 
13 98 181 
11 13 168 
84 186 195 
13 167 185 
9 13 187 
0 3 112 
41 182 183 
0 41 56 
125 191 195 
1 13 181 
1 12 182 
1 187 195 
56 98 182 
13 42 185 
9 181 182 
97 182 185 
0 5 167 
28 154 195 
0 1 84 
70 97 182 
0 97 194 
13 112 192 
0 41 183 
41 168 195 
0 55 189 
5 97 195 
84 182 187 
12 168 182 
13 42 154 
0 112 191 
140 187 195 
2 8 182 
140 182 187 
5 139 182 
84 181 195 
153 154 182 
6 182 185 
10 13 139 
0 41 84 
11 84 195 
13 41 56 
3 12 13 
13 28 125 
0 6 10 
154 184 195 
0 12 191 
42 111 182 
56 183 195 
13 42 186 
1 84 195 
0 2 83 
56 126 182 
181 184 195 
154 182 192 
13 112 154 
0 140 186 
9 14 195 
98 182 193 
0 6 189 
0 8 188 
7 13 98 
97 140 182 
0 1 192 
13 139 181 
0 139 153 
0 70 187 
11 182 194 
4 13 187 
13 69 112 
98 139 195 
0 2 6 
111 168 182 
0 5 188 
8 182 184 
56 140 182 
98 184 195 
0 14 184 
5 12 182 
4 140 182 
2 13 168 
0 181 189 
84 182 192 
9 125 195 
0 98 187 
0 27 55 
0 6 9 
13 98 139 
0 10 184 
0 154 187 
7 13 83 
42 140 182 
0 189 191 
11 56 195 
1 3 195 
0 9 140 
168 182 188 
111 189 195 
10 11 13 
0 185 186 
14 112 195 
112 168 182 
13 41 185 
2 183 195 
3 9 195 
6 56 182 
2 13 98 
14 97 182 
42 182 189 
42 182 190 
0 2 10 
13 154 190 
0 42 70 
0 4 97 
14 182 190 
84 126 182 
3 182 185 
6 97 195 
3 12 195 
0 42 188 
13 55 153 
0 1 111 
0 83 187 
9 13 69 
4 10 195 
4 184 195 
2 182 190 
111 186 195 
0 7 9 
0 55 56 
5 27 195 
0 153 189 
5 139 195 
9 84 182 
41 70 182 
4 11 195 
0 189 190 
11 13 70 
13 42 183 
1 69 195 
4 194 195 
13 112 167 
0 1 187 
28 182 192 
0 9 191 
125 182 194 
188 193 195 
0 97 186 
185 193 195 
0 2 84 
1 126 182 
4 13 183 
6 84 182 
0 8 168 
12 13 192 
0 7 185 
83 181 195 
0 184 189 
154 187 195 
13 56 83 
69 125 195 
13 139 184 
182 185 186 
13 42 126 
13 154 168 
13 42 111 
84 191 195 
55 186 195 
168 187 195 
12 139 195 
0 6 98 
0 6 111 
0 27 97 
13 154 181 
0 42 193 
0 1 69 
56 154 182 
0 83 125 
42 168 195 
3 181 182 
42 192 195 
0 1 3 
13 112 188 
4 13 69 
168 190 195 
111 185 195 
13 98 125 
13 98 193 
0 83 185 
139 182 190 
182 183 184 
13 56 140 
9 154 182 
2 12 13 
111 167 182 
183 188 195 
6 13 191 
0 28 189 
182 183 191 
5 182 183 
12 153 182 
182 187 194 
97 190 195 
4 56 182 
0 3 190 
4 189 195 
12 14 182 
3 112 182 
0 126 184 
69 111 182 
0 168 189 
5 126 195 
11 182 190 
10 167 182 
8 140 195 
56 189 195 
4 55 182 
185 187 195 
3 167 182 
0 6 69 
2 184 195 
2 83 195 
0 186 190 
0 42 125 
0 1 185 
13 192 194 
167 190 195 
83 189 195 
4 167 195 
8 11 182 
0 3 193 
42 56 195 
98 182 187 
13 28 187 
0 7 70 
56 190 195 
0 28 181 
55 187 195 
0 41 69 
11 13 189 
13 41 154 
42 126 182 
6 13 189 
11 12 195 
41 111 182 
0 12 126 
12 13 140 
6 13 125 
1 182 186 
0 12 27 
42 154 195 
153 154 195 
5 192 195 
0 181 193 
83 139 182 
55 125 182 
13 185 188 
0 28 183 
70 140 182 
0 2 184 
0 97 98 
10 13 28 
0 6 187 
9 13 41 
13 184 194 
7 83 182 
2 13 56 
14 56 182 
13 189 194 
0 139 183 
4 10 13 
111 182 193 
11 14 182 
7 139 182 
0 55 111 
12 126 182 
0 167 194 
0 3 192 
1 70 195 
27 126 195 
42 185 195 
11 42 195 
10 111 195 
11 13 27 
10 154 195 
5 27 182 
0 7 191 
10 69 182 
6 139 182 
7 153 182 
10 182 183 
0 14 188 
0 168 192 
42 153 182 
1 55 182 
9 188 195 
0 153 183 
0 28 97 
1 139 182 
9 10 182 
140 182 194 
182 184 188 
13 55 192 
112 182 191 
83 185 195 
12 13 139 
0 3 69 
190 193 195 
2 12 182 
0 83 188 
189 194 195 
0 181 184 
0 2 69 
13 168 185 
0 3 83 
0 84 111 
5 70 182 
0 11 98 
186 187 195 
11 181 195 
56 168 195 
5 13 193 
13 193 194 
14 184 195 
13 168 183 
41 56 182 
70 193 195 
13 14 97 
13 187 190 
13 27 28 
0 10 83 
10 112 195 
6 13 84 
13 181 187 
0 28 111 
13 14 181 
9 189 195 
84 125 195 
1 186 195 
112 125 195 
12 13 181 
4 111 182 
0 42 111 
0 27 183 
5 13 84 
5 182 186 
12 13 194 
0 9 12 
13 28 98 
139 182 187 
97 167 195 
83 168 195 
13 154 187 
28 97 182 
3 13 190 
5 13 111 
126 182 192 
0 98 183 
0 4 140 
11 126 195 
7 13 70 
8 182 192 
7 190 195 
28 153 182 
7 42 195 
9 83 182 
182 191 194 
84 182 185 
1 8 195 
183 193 195 
1 112 182 
13 112 191 
8 27 182 
10 111 182 
7 13 97 
5 13 190 
0 12 98 
3 6 13 
0 14 97 
4 6 13 
0 14 183 
0 8 193 
42 112 182 
7 11 13 
42 167 195 
13 55 184 
8 126 195 
83 182 190 
42 182 188 
12 13 111 
0 6 186 
9 181 195 
6 13 55 
6 7 195 
13 56 126 
0 3 9 
97 154 195 
140 186 195 
139 182 189 
13 27 168 
97 154 182 
2 13 186 
28 56 195 
0 84 126 
13 167 192 
0 41 191 
4 13 112 
1 182 187 
112 193 195 
0 83 194 
0 84 97 
55 181 195 
0 70 111 
153 182 186 
14 182 193 
7 56 182 
0 8 154 
11 190 195 
13 41 69 
6 9 13 
13 55 194 
9 182 192 
126 182 194 
9 13 139 
0 6 8 
3 125 182 
55 182 190 
14 111 182 
5 97 182 
13 42 181 
56 111 195 
13 28 181 
0 83 154 
12 13 153 
0 3 125 
1 13 183 
13 97 98 
27 83 195 
13 184 189 
0 2 189 
111 154 182 
182 187 192 
11 13 97 
12 140 195 
9 168 195 
6 182 187 
140 168 195 
13 125 154 
0 125 189 
8 97 182 
55 56 182 
13 83 186 
10 97 195 
140 182 183 
0 84 192 
69 168 182 
0 7 188 
13 97 183 
0 7 154 
13 97 192 
4 9 195 
0 55 190 
11 13 167 
13 97 188 
8 10 13 
140 182 185 
0 28 140 
7 154 182 
2 182 187 
139 168 195 
0 5 183 
0 9 84 
13 42 188 
55 98 195 
84 182 188 
7 167 182 
98 182 185 
0 98 188 
1 184 195 
11 183 195 
0 28 126 
14 187 195 
13 188 192 
9 13 125 
0 2 139 
126 140 182 
84 153 182 
7 84 195 
13 55 70 
0 10 112 
4 56 195 
13 14 153 
69 182 191 
2 13 183 
126 139 182 
0 69 194 
13 168 194 
0 97 140 
0 84 183 
41 126 182 
0 42 83 
14 168 195 
111 194 195 
13 70 83 
9 191 195 
125 181 195 
0 14 70 
27 140 182 
97 112 195 
3 70 182 
13 126 139 
97 112 182 
13 70 167 
11 13 98 
3 84 195 
184 193 195 
13 14 56 
111 125 182 
14 182 186 
13 42 187 
154 168 195 
181 182 190 
13 126 188 
98 126 195 
13 168 184 
97 188 195 
7 126 182 
0 3 7 
1 56 182 
0 98 192 
13 28 97 
9 185 195 
10 112 182 
13 139 154 
0 84 189 
70 84 182 
13 83 193 
13 83 181 
13 41 187 
12 13 189 
0 69 154 
125 190 195 
70 111 182 
0 9 28 
7 111 182 
6 168 182 
3 69 182 
0 70 191 
13 69 191 
13 55 56 
13 111 190 
182 189 191 
10 182 189 
13 14 167 
9 55 195 
5 125 195 
5 7 182 
5 13 55 
5 28 195 
0 168 193 
3 140 195 
13 154 183 
56 69 182 
55 182 184 
184 186 195 
5 28 182 
13 84 185 
12 13 185 
13 168 188 
4 69 195 
2 13 153 
0 14 153 
0 11 14 
13 41 55 
0 10 153 
55 167 195 
182 187 188 
13 41 184 
27 187 195 
13 56 192 
13 83 187 
0 3 14 
28 83 182 
7 13 167 
28 139 182 
0 1 42 
56 70 195 
12 182 186 
6 8 195 
2 27 182 
0 153 192 
112 153 182 
0 181 190 
13 181 192 
55 182 192 
0 42 56 
0 42 187 
126 190 195 
0 4 98 
13 69 83 
1 168 182 
0 42 55 
83 183 195 
8 185 195 
112 167 182 
13 70 194 
7 189 195 
125 181 182 
69 183 195 
0 69 192 
0 167 191 
0 181 185 
13 28 168 
28 98 182 
98 182 188 
55 193 195 
56 182 185 
2 140 182 
12 97 182 
0 42 69 
27 183 195 
4 154 195 
0 167 189 
6 12 182 
3 189 195 
9 41 195 
0 7 10 
0 185 189 
11 168 195 
0 12 56 
0 27 42 
0 139 168 
69 182 185 
11 83 195 
98 112 182 
11 13 111 
0 42 154 
8 9 195 
0 126 168 
13 126 181 
0 28 56 
69 84 195 
98 139 182 
153 182 184 
11 83 182 
0 153 181 
112 126 182 
0 28 191 
182 189 194 
28 84 182 
5 11 13 
7 140 195 
0 6 84 
0 8 83 
0 97 112 
0 4 189 
12 70 182 
7 83 195 
27 55 182 
0 4 167 
55 190 195 
9 13 111 
0 8 98 
10 13 183 
13 187 188 
0 183 194 
0 70 194 
8 69 195 
13 183 187 
0 5 184 
28 183 195 
10 13 84 
10 13 192 
7 13 186 
4 140 195 
13 14 188 
0 111 140 
11 182 183 
84 182 186 
10 70 195 
11 125 195 
0 126 190 
186 194 195 
13 70 126 
186 191 195 
0 2 190 
83 97 195 
11 13 28 
0 10 194 
112 154 195 
184 192 195 
125 167 195 
6 10 195 
10 191 195 
27 112 182 
0 69 189 
4 28 195 
0 11 69 
9 13 188 
0 184 194 
7 183 195 
42 193 195 
0 12 184 
12 13 186 
5 13 42 
13 84 154 
154 193 195 
0 125 188 
111 126 182 
70 192 195 
5 153 195 
2 84 182 
97 182 189 
4 27 182 
0 11 189 
11 12 13 
4 98 182 
4 12 182 
5 13 139 
13 55 84 
14 98 182 
13 56 125 
0 139 190 
13 28 185 
4 181 182 
98 185 195 
13 14 139 
13 167 183 
70 139 195 
14 84 195 
2 83 182 
0 9 183 
0 8 125 
181 188 195 
0 56 189 
97 192 195 
0 84 139 
2 56 182 
8 186 195 
0 4 181 
0 98 167 
27 167 195 
0 7 153 
6 13 188 
13 27 183 
167 186 195 
4 126 182 
0 41 83 
184 190 195 
3 185 195 
11 112 195 
56 84 195 
0 12 139 
0 11 168 
11 13 185 
0 14 191 
11 13 181 
55 183 195 
0 84 193 
5 56 182 
97 167 182 
6 41 182 
9 139 195 
4 13 42 
11 126 182 
69 97 195 
13 27 97 
13 183 190 
0 55 183 
13 56 139 
125 154 182 
0 191 194 
5 182 193 
13 185 190 
7 13 140 
12 13 98 
11 98 195 
0 7 42 
3 11 182 
13 153 167 
7 153 195 
13 191 192 
2 153 195 
154 182 189 
111 183 195 
1 83 195 
181 189 195 
0 5 139 
0 153 191 
13 70 186 
126 167 182 
6 13 111 
0 14 111 
181 182 187 
0 55 140 
1 13 184 
4 125 195 
181 185 195 
7 13 42 
9 28 195 
13 69 188 
7 182 187 
14 191 195 
41 182 192 
111 182 189 
7 11 195 
98 181 182 
5 13 126 
13 186 193 
8 13 41 
9 27 182 
13 112 140 
140 190 195 
154 181 195 
0 168 191 
56 182 194 
9 153 182 
14 97 195 
11 13 191 
2 13 55 
13 83 190 
7 70 195 
0 1 168 
55 154 182 
7 185 195 
0 11 192 
0 10 193 
13 111 187 
125 182 185 
126 168 182 
4 14 195 
9 182 185 
13 153 185 
97 153 195 
140 153 195 
5 10 13 
10 13 112 
6 8 182 
28 125 182 
0 3 97 
0 42 189 
9 13 112 
12 182 192 
0 111 181 
84 139 182 
10 13 154 
0 4 12 
189 190 195 
8 13 111 
181 182 185 
0 10 97 
3 111 195 
0 8 42 
10 185 195 
1 11 13 
0 111 189 
0 153 184 
13 139 167 
0 1 4 
8 83 182 
153 185 195 
0 9 184 
13 84 184 
70 140 195 
56 182 189 
167 181 182 
0 56 111 
97 98 182 
13 56 190 
9 13 56 
13 69 189 
84 112 195 
83 139 195 
42 182 193 
0 84 98 
0 126 183 
70 183 195 
14 69 195 
0 42 112 
27 125 182 
10 140 182 
3 98 182 
0 1 190 
4 13 184 
13 70 153 
0 69 167 
13 98 190 
98 140 182 
42 139 195 
28 98 195 
0 140 192 
112 182 184 
42 98 195 
4 182 183 
182 191 192 
6 11 182 
69 83 182 
4 13 14 
11 13 184 
27 139 182 
5 189 195 
13 84 111 
13 187 191 
8 13 185 
6 13 70 
0 2 188 
112 188 195 
10 83 182 
12 185 195 
182 188 192 
70 139 182 
10 13 56 
167 182 184 
10 13 41 
0 188 194 
0 140 188 
55 168 182 
13 140 194 
11 13 126 
167 184 195 
139 182 193 
13 27 188 
97 187 195 
4 13 192 
8 13 154 
0 185 194 
154 185 195 
0 112 186 
13 70 191 
112 140 195 
2 154 195 
1 14 182 
0 3 185 
11 13 14 
192 193 195 
13 55 193 
13 70 97 
13 112 184 
8 56 195 
13 187 189 
0 69 188 
6 154 182 
112 182 187 
2 13 188 
69 188 195 
0 6 12 
6 42 195 
6 182 189 
0 10 168 
10 13 69 
0 140 185 
0 4 10 
13 125 191 
7 125 195 
13 189 193 
0 3 10 
14 182 194 
84 182 194 
83 184 195 
0 9 186 
13 55 98 
0 6 56 
0 8 181 
0 139 191 
13 41 139 
55 153 182 
9 187 195 
28 69 182 
2 6 182 
41 154 195 
126 181 195 
0 112 153 
83 182 194 
83 111 182 
1 41 195 
139 140 182 
140 182 190 
13 83 140 
2 168 182 
13 111 193 
0 27 56 
13 111 167 
1 9 195 
41 125 182 
69 168 195 
3 13 55 
2 13 42 
186 192 195 
27 182 191 
3 13 126 
0 42 181 
84 153 195 
0 69 98 
41 56 195 
84 97 182 
154 182 191 
0 112 190 
13 97 186 
13 83 188 
56 182 190 
11 13 194 
13 83 111 
13 98 191 
27 182 188 
0 27 84 
6 112 195 
98 182 184 
42 56 182 
55 140 195 
0 111 186 
4 9 182 
111 188 195 
5 55 182 
13 97 191 
0 5 11 
3 10 195 
6 27 182 
70 168 195 
6 139 195 
153 189 195 
13 112 153 
182 186 191 
0 8 112 
4 13 111 
98 191 195 
0 112 184 
9 13 70 
9 13 84 
0 3 55 
13 28 193 
182 186 194 
83 194 195 
3 13 191 
13 56 111 
2 126 195 
28 42 195 
13 167 189 
0 97 190 
0 55 70 
10 13 98 
0 112 139 
0 154 181 
2 4 195 
185 190 195 
13 84 181 
13 154 186 
0 56 184 
13 112 190 
11 112 182 
7 13 188 
6 181 195 
10 84 182 
13 28 126 
4 126 195 
0 181 192 
7 13 189 
7 28 182 
0 167 168 
7 13 14 
55 182 193 
0 126 154 
13 111 125 
0 9 97 
182 191 193 
27 154 182 
0 5 6 
1 41 182 
11 182 188 
0 8 12 
8 181 195 
56 69 195 
55 182 191 
125 126 182 
3 13 184 
125 182 190 
0 8 14 
168 182 185 
112 153 195 
13 69 98 
12 182 184 
0 187 190 
182 184 190 
0 9 56 
0 12 140 
13 153 184 
7 84 182 
3 13 125 
0 7 194 
0 167 181 
13 14 194 
13 125 139 
6 98 182 
27 153 195 
13 97 112 
8 167 195 
2 4 182 
6 13 139 
13 27 140 
0 2 55 
3 112 195 
12 13 190 
13 69 126 
84 182 190 
12 13 188 
42 97 195 
55 126 195 
13 154 185 
7 182 190 
6 14 195 
83 125 182 
181 186 195 
13 153 190 
41 193 195 
14 42 195 
0 10 111 
0 83 98 
0 97 139 
0 97 192 
0 9 192 
153 182 193 
184 187 195 
83 181 182 
125 192 195 
9 13 185 
13 28 191 
167 182 183 
13 112 189 
3 182 187 
167 182 193 
70 181 195 
3 13 70 
12 13 168 
69 112 195 
13 98 168 
0 154 193 
0 3 8 
13 27 167 
13 27 98 
3 182 188 
2 111 195 
42 168 182 
13 126 154 
13 28 42 
111 182 190 
5 13 69 
3 126 182 
3 192 195 
27 182 194 
5 13 28 
2 192 195 
13 70 183 
9 10 13 
13 125 186 
0 27 168 
56 181 182 
111 190 195 
13 27 186 
13 27 194 
11 181 182 
10 126 195 
1 13 97 
6 13 28 
7 27 182 
13 83 126 
41 42 182 
9 125 182 
3 9 13 
42 184 195 
1 9 13 
42 55 195 
13 112 168 
12 153 195 
0 6 194 
10 13 111 
0 55 154 
0 6 193 
1 7 195 
126 182 184 
13 111 181 
183 190 195 
0 112 194 
126 181 182 
10 13 27 
3 13 14 
0 97 189 
8 28 182 
10 55 195 
12 13 125 
13 41 190 
14 41 195 
27 188 195 
126 183 195 
0 70 181 
0 7 125 
2 13 192 
9 56 195 
14 186 195 
186 188 195 
6 140 182 
27 83 182 
28 188 195 
13 69 154 
7 13 154 
10 182 188 
0 56 191 
10 13 185 
125 154 195 
8 167 182 
0 2 97 
2 11 182 
3 168 195 
4 55 195 
13 70 185 
13 168 190 
140 182 188 
1 13 186 
8 13 42 
28 181 195 
0 11 154 
0 11 70 
5 6 182 
126 182 190 
83 111 195 
5 194 195 
13 154 167 
2 182 188 
167 182 185 
13 70 192 
0 183 185 
0 5 193 
55 126 182 
126 154 195 
13 42 55 
70 182 188 
1 83 182 
28 83 195 
1 28 195 
0 1 28 
13 126 191 
0 11 97 
2 10 182 
4 42 182 
55 182 185 
0 183 192 
42 181 195 
13 84 167 
98 153 195 
10 13 191 
41 182 194 
14 111 195 
5 13 167 
139 191 195 
0 27 167 
10 153 182 
13 125 190 
0 111 154 
111 181 182 
8 154 195 
9 167 195 
3 13 83 
83 182 193 
0 27 194 
0 41 193 
0 8 27 
125 188 195 
139 183 195 
56 125 195 
8 70 182 
41 183 195 
0 12 193 
13 139 193 
154 181 182 
126 187 195 
139 187 195 
70 167 195 
7 9 182 
0 8 55 
6 55 195 
1 13 70 
27 126 182 
11 167 195 
14 182 184 
6 70 195 
0 12 183 
13 83 84 
0 2 9 
13 83 167 
7 10 13 
153 190 195 
7 97 182 
7 13 111 
3 153 195 
4 188 195 
0 14 69 
0 28 168 
84 194 195 
12 194 195 
0 14 185 
3 13 28 
9 42 195 
0 188 193 
3 84 182 
2 8 195 
70 186 195 
0 9 42 
6 13 41 
140 167 195 
6 84 195 
0 27 126 
1 6 182 
0 83 111 
181 182 194 
0 10 41 
27 181 195 
10 13 193 
13 184 188 
112 182 189 
13 70 125 
3 83 195 
0 27 70 
13 140 187 
13 14 112 
8 13 14 
125 182 186 
0 125 154 
8 13 98 
3 13 185 
8 13 192 
3 28 182 
1 13 41 
14 154 195 
182 184 194 
13 186 189 
83 182 183 
5 7 195 
0 2 125 
125 182 188 
182 186 187 
182 188 190 
0 125 167 
1 193 195 
13 83 184 
0 126 153 
190 191 195 
0 14 187 
11 55 195 
6 13 154 
0 8 97 
13 139 183 
1 2 182 
27 28 182 
70 189 195 
0 83 126 
69 140 182 
0 1 193 
0 3 126 
13 181 189 
70 153 182 
13 55 187 
11 28 195 
13 55 191 
126 182 191 
13 70 111 
69 187 195 
13 111 185 
3 13 112 
9 183 195 
0 8 84 
41 55 195 
3 182 184 
183 189 195 
55 185 195 
0 98 193 
28 41 182 
12 56 195 
13 125 193 
56 182 192 
27 154 195 
98 168 195 
2 13 185 
13 190 194 
98 193 195 
13 42 112 
0 11 188 
42 194 195 
13 187 192 
0 126 186 
70 83 195 
181 182 186 
182 183 185 
0 56 193 
41 153 182 
0 5 42 
125 185 195 
6 13 190 
13 190 191 
0 42 98 
126 191 195 
11 42 182 
13 56 70 
153 192 195 
125 189 195 
1 8 13 
8 182 183 
0 70 140 
13 140 184 
111 167 195 
112 194 195 
5 42 195 
11 13 55 
41 69 182 
0 139 187 
3 182 192 
28 125 195 
13 56 112 
1 97 195 
13 56 168 
0 9 167 
3 13 42 
8 139 195 
13 97 189 
182 189 190 
8 98 195 
112 182 188 
28 189 195 
83 182 187 
13 153 154 
14 55 182 
6 182 184 
7 27 195 
3 182 190 
13 97 185 
0 1 12 
13 125 192 
42 190 195 
0 11 153 
0 41 42 
28 126 195 
7 182 191 
167 182 189 
14 153 182 
4 182 192 
1 27 182 
7 13 168 
5 13 125 
0 55 186 
69 153 182 
69 126 182 
13 167 187 
0 5 7 
13 187 193 
0 55 112 
8 182 185 
167 182 190 
0 56 125 
12 98 195 
6 188 195 
11 84 182 
83 112 182 
4 112 182 
14 84 182 
5 182 192 
0 4 190 
0 3 5 
0 56 167 
13 126 186 
70 182 192 
3 111 182 
6 182 194 
7 140 182 
13 28 167 
9 182 188 
55 188 195 
13 139 185 
0 6 83 
12 190 195 
4 27 195 
56 83 195 
111 168 195 
69 97 182 
5 69 195 
13 98 111 
0 56 168 
12 13 193 
97 194 195 
13 27 41 
6 13 194 
5 181 182 
12 14 195 
154 182 185 
6 181 182 
84 187 195 
70 187 195 
98 182 190 
10 13 42 
3 7 13 
7 28 195 
187 193 195 
112 189 195 
5 186 195 
98 112 195 
7 188 195 
1 98 182 
0 5 98 
13 111 139 
83 186 195 
3 190 195 
11 182 192 
4 13 189 
13 70 188 
70 182 183 
139 182 186 
12 182 189 
0 41 97 
13 14 125 
0 5 181 
0 185 187 
3 186 195 
0 140 194 
11 56 182 
183 186 195 
10 13 70 
70 182 185 
1 27 195 
5 182 194 
6 153 195 
13 111 153 
1 112 195 
55 189 195 
0 187 193 
13 14 183 
14 112 182 
55 84 182 
13 183 184 
13 112 186 
98 190 195 
0 2 8 
0 42 184 
7 97 195 
28 112 195 
13 27 187 
11 140 182 
11 125 182 
2 187 195 
139 182 188 
0 7 11 
182 185 188 
9 11 182 
12 167 195 
0 98 184 
13 56 69 
69 70 195 
0 6 41 
13 83 97 
0 56 112 
13 187 194 
8 13 167 
0 112 125 
28 167 182 
13 28 70 
4 13 167 
1 6 195 
0 7 83 
27 185 195 
9 97 195 
6 13 126 
2 70 182 
13 27 181 
10 98 195 
10 181 195 
69 98 195 
0 56 190 
13 184 186 
13 55 154 
0 111 112 
4 10 182 
154 188 195 
1 7 13 
27 194 195 
7 13 28 
83 192 195 
140 183 195 
42 84 182 
97 111 182 
13 27 154 
0 70 190 
0 12 153 
6 167 182 
13 83 191 
0 11 55 
13 41 186 
0 167 183 
2 181 182 
8 194 195 
139 182 194 
10 14 182 
0 6 140 
182 186 189 
2 125 195 
4 182 184 
0 2 168 
28 56 182 
