0 13 139 195 
0 13 140 195 
13 182 184 195 
0 13 193 195 
0 11 13 195 
0 13 187 195 
0 182 186 195 
0 13 182 193 
0 13 126 195 
5 13 182 195 
13 70 182 195 
0 13 70 182 
13 98 182 195 
0 13 153 182 
0 168 182 195 
4 13 182 195 
13 182 193 195 
0 1 13 195 
0 182 189 195 
0 13 190 195 
0 182 187 195 
13 182 186 195 
0 167 182 195 
0 5 182 195 
0 4 13 182 
0 8 13 195 
0 13 182 184 
0 182 183 195 
0 27 182 195 
13 69 182 195 
0 182 193 195 
0 13 182 183 
0 13 125 182 
13 28 182 195 
0 83 182 195 
6 13 182 195 
2 13 182 195 
0 13 14 182 
0 125 182 195 
0 13 168 195 
0 9 182 195 
0 13 191 195 
0 13 189 195 
0 9 13 195 
13 140 182 195 
0 13 126 182 
13 84 182 195 
13 139 182 195 
0 11 13 182 
13 182 188 195 
13 112 182 195 
0 111 182 195 
0 13 97 182 
0 13 98 195 
0 41 182 195 
0 13 182 191 
13 41 182 195 
0 11 182 195 
13 55 182 195 
0 13 28 195 
0 13 154 182 
0 13 168 182 
13 181 182 195 
0 13 28 182 
0 10 182 195 
0 10 13 195 
0 182 185 195 
13 182 187 195 
0 12 182 195 
13 168 182 195 
13 111 182 195 
0 13 55 195 
0 13 56 182 
13 167 182 195 
0 3 13 182 
0 2 13 182 
0 13 182 186 
0 13 182 188 
0 13 111 182 
0 13 182 189 
0 13 84 182 
0 28 182 195 
0 13 70 195 
0 13 188 195 
0 12 13 195 
3 13 182 195 
0 97 182 195 
0 13 41 195 
0 13 69 182 
0 182 191 195 
0 14 182 195 
0 112 182 195 
13 182 191 195 
0 7 182 195 
0 13 167 182 
0 13 181 195 
0 8 182 195 
0 13 183 195 
0 7 13 182 
13 182 189 195 
0 13 56 195 
0 13 140 182 
0 12 13 182 
0 13 69 195 
0 7 13 195 
13 97 182 195 
0 6 13 182 
0 13 167 195 
13 56 182 195 
11 13 182 195 
0 154 182 195 
0 13 83 195 
7 13 182 195 
0 6 182 195 
0 1 13 182 
0 13 41 182 
13 14 182 195 
0 13 153 195 
0 2 182 195 
0 182 190 195 
0 5 13 182 
0 13 154 195 
0 42 182 195 
0 13 55 182 
13 182 194 195 
0 13 27 195 
13 126 182 195 
0 13 111 195 
0 182 194 195 
0 10 13 182 
13 154 182 195 
10 13 182 195 
0 69 182 195 
0 3 13 195 
0 153 182 195 
0 84 182 195 
13 182 185 195 
9 13 182 195 
0 182 184 195 
0 126 182 195 
0 13 42 182 
0 13 97 195 
0 55 182 195 
0 13 125 195 
0 182 188 195 
0 13 27 182 
0 13 184 195 
0 13 98 182 
0 1 182 195 
13 83 182 195 
0 13 112 182 
0 13 42 195 
0 4 182 195 
13 125 182 195 
0 13 192 195 
0 13 182 194 
0 13 14 195 
0 13 185 195 
0 56 182 195 
13 182 190 195 
0 2 13 195 
13 42 182 195 
8 13 182 195 
0 13 182 185 
13 153 182 195 
0 13 182 192 
0 4 13 195 
0 13 84 195 
0 13 139 182 
0 13 186 195 
12 13 182 195 
0 6 13 195 
0 139 182 195 
0 13 182 190 
0 5 13 195 
0 13 181 182 
1 13 182 195 
13 182 183 195 
0 3 182 195 
0 13 194 195 
0 9 13 182 
0 8 13 182 
0 182 192 195 
13 27 182 195 
0 98 182 195 
0 13 83 182 
0 13 112 195 
13 182 192 195 
0 140 182 195 
0 13 182 187 
0 181 182 195 
0 70 182 195 
