0 160 182 195 
0 13 60 182 
0 43 182 195 
13 155 182 195 
13 175 182 195 
0 13 86 195 
0 47 182 195 
0 13 105 182 
0 85 182 195 
0 165 182 195 
13 63 182 195 
0 13 38 195 
0 121 182 195 
0 13 163 182 
0 102 182 195 
0 13 58 195 
13 99 182 195 
13 88 182 195 
13 132 182 195 
0 13 129 195 
0 13 17 182 
0 59 182 195 
0 13 57 182 
0 13 130 182 
0 13 16 182 
0 13 94 195 
0 145 182 195 
13 116 182 195 
13 145 182 195 
0 147 182 195 
0 79 182 195 
0 110 182 195 
13 104 182 195 
13 109 182 195 
0 13 143 182 
0 20 182 195 
0 122 182 195 
13 114 182 195 
0 13 136 195 
0 13 85 195 
0 13 93 182 
0 13 177 195 
0 105 182 195 
13 115 182 195 
13 30 182 195 
0 82 182 195 
0 13 104 182 
0 176 182 195 
0 24 182 195 
13 130 182 195 
0 13 31 195 
0 13 179 182 
0 127 182 195 
0 13 128 195 
0 13 119 195 
13 45 182 195 
0 13 159 182 
13 166 182 195 
13 21 182 195 
0 113 182 195 
13 43 182 195 
0 13 52 195 
0 13 157 182 
0 22 182 195 
0 13 46 182 
13 78 182 195 
0 13 133 195 
0 13 53 182 
13 113 182 195 
13 36 182 195 
0 13 159 195 
0 13 152 195 
0 13 78 195 
0 115 182 195 
13 15 182 195 
0 13 115 182 
13 93 182 195 
0 13 161 195 
0 13 59 195 
0 13 145 195 
0 13 176 182 
0 13 45 182 
0 13 37 195 
0 54 182 195 
13 76 182 195 
0 13 96 195 
0 13 63 182 
0 21 182 195 
0 13 141 195 
0 13 31 182 
0 13 71 182 
13 135 182 195 
0 13 92 182 
0 13 161 182 
0 94 182 195 
0 124 182 195 
0 166 182 195 
0 58 182 195 
0 13 87 182 
0 68 182 195 
0 13 43 182 
0 13 110 195 
0 13 100 182 
0 13 173 195 
0 120 182 195 
0 13 21 195 
0 13 174 195 
0 13 163 195 
0 13 78 182 
13 91 182 195 
0 13 22 195 
0 13 89 195 
0 13 30 182 
0 64 182 195 
13 57 182 195 
0 150 182 195 
0 13 164 195 
13 80 182 195 
0 157 182 195 
13 161 182 195 
13 159 182 195 
13 108 182 195 
0 13 34 195 
0 92 182 195 
0 13 134 195 
13 171 182 195 
0 13 118 182 
0 89 182 195 
0 13 151 195 
0 13 38 182 
0 18 182 195 
13 165 182 195 
0 13 48 195 
0 13 61 195 
0 13 172 182 
0 13 156 195 
13 49 182 195 
0 13 156 182 
13 173 182 195 
13 68 182 195 
13 177 182 195 
0 93 182 195 
0 13 157 195 
0 13 123 195 
13 160 182 195 
0 103 182 195 
0 13 79 182 
0 13 90 195 
0 146 182 195 
0 13 48 182 
13 148 182 195 
0 13 131 182 
0 13 68 195 
13 65 182 195 
0 13 68 182 
0 13 91 195 
0 88 182 195 
13 151 182 195 
0 13 106 182 
0 13 99 182 
13 79 182 195 
0 26 182 195 
13 46 182 195 
0 13 106 195 
0 155 182 195 
0 132 182 195 
0 77 182 195 
0 13 75 182 
0 179 182 195 
0 91 182 195 
0 130 182 195 
13 105 182 195 
0 13 73 182 
13 123 182 195 
13 152 182 195 
13 142 182 195 
0 13 178 195 
0 13 104 195 
13 37 182 195 
13 77 182 195 
13 137 182 195 
0 13 81 195 
0 106 182 195 
0 13 92 195 
0 13 59 182 
0 13 60 195 
0 173 182 195 
0 13 44 195 
13 127 182 195 
0 13 166 182 
0 13 171 182 
0 13 75 195 
13 95 182 195 
0 67 182 195 
0 134 182 195 
0 13 121 182 
0 13 52 182 
13 81 182 195 
0 13 64 195 
13 133 182 195 
0 13 145 182 
0 65 182 195 
0 129 182 195 
0 37 182 195 
0 13 169 195 
0 13 96 182 
0 152 182 195 
0 13 131 195 
0 13 95 195 
0 13 50 195 
13 124 182 195 
0 17 182 195 
0 164 182 195 
0 35 182 195 
0 13 117 195 
0 13 162 195 
0 13 103 182 
13 74 182 195 
0 13 146 182 
13 102 182 195 
0 13 135 182 
13 149 182 195 
0 71 182 195 
0 13 44 182 
13 122 182 195 
0 96 182 195 
13 174 182 195 
0 141 182 195 
0 13 136 182 
0 13 133 182 
0 159 182 195 
0 13 36 182 
0 13 113 182 
0 30 182 195 
0 13 149 195 
0 13 110 182 
0 108 182 195 
0 13 93 195 
13 157 182 195 
0 73 182 195 
13 58 182 195 
0 90 182 195 
0 13 37 182 
0 114 182 195 
0 118 182 195 
0 13 91 182 
0 13 67 195 
0 174 182 195 
13 62 182 195 
0 13 142 195 
0 13 109 195 
0 13 138 195 
13 52 182 195 
0 13 32 182 
13 87 182 195 
0 169 182 195 
0 13 35 182 
13 146 182 195 
0 172 182 195 
0 144 182 195 
0 19 182 195 
0 13 17 195 
13 60 182 195 
0 13 166 195 
13 107 182 195 
0 149 182 195 
0 13 23 182 
13 66 182 195 
0 13 40 182 
13 53 182 195 
0 13 130 195 
0 13 45 195 
0 13 176 195 
0 13 137 195 
0 109 182 195 
13 141 182 195 
0 13 66 182 
13 18 182 195 
0 13 61 182 
13 121 182 195 
0 13 51 195 
0 13 22 182 
0 13 26 195 
0 13 72 182 
0 13 143 195 
0 142 182 195 
13 17 182 195 
0 13 150 182 
13 23 182 195 
0 13 26 182 
13 106 182 195 
0 177 182 195 
0 13 149 182 
0 75 182 195 
0 13 94 182 
0 13 89 182 
0 156 182 195 
0 13 54 182 
0 13 51 182 
0 13 122 195 
0 13 82 182 
13 85 182 195 
0 34 182 195 
13 100 182 195 
13 51 182 195 
0 100 182 195 
0 123 182 195 
0 13 74 195 
13 26 182 195 
13 101 182 195 
13 50 182 195 
0 13 100 195 
0 158 182 195 
0 13 65 195 
0 13 141 182 
0 78 182 195 
0 13 19 182 
0 13 108 182 
0 13 88 195 
0 13 85 182 
0 138 182 195 
0 13 165 195 
0 13 43 195 
0 80 182 195 
0 13 63 195 
0 13 146 195 
0 13 49 182 
0 13 171 195 
0 13 18 182 
0 13 65 182 
13 22 182 195 
0 13 88 182 
0 13 105 195 
0 13 148 195 
13 20 182 195 
13 156 182 195 
0 13 73 195 
0 76 182 195 
0 148 182 195 
0 13 114 195 
0 13 24 182 
0 13 32 195 
13 47 182 195 
0 13 67 182 
0 13 169 182 
0 13 116 182 
0 13 144 182 
13 96 182 195 
13 163 182 195 
13 54 182 195 
0 13 109 182 
0 13 147 195 
13 94 182 195 
0 13 148 182 
0 45 182 195 
0 40 182 195 
13 150 182 195 
13 162 182 195 
0 13 23 195 
0 135 182 195 
0 13 108 195 
0 13 120 182 
0 13 71 195 
0 163 182 195 
13 35 182 195 
0 62 182 195 
0 13 19 195 
0 13 118 195 
0 13 33 195 
13 136 182 195 
0 31 182 195 
0 180 182 195 
13 120 182 195 
0 13 29 182 
0 38 182 195 
0 13 34 182 
13 179 182 195 
0 13 152 182 
0 13 137 182 
0 13 128 182 
0 13 50 182 
0 137 182 195 
0 25 182 195 
0 13 77 182 
0 13 54 195 
13 16 182 195 
0 178 182 195 
0 13 16 195 
13 89 182 195 
13 134 182 195 
0 133 182 195 
0 13 175 195 
13 110 182 195 
0 101 182 195 
0 13 101 195 
13 143 182 195 
0 13 25 182 
0 13 147 182 
0 13 36 195 
13 71 182 195 
0 13 82 195 
13 129 182 195 
0 13 95 182 
13 31 182 195 
0 13 155 182 
0 151 182 195 
13 103 182 195 
13 178 182 195 
13 61 182 195 
0 13 177 182 
0 13 80 195 
0 60 182 195 
0 13 114 182 
0 13 150 195 
0 13 123 182 
0 13 162 182 
0 13 99 195 
0 13 103 195 
0 13 39 182 
0 13 127 195 
13 170 182 195 
0 13 165 182 
0 13 47 195 
13 131 182 195 
0 95 182 195 
0 13 124 195 
13 82 182 195 
13 44 182 195 
0 107 182 195 
0 13 39 195 
0 15 182 195 
13 169 182 195 
0 13 102 195 
13 24 182 195 
13 67 182 195 
0 36 182 195 
0 13 107 182 
0 74 182 195 
0 13 170 195 
0 13 29 195 
0 13 164 182 
0 13 170 182 
0 13 155 195 
13 128 182 195 
0 13 20 195 
0 13 160 195 
0 13 115 195 
0 13 72 195 
0 13 90 182 
0 44 182 195 
0 13 33 182 
0 13 135 195 
0 33 182 195 
13 32 182 195 
0 161 182 195 
0 13 116 195 
0 13 172 195 
0 128 182 195 
0 13 86 182 
13 172 182 195 
0 13 62 182 
0 13 138 182 
0 13 62 195 
0 13 129 182 
13 90 182 195 
0 16 182 195 
0 13 87 195 
13 138 182 195 
0 13 117 182 
0 13 132 182 
0 13 49 195 
0 13 142 182 
0 175 182 195 
0 13 76 195 
0 13 25 195 
0 63 182 195 
0 13 180 182 
13 75 182 195 
0 72 182 195 
13 39 182 195 
0 13 74 182 
0 13 121 195 
0 39 182 195 
13 59 182 195 
0 23 182 195 
0 13 173 182 
0 51 182 195 
0 143 182 195 
0 13 18 195 
0 13 79 195 
0 104 182 195 
0 13 119 182 
0 52 182 195 
0 13 174 182 
0 13 46 195 
0 13 64 182 
0 13 81 182 
0 13 24 195 
13 180 182 195 
0 13 178 182 
0 86 182 195 
13 117 182 195 
0 13 180 195 
0 13 58 182 
0 162 182 195 
0 13 179 195 
0 136 182 195 
0 13 124 182 
0 13 35 195 
0 13 15 182 
0 119 182 195 
13 72 182 195 
13 164 182 195 
13 92 182 195 
0 13 175 182 
13 147 182 195 
13 48 182 195 
0 171 182 195 
0 13 101 182 
0 13 107 195 
0 13 47 182 
13 40 182 195 
13 118 182 195 
13 64 182 195 
13 38 182 195 
0 13 132 195 
0 13 66 195 
0 48 182 195 
13 19 182 195 
13 25 182 195 
0 13 127 182 
0 99 182 195 
0 81 182 195 
0 13 53 195 
0 13 15 195 
0 13 76 182 
0 13 151 182 
0 13 160 182 
0 61 182 195 
0 29 182 195 
0 13 158 182 
13 33 182 195 
13 34 182 195 
0 170 182 195 
13 158 182 195 
0 117 182 195 
0 116 182 195 
0 66 182 195 
0 57 182 195 
13 73 182 195 
0 13 80 182 
0 87 182 195 
13 119 182 195 
0 13 77 195 
0 131 182 195 
0 13 20 182 
0 13 57 195 
0 49 182 195 
0 13 30 195 
0 13 113 195 
0 13 158 195 
13 29 182 195 
0 13 40 195 
13 86 182 195 
0 50 182 195 
0 13 122 182 
0 13 144 195 
0 32 182 195 
0 13 134 182 
13 176 182 195 
0 13 21 182 
0 53 182 195 
0 46 182 195 
13 144 182 195 
0 13 102 182 
0 13 120 195 
