174 
120 
152 
48 
131 
81 
29 
118 
44 
24 
135 
121 
79 
77 
49 
30 
33 
87 
161 
34 
159 
179 
32 
122 
180 
25 
58 
89 
123 
155 
64 
145 
26 
38 
172 
175 
178 
115 
164 
18 
95 
31 
51 
156 
177 
63 
52 
17 
149 
113 
144 
23 
53 
170 
50 
71 
129 
110 
59 
100 
160 
86 
142 
21 
137 
128 
90 
176 
36 
80 
15 
109 
75 
74 
158 
60 
66 
35 
102 
169 
61 
88 
127 
94 
162 
43 
157 
45 
148 
136 
92 
16 
105 
19 
65 
57 
37 
166 
132 
104 
99 
150 
117 
103 
96 
20 
107 
101 
163 
171 
67 
134 
106 
138 
151 
22 
93 
143 
165 
40 
72 
116 
46 
54 
133 
85 
62 
173 
91 
68 
82 
124 
47 
119 
73 
114 
76 
141 
39 
147 
108 
146 
130 
78 
