0 9 13 182 195 
0 13 182 193 195 
0 4 13 182 195 
0 13 28 182 195 
0 8 13 182 195 
0 6 13 182 195 
0 13 182 189 195 
0 13 27 182 195 
0 13 55 182 195 
0 1 13 182 195 
0 13 168 182 195 
0 13 56 182 195 
0 12 13 182 195 
0 11 13 182 195 
0 13 181 182 195 
0 13 182 185 195 
0 13 42 182 195 
0 13 97 182 195 
0 5 13 182 195 
0 2 13 182 195 
0 13 182 184 195 
0 13 182 191 195 
0 13 182 188 195 
0 13 112 182 195 
0 13 167 182 195 
0 13 182 187 195 
0 13 182 186 195 
0 13 41 182 195 
0 13 125 182 195 
0 13 154 182 195 
0 13 14 182 195 
0 13 182 190 195 
0 13 182 192 195 
0 3 13 182 195 
0 13 126 182 195 
0 7 13 182 195 
0 13 153 182 195 
0 13 111 182 195 
0 13 140 182 195 
0 10 13 182 195 
0 13 98 182 195 
0 13 83 182 195 
0 13 69 182 195 
0 13 182 194 195 
0 13 182 183 195 
0 13 84 182 195 
0 13 70 182 195 
0 13 139 182 195 
