0 13 36 182 195 
0 13 33 182 195 
0 13 23 182 195 
0 13 77 182 195 
0 13 170 182 195 
0 13 137 182 195 
0 13 128 182 195 
0 13 176 182 195 
0 13 156 182 195 
0 13 94 182 195 
0 13 29 182 195 
0 13 39 182 195 
0 13 134 182 195 
0 13 110 182 195 
0 13 100 182 195 
0 13 103 182 195 
0 13 177 182 195 
0 13 133 182 195 
0 13 141 182 195 
0 13 107 182 195 
0 13 38 182 195 
0 13 43 182 195 
0 13 101 182 195 
0 13 175 182 195 
0 13 178 182 195 
0 13 26 182 195 
0 13 62 182 195 
0 13 123 182 195 
0 13 130 182 195 
0 13 109 182 195 
0 13 21 182 195 
0 13 75 182 195 
0 13 173 182 195 
0 13 104 182 195 
0 13 15 182 195 
0 13 148 182 195 
0 13 106 182 195 
0 13 48 182 195 
0 13 99 182 195 
0 13 65 182 195 
0 13 52 182 195 
0 13 71 182 195 
0 13 146 182 195 
0 13 114 182 195 
0 13 93 182 195 
0 13 102 182 195 
0 13 113 182 195 
0 13 81 182 195 
0 13 32 182 195 
0 13 166 182 195 
0 13 59 182 195 
0 13 80 182 195 
0 13 73 182 195 
0 13 35 182 195 
0 13 163 182 195 
0 13 60 182 195 
0 13 95 182 195 
0 13 19 182 195 
0 13 135 182 195 
0 13 105 182 195 
0 13 127 182 195 
0 13 172 182 195 
0 13 157 182 195 
0 13 87 182 195 
0 13 88 182 195 
0 13 115 182 195 
0 13 108 182 195 
0 13 147 182 195 
0 13 136 182 195 
0 13 169 182 195 
0 13 24 182 195 
0 13 30 182 195 
0 13 161 182 195 
0 13 180 182 195 
0 13 132 182 195 
0 13 17 182 195 
0 13 20 182 195 
0 13 179 182 195 
0 13 82 182 195 
0 13 151 182 195 
0 13 76 182 195 
0 13 149 182 195 
0 13 34 182 195 
0 13 66 182 195 
0 13 129 182 195 
0 13 174 182 195 
0 13 51 182 195 
0 13 44 182 195 
0 13 144 182 195 
0 13 145 182 195 
0 13 64 182 195 
0 13 78 182 195 
0 13 117 182 195 
0 13 116 182 195 
0 13 54 182 195 
0 13 74 182 195 
0 13 37 182 195 
0 13 143 182 195 
0 13 90 182 195 
0 13 89 182 195 
0 13 118 182 195 
0 13 57 182 195 
0 13 138 182 195 
0 13 61 182 195 
0 13 158 182 195 
0 13 122 182 195 
0 13 119 182 195 
0 13 72 182 195 
0 13 18 182 195 
0 13 58 182 195 
0 13 150 182 195 
0 13 162 182 195 
0 13 49 182 195 
0 13 131 182 195 
0 13 22 182 195 
0 13 92 182 195 
0 13 124 182 195 
0 13 16 182 195 
0 13 96 182 195 
0 13 160 182 195 
0 13 79 182 195 
0 13 152 182 195 
0 13 67 182 195 
0 13 53 182 195 
0 13 142 182 195 
0 13 85 182 195 
0 13 121 182 195 
0 13 120 182 195 
0 13 165 182 195 
0 13 155 182 195 
0 13 68 182 195 
0 13 159 182 195 
0 13 25 182 195 
0 13 31 182 195 
0 13 50 182 195 
0 13 86 182 195 
0 13 91 182 195 
0 13 171 182 195 
0 13 45 182 195 
0 13 47 182 195 
0 13 46 182 195 
0 13 63 182 195 
0 13 164 182 195 
0 13 40 182 195 
