13 14 69 182 195 
0 12 13 182 190 
0 4 12 13 182 
0 8 13 83 182 
0 3 167 182 195 
5 11 13 182 195 
1 13 55 182 195 
0 11 111 182 195 
0 3 10 13 195 
13 83 182 192 195 
0 3 13 70 195 
13 27 42 182 195 
0 5 182 185 195 
0 5 13 182 190 
13 140 182 194 195 
0 13 182 188 189 
0 42 182 189 195 
0 3 13 42 182 
0 42 126 182 195 
0 2 13 84 182 
0 13 14 126 195 
0 5 13 193 195 
13 111 153 182 195 
0 9 168 182 195 
1 13 126 182 195 
3 13 97 182 195 
0 12 13 27 195 
0 4 13 182 190 
0 5 13 126 182 
0 9 13 185 195 
0 55 182 194 195 
0 13 168 183 195 
0 11 83 182 195 
0 13 140 154 195 
0 13 42 84 182 
0 3 11 13 195 
0 3 41 182 195 
13 70 112 182 195 
0 2 13 83 195 
0 9 182 191 195 
0 10 13 55 182 
0 13 182 191 193 
0 1 13 111 195 
0 112 167 182 195 
13 83 181 182 195 
13 55 182 185 195 
13 56 181 182 195 
0 2 139 182 195 
0 6 13 125 195 
0 2 13 182 191 
13 167 182 188 195 
0 12 182 194 195 
0 3 11 13 182 
0 7 13 83 195 
0 12 13 55 182 
0 5 11 182 195 
0 13 84 111 195 
1 13 182 190 195 
0 5 13 55 182 
13 83 182 184 195 
0 7 13 182 192 
0 2 13 97 195 
0 9 13 55 195 
0 9 11 13 195 
0 7 13 83 182 
13 97 182 184 195 
0 13 183 187 195 
0 153 182 191 195 
0 13 27 84 182 
0 9 182 185 195 
0 3 7 13 182 
0 13 41 84 195 
0 13 55 168 182 
0 13 83 182 189 
0 13 70 167 182 
0 13 167 186 195 
13 70 98 182 195 
0 9 13 153 195 
2 13 139 182 195 
0 13 126 140 195 
13 182 191 194 195 
0 13 27 182 194 
0 2 168 182 195 
9 13 181 182 195 
0 56 69 182 195 
0 13 111 182 184 
0 112 182 187 195 
0 13 27 70 182 
13 139 140 182 195 
0 69 126 182 195 
0 6 9 182 195 
0 13 112 186 195 
13 55 70 182 195 
0 84 182 187 195 
0 13 126 182 186 
0 3 182 184 195 
0 13 83 97 182 
0 9 139 182 195 
13 69 182 185 195 
0 13 27 55 195 
0 12 13 184 195 
13 181 182 190 195 
8 13 182 189 195 
0 139 168 182 195 
0 4 13 70 195 
0 13 41 111 182 
0 6 13 182 192 
0 55 182 189 195 
0 6 168 182 195 
0 13 97 167 195 
7 13 28 182 195 
0 4 13 56 182 
0 153 182 193 195 
0 13 69 182 184 
0 7 84 182 195 
0 4 13 181 182 
0 112 168 182 195 
0 4 9 13 195 
0 13 181 182 190 
0 181 182 192 195 
0 13 55 181 195 
2 13 41 182 195 
0 4 13 111 195 
0 5 182 187 195 
0 28 182 183 195 
0 13 97 182 191 
10 13 182 185 195 
0 13 56 84 195 
0 10 154 182 195 
0 13 139 167 182 
0 13 70 140 195 
0 13 154 194 195 
0 2 10 13 182 
0 10 13 182 189 
13 28 83 182 195 
0 9 13 42 195 
13 182 189 193 195 
0 11 13 125 195 
0 6 11 13 195 
0 13 41 125 182 
13 140 167 182 195 
0 98 167 182 195 
0 56 125 182 195 
0 13 153 190 195 
0 4 13 112 195 
0 1 13 185 195 
13 182 186 191 195 
0 11 13 192 195 
0 8 13 70 182 
4 13 84 182 195 
0 13 167 182 194 
0 2 10 13 195 
0 13 140 184 195 
0 3 13 182 187 
0 3 168 182 195 
0 12 112 182 195 
0 13 69 194 195 
5 13 112 182 195 
0 97 182 190 195 
0 70 84 182 195 
0 10 13 97 182 
0 10 11 13 182 
0 12 13 182 193 
0 7 13 168 182 
0 13 126 194 195 
4 8 13 182 195 
0 1 11 182 195 
0 13 55 153 195 
0 13 28 97 182 
0 153 182 190 195 
0 6 13 83 182 
0 7 13 154 182 
0 42 182 191 195 
0 97 181 182 195 
0 13 70 182 191 
0 8 13 168 195 
13 27 154 182 195 
0 13 168 182 194 
0 13 111 112 182 
0 13 140 167 195 
0 153 181 182 195 
0 13 184 192 195 
0 2 11 182 195 
0 13 97 112 182 
0 7 13 70 182 
0 13 70 182 187 
0 41 139 182 195 
0 1 13 69 195 
0 7 182 193 195 
0 4 126 182 195 
0 7 139 182 195 
0 13 28 98 182 
12 13 84 182 195 
0 55 168 182 195 
0 9 10 13 182 
0 13 27 181 182 
13 70 182 189 195 
0 11 13 191 195 
0 8 69 182 195 
0 13 140 168 182 
0 2 13 186 195 
0 13 98 191 195 
0 126 182 184 195 
0 13 14 98 195 
0 41 181 182 195 
0 6 84 182 195 
0 12 28 182 195 
0 13 189 193 195 
0 13 98 182 194 
0 9 112 182 195 
0 5 13 83 182 
0 13 69 190 195 
0 13 70 192 195 
0 13 28 168 182 
0 139 182 187 195 
0 112 182 190 195 
0 8 12 13 195 
0 8 182 190 195 
13 55 97 182 195 
0 7 13 192 195 
0 8 13 188 195 
13 182 185 187 195 
0 8 182 193 195 
0 9 13 41 182 
0 13 125 183 195 
6 13 154 182 195 
0 13 70 194 195 
12 13 97 182 195 
0 12 13 168 182 
4 13 42 182 195 
5 10 13 182 195 
0 11 182 192 195 
0 13 14 182 192 
0 13 126 182 189 
0 13 28 97 195 
0 1 167 182 195 
0 56 182 191 195 
0 8 12 13 182 
13 55 182 187 195 
0 13 55 192 195 
1 13 167 182 195 
0 13 83 181 182 
0 5 153 182 195 
0 13 14 98 182 
10 13 139 182 195 
13 126 182 186 195 
0 4 13 28 195 
13 112 182 188 195 
0 4 13 98 182 
0 13 14 41 195 
0 13 56 187 195 
0 98 182 188 195 
0 6 13 84 195 
0 70 182 190 195 
0 13 56 111 195 
13 167 182 192 195 
0 13 98 182 189 
0 8 168 182 195 
0 13 69 188 195 
0 10 13 167 182 
10 13 181 182 195 
13 181 182 191 195 
0 12 13 84 182 
4 13 182 194 195 
13 111 182 187 195 
13 28 167 182 195 
0 13 41 69 182 
0 11 182 193 195 
0 9 13 27 182 
0 13 27 153 182 
0 13 69 154 195 
0 13 42 181 182 
0 13 84 189 195 
0 1 13 56 195 
8 13 125 182 195 
10 13 182 194 195 
0 8 28 182 195 
0 12 13 83 195 
0 6 125 182 195 
0 2 13 111 182 
0 10 13 182 184 
0 13 140 182 189 
0 84 111 182 195 
0 111 182 184 195 
0 13 28 70 195 
0 13 112 194 195 
0 3 97 182 195 
0 11 154 182 195 
0 13 28 125 182 
0 10 182 192 195 
0 9 13 126 195 
0 13 112 140 195 
0 13 98 182 192 
0 13 98 188 195 
13 168 182 192 195 
13 98 182 187 195 
0 13 83 189 195 
0 13 125 182 185 
0 8 13 182 187 
0 13 42 188 195 
0 13 125 182 186 
0 12 13 182 191 
3 13 153 182 195 
0 13 27 190 195 
0 13 41 168 182 
0 13 83 140 182 
11 13 154 182 195 
0 97 139 182 195 
3 13 125 182 195 
13 14 182 191 195 
0 111 182 190 195 
4 13 168 182 195 
0 2 13 183 195 
0 4 5 13 195 
0 12 181 182 195 
0 2 13 140 195 
0 13 84 140 195 
8 13 97 182 195 
0 4 13 70 182 
13 27 98 182 195 
2 13 182 183 195 
0 8 13 125 195 
0 8 13 139 195 
0 13 98 126 182 
0 13 182 187 192 
0 154 182 183 195 
0 13 139 182 188 
10 13 69 182 195 
0 13 97 184 195 
13 27 167 182 195 
1 13 182 185 195 
13 111 182 185 195 
0 13 28 140 182 
0 6 13 186 195 
0 70 182 186 195 
0 13 126 140 182 
0 3 13 126 182 
0 13 126 182 187 
5 13 139 182 195 
0 13 126 182 190 
0 13 112 190 195 
0 12 13 56 195 
0 13 56 70 182 
0 13 55 188 195 
0 13 125 139 182 
0 168 182 189 195 
13 27 182 183 195 
0 1 6 13 182 
13 56 182 192 195 
0 11 140 182 195 
0 9 27 182 195 
0 13 112 126 195 
13 126 167 182 195 
0 3 28 182 195 
0 11 13 182 188 
0 13 182 185 191 
7 13 167 182 195 
0 13 69 83 182 
13 182 185 189 195 
0 83 182 190 195 
3 11 13 182 195 
0 6 13 154 195 
0 13 98 182 191 
13 56 182 190 195 
2 13 182 189 195 
0 12 125 182 195 
0 13 28 56 182 
13 42 140 182 195 
0 11 182 189 195 
0 13 14 182 193 
0 13 55 111 195 
0 13 168 184 195 
0 13 83 168 195 
0 11 182 191 195 
0 7 126 182 195 
0 13 167 182 191 
13 97 111 182 195 
5 13 28 182 195 
13 83 168 182 195 
0 13 27 41 182 
0 13 28 55 182 
5 13 182 190 195 
0 2 12 13 195 
0 13 168 187 195 
0 13 41 98 195 
0 111 112 182 195 
0 6 13 182 191 
13 98 182 194 195 
10 11 13 182 195 
0 13 182 187 188 
0 6 8 182 195 
0 27 140 182 195 
0 13 112 188 195 
13 56 153 182 195 
0 7 13 14 182 
0 14 182 187 195 
0 13 70 98 182 
0 168 182 190 195 
13 182 183 188 195 
0 42 56 182 195 
9 13 41 182 195 
0 13 55 184 195 
0 70 182 187 195 
13 41 182 187 195 
0 2 3 182 195 
0 97 182 192 195 
0 13 83 153 195 
13 84 182 183 195 
4 13 70 182 195 
0 7 13 41 195 
0 13 112 192 195 
0 13 55 140 195 
0 55 84 182 195 
0 139 182 193 195 
13 98 182 184 195 
13 28 182 188 195 
13 27 182 185 195 
0 13 181 185 195 
0 13 111 140 182 
5 13 182 186 195 
0 13 182 183 192 
0 13 70 182 186 
0 7 13 182 190 
0 4 13 182 187 
13 140 182 191 195 
0 13 140 153 182 
0 13 181 182 185 
0 3 13 83 182 
13 28 42 182 195 
11 13 182 183 195 
12 13 56 182 195 
0 3 13 84 182 
13 28 153 182 195 
0 5 8 13 195 
0 6 13 41 195 
0 13 55 182 185 
0 182 189 192 195 
0 3 181 182 195 
0 13 154 187 195 
0 7 13 70 195 
12 13 28 182 195 
0 13 83 126 182 
1 13 84 182 195 
0 4 13 28 182 
0 13 42 140 195 
0 6 13 182 187 
0 2 42 182 195 
10 13 182 183 195 
0 14 41 182 195 
0 13 111 183 195 
0 41 98 182 195 
13 42 153 182 195 
0 13 125 154 195 
0 41 182 192 195 
0 13 98 140 182 
11 13 182 186 195 
0 13 84 181 195 
0 11 182 187 195 
0 13 28 69 182 
0 98 182 186 195 
0 126 182 188 195 
13 140 181 182 195 
0 13 184 185 195 
0 8 13 70 195 
0 2 3 13 195 
13 70 83 182 195 
0 1 182 192 195 
13 14 182 187 195 
0 8 13 55 195 
0 182 186 189 195 
0 9 13 187 195 
0 5 13 188 195 
0 13 84 167 195 
6 13 182 187 195 
0 13 153 184 195 
0 140 182 183 195 
0 14 56 182 195 
13 55 153 182 195 
0 4 70 182 195 
0 3 13 167 195 
0 12 13 56 182 
0 7 27 182 195 
0 13 83 111 182 
0 13 191 194 195 
0 3 13 192 195 
0 27 139 182 195 
0 28 182 192 195 
4 13 55 182 195 
0 9 13 14 195 
0 7 140 182 195 
13 69 140 182 195 
11 13 182 194 195 
0 3 13 186 195 
1 13 97 182 195 
0 27 56 182 195 
0 9 13 182 193 
0 126 181 182 195 
0 13 189 190 195 
13 140 182 190 195 
0 14 182 184 195 
9 13 182 186 195 
0 13 56 83 195 
0 13 41 185 195 
0 6 167 182 195 
4 13 140 182 195 
0 8 13 182 191 
13 154 182 183 195 
0 2 12 13 182 
0 13 28 182 191 
13 98 139 182 195 
0 139 182 191 195 
0 12 13 28 182 
0 56 97 182 195 
13 168 182 188 195 
0 140 182 189 195 
0 3 13 153 182 
0 13 27 184 195 
0 13 153 182 185 
0 9 13 69 195 
0 13 55 154 182 
13 70 182 185 195 
0 8 13 97 182 
0 28 182 186 195 
0 3 13 153 195 
13 125 182 186 195 
0 13 83 190 195 
0 2 13 189 195 
0 6 182 186 195 
0 182 183 186 195 
12 13 69 182 195 
0 10 41 182 195 
0 182 187 188 195 
0 1 13 167 195 
0 4 13 14 195 
0 9 69 182 195 
0 13 27 98 195 
0 13 28 182 187 
0 139 182 183 195 
0 112 139 182 195 
13 182 184 188 195 
13 182 184 192 195 
0 13 83 125 182 
0 13 182 190 194 
0 1 69 182 195 
11 13 42 182 195 
0 13 41 186 195 
9 13 98 182 195 
0 10 182 185 195 
0 42 168 182 195 
0 13 111 191 195 
0 5 55 182 195 
0 1 13 97 195 
13 153 181 182 195 
0 13 167 182 189 
0 1 126 182 195 
11 13 55 182 195 
0 13 154 190 195 
13 126 153 182 195 
13 125 182 187 195 
3 13 182 187 195 
0 8 11 182 195 
0 42 181 182 195 
0 2 13 112 182 
0 13 42 184 195 
0 13 83 112 195 
0 11 182 190 195 
0 10 13 189 195 
13 42 126 182 195 
0 4 5 13 182 
0 13 69 182 185 
5 13 97 182 195 
0 4 13 183 195 
0 13 70 182 190 
0 12 13 111 195 
0 6 153 182 195 
0 13 27 98 182 
0 13 167 189 195 
0 13 83 112 182 
0 12 13 140 195 
0 83 182 192 195 
0 5 13 182 185 
11 13 111 182 195 
0 27 182 185 195 
13 27 182 193 195 
0 11 13 41 195 
0 13 83 192 195 
0 167 168 182 195 
0 3 13 69 195 
0 13 14 97 195 
0 13 185 187 195 
0 3 6 182 195 
0 13 125 187 195 
0 13 111 182 194 
0 3 182 191 195 
0 13 167 194 195 
0 7 13 126 182 
13 83 125 182 195 
13 168 182 193 195 
1 13 112 182 195 
0 13 83 184 195 
0 12 13 190 195 
0 13 154 182 189 
0 13 153 182 191 
0 13 112 182 184 
0 1 13 28 195 
0 13 69 70 182 
0 83 182 186 195 
13 28 182 183 195 
13 168 182 185 195 
0 2 13 98 182 
0 13 14 112 182 
0 182 187 194 195 
0 70 126 182 195 
0 9 13 154 195 
0 7 13 182 186 
0 13 181 182 189 
0 8 13 190 195 
0 41 140 182 195 
0 13 183 184 195 
0 13 126 182 188 
0 55 125 182 195 
0 5 9 13 182 
0 83 182 183 195 
11 13 112 182 195 
0 6 13 182 186 
0 13 182 183 189 
0 12 13 189 195 
0 6 13 193 195 
0 13 83 186 195 
11 13 182 185 195 
0 13 154 182 193 
0 27 182 194 195 
0 13 167 182 187 
0 11 13 182 193 
0 8 126 182 195 
5 13 84 182 195 
0 98 182 192 195 
0 13 70 182 183 
2 13 154 182 195 
0 14 140 182 195 
0 13 70 97 182 
7 13 182 191 195 
0 12 13 139 195 
0 98 182 193 195 
2 9 13 182 195 
0 28 70 182 195 
0 14 28 182 195 
13 182 183 185 195 
6 13 140 182 195 
13 28 182 192 195 
0 9 13 182 194 
0 2 6 182 195 
0 13 28 154 182 
0 181 182 186 195 
0 182 190 192 195 
0 13 28 126 195 
0 11 13 182 185 
0 4 13 97 182 
0 139 182 184 195 
0 11 13 182 189 
0 3 13 139 182 
2 13 182 185 195 
0 55 182 187 195 
0 5 27 182 195 
0 9 13 182 189 
0 13 83 98 195 
0 13 84 125 182 
0 2 13 111 195 
0 13 98 140 195 
0 13 153 168 195 
0 13 27 69 195 
13 140 154 182 195 
7 13 42 182 195 
0 13 84 192 195 
0 13 97 125 182 
0 2 13 167 195 
13 112 182 187 195 
0 3 13 182 186 
13 84 112 182 195 
0 13 69 98 182 
0 10 13 55 195 
3 7 13 182 195 
0 7 13 56 182 
10 13 154 182 195 
0 13 70 83 195 
0 98 111 182 195 
0 182 183 188 195 
0 4 13 98 195 
4 12 13 182 195 
0 1 13 154 182 
0 3 153 182 195 
0 5 13 187 195 
0 6 182 183 195 
0 8 167 182 195 
0 13 56 189 195 
0 182 184 186 195 
13 125 182 183 195 
0 13 154 185 195 
13 41 112 182 195 
0 13 182 183 184 
13 14 182 188 195 
13 28 182 186 195 
0 112 182 185 195 
0 6 8 13 182 
0 8 13 83 195 
11 13 125 182 195 
0 13 27 42 182 
0 13 167 183 195 
0 3 13 56 182 
0 2 13 98 195 
0 13 55 69 182 
0 1 13 14 195 
0 9 13 188 195 
0 3 13 98 195 
0 13 69 182 189 
0 55 111 182 195 
0 13 126 154 195 
0 4 167 182 195 
8 13 56 182 195 
0 27 153 182 195 
0 13 41 182 192 
0 13 42 186 195 
0 182 185 192 195 
0 6 13 182 194 
13 167 182 184 195 
6 13 98 182 195 
0 83 182 193 195 
0 12 13 126 195 
0 13 183 191 195 
0 41 153 182 195 
0 1 13 187 195 
0 5 182 188 195 
0 13 83 97 195 
0 12 13 153 182 
0 2 13 55 182 
13 154 167 182 195 
0 13 55 167 182 
0 13 83 191 195 
0 6 10 13 182 
0 10 13 193 195 
0 13 98 168 182 
0 7 13 187 195 
13 27 182 187 195 
13 154 182 190 195 
0 9 154 182 195 
13 55 140 182 195 
0 111 153 182 195 
3 13 182 190 195 
0 13 139 181 195 
0 42 182 183 195 
0 8 182 192 195 
0 6 13 182 185 
0 13 182 184 191 
0 5 13 182 194 
0 84 139 182 195 
4 13 126 182 195 
0 12 126 182 195 
0 167 181 182 195 
0 5 13 69 195 
0 55 182 191 195 
0 13 97 189 195 
6 13 182 186 195 
0 2 8 182 195 
0 4 13 182 191 
6 7 13 182 195 
0 140 182 188 195 
0 97 182 184 195 
7 13 14 182 195 
0 13 27 83 195 
0 13 41 190 195 
0 13 182 189 191 
0 13 84 126 195 
0 13 41 126 182 
0 13 168 182 189 
0 13 55 182 187 
0 10 13 194 195 
0 11 13 27 195 
0 13 97 168 182 
0 140 182 187 195 
0 13 97 182 187 
0 13 28 192 195 
0 9 13 112 182 
0 11 13 140 182 
0 13 187 191 195 
0 13 84 111 182 
0 13 83 167 195 
0 7 11 13 195 
0 13 83 140 195 
0 1 140 182 195 
0 1 182 190 195 
0 13 168 182 184 
11 13 182 190 195 
0 13 55 139 195 
13 125 126 182 195 
0 83 182 194 195 
0 13 42 70 195 
13 14 28 182 195 
0 6 182 189 195 
0 13 126 191 195 
0 13 70 182 193 
0 6 41 182 195 
0 1 13 191 195 
13 42 182 187 195 
0 13 111 126 195 
0 13 98 167 195 
0 13 140 182 193 
0 1 83 182 195 
0 13 153 182 186 
0 13 182 185 192 
1 13 27 182 195 
0 13 84 139 195 
13 69 112 182 195 
0 1 13 182 191 
8 13 182 186 195 
13 41 70 182 195 
2 13 167 182 195 
0 9 10 182 195 
10 13 55 182 195 
0 1 13 153 182 
0 13 42 56 195 
0 13 56 185 195 
0 13 28 182 188 
0 3 13 27 195 
0 5 13 112 195 
0 13 125 181 182 
0 4 13 125 195 
13 27 182 188 195 
0 154 182 191 195 
12 13 70 182 195 
0 10 168 182 195 
13 56 182 189 195 
0 4 13 84 195 
0 1 5 182 195 
13 140 168 182 195 
0 10 13 168 195 
0 13 56 182 188 
0 27 70 182 195 
0 13 111 139 182 
9 13 69 182 195 
0 13 182 187 189 
0 10 13 140 182 
0 182 183 193 195 
13 27 182 192 195 
0 13 69 140 195 
0 2 13 28 182 
0 13 41 139 195 
0 13 27 97 182 
0 13 182 184 192 
13 42 182 190 195 
13 70 154 182 195 
0 69 181 182 195 
0 4 13 55 195 
0 10 13 27 195 
6 13 83 182 195 
0 4 13 41 182 
0 6 13 182 189 
0 2 41 182 195 
0 41 182 183 195 
0 7 8 182 195 
0 13 42 182 183 
0 13 126 167 195 
0 6 13 70 195 
0 1 11 13 182 
0 4 13 182 192 
0 13 14 84 195 
0 6 182 184 195 
0 112 182 184 195 
2 13 182 192 195 
0 13 28 168 195 
13 41 181 182 195 
0 13 14 182 191 
0 8 182 189 195 
13 28 140 182 195 
0 70 154 182 195 
13 14 182 189 195 
6 11 13 182 195 
0 154 182 190 195 
0 9 13 139 195 
0 41 55 182 195 
0 7 10 13 195 
0 13 112 182 194 
0 12 182 186 195 
0 13 27 182 193 
0 13 55 182 193 
13 28 182 193 195 
0 5 10 13 195 
0 153 182 188 195 
13 182 185 188 195 
6 13 14 182 195 
0 13 111 154 182 
0 8 154 182 195 
13 98 112 182 195 
0 84 182 191 195 
0 12 42 182 195 
9 13 182 187 195 
0 153 182 185 195 
0 12 13 182 183 
0 3 4 13 195 
0 13 97 182 185 
0 182 185 187 195 
1 8 13 182 195 
0 5 13 42 182 
0 13 111 153 182 
13 125 182 190 195 
13 69 125 182 195 
0 3 14 182 195 
0 13 69 193 195 
0 13 41 182 184 
13 153 182 187 195 
0 13 182 191 192 
0 6 12 182 195 
3 13 182 185 195 
13 167 182 183 195 
7 13 98 182 195 
0 3 5 13 195 
7 13 126 182 195 
0 182 185 191 195 
10 13 97 182 195 
0 8 182 186 195 
0 11 13 185 195 
0 139 154 182 195 
0 11 13 98 195 
0 13 125 194 195 
0 7 13 186 195 
0 42 153 182 195 
13 139 182 190 195 
0 5 13 84 195 
0 12 182 185 195 
0 9 41 182 195 
0 2 182 184 195 
13 182 189 192 195 
13 83 182 191 195 
9 13 27 182 195 
6 13 168 182 195 
0 1 13 154 195 
0 13 98 182 187 
13 140 182 185 195 
0 8 13 139 182 
0 1 13 55 195 
0 13 55 189 195 
0 70 182 189 195 
0 13 83 182 194 
7 13 182 193 195 
5 13 14 182 195 
0 13 112 153 195 
0 13 126 182 194 
0 13 186 192 195 
0 2 154 182 195 
0 98 182 184 195 
13 168 182 194 195 
13 41 182 186 195 
0 9 182 194 195 
13 182 184 191 195 
0 125 182 193 195 
0 3 12 182 195 
0 7 13 111 195 
0 41 84 182 195 
0 6 13 42 182 
13 56 139 182 195 
0 13 70 153 195 
0 13 41 153 195 
13 111 139 182 195 
13 182 189 194 195 
0 13 41 154 182 
0 13 182 188 193 
0 13 14 192 195 
3 13 55 182 195 
0 8 13 189 195 
0 13 56 112 182 
0 182 188 193 195 
0 27 182 184 195 
13 126 182 183 195 
1 13 154 182 195 
0 7 98 182 195 
0 8 14 182 195 
0 69 125 182 195 
1 13 182 188 195 
0 13 139 182 186 
1 13 98 182 195 
13 98 182 183 195 
0 13 168 193 195 
0 11 13 153 195 
0 139 153 182 195 
0 13 55 153 182 
0 13 56 167 195 
11 13 98 182 195 
10 13 111 182 195 
0 2 182 183 195 
0 125 168 182 195 
4 13 69 182 195 
0 13 69 84 182 
9 13 126 182 195 
0 3 5 182 195 
0 13 56 182 190 
0 1 70 182 195 
0 27 182 183 195 
13 111 182 189 195 
0 9 13 83 195 
0 11 13 56 195 
0 14 167 182 195 
0 13 42 83 195 
0 9 13 182 191 
13 55 139 182 195 
0 8 13 69 182 
0 56 182 187 195 
0 13 14 182 187 
13 112 167 182 195 
0 13 111 192 195 
9 13 182 185 195 
0 13 69 139 195 
0 98 125 182 195 
2 10 13 182 195 
0 13 41 70 195 
13 97 182 189 195 
13 41 97 182 195 
0 6 13 126 195 
0 11 13 69 195 
13 83 182 194 195 
0 3 13 184 195 
0 2 13 97 182 
0 13 188 191 195 
5 13 70 182 195 
13 168 182 184 195 
11 13 182 192 195 
0 3 13 154 195 
13 28 154 182 195 
0 6 13 182 188 
0 11 153 182 195 
0 13 111 181 182 
13 27 28 182 195 
0 14 84 182 195 
0 56 112 182 195 
11 13 182 188 195 
0 3 56 182 195 
0 13 153 187 195 
0 13 97 188 195 
0 126 168 182 195 
0 13 27 55 182 
0 13 97 112 195 
0 5 13 28 182 
1 13 125 182 195 
0 13 27 182 184 
0 3 126 182 195 
0 1 182 188 195 
0 2 13 83 182 
13 112 182 191 195 
0 7 154 182 195 
0 13 56 154 195 
0 13 181 182 191 
0 13 125 191 195 
0 182 183 190 195 
0 7 13 181 182 
0 5 13 194 195 
13 84 182 185 195 
0 13 28 186 195 
0 4 13 83 195 
6 13 182 184 195 
1 13 182 184 195 
0 13 139 181 182 
0 84 167 182 195 
13 83 97 182 195 
13 41 125 182 195 
0 11 13 111 195 
0 13 55 182 186 
0 6 154 182 195 
0 13 28 182 192 
0 153 167 182 195 
0 13 69 184 195 
0 3 83 182 195 
0 13 70 182 185 
2 13 69 182 195 
0 125 154 182 195 
0 6 13 27 195 
0 42 112 182 195 
0 12 153 182 195 
0 8 182 194 195 
12 13 182 183 195 
13 28 182 190 195 
0 41 154 182 195 
0 28 182 184 195 
0 2 167 182 195 
0 13 83 153 182 
12 13 182 193 195 
0 55 98 182 195 
0 13 182 192 193 
0 70 182 188 195 
0 12 13 154 182 
0 6 13 97 182 
0 8 13 126 195 
0 83 98 182 195 
0 5 9 13 195 
0 12 98 182 195 
13 181 182 188 195 
13 139 182 186 195 
10 13 27 182 195 
0 182 189 191 195 
0 126 182 187 195 
0 97 182 186 195 
0 13 84 182 187 
13 70 182 188 195 
13 83 182 185 195 
0 182 187 192 195 
4 13 167 182 195 
0 10 13 84 195 
0 10 13 182 188 
0 13 111 181 195 
0 12 97 182 195 
0 3 8 13 195 
0 5 13 182 192 
0 9 111 182 195 
0 13 139 183 195 
0 9 10 13 195 
0 13 28 112 195 
0 13 28 188 195 
0 139 182 190 195 
2 13 182 184 195 
0 6 7 182 195 
0 5 42 182 195 
0 41 83 182 195 
0 1 182 187 195 
0 5 13 154 195 
0 28 126 182 195 
0 5 13 70 182 
0 13 186 193 195 
0 13 69 125 195 
0 13 112 153 182 
0 4 27 182 195 
7 13 70 182 195 
0 84 182 188 195 
0 4 13 126 182 
0 13 27 182 191 
0 2 13 182 189 
0 13 84 182 184 
0 13 112 184 195 
13 84 139 182 195 
0 4 13 182 185 
0 6 13 126 182 
0 13 42 182 189 
6 13 112 182 195 
0 13 56 153 195 
0 8 12 182 195 
0 13 98 192 195 
0 13 183 190 195 
0 13 98 184 195 
0 13 28 56 195 
0 5 182 194 195 
0 13 97 168 195 
0 83 168 182 195 
11 13 56 182 195 
0 2 13 42 195 
13 14 126 182 195 
0 153 182 184 195 
10 13 70 182 195 
0 13 126 154 182 
0 7 56 182 195 
0 13 182 184 189 
5 13 182 192 195 
0 12 13 126 182 
0 27 182 186 195 
4 13 181 182 195 
0 13 97 167 182 
0 5 70 182 195 
0 9 13 139 182 
4 13 83 182 195 
0 13 70 181 195 
0 3 13 182 185 
0 10 13 28 195 
0 140 182 191 195 
0 13 185 193 195 
13 42 182 188 195 
5 13 182 184 195 
0 7 12 13 195 
11 13 182 193 195 
0 10 182 191 195 
0 13 56 111 182 
4 13 111 182 195 
13 27 168 182 195 
0 56 182 194 195 
0 10 181 182 195 
13 154 182 189 195 
0 6 182 185 195 
0 168 182 187 195 
0 13 28 183 195 
0 140 167 182 195 
13 111 125 182 195 
0 13 125 139 195 
0 154 182 193 195 
0 126 182 193 195 
0 5 182 193 195 
0 10 13 182 187 
13 28 126 182 195 
0 13 139 193 195 
0 55 182 183 195 
0 13 69 182 192 
2 13 56 182 195 
0 12 13 98 195 
0 7 13 42 182 
0 28 182 188 195 
0 14 98 182 195 
0 69 139 182 195 
0 3 182 186 195 
0 1 13 182 183 
13 55 181 182 195 
0 13 42 194 195 
0 13 41 140 182 
0 41 182 185 195 
0 12 27 182 195 
0 4 9 182 195 
0 13 140 182 184 
0 182 186 190 195 
0 111 125 182 195 
0 4 13 182 183 
0 42 182 185 195 
13 182 186 190 195 
0 13 83 154 182 
0 6 13 182 193 
0 13 185 191 195 
0 1 13 84 182 
0 13 27 112 195 
0 13 97 182 194 
0 84 97 182 195 
0 5 167 182 195 
0 1 42 182 195 
0 182 187 191 195 
0 9 13 153 182 
0 3 13 193 195 
6 13 167 182 195 
13 181 182 187 195 
0 97 182 194 195 
0 10 153 182 195 
0 1 13 182 192 
0 6 13 188 195 
0 13 14 42 195 
0 4 13 126 195 
0 13 154 182 188 
0 182 186 193 195 
0 8 13 98 195 
0 13 56 183 195 
0 42 182 194 195 
13 182 187 193 195 
10 13 84 182 195 
0 13 28 42 195 
0 13 70 187 195 
0 10 13 182 194 
0 13 97 181 195 
0 2 5 182 195 
13 140 153 182 195 
13 28 84 182 195 
0 1 13 168 182 
0 3 13 182 193 
0 182 190 191 195 
0 13 139 154 182 
0 10 13 182 192 
8 13 182 185 195 
0 13 69 167 195 
13 97 154 182 195 
0 8 13 182 185 
0 14 182 193 195 
0 27 182 191 195 
13 84 167 182 195 
0 167 182 193 195 
0 13 140 182 191 
0 9 182 188 195 
0 5 112 182 195 
0 84 181 182 195 
0 2 13 41 195 
0 13 69 153 182 
0 6 13 112 195 
0 111 126 182 195 
6 13 97 182 195 
13 14 182 193 195 
0 12 13 167 195 
0 168 182 184 195 
0 3 4 182 195 
0 2 182 193 195 
0 10 97 182 195 
4 13 56 182 195 
0 7 182 189 195 
0 10 13 168 182 
0 13 185 190 195 
0 13 69 168 182 
13 14 140 182 195 
0 3 13 111 182 
0 3 13 84 195 
0 11 13 14 182 
0 8 13 182 188 
0 13 184 189 195 
0 2 182 189 195 
0 13 140 183 195 
0 2 13 55 195 
0 83 97 182 195 
0 4 13 41 195 
0 13 98 182 185 
0 4 13 140 195 
8 11 13 182 195 
0 3 13 189 195 
0 70 153 182 195 
0 11 13 140 195 
0 5 13 42 195 
0 13 14 185 195 
0 13 56 182 194 
0 13 42 189 195 
0 8 13 182 189 
0 111 182 194 195 
0 27 182 190 195 
0 13 27 167 182 
0 9 13 56 182 
0 13 41 153 182 
0 11 70 182 195 
0 4 13 167 195 
0 13 126 193 195 
0 13 154 184 195 
0 13 69 182 186 
0 1 13 190 195 
0 182 183 187 195 
0 1 13 98 195 
0 3 13 168 195 
10 13 14 182 195 
0 28 112 182 195 
3 13 112 182 195 
13 55 182 194 195 
4 13 139 182 195 
0 13 181 183 195 
0 13 41 42 182 
0 13 153 185 195 
0 2 13 140 182 
0 13 41 168 195 
0 5 13 192 195 
13 42 182 184 195 
0 182 191 192 195 
0 1 4 13 195 
0 6 13 97 195 
13 55 154 182 195 
0 13 56 182 186 
0 182 185 194 195 
0 6 13 191 195 
0 6 13 42 195 
0 13 192 193 195 
2 13 182 191 195 
7 13 55 182 195 
0 5 13 186 195 
0 13 112 125 195 
0 4 13 193 195 
0 13 83 126 195 
0 70 168 182 195 
0 69 182 192 195 
0 56 182 193 195 
0 8 13 126 182 
5 13 181 182 195 
0 1 13 193 195 
0 11 13 70 195 
0 13 56 190 195 
0 13 42 70 182 
0 6 182 187 195 
12 13 27 182 195 
8 13 182 192 195 
0 1 13 84 195 
0 2 182 187 195 
0 2 13 126 195 
13 55 182 183 195 
0 5 13 154 182 
0 2 13 56 182 
0 13 154 192 195 
13 126 182 193 195 
0 27 97 182 195 
0 13 140 182 188 
0 13 98 139 182 
0 98 182 183 195 
0 7 182 190 195 
0 140 182 184 195 
0 13 140 154 182 
2 3 13 182 195 
0 8 13 186 195 
1 10 13 182 195 
0 11 167 182 195 
0 69 182 185 195 
0 13 70 182 184 
7 13 182 186 195 
0 10 139 182 195 
13 112 181 182 195 
13 181 182 189 195 
0 83 181 182 195 
0 84 182 192 195 
0 13 126 182 183 
0 27 181 182 195 
0 13 125 182 193 
13 56 182 191 195 
0 12 13 28 195 
3 13 111 182 195 
0 4 13 182 186 
0 13 187 193 195 
0 3 13 167 182 
0 182 183 191 195 
0 7 13 182 188 
0 8 13 42 195 
0 1 13 182 186 
12 13 182 194 195 
0 42 182 184 195 
0 56 182 186 195 
13 154 182 193 195 
0 97 182 187 195 
13 126 168 182 195 
0 13 167 192 195 
13 182 184 189 195 
0 13 70 83 182 
13 70 167 182 195 
0 7 70 182 195 
13 182 187 194 195 
0 13 14 139 195 
13 28 98 182 195 
13 55 56 182 195 
6 13 27 182 195 
0 41 125 182 195 
0 182 184 191 195 
4 13 182 193 195 
0 3 182 188 195 
0 7 13 193 195 
0 4 55 182 195 
0 139 182 189 195 
0 10 13 27 182 
0 2 9 13 182 
0 13 14 27 195 
0 1 13 192 195 
0 13 153 182 194 
0 11 13 42 182 
0 56 182 183 195 
0 13 153 182 187 
13 83 182 183 195 
13 70 140 182 195 
12 13 140 182 195 
13 70 182 190 195 
0 182 192 193 195 
0 13 84 168 195 
13 139 182 191 195 
0 13 27 111 195 
13 182 185 191 195 
0 8 182 187 195 
0 3 140 182 195 
0 56 154 182 195 
0 56 111 182 195 
0 13 140 182 186 
0 13 139 190 195 
0 167 182 192 195 
0 55 182 188 195 
0 13 84 154 182 
0 27 98 182 195 
13 97 98 182 195 
0 182 183 192 195 
0 3 13 55 182 
0 13 56 168 182 
0 10 140 182 195 
2 13 168 182 195 
3 13 139 182 195 
0 13 42 112 182 
0 11 13 14 195 
13 139 181 182 195 
0 13 56 182 193 
0 13 42 191 195 
13 55 182 190 195 
0 4 6 13 182 
13 154 182 187 195 
0 3 13 98 182 
0 10 70 182 195 
0 13 112 182 192 
0 8 10 13 195 
0 12 182 187 195 
0 6 13 184 195 
0 2 8 13 195 
0 13 154 186 195 
13 139 182 194 195 
0 13 112 182 191 
0 8 13 183 195 
0 55 182 190 195 
0 1 7 13 195 
0 13 56 182 183 
0 41 182 186 195 
0 5 6 13 182 
0 8 13 140 195 
0 9 13 182 190 
0 13 70 186 195 
13 83 126 182 195 
0 13 98 125 195 
0 1 9 13 195 
0 1 13 194 195 
0 2 112 182 195 
0 13 14 187 195 
13 182 185 193 195 
0 181 182 191 195 
0 11 13 83 195 
0 28 41 182 195 
13 125 139 182 195 
0 7 112 182 195 
13 41 126 182 195 
13 181 182 194 195 
0 13 182 185 187 
9 13 182 188 195 
2 13 182 187 195 
4 13 28 182 195 
0 1 28 182 195 
13 182 185 192 195 
0 11 13 41 182 
0 5 13 184 195 
0 12 13 167 182 
0 2 13 182 193 
0 13 41 182 189 
0 13 97 140 195 
0 13 182 186 192 
0 9 13 97 182 
0 7 13 188 195 
8 12 13 182 195 
0 13 69 97 182 
0 182 184 187 195 
0 13 55 182 190 
0 9 56 182 195 
9 13 153 182 195 
13 14 153 182 195 
8 13 70 182 195 
0 13 42 84 195 
0 11 42 182 195 
4 13 154 182 195 
13 56 125 182 195 
0 182 188 190 195 
0 8 13 125 182 
0 13 140 181 195 
0 3 98 182 195 
0 154 168 182 195 
0 6 13 28 195 
0 70 182 192 195 
0 9 182 183 195 
13 55 182 189 195 
0 182 183 194 195 
0 8 13 182 184 
0 83 182 188 195 
13 182 188 189 195 
5 13 167 182 195 
0 168 182 194 195 
10 13 182 187 195 
0 10 42 182 195 
0 8 13 168 182 
0 27 42 182 195 
0 153 168 182 195 
0 11 13 112 195 
0 42 111 182 195 
13 14 168 182 195 
13 182 184 193 195 
0 5 13 69 182 
0 13 28 167 182 
0 4 13 190 195 
0 13 98 181 182 
0 3 55 182 195 
3 13 182 188 195 
0 13 112 167 182 
7 13 182 194 195 
0 55 153 182 195 
0 13 126 139 195 
0 13 56 188 195 
0 182 183 184 195 
0 12 13 70 195 
6 13 182 188 195 
12 13 111 182 195 
0 13 14 181 195 
13 182 187 191 195 
0 13 111 187 195 
13 98 182 191 195 
0 9 13 181 182 
0 13 97 111 182 
0 5 12 13 195 
0 13 125 182 183 
13 41 182 194 195 
0 11 13 125 182 
0 13 97 181 182 
8 13 167 182 195 
0 42 140 182 195 
0 5 13 111 195 
13 27 111 182 195 
0 13 182 185 190 
0 10 11 13 195 
0 7 13 139 182 
0 3 13 182 190 
0 13 28 182 190 
6 13 182 183 195 
0 2 13 193 195 
4 13 182 187 195 
0 13 167 182 188 
0 140 154 182 195 
0 13 55 183 195 
0 3 13 182 183 
0 125 182 192 195 
0 13 55 126 195 
0 41 182 187 195 
13 42 83 182 195 
0 1 153 182 195 
0 13 27 154 195 
13 42 182 192 195 
13 70 182 193 195 
0 3 182 193 195 
0 42 182 186 195 
0 2 7 182 195 
9 13 42 182 195 
0 6 13 41 182 
0 125 182 184 195 
0 3 13 56 195 
0 125 181 182 195 
0 10 84 182 195 
0 42 83 182 195 
0 28 182 193 195 
0 3 13 27 182 
2 11 13 182 195 
0 98 112 182 195 
0 140 182 194 195 
2 13 70 182 195 
0 140 181 182 195 
0 4 11 13 195 
0 13 14 56 195 
0 13 84 168 182 
0 84 98 182 195 
0 10 13 181 182 
0 13 182 188 191 
0 112 126 182 195 
0 8 13 192 195 
0 4 13 111 182 
0 13 14 168 195 
0 13 14 83 195 
0 13 112 126 182 
0 56 83 182 195 
0 4 98 182 195 
0 4 11 182 195 
0 13 84 182 193 
10 13 182 186 195 
13 41 69 182 195 
0 13 98 153 182 
0 13 186 191 195 
0 13 111 185 195 
13 111 182 192 195 
0 5 13 125 195 
0 6 13 187 195 
0 13 111 182 193 
0 10 13 69 195 
7 13 27 182 195 
0 3 12 13 182 
0 181 182 190 195 
0 9 13 183 195 
0 6 12 13 182 
0 3 13 97 182 
0 13 70 112 182 
0 13 111 126 182 
0 13 14 55 182 
0 182 186 192 195 
0 28 153 182 195 
13 181 182 185 195 
0 13 27 189 195 
0 13 168 182 192 
0 3 9 182 195 
0 3 8 182 195 
0 13 98 154 182 
0 13 140 182 183 
0 13 84 187 195 
0 167 182 183 195 
0 13 167 181 195 
0 13 98 153 195 
0 139 182 192 195 
0 12 111 182 195 
0 13 190 191 195 
0 4 13 153 182 
0 98 181 182 195 
0 2 13 154 195 
13 27 55 182 195 
13 55 111 182 195 
13 153 182 186 195 
0 13 28 126 182 
0 2 7 13 195 
0 13 154 191 195 
0 12 13 183 195 
0 12 13 181 195 
0 13 42 182 192 
0 13 182 183 193 
0 12 13 185 195 
0 13 27 111 182 
0 12 13 97 182 
13 27 139 182 195 
5 12 13 182 195 
0 2 70 182 195 
0 13 28 140 195 
0 14 182 192 195 
0 4 13 154 195 
0 9 13 186 195 
0 13 184 193 195 
13 41 182 190 195 
6 13 55 182 195 
0 11 181 182 195 
0 13 184 187 195 
0 2 83 182 195 
0 13 84 126 182 
13 55 98 182 195 
0 13 182 187 193 
13 154 182 188 195 
0 12 13 140 182 
0 182 184 194 195 
0 2 13 182 188 
0 9 13 84 195 
0 1 13 55 182 
13 41 182 188 195 
0 12 13 112 195 
0 13 182 183 190 
0 13 14 140 182 
10 13 42 182 195 
0 10 13 153 195 
0 9 13 42 182 
0 2 13 14 195 
0 84 182 193 195 
2 13 83 182 195 
0 13 83 188 195 
0 13 168 182 193 
13 153 168 182 195 
0 13 41 191 195 
0 3 13 28 195 
13 55 182 186 195 
0 56 181 182 195 
9 13 112 182 195 
0 7 182 188 195 
0 1 13 83 195 
0 13 41 126 195 
0 13 69 139 182 
3 4 13 182 195 
13 98 111 182 195 
0 9 13 84 182 
5 13 56 182 195 
0 11 13 154 195 
0 13 97 98 195 
0 182 183 189 195 
0 13 181 193 195 
0 13 186 187 195 
0 7 13 139 195 
13 56 97 182 195 
3 13 182 194 195 
2 5 13 182 195 
12 13 14 182 195 
0 154 182 185 195 
0 8 9 13 182 
0 1 13 69 182 
0 3 13 182 191 
0 1 13 97 182 
0 4 13 112 182 
0 13 112 182 193 
0 13 182 183 194 
0 13 168 182 187 
0 13 139 182 184 
0 69 167 182 195 
13 154 181 182 195 
0 13 83 182 187 
3 13 182 189 195 
0 13 42 83 182 
0 13 28 69 195 
0 13 42 185 195 
3 13 28 182 195 
0 4 13 184 195 
0 4 42 182 195 
0 11 125 182 195 
0 28 182 194 195 
0 13 56 182 185 
0 5 10 13 182 
0 41 168 182 195 
13 98 182 186 195 
10 13 112 182 195 
0 1 13 182 184 
0 13 41 56 182 
1 13 182 189 195 
0 154 182 189 195 
0 13 42 56 182 
0 13 28 185 195 
0 13 69 112 182 
0 139 182 186 195 
8 13 182 187 195 
3 13 182 191 195 
5 13 126 182 195 
0 13 27 70 195 
0 55 182 192 195 
0 13 27 185 195 
0 13 14 97 182 
0 5 13 14 182 
0 10 13 69 182 
0 4 13 56 195 
0 13 14 70 195 
5 13 69 182 195 
5 13 140 182 195 
0 13 56 192 195 
0 69 153 182 195 
2 13 181 182 195 
0 13 70 189 195 
13 182 190 194 195 
13 69 182 191 195 
0 13 182 183 187 
0 2 13 182 183 
0 13 55 69 195 
0 6 13 111 195 
0 8 13 27 195 
0 13 27 56 182 
0 10 13 111 182 
0 5 13 97 195 
0 8 13 167 195 
13 27 182 191 195 
0 13 125 154 182 
0 4 182 187 195 
0 5 83 182 195 
13 28 181 182 195 
0 13 126 167 182 
0 97 182 185 195 
13 28 168 182 195 
13 14 112 182 195 
3 13 181 182 195 
0 12 13 186 195 
0 13 41 181 195 
0 13 191 193 195 
8 13 28 182 195 
7 13 69 182 195 
13 140 182 193 195 
0 13 125 189 195 
0 13 69 182 188 
0 1 3 13 195 
0 8 13 184 195 
0 13 41 97 195 
0 13 181 194 195 
0 98 182 191 195 
0 13 187 188 195 
0 8 13 56 182 
0 5 13 14 195 
0 9 13 194 195 
0 12 13 83 182 
0 3 13 183 195 
0 42 98 182 195 
0 97 111 182 195 
13 111 182 190 195 
13 70 182 192 195 
0 69 140 182 195 
0 4 8 182 195 
0 4 5 182 195 
13 28 182 187 195 
10 13 153 182 195 
0 13 28 55 195 
0 8 13 84 182 
0 14 168 182 195 
0 168 181 182 195 
0 13 27 182 189 
0 13 167 182 192 
0 1 9 182 195 
0 13 182 189 190 
7 13 168 182 195 
0 13 153 192 195 
0 1 13 182 185 
5 13 154 182 195 
0 13 112 139 182 
0 10 13 190 195 
0 2 126 182 195 
0 5 13 98 182 
0 6 11 182 195 
13 84 182 191 195 
0 9 13 140 195 
0 9 13 181 195 
0 56 126 182 195 
0 13 139 168 182 
0 13 14 27 182 
0 1 13 111 182 
0 7 13 191 195 
0 69 111 182 195 
0 13 69 97 195 
0 13 168 191 195 
13 153 182 189 195 
0 112 182 183 195 
0 11 56 182 195 
0 10 182 186 195 
0 13 182 185 186 
0 13 14 182 189 
0 1 182 184 195 
5 13 42 182 195 
0 69 182 183 195 
0 8 13 42 182 
0 5 13 56 195 
0 4 13 83 182 
0 8 13 191 195 
13 112 126 182 195 
0 10 13 154 182 
0 9 182 189 195 
0 8 13 111 195 
0 3 13 182 188 
11 13 70 182 195 
13 70 182 186 195 
0 11 126 182 195 
0 13 182 188 190 
0 2 6 13 182 
13 14 182 190 195 
0 13 97 185 195 
13 42 182 186 195 
0 13 97 139 182 
0 42 70 182 195 
0 140 168 182 195 
2 7 13 182 195 
0 5 28 182 195 
0 4 13 192 195 
0 13 167 191 195 
0 2 98 182 195 
0 13 84 186 195 
0 13 42 182 188 
13 69 154 182 195 
0 126 182 185 195 
0 182 185 190 195 
0 7 13 153 182 
1 11 13 182 195 
0 27 41 182 195 
0 13 41 112 195 
0 5 13 182 189 
0 13 41 182 194 
13 182 189 191 195 
8 13 41 182 195 
0 8 13 182 183 
0 11 13 182 190 
2 13 125 182 195 
0 168 182 185 195 
0 13 27 182 185 
10 13 182 189 195 
0 11 13 187 195 
13 84 111 182 195 
0 12 139 182 195 
0 13 28 41 182 
0 10 13 184 195 
0 13 98 126 195 
0 13 41 98 182 
0 27 111 182 195 
0 112 182 193 195 
0 13 55 56 195 
0 182 190 194 195 
0 98 182 190 195 
0 13 70 84 195 
0 12 13 69 182 
0 13 70 168 195 
0 13 14 182 183 
0 182 191 193 195 
0 7 13 184 195 
0 13 41 154 195 
0 8 13 167 182 
0 182 184 188 195 
5 13 182 187 195 
13 83 167 182 195 
0 70 181 182 195 
13 27 182 184 195 
12 13 42 182 195 
0 6 11 13 182 
0 112 140 182 195 
0 13 167 182 186 
0 11 13 194 195 
0 13 168 185 195 
0 13 70 125 182 
0 1 13 27 195 
0 5 182 183 195 
0 2 182 185 195 
0 13 125 182 191 
0 69 182 194 195 
0 5 13 189 195 
0 13 83 182 190 
0 13 56 186 195 
0 84 182 186 195 
0 13 42 55 182 
13 140 182 188 195 
0 13 56 181 182 
13 111 182 193 195 
0 13 14 189 195 
0 9 182 186 195 
0 84 125 182 195 
0 7 125 182 195 
0 13 69 182 187 
13 84 182 186 195 
5 13 182 189 195 
0 13 56 182 189 
0 11 13 182 194 
13 69 182 183 195 
0 2 3 13 182 
0 11 13 55 195 
13 168 181 182 195 
0 13 41 139 182 
13 84 182 188 195 
0 13 69 182 191 
0 13 167 184 195 
13 70 84 182 195 
10 13 126 182 195 
13 154 182 184 195 
0 2 13 70 195 
0 13 42 168 182 
0 55 126 182 195 
0 7 13 182 184 
0 97 125 182 195 
9 13 182 183 195 
0 13 27 187 195 
0 2 13 192 195 
0 7 13 181 195 
0 13 42 193 195 
0 7 13 56 195 
0 182 184 185 195 
0 8 182 191 195 
13 126 139 182 195 
0 13 28 153 195 
0 4 8 13 182 
0 2 13 181 195 
0 13 41 189 195 
1 13 56 182 195 
0 69 182 186 195 
0 13 42 182 193 
0 2 182 192 195 
13 14 55 182 195 
13 42 182 193 195 
7 13 56 182 195 
0 13 182 192 194 
0 13 140 182 185 
0 13 97 125 195 
0 84 168 182 195 
13 139 153 182 195 
0 13 182 185 194 
0 10 56 182 195 
0 11 13 189 195 
0 7 13 98 182 
13 84 181 182 195 
0 2 8 13 182 
0 126 154 182 195 
0 13 182 184 188 
0 13 182 186 188 
0 13 189 191 195 
0 5 13 56 182 
0 70 182 183 195 
7 12 13 182 195 
0 28 182 185 195 
0 182 187 190 195 
0 27 126 182 195 
0 13 28 189 195 
0 13 181 188 195 
0 13 69 167 182 
0 112 182 188 195 
0 13 112 182 183 
12 13 167 182 195 
0 13 140 182 187 
0 13 56 193 195 
13 41 153 182 195 
13 182 188 191 195 
0 13 27 125 195 
0 13 14 190 195 
6 13 69 182 195 
13 56 182 188 195 
0 13 41 182 186 
0 8 13 154 195 
0 167 182 190 195 
0 2 13 70 182 
13 167 182 191 195 
0 11 13 139 195 
0 4 28 182 195 
0 6 7 13 182 
0 13 182 186 187 
4 5 13 182 195 
3 13 98 182 195 
11 13 140 182 195 
0 4 7 13 195 
0 6 42 182 195 
13 168 182 187 195 
9 13 97 182 195 
13 69 126 182 195 
0 98 153 182 195 
0 154 182 188 195 
0 9 167 182 195 
0 11 13 168 195 
0 13 41 112 182 
0 1 182 183 195 
0 1 182 186 195 
13 83 182 187 195 
13 111 126 182 195 
0 8 13 98 182 
0 13 55 112 195 
0 3 182 190 195 
0 13 55 56 182 
0 13 140 182 194 
0 27 182 193 195 
13 55 84 182 195 
0 6 69 182 195 
0 9 13 98 182 
0 13 42 168 195 
0 42 139 182 195 
0 13 83 84 182 
13 41 182 191 195 
0 13 70 185 195 
0 6 181 182 195 
0 13 153 188 195 
8 13 182 194 195 
0 5 12 182 195 
0 11 12 13 195 
4 13 98 182 195 
0 1 2 182 195 
0 182 193 194 195 
0 13 41 194 195 
0 13 69 182 193 
9 13 182 190 195 
0 13 125 182 190 
0 13 84 188 195 
13 55 182 184 195 
0 181 182 193 195 
0 1 182 191 195 
6 13 182 189 195 
13 28 70 182 195 
13 112 153 182 195 
0 13 28 167 195 
0 13 28 182 185 
0 10 13 167 195 
13 70 182 194 195 
0 13 83 182 193 
0 2 111 182 195 
0 13 182 185 189 
0 7 181 182 195 
0 8 9 182 195 
0 11 13 98 182 
0 111 182 185 195 
4 13 153 182 195 
13 97 167 182 195 
0 13 69 70 195 
0 13 125 168 182 
2 13 55 182 195 
0 13 55 126 182 
0 70 182 194 195 
0 13 183 193 195 
13 182 193 194 195 
0 13 125 126 182 
0 2 13 194 195 
13 153 182 188 195 
0 69 97 182 195 
0 1 13 184 195 
0 6 13 27 182 
0 12 13 112 182 
0 11 69 182 195 
0 10 182 190 195 
0 4 10 13 195 
0 13 27 28 182 
1 13 111 182 195 
0 13 14 191 195 
1 2 13 182 195 
0 13 56 139 195 
0 12 182 183 195 
0 13 27 154 182 
0 8 153 182 195 
0 13 70 182 194 
0 13 111 182 190 
8 13 84 182 195 
13 182 187 192 195 
0 126 182 191 195 
13 41 168 182 195 
0 6 9 13 195 
0 13 70 184 195 
13 14 70 182 195 
0 13 167 188 195 
0 4 13 182 194 
0 9 13 97 195 
0 28 139 182 195 
0 4 182 191 195 
0 140 153 182 195 
0 56 70 182 195 
13 97 112 182 195 
0 13 168 181 195 
0 13 56 182 191 
0 1 13 181 195 
0 7 13 190 195 
0 42 154 182 195 
0 13 97 154 182 
0 12 13 168 195 
4 6 13 182 195 
0 11 13 126 195 
0 12 167 182 195 
0 83 154 182 195 
0 28 154 182 195 
0 84 126 182 195 
0 13 41 182 193 
0 7 13 41 182 
0 3 13 168 182 
0 13 27 126 195 
0 13 182 188 192 
0 6 13 56 195 
0 6 10 182 195 
0 11 13 84 195 
0 13 140 168 195 
13 42 125 182 195 
0 2 13 184 195 
0 13 83 139 195 
7 9 13 182 195 
13 153 182 191 195 
10 13 182 184 195 
0 2 13 69 195 
0 13 14 186 195 
13 111 182 194 195 
0 9 13 168 195 
2 6 13 182 195 
0 6 13 98 195 
0 1 8 13 182 
13 42 182 189 195 
0 13 27 182 192 
0 4 13 167 182 
0 9 13 98 195 
13 167 182 187 195 
11 13 14 182 195 
0 69 168 182 195 
13 14 84 182 195 
1 9 13 182 195 
0 13 27 192 195 
0 2 10 182 195 
0 13 182 186 194 
5 13 182 193 195 
0 13 182 189 193 
5 13 182 183 195 
0 6 9 13 182 
0 11 13 182 192 
0 13 14 28 195 
0 56 182 190 195 
13 69 168 182 195 
0 11 13 193 195 
0 28 181 182 195 
0 3 13 112 182 
0 10 167 182 195 
0 12 140 182 195 
7 13 182 184 195 
0 14 154 182 195 
0 8 13 182 193 
0 28 69 182 195 
0 7 83 182 195 
0 27 154 182 195 
13 97 126 182 195 
13 42 182 183 195 
0 13 70 182 189 
13 98 182 190 195 
0 69 182 193 195 
13 28 182 185 195 
0 28 182 189 195 
0 13 126 182 191 
0 8 182 188 195 
0 2 13 182 185 
0 13 140 182 190 
0 4 8 13 195 
0 5 13 98 195 
0 13 140 182 192 
0 13 182 184 185 
0 13 139 187 195 
10 13 182 192 195 
0 13 111 168 195 
2 13 182 186 195 
13 167 182 193 195 
0 13 27 168 182 
10 13 98 182 195 
0 14 97 182 195 
0 41 56 182 195 
0 9 13 125 195 
0 4 69 182 195 
2 13 97 182 195 
0 13 55 168 195 
0 182 184 190 195 
0 13 153 154 182 
0 4 139 182 195 
0 153 182 189 195 
13 125 167 182 195 
0 13 14 125 195 
0 13 83 181 195 
0 9 97 182 195 
0 56 153 182 195 
0 6 182 188 195 
0 13 112 125 182 
0 13 182 191 194 
13 41 140 182 195 
0 10 13 188 195 
0 6 13 28 182 
0 8 13 112 182 
13 182 184 185 195 
13 112 182 190 195 
0 5 13 153 195 
0 12 13 41 182 
0 13 97 193 195 
0 27 125 182 195 
13 55 182 191 195 
0 3 13 139 195 
0 4 13 14 182 
0 14 182 189 195 
0 12 168 182 195 
2 13 28 182 195 
0 13 14 70 182 
0 8 27 182 195 
0 7 28 182 195 
4 13 27 182 195 
0 70 140 182 195 
0 13 125 190 195 
0 13 126 168 182 
0 11 13 55 182 
0 1 13 167 182 
0 3 13 126 195 
0 28 125 182 195 
0 13 125 188 195 
0 13 42 182 191 
0 13 84 125 195 
8 13 182 190 195 
0 11 112 182 195 
13 83 139 182 195 
0 1 13 140 195 
0 6 13 84 182 
0 2 12 182 195 
0 12 83 182 195 
13 111 154 182 195 
0 8 10 182 195 
0 5 182 190 195 
0 27 182 192 195 
10 13 182 191 195 
0 1 12 13 195 
0 13 126 192 195 
0 28 140 182 195 
13 182 184 194 195 
13 83 153 182 195 
0 13 182 186 190 
0 7 13 84 182 
0 7 13 28 182 
0 1 7 182 195 
0 5 9 182 195 
0 11 13 182 187 
13 97 139 182 195 
0 12 14 182 195 
0 13 184 188 195 
0 13 112 182 188 
0 13 186 188 195 
0 70 182 193 195 
0 13 98 190 195 
9 13 140 182 195 
0 8 13 28 195 
0 13 190 193 195 
0 181 182 189 195 
0 12 182 184 195 
0 5 84 182 195 
8 13 42 182 195 
1 5 13 182 195 
0 13 153 191 195 
0 4 7 13 182 
7 8 13 182 195 
0 12 56 182 195 
13 55 167 182 195 
0 13 186 194 195 
13 98 182 185 195 
0 13 55 154 195 
0 3 13 42 195 
0 13 27 125 182 
0 2 13 125 195 
0 4 182 184 195 
0 13 84 112 195 
0 2 153 182 195 
0 6 13 168 182 
0 97 153 182 195 
0 3 13 194 195 
0 10 13 83 195 
13 97 182 191 195 
0 2 13 182 190 
0 69 182 190 195 
6 13 125 182 195 
0 9 182 187 195 
1 13 181 182 195 
0 9 182 193 195 
13 182 183 186 195 
13 125 182 193 195 
3 13 182 184 195 
0 8 70 182 195 
0 2 5 13 182 
0 13 70 191 195 
0 13 112 182 186 
0 7 9 13 182 
0 4 13 185 195 
13 55 69 182 195 
0 10 13 154 195 
0 41 70 182 195 
0 2 13 168 182 
0 11 182 194 195 
0 8 111 182 195 
0 3 182 194 195 
10 13 28 182 195 
0 11 13 182 191 
0 5 139 182 195 
0 7 13 189 195 
0 8 13 181 182 
0 3 13 191 195 
13 27 153 182 195 
0 181 182 187 195 
13 41 111 182 195 
0 9 13 27 195 
0 13 55 187 195 
0 83 182 184 195 
0 41 182 193 195 
13 140 182 183 195 
0 27 28 182 195 
0 182 191 194 195 
0 10 13 126 182 
0 83 182 187 195 
0 5 13 126 195 
0 13 126 182 192 
0 13 139 182 193 
0 13 181 191 195 
0 7 13 167 182 
0 13 183 188 195 
12 13 112 182 195 
0 13 97 98 182 
0 83 139 182 195 
13 182 186 187 195 
0 7 13 97 182 
0 13 41 111 195 
0 97 182 191 195 
6 13 182 193 195 
13 84 153 182 195 
0 3 13 97 195 
0 10 13 182 191 
0 13 189 194 195 
0 12 13 193 195 
0 13 139 182 185 
0 5 182 189 195 
0 13 111 182 183 
13 126 182 184 195 
11 13 28 182 195 
0 13 41 84 182 
13 139 167 182 195 
0 55 182 184 195 
11 13 182 191 195 
11 13 69 182 195 
13 56 154 182 195 
0 13 167 182 193 
0 12 13 27 182 
0 13 27 191 195 
0 83 182 191 195 
13 56 182 184 195 
13 125 182 189 195 
0 13 70 182 188 
0 3 13 28 182 
13 182 186 192 195 
0 28 182 191 195 
13 182 192 193 195 
0 13 154 167 182 
0 4 13 27 195 
13 140 182 184 195 
1 3 13 182 195 
0 9 13 182 192 
0 83 140 182 195 
0 13 69 126 195 
0 8 13 185 195 
0 13 56 126 195 
13 139 182 192 195 
0 13 167 168 195 
0 13 112 167 195 
0 4 153 182 195 
0 28 42 182 195 
0 41 182 191 195 
0 182 189 194 195 
13 27 125 182 195 
13 69 167 182 195 
13 125 140 182 195 
0 6 13 194 195 
0 13 139 184 195 
12 13 125 182 195 
0 13 140 187 195 
6 13 28 182 195 
0 13 84 182 185 
0 10 13 191 195 
13 98 153 182 195 
0 126 182 189 195 
0 41 182 184 195 
0 13 14 111 195 
0 6 182 193 195 
0 13 55 84 182 
13 70 181 182 195 
0 9 84 182 195 
13 84 154 182 195 
0 13 112 154 182 
0 56 84 182 195 
0 12 13 14 195 
4 9 13 182 195 
0 8 140 182 195 
7 13 83 182 195 
0 10 14 182 195 
13 84 125 182 195 
0 13 42 154 182 
0 28 182 187 195 
0 4 12 182 195 
0 13 140 181 182 
0 2 11 13 182 
0 13 139 182 192 
0 13 112 187 195 
0 4 13 69 182 
9 13 56 182 195 
0 1 182 193 195 
0 13 168 182 183 
0 6 13 154 182 
0 13 69 125 182 
0 10 13 183 195 
0 14 69 182 195 
0 1 13 182 189 
8 13 98 182 195 
0 10 112 182 195 
0 13 56 140 195 
13 84 182 190 195 
0 11 98 182 195 
0 3 182 183 195 
0 3 13 182 194 
13 14 27 182 195 
3 13 182 192 195 
13 154 182 192 195 
0 3 139 182 195 
0 13 153 193 195 
13 97 153 182 195 
0 182 188 194 195 
0 9 13 168 182 
13 56 98 182 195 
11 12 13 182 195 
0 28 84 182 195 
0 5 125 182 195 
0 5 13 111 182 
0 13 41 182 188 
13 28 112 182 195 
4 13 112 182 195 
13 70 126 182 195 
0 13 98 187 195 
0 13 83 182 185 
12 13 98 182 195 
0 13 41 140 195 
0 13 111 182 192 
13 97 182 187 195 
0 5 13 191 195 
0 13 139 182 183 
0 153 182 186 195 
0 1 13 182 190 
3 9 13 182 195 
0 13 69 112 195 
0 9 13 28 182 
9 13 111 182 195 
0 12 182 193 195 
0 13 183 186 195 
0 10 125 182 195 
0 13 27 193 195 
0 83 84 182 195 
0 10 13 182 183 
0 10 13 56 195 
13 28 125 182 195 
11 13 139 182 195 
0 2 13 41 182 
0 13 56 69 195 
13 98 140 182 195 
6 13 182 191 195 
0 4 13 140 182 
0 13 168 192 195 
0 13 112 182 189 
0 1 10 182 195 
0 2 4 13 182 
0 13 83 182 183 
0 6 13 182 183 
0 182 186 194 195 
0 8 13 187 195 
0 153 182 194 195 
9 13 14 182 195 
0 14 70 182 195 
0 1 13 112 195 
0 13 182 190 191 
12 13 154 182 195 
9 11 13 182 195 
0 3 11 182 195 
0 13 125 140 195 
0 4 13 153 195 
13 168 182 191 195 
0 140 182 185 195 
12 13 182 189 195 
12 13 83 182 195 
0 7 168 182 195 
13 70 111 182 195 
0 181 182 184 195 
0 13 14 182 186 
13 125 182 188 195 
13 153 182 183 195 
13 70 125 182 195 
13 140 182 189 195 
0 13 167 181 182 
0 27 167 182 195 
0 13 188 193 195 
0 2 13 188 195 
0 9 13 69 182 
0 13 98 139 195 
11 13 167 182 195 
13 14 182 186 195 
0 83 125 182 195 
13 98 168 182 195 
0 13 125 126 195 
0 13 14 194 195 
0 7 182 191 195 
0 13 182 183 185 
0 13 126 186 195 
0 1 13 126 182 
0 6 7 13 195 
0 11 13 126 182 
2 13 27 182 195 
0 8 13 97 195 
0 13 84 97 195 
13 69 84 182 195 
0 13 126 190 195 
0 12 55 182 195 
0 140 182 190 195 
13 56 182 185 195 
0 13 111 190 195 
3 13 56 182 195 
0 13 55 111 182 
0 8 13 153 182 
9 13 182 193 195 
0 5 13 182 191 
0 13 167 182 190 
0 6 139 182 195 
0 9 42 182 195 
0 84 182 185 195 
0 5 69 182 195 
9 13 182 192 195 
0 97 167 182 195 
13 14 111 182 195 
0 139 167 182 195 
0 5 13 140 195 
13 14 83 182 195 
0 13 97 182 183 
2 4 13 182 195 
13 42 84 182 195 
13 42 154 182 195 
0 13 42 69 182 
13 167 182 190 195 
0 55 97 182 195 
0 55 182 185 195 
0 13 84 181 182 
0 13 56 97 195 
0 56 168 182 195 
0 13 153 182 189 
0 13 168 182 188 
0 13 56 191 195 
12 13 182 184 195 
0 13 27 42 195 
0 13 83 182 188 
13 70 168 182 195 
13 42 56 182 195 
0 10 13 181 195 
5 13 98 182 195 
0 9 13 182 183 
0 13 55 182 189 
0 13 126 184 195 
0 13 140 153 195 
0 181 182 194 195 
0 2 13 153 195 
0 182 184 193 195 
0 9 13 182 188 
5 13 168 182 195 
0 125 182 189 195 
0 84 182 190 195 
0 13 182 183 186 
0 13 70 112 195 
0 42 182 187 195 
9 13 182 194 195 
0 13 154 182 192 
0 13 189 192 195 
0 13 14 139 182 
0 41 42 182 195 
10 13 168 182 195 
0 13 14 153 182 
0 2 56 182 195 
0 2 55 182 195 
5 13 182 194 195 
0 13 83 167 182 
0 13 97 182 189 
0 13 27 112 182 
0 13 139 140 195 
0 97 140 182 195 
1 13 83 182 195 
0 7 13 182 193 
0 5 140 182 195 
0 13 97 183 195 
6 13 126 182 195 
0 5 11 13 195 
0 168 182 192 195 
8 13 112 182 195 
0 98 139 182 195 
0 13 153 182 190 
0 7 13 182 187 
0 69 84 182 195 
13 125 153 182 195 
13 126 182 191 195 
13 56 112 182 195 
13 14 182 185 195 
0 167 182 188 195 
13 111 181 182 195 
0 9 12 13 182 
0 11 13 97 182 
0 13 154 181 195 
0 7 182 186 195 
2 13 112 182 195 
1 7 13 182 195 
0 1 14 182 195 
0 13 125 168 195 
0 1 27 182 195 
0 13 125 153 182 
13 41 154 182 195 
0 13 112 182 185 
0 13 56 140 182 
0 13 83 182 191 
0 3 42 182 195 
0 4 13 55 182 
0 2 13 154 182 
0 2 13 167 182 
0 13 182 190 192 
0 12 13 182 194 
0 5 56 182 195 
0 182 189 190 195 
0 13 84 182 188 
13 111 182 183 195 
0 13 14 84 182 
0 8 9 13 195 
13 181 182 184 195 
0 13 126 139 182 
0 97 112 182 195 
0 8 11 13 182 
0 13 42 187 195 
0 13 27 126 182 
0 55 182 193 195 
0 1 13 42 182 
0 1 9 13 182 
0 125 126 182 195 
0 13 42 126 182 
0 7 13 182 191 
0 13 41 70 182 
0 13 182 187 191 
7 11 13 182 195 
0 1 13 182 187 
4 13 182 184 195 
0 13 69 185 195 
2 13 182 194 195 
0 13 154 182 187 
0 10 182 193 195 
13 168 182 190 195 
0 13 27 139 182 
0 13 98 181 195 
13 111 140 182 195 
0 13 168 186 195 
0 1 111 182 195 
0 5 8 13 182 
0 13 42 139 195 
0 4 83 182 195 
0 7 13 84 195 
0 9 182 190 195 
0 13 56 126 182 
0 5 13 139 182 
13 28 182 184 195 
0 13 111 194 195 
0 13 41 56 195 
1 13 182 192 195 
11 13 182 189 195 
0 98 168 182 195 
13 56 182 193 195 
0 13 55 181 182 
0 13 126 189 195 
0 1 154 182 195 
0 55 154 182 195 
0 13 14 69 195 
0 13 69 182 190 
0 11 13 184 195 
0 42 97 182 195 
0 6 182 191 195 
0 13 27 182 188 
5 6 13 182 195 
0 11 139 182 195 
1 13 182 194 195 
0 13 125 182 192 
13 56 182 194 195 
0 13 69 182 183 
0 13 27 168 195 
0 13 14 28 182 
0 11 182 184 195 
0 10 13 41 195 
0 13 97 190 195 
0 13 28 193 195 
0 8 182 185 195 
0 14 182 190 195 
0 12 182 192 195 
13 112 182 192 195 
0 13 112 168 182 
13 98 181 182 195 
5 13 182 191 195 
0 13 55 97 195 
0 5 13 27 195 
0 5 97 182 195 
0 55 56 182 195 
0 13 182 186 193 
0 13 182 184 187 
0 2 6 13 195 
0 11 55 182 195 
0 12 13 181 182 
0 13 56 153 182 
13 182 186 189 195 
13 112 182 183 195 
13 69 182 194 195 
0 56 182 184 195 
0 1 55 182 195 
9 13 168 182 195 
13 27 182 194 195 
0 3 182 187 195 
0 2 13 69 182 
13 139 154 182 195 
3 12 13 182 195 
0 9 13 191 195 
0 6 126 182 195 
2 13 126 182 195 
0 1 13 41 195 
0 1 13 41 182 
6 13 181 182 195 
0 4 111 182 195 
0 13 56 184 195 
0 182 185 188 195 
3 13 182 183 195 
0 182 186 191 195 
0 41 111 182 195 
0 10 13 139 195 
0 13 97 191 195 
0 13 153 183 195 
0 1 10 13 182 
0 7 13 154 195 
0 6 13 139 195 
1 13 168 182 195 
0 13 168 190 195 
0 13 181 182 192 
0 13 98 125 182 
0 12 13 14 182 
0 10 13 42 182 
0 167 182 191 195 
13 69 182 187 195 
0 2 13 182 186 
0 13 56 83 182 
0 13 126 181 195 
3 10 13 182 195 
10 13 41 182 195 
0 13 69 182 194 
0 167 182 184 195 
13 111 167 182 195 
0 4 13 69 195 
8 13 69 182 195 
0 13 56 167 182 
13 70 182 183 195 
0 1 41 182 195 
0 10 13 42 195 
0 6 13 153 182 
0 1 182 194 195 
0 13 41 69 195 
0 1 13 182 188 
0 13 168 182 190 
0 13 14 182 194 
0 13 70 98 195 
13 111 182 191 195 
0 111 182 186 195 
13 69 70 182 195 
0 8 11 13 195 
0 6 83 182 195 
0 13 70 139 195 
5 13 55 182 195 
13 139 168 182 195 
0 13 41 192 195 
0 3 7 182 195 
0 13 126 183 195 
13 182 186 193 195 
0 1 13 70 195 
0 13 111 182 186 
0 3 13 70 182 
0 13 125 182 189 
13 70 139 182 195 
0 5 13 83 195 
13 27 97 182 195 
6 8 13 182 195 
0 9 13 112 195 
0 4 182 186 195 
8 9 13 182 195 
7 13 97 182 195 
8 13 126 182 195 
0 7 13 98 195 
0 9 11 13 182 
0 2 13 182 192 
0 13 28 83 182 
13 69 182 188 195 
0 12 13 182 188 
0 2 13 185 195 
0 13 139 191 195 
0 98 154 182 195 
13 14 98 182 195 
0 3 84 182 195 
13 182 188 190 195 
5 13 111 182 195 
0 2 13 125 182 
0 4 56 182 195 
0 12 13 182 185 
0 11 13 28 182 
0 13 98 182 183 
0 6 13 14 182 
0 13 97 154 195 
0 182 192 194 195 
0 13 167 190 195 
0 13 181 182 188 
0 13 83 111 195 
0 125 182 185 195 
0 13 14 69 182 
1 13 182 186 195 
0 9 13 167 182 
0 13 111 193 195 
8 13 182 188 195 
13 56 167 182 195 
0 3 69 182 195 
3 13 167 182 195 
0 1 13 168 195 
0 112 182 186 195 
7 13 182 192 195 
0 13 55 83 195 
0 1 6 182 195 
0 13 56 97 182 
5 13 41 182 195 
0 13 168 188 195 
0 13 41 55 182 
0 14 42 182 195 
4 13 182 185 195 
0 2 13 112 195 
0 12 13 153 195 
7 13 139 182 195 
0 13 167 182 184 
13 83 140 182 195 
0 13 70 154 182 
13 181 182 193 195 
13 27 56 182 195 
0 2 125 182 195 
0 6 13 167 182 
0 4 13 154 182 
0 27 182 187 195 
13 14 167 182 195 
9 13 182 184 195 
0 6 13 70 182 
0 5 182 184 195 
0 7 10 13 182 
0 7 13 27 182 
0 2 9 182 195 
0 1 182 185 195 
0 112 182 191 195 
0 13 126 153 182 
0 13 56 98 195 
0 3 13 188 195 
0 13 154 168 195 
0 126 140 182 195 
0 13 111 167 195 
0 3 154 182 195 
0 5 13 27 182 
0 13 84 97 182 
0 69 154 182 195 
0 13 153 186 195 
0 13 27 182 183 
13 154 182 191 195 
0 10 182 187 195 
0 70 125 182 195 
0 13 69 181 195 
0 13 112 139 195 
0 168 182 186 195 
0 111 168 182 195 
0 13 182 190 193 
0 98 182 189 195 
13 126 154 182 195 
13 112 168 182 195 
13 182 191 192 195 
0 5 13 41 182 
13 42 112 182 195 
0 13 111 140 195 
0 4 112 182 195 
0 112 182 189 195 
13 56 168 182 195 
0 112 153 182 195 
0 6 112 182 195 
13 182 184 190 195 
0 168 182 183 195 
0 5 11 13 182 
0 13 55 84 195 
13 182 190 192 195 
0 7 111 182 195 
0 7 182 183 195 
0 6 13 168 195 
0 84 182 183 195 
1 13 182 193 195 
0 12 13 182 186 
0 8 13 27 182 
0 182 184 189 195 
0 12 69 182 195 
0 9 182 184 195 
0 3 13 154 182 
0 13 70 183 195 
13 55 168 182 195 
6 13 182 194 195 
0 7 13 55 195 
0 13 41 83 182 
0 12 13 182 187 
0 11 13 56 182 
0 13 154 182 184 
0 8 13 14 195 
13 98 125 182 195 
0 13 69 140 182 
0 13 139 194 195 
2 13 14 182 195 
13 27 182 186 195 
13 168 182 183 195 
0 13 111 167 182 
0 3 13 55 195 
0 3 27 182 195 
0 8 13 69 195 
0 56 182 185 195 
13 168 182 186 195 
0 13 55 125 182 
0 6 97 182 195 
0 70 97 182 195 
0 13 97 153 182 
0 13 70 193 195 
0 13 41 182 185 
0 9 13 55 182 
0 182 185 189 195 
0 9 70 182 195 
0 3 13 14 195 
8 10 13 182 195 
0 13 183 189 195 
7 13 154 182 195 
0 3 10 182 195 
0 6 111 182 195 
0 13 111 189 195 
13 83 182 189 195 
0 9 13 28 195 
0 7 182 185 195 
0 153 154 182 195 
0 7 13 182 189 
0 7 13 182 183 
0 9 13 182 184 
0 10 13 84 182 
0 69 182 191 195 
13 153 182 190 195 
13 27 84 182 195 
0 13 182 184 190 
13 69 182 193 195 
0 2 13 168 195 
0 13 41 125 195 
0 3 9 13 182 
0 13 98 112 182 
0 13 14 55 195 
0 7 13 14 195 
0 13 84 190 195 
0 14 182 191 195 
0 13 153 181 195 
0 1 13 182 194 
0 4 7 182 195 
0 13 98 189 195 
0 3 182 185 195 
0 13 154 182 190 
0 3 10 13 182 
0 11 13 112 182 
7 13 125 182 195 
13 41 182 193 195 
0 5 6 182 195 
0 6 13 140 182 
0 84 182 184 195 
0 12 13 111 182 
0 13 14 182 188 
0 4 13 97 195 
13 182 186 194 195 
13 139 182 184 195 
0 6 13 182 184 
0 2 28 182 195 
0 5 13 182 193 
10 13 56 182 195 
0 1 2 13 195 
13 84 182 187 195 
0 41 167 182 195 
13 27 70 182 195 
0 13 84 139 182 
0 154 182 187 195 
0 4 182 188 195 
0 1 6 13 195 
13 27 182 190 195 
0 13 83 168 182 
0 55 70 182 195 
0 13 139 182 187 
13 41 182 183 195 
0 41 97 182 195 
0 7 13 27 195 
0 140 182 193 195 
11 13 168 182 195 
1 13 14 182 195 
0 13 182 187 194 
4 13 182 192 195 
0 13 55 194 195 
0 13 153 182 193 
0 13 14 184 195 
0 1 13 186 195 
0 2 13 182 184 
13 70 153 182 195 
13 42 182 191 195 
0 3 13 181 195 
0 13 182 193 194 
0 10 13 126 195 
13 139 182 183 195 
0 3 12 13 195 
6 13 182 192 195 
5 8 13 182 195 
6 13 42 182 195 
3 6 13 182 195 
0 13 42 125 182 
0 9 12 182 195 
0 3 182 192 195 
0 13 28 182 193 
0 13 83 182 192 
0 13 28 182 184 
0 13 139 168 195 
9 13 55 182 195 
0 13 27 182 186 
0 69 182 184 195 
0 10 182 189 195 
0 98 182 194 195 
8 13 182 193 195 
0 13 112 191 195 
6 13 182 190 195 
0 10 13 187 195 
13 69 182 190 195 
0 42 182 192 195 
0 139 182 185 195 
0 13 14 126 182 
13 97 140 182 195 
2 13 98 182 195 
0 13 42 183 195 
3 13 14 182 195 
0 3 111 182 195 
0 5 181 182 195 
0 13 56 70 195 
13 182 187 189 195 
1 6 13 182 195 
0 13 111 188 195 
0 9 13 154 182 
0 13 182 188 194 
0 3 13 69 182 
0 83 182 185 195 
13 126 182 185 195 
0 13 28 190 195 
0 13 153 167 195 
0 139 182 194 195 
13 56 83 182 195 
13 83 154 182 195 
0 13 181 182 184 
0 5 14 182 195 
0 3 13 41 195 
13 182 183 193 195 
13 56 182 186 195 
0 9 153 182 195 
0 11 13 188 195 
0 4 13 42 182 
13 70 182 191 195 
0 4 12 13 195 
0 4 13 182 184 
0 10 12 13 195 
0 28 55 182 195 
0 13 97 111 195 
0 13 97 182 186 
0 13 14 125 182 
0 13 84 153 195 
1 4 13 182 195 
0 111 182 189 195 
3 13 84 182 195 
0 7 13 182 194 
0 13 125 192 195 
0 13 14 167 195 
0 4 13 84 182 
0 13 83 139 182 
0 11 14 182 195 
0 2 13 84 195 
0 42 84 182 195 
0 6 28 182 195 
0 8 13 182 194 
0 13 112 182 187 
0 1 2 13 182 
0 2 140 182 195 
13 154 182 186 195 
0 13 154 167 195 
0 13 55 191 195 
1 13 182 187 195 
0 9 13 182 186 
6 13 153 182 195 
0 1 13 181 182 
13 112 182 189 195 
13 28 182 191 195 
9 13 28 182 195 
4 13 97 182 195 
6 13 111 182 195 
0 13 182 186 191 
10 13 182 188 195 
0 13 84 182 190 
0 13 112 185 195 
7 10 13 182 195 
0 13 182 183 191 
0 13 126 168 195 
0 1 13 14 182 
0 13 42 55 195 
0 182 187 193 195 
0 10 13 139 182 
13 14 42 182 195 
4 13 182 186 195 
0 6 98 182 195 
0 126 182 190 195 
0 13 14 140 195 
0 13 182 189 192 
0 42 182 193 195 
0 13 182 184 193 
13 56 69 182 195 
13 125 154 182 195 
0 13 14 41 182 
0 56 182 188 195 
0 13 97 182 188 
13 42 168 182 195 
0 5 6 13 195 
0 13 181 182 186 
0 13 97 126 182 
9 13 83 182 195 
13 139 182 187 195 
0 27 84 182 195 
0 12 13 182 184 
13 182 189 190 195 
0 6 13 139 182 
13 28 111 182 195 
0 11 182 186 195 
0 111 182 188 195 
12 13 182 190 195 
0 8 41 182 195 
0 11 13 181 195 
0 13 28 41 195 
13 41 139 182 195 
0 112 154 182 195 
8 13 168 182 195 
0 13 125 184 195 
0 13 69 98 195 
0 13 42 98 195 
13 153 182 194 195 
0 13 126 182 185 
0 13 97 192 195 
0 13 28 187 195 
0 3 13 41 182 
0 13 56 182 187 
0 13 28 181 182 
0 70 111 182 195 
0 69 70 182 195 
13 167 181 182 195 
0 13 27 140 182 
0 2 5 13 195 
0 10 55 182 195 
0 13 126 187 195 
0 5 13 97 182 
0 5 182 186 195 
0 13 112 140 182 
0 112 181 182 195 
0 83 111 182 195 
13 28 55 182 195 
10 12 13 182 195 
0 13 42 182 190 
0 13 14 111 182 
0 10 13 70 195 
0 13 55 182 194 
0 13 28 111 182 
7 13 182 190 195 
0 13 42 182 186 
13 69 98 182 195 
4 13 182 190 195 
0 12 70 182 195 
0 55 139 182 195 
0 9 13 70 182 
0 5 13 182 187 
0 7 167 182 195 
8 13 111 182 195 
12 13 182 192 195 
0 13 182 186 189 
6 13 182 185 195 
0 12 182 191 195 
0 13 167 182 185 
0 125 139 182 195 
0 11 182 183 195 
0 2 182 194 195 
0 13 97 182 190 
0 27 168 182 195 
0 13 112 181 182 
0 70 83 182 195 
0 10 98 182 195 
0 10 12 182 195 
0 4 9 13 182 
0 11 13 83 182 
0 10 12 13 182 
0 125 140 182 195 
0 10 13 112 182 
0 14 182 188 195 
0 11 182 188 195 
0 3 13 187 195 
0 1 84 182 195 
0 8 13 55 182 
13 98 126 182 195 
0 9 13 190 195 
0 6 182 194 195 
13 182 183 189 195 
0 7 13 140 195 
13 83 112 182 195 
0 1 125 182 195 
0 9 125 182 195 
0 7 13 111 182 
0 13 42 97 195 
0 11 168 182 195 
0 5 13 41 195 
0 13 185 189 195 
0 3 13 182 189 
0 13 153 182 183 
0 83 182 189 195 
0 13 70 190 195 
0 7 9 182 195 
0 8 13 112 195 
0 13 28 84 195 
0 12 13 192 195 
0 2 13 191 195 
0 111 140 182 195 
0 83 126 182 195 
0 70 98 182 195 
0 3 13 111 195 
0 12 13 182 192 
5 13 182 188 195 
0 182 189 193 195 
0 56 182 189 195 
12 13 153 182 195 
0 5 13 28 195 
4 7 13 182 195 
13 56 140 182 195 
0 1 4 182 195 
0 14 181 182 195 
0 126 182 194 195 
13 153 182 192 195 
13 98 167 182 195 
0 13 187 194 195 
0 13 42 153 195 
0 2 9 13 195 
13 83 182 188 195 
0 13 182 183 188 
0 10 27 182 195 
13 153 154 182 195 
0 13 84 153 182 
0 13 28 182 186 
0 13 42 182 185 
0 8 13 153 195 
0 6 13 55 195 
0 140 182 186 195 
0 10 13 182 186 
3 13 154 182 195 
0 13 84 182 189 
13 153 182 185 195 
0 7 13 97 195 
0 10 13 185 195 
0 4 182 194 195 
0 1 13 125 182 
0 69 182 189 195 
0 13 42 98 182 
0 13 42 140 182 
0 13 181 184 195 
1 13 28 182 195 
13 153 182 193 195 
0 153 182 183 195 
0 70 182 184 195 
0 6 13 167 195 
0 14 125 182 195 
13 167 182 194 195 
2 13 140 182 195 
12 13 182 185 195 
0 13 168 194 195 
0 9 13 111 195 
0 13 84 185 195 
0 13 111 154 195 
13 55 126 182 195 
0 139 181 182 195 
0 55 182 186 195 
0 13 69 83 195 
0 7 97 182 195 
0 13 154 182 186 
13 70 182 184 195 
0 2 182 188 195 
0 56 98 182 195 
3 13 27 182 195 
0 13 56 182 192 
0 13 55 182 183 
0 181 182 185 195 
0 13 187 192 195 
0 5 126 182 195 
0 1 11 13 195 
0 56 167 182 195 
0 14 153 182 195 
0 13 139 192 195 
0 11 13 27 182 
13 125 168 182 195 
0 12 182 190 195 
0 1 7 13 182 
0 14 126 182 195 
0 10 13 28 182 
0 6 13 56 182 
0 13 98 186 195 
0 3 125 182 195 
0 27 83 182 195 
0 7 13 194 195 
0 7 12 13 182 
1 13 140 182 195 
0 4 13 42 195 
0 13 69 187 195 
0 11 13 153 182 
0 42 69 182 195 
0 13 111 153 195 
0 10 13 140 195 
0 5 7 13 182 
0 13 97 126 195 
0 13 111 125 195 
8 13 153 182 195 
0 13 98 154 195 
13 42 70 182 195 
0 13 27 83 182 
0 5 7 182 195 
0 13 191 192 195 
2 8 13 182 195 
0 10 83 182 195 
0 13 69 111 182 
0 13 14 56 182 
0 5 154 182 195 
4 13 182 183 195 
0 125 167 182 195 
13 97 182 183 195 
13 56 111 182 195 
0 13 42 153 182 
0 13 168 182 186 
13 111 182 184 195 
0 154 182 184 195 
0 13 41 183 195 
13 97 182 185 195 
0 6 10 13 195 
12 13 168 182 195 
0 13 153 168 182 
0 7 10 182 195 
0 5 13 153 182 
0 13 28 111 195 
0 13 69 183 195 
0 1 13 98 182 
0 13 139 186 195 
13 97 182 188 195 
0 13 27 84 195 
0 6 13 192 195 
0 4 182 189 195 
0 13 55 140 182 
13 126 181 182 195 
0 167 182 194 195 
0 2 27 182 195 
0 7 13 183 195 
0 4 181 182 195 
3 13 140 182 195 
13 56 182 187 195 
13 139 182 189 195 
0 11 13 167 195 
0 126 182 183 195 
0 28 83 182 195 
0 13 55 182 191 
0 14 182 194 195 
0 10 13 41 182 
0 3 13 182 184 
0 9 14 182 195 
0 84 182 189 195 
0 13 185 186 195 
0 13 70 153 182 
13 112 154 182 195 
0 3 8 13 182 
13 41 182 185 195 
12 13 182 187 195 
0 10 13 83 182 
0 41 112 182 195 
0 13 98 182 193 
0 5 13 182 184 
13 97 182 193 195 
13 69 182 192 195 
0 182 184 192 195 
0 1 112 182 195 
0 153 182 187 195 
0 13 55 182 188 
0 1 8 13 195 
12 13 41 182 195 
4 11 13 182 195 
0 13 84 182 186 
0 5 13 140 182 
13 42 98 182 195 
0 11 13 97 195 
0 13 27 167 195 
0 181 182 183 195 
0 1 181 182 195 
13 182 183 190 195 
0 83 112 182 195 
0 13 125 182 187 
0 9 13 14 182 
0 13 111 182 188 
0 6 13 69 182 
0 125 182 187 195 
0 154 182 194 195 
13 41 56 182 195 
0 13 139 182 190 
13 111 182 188 195 
0 2 13 182 187 
5 13 83 182 195 
13 126 182 190 195 
0 70 139 182 195 
0 7 13 112 195 
0 2 14 182 195 
0 13 70 139 182 
13 27 41 182 195 
6 13 70 182 195 
0 13 83 182 186 
0 10 13 97 195 
0 6 140 182 195 
0 11 13 84 182 
0 126 139 182 195 
0 6 182 192 195 
0 8 112 182 195 
0 7 13 168 195 
13 126 182 188 195 
0 167 182 186 195 
0 13 111 184 195 
0 13 27 140 195 
0 9 98 182 195 
9 13 154 182 195 
7 13 153 182 195 
0 13 55 98 182 
0 13 139 182 191 
1 13 153 182 195 
0 1 13 153 195 
0 139 140 182 195 
0 13 97 182 184 
0 13 41 182 191 
0 11 13 190 195 
0 13 70 140 182 
0 13 28 112 182 
0 13 153 182 192 
0 13 139 140 182 
0 42 182 190 195 
0 13 98 193 195 
0 70 182 191 195 
0 11 12 13 182 
0 27 55 182 195 
12 13 139 182 195 
0 13 84 193 195 
0 4 10 13 182 
13 41 182 184 195 
0 2 4 13 195 
11 13 83 182 195 
13 14 41 182 195 
0 11 13 168 182 
0 8 182 183 195 
0 13 84 182 191 
0 8 83 182 195 
0 13 28 182 183 
0 13 182 184 194 
0 8 139 182 195 
0 11 182 185 195 
0 41 182 194 195 
13 182 183 194 195 
0 4 182 183 195 
0 6 13 153 195 
0 13 183 185 195 
0 84 153 182 195 
0 13 42 192 195 
0 28 168 182 195 
0 5 182 192 195 
0 27 112 182 195 
0 10 13 192 195 
0 83 153 182 195 
12 13 182 186 195 
0 13 167 185 195 
1 13 182 183 195 
13 154 182 194 195 
13 126 182 189 195 
0 8 13 193 195 
5 13 27 182 195 
0 13 98 182 190 
13 55 182 193 195 
0 167 182 185 195 
0 13 42 125 195 
13 139 182 193 195 
13 181 182 192 195 
0 2 13 182 194 
0 7 11 182 195 
0 1 5 13 195 
0 1 56 182 195 
13 84 182 192 195 
13 42 69 182 195 
13 182 187 188 195 
0 10 126 182 195 
0 13 42 111 195 
9 13 84 182 195 
0 13 153 194 195 
0 13 140 191 195 
0 13 153 181 182 
0 13 42 112 195 
0 69 83 182 195 
0 5 13 125 182 
0 13 112 182 190 
0 182 188 191 195 
0 97 98 182 195 
10 13 125 182 195 
0 12 182 189 195 
0 13 55 98 195 
0 13 140 194 195 
0 2 4 182 195 
0 13 41 181 182 
0 13 83 182 184 
0 13 27 139 195 
11 13 153 182 195 
0 97 182 189 195 
0 139 182 188 195 
13 182 183 191 195 
0 13 28 181 195 
0 3 13 140 195 
0 55 140 182 195 
13 42 55 182 195 
0 13 125 167 182 
0 13 70 126 182 
0 55 181 182 195 
0 10 182 183 195 
0 13 83 193 195 
0 8 13 181 195 
0 13 154 188 195 
0 41 182 189 195 
0 7 13 185 195 
0 7 41 182 195 
13 83 182 190 195 
0 9 181 182 195 
13 42 139 182 195 
0 13 69 186 195 
0 10 13 125 195 
13 98 182 192 195 
0 13 154 183 195 
0 13 41 97 182 
13 182 185 194 195 
0 2 13 187 195 
0 13 55 193 195 
0 9 13 182 185 
0 5 41 182 195 
0 12 13 98 182 
0 13 41 167 182 
0 13 69 153 195 
0 13 111 182 185 
0 8 10 13 182 
0 168 182 188 195 
0 27 182 188 195 
0 13 185 192 195 
0 41 182 190 195 
0 13 98 185 195 
0 13 84 182 192 
0 4 154 182 195 
0 14 182 185 195 
13 69 182 189 195 
0 12 13 194 195 
0 13 84 182 194 
0 13 14 167 182 
6 13 56 182 195 
0 7 13 55 182 
0 3 13 190 195 
0 12 13 70 182 
0 3 6 13 182 
13 28 41 182 195 
2 13 182 190 195 
0 13 84 191 195 
0 1 13 126 195 
0 3 70 182 195 
0 7 13 126 195 
13 182 190 193 195 
13 139 182 185 195 
0 13 84 167 182 
0 13 182 185 188 
0 13 56 125 195 
13 140 182 186 195 
0 5 13 167 195 
0 27 182 189 195 
0 10 13 182 185 
9 13 182 191 195 
0 9 140 182 195 
0 13 41 182 190 
11 13 182 184 195 
0 112 182 194 195 
0 6 14 182 195 
0 13 41 184 195 
0 13 70 154 195 
0 2 13 190 195 
0 13 112 168 195 
0 13 42 182 184 
13 84 182 184 195 
0 4 182 185 195 
0 28 182 190 195 
0 13 28 184 195 
2 13 182 188 195 
13 69 139 182 195 
0 13 69 168 195 
0 5 10 182 195 
0 13 154 168 182 
13 41 182 192 195 
0 13 42 181 195 
0 11 28 182 195 
0 13 14 154 182 
2 12 13 182 195 
0 13 181 182 187 
0 13 186 190 195 
13 27 69 182 195 
0 13 69 181 182 
2 13 84 182 195 
0 97 154 182 195 
13 111 168 182 195 
0 13 27 69 182 
0 13 190 192 195 
0 11 13 186 195 
13 69 97 182 195 
13 168 182 189 195 
13 28 182 194 195 
13 97 182 192 195 
0 9 13 189 195 
0 13 98 112 195 
0 3 7 13 195 
0 111 182 183 195 
0 9 55 182 195 
0 10 13 14 182 
0 12 41 182 195 
0 6 13 190 195 
0 13 14 112 195 
8 13 182 191 195 
0 125 182 186 195 
0 1 8 182 195 
0 3 13 14 182 
13 182 183 192 195 
0 2 182 191 195 
0 13 111 125 182 
0 13 184 190 195 
0 13 55 182 184 
0 13 27 194 195 
0 13 126 182 184 
0 13 42 182 194 
0 13 139 185 195 
0 4 125 182 195 
0 97 182 188 195 
13 112 182 194 195 
0 13 125 167 195 
0 13 42 97 182 
0 14 182 183 195 
0 13 14 182 190 
0 13 84 112 182 
5 13 182 185 195 
0 4 168 182 195 
0 14 182 186 195 
13 14 56 182 195 
13 27 140 182 195 
0 13 28 153 182 
0 97 182 183 195 
0 7 8 13 195 
0 13 140 189 195 
4 10 13 182 195 
0 8 13 28 182 
0 167 182 187 195 
0 182 183 185 195 
0 13 69 111 195 
13 41 167 182 195 
0 3 13 125 195 
0 3 13 83 195 
13 97 181 182 195 
0 2 13 139 195 
13 84 168 182 195 
0 13 84 182 183 
0 13 98 111 195 
0 41 182 188 195 
0 10 182 194 195 
3 13 168 182 195 
0 6 70 182 195 
0 1 13 182 193 
0 2 181 182 195 
0 8 13 41 195 
0 13 183 194 195 
0 7 13 167 195 
0 7 182 184 195 
0 1 97 182 195 
0 4 10 182 195 
7 13 41 182 195 
9 13 167 182 195 
0 6 13 185 195 
0 9 13 56 195 
0 13 28 98 195 
0 13 192 194 195 
0 12 13 139 182 
0 5 13 168 182 
10 13 182 193 195 
0 13 140 192 195 
0 4 13 139 182 
0 3 9 13 195 
0 4 13 168 195 
0 13 14 153 195 
0 7 13 112 182 
0 181 182 188 195 
0 13 28 154 195 
0 42 125 182 195 
0 13 41 193 195 
0 13 83 183 195 
13 126 182 192 195 
0 111 181 182 195 
13 56 126 182 195 
0 2 11 13 195 
0 12 182 188 195 
0 2 182 190 195 
0 2 182 186 195 
0 4 13 168 182 
13 55 182 192 195 
0 55 69 182 195 
13 154 182 185 195 
0 10 69 182 195 
8 13 154 182 195 
0 7 153 182 195 
13 153 182 184 195 
1 13 70 182 195 
0 5 13 182 183 
6 13 84 182 195 
0 5 98 182 195 
0 6 55 182 195 
0 13 97 186 195 
0 9 13 167 195 
0 55 112 182 195 
0 182 186 188 195 
13 182 184 187 195 
0 6 13 182 190 
0 125 153 182 195 
0 1 13 139 195 
0 70 167 182 195 
0 140 182 192 195 
6 13 139 182 195 
0 7 13 153 195 
0 11 12 182 195 
13 55 112 182 195 
0 13 56 168 195 
13 97 125 182 195 
0 5 111 182 195 
0 9 83 182 195 
0 13 97 182 192 
0 13 84 98 182 
0 13 112 183 195 
0 13 83 187 195 
0 6 13 181 195 
0 10 13 98 195 
0 7 182 192 195 
0 2 13 27 195 
0 13 56 112 195 
13 98 154 182 195 
0 6 13 125 182 
0 5 13 84 182 
0 13 168 189 195 
0 6 27 182 195 
0 13 55 182 192 
0 14 111 182 195 
0 12 13 55 195 
13 42 181 182 195 
1 13 139 182 195 
0 8 56 182 195 
0 5 13 167 182 
0 4 13 189 195 
0 13 140 186 195 
0 28 97 182 195 
0 7 69 182 195 
0 13 27 181 195 
0 13 98 182 188 
0 9 126 182 195 
0 13 140 185 195 
0 13 14 154 195 
13 97 168 182 195 
0 1 98 182 195 
13 27 126 182 195 
0 111 182 187 195 
0 12 13 187 195 
0 10 13 111 195 
0 5 12 13 182 
0 4 11 13 182 
0 13 98 167 182 
0 111 167 182 195 
3 13 182 193 195 
0 4 13 194 195 
0 3 112 182 195 
0 10 28 182 195 
0 13 28 70 182 
0 2 13 126 182 
0 13 42 167 182 
0 13 181 182 183 
0 13 181 190 195 
0 13 70 126 195 
0 13 139 182 189 
0 4 182 190 195 
8 13 182 183 195 
10 13 140 182 195 
0 11 84 182 195 
0 13 167 193 195 
1 13 69 182 195 
13 125 182 192 195 
0 13 14 83 182 
13 84 182 189 195 
0 98 126 182 195 
0 13 126 153 195 
0 2 13 181 182 
13 14 125 182 195 
0 13 70 167 195 
0 6 13 69 195 
0 84 154 182 195 
0 10 13 125 182 
13 97 182 194 195 
0 13 55 190 195 
0 7 12 182 195 
0 1 4 13 182 
0 13 125 193 195 
0 97 168 182 195 
0 9 13 182 187 
0 13 70 97 195 
0 13 154 189 195 
0 13 83 154 195 
0 13 56 69 182 
0 8 13 140 182 
0 13 182 187 190 
0 13 56 181 195 
0 8 13 182 190 
0 13 28 182 189 
0 125 182 190 195 
0 9 13 125 182 
0 4 14 182 195 
0 13 27 182 190 
0 13 98 182 184 
0 7 182 187 195 
0 13 70 125 195 
0 13 111 182 191 
0 13 140 193 195 
0 12 13 97 195 
0 182 188 192 195 
0 98 182 185 195 
0 13 70 111 195 
0 2 13 42 182 
0 13 139 182 194 
0 1 3 182 195 
0 13 193 194 195 
12 13 182 188 195 
0 13 56 182 184 
5 9 13 182 195 
11 13 84 182 195 
0 13 41 182 183 
0 97 126 182 195 
0 13 69 126 182 
0 4 13 182 189 
0 8 97 182 195 
0 14 83 182 195 
0 5 168 182 195 
0 9 12 13 195 
0 13 111 139 195 
0 13 153 167 182 
0 13 190 194 195 
0 125 182 191 195 
13 182 188 194 195 
13 112 182 186 195 
0 1 13 56 182 
0 11 13 69 182 
0 10 111 182 195 
0 3 182 189 195 
0 13 84 98 195 
0 4 13 139 195 
9 12 13 182 195 
0 13 188 194 195 
0 12 13 188 195 
13 14 182 184 195 
0 13 42 190 195 
0 13 56 84 182 
0 69 182 188 195 
13 55 182 188 195 
0 13 181 186 195 
0 13 27 153 195 
13 69 181 182 195 
0 1 13 70 182 
13 98 182 189 195 
0 13 14 188 195 
0 13 83 84 195 
0 98 182 187 195 
0 13 42 182 187 
7 13 140 182 195 
0 7 13 42 195 
0 13 28 139 182 
0 6 13 14 195 
0 8 13 56 195 
13 125 182 191 195 
0 13 153 154 195 
0 13 84 183 195 
0 13 125 181 195 
11 13 126 182 195 
0 2 84 182 195 
0 13 70 181 182 
13 27 112 182 195 
13 126 182 194 195 
0 5 13 139 195 
0 42 167 182 195 
0 2 13 139 182 
13 83 84 182 195 
0 13 42 154 195 
0 13 112 181 195 
0 3 13 140 182 
8 13 139 182 195 
10 13 182 190 195 
0 182 185 193 195 
0 41 126 182 195 
0 27 69 182 195 
0 13 27 28 195 
0 4 13 27 182 
7 13 182 187 195 
0 13 97 153 195 
13 28 56 182 195 
2 13 182 193 195 
0 13 84 154 195 
0 13 84 140 182 
0 112 182 192 195 
0 4 182 192 195 
11 13 41 182 195 
0 5 13 112 182 
0 13 28 194 195 
13 14 182 183 195 
0 8 13 194 195 
0 12 13 154 195 
13 83 182 186 195 
0 13 126 185 195 
4 13 14 182 195 
0 13 98 111 182 
0 7 42 182 195 
4 13 182 189 195 
0 10 11 182 195 
0 56 139 182 195 
0 13 83 194 195 
0 11 13 70 182 
0 182 190 193 195 
13 153 167 182 195 
0 70 182 185 195 
13 125 182 184 195 
0 154 182 186 195 
0 13 56 194 195 
6 10 13 182 195 
13 84 140 182 195 
0 13 168 182 185 
13 42 111 182 195 
0 8 13 111 182 
13 42 182 185 195 
3 13 83 182 195 
0 9 13 41 195 
0 4 13 187 195 
4 13 125 182 195 
0 12 13 69 195 
0 13 70 188 195 
0 13 14 181 182 
0 55 167 182 195 
0 3 6 13 195 
0 13 183 192 195 
6 9 13 182 195 
0 13 14 42 182 
0 10 13 182 193 
12 13 181 182 195 
0 3 13 185 195 
0 182 186 187 195 
0 97 182 193 195 
0 12 13 191 195 
0 13 42 139 182 
13 126 140 182 195 
0 13 153 182 188 
0 4 84 182 195 
0 4 13 182 193 
0 2 13 153 182 
0 6 13 183 195 
0 13 14 193 195 
13 182 185 186 195 
6 12 13 182 195 
0 13 55 83 182 
0 4 97 182 195 
0 168 182 191 195 
0 8 42 182 195 
13 125 182 185 195 
13 55 125 182 195 
13 98 182 193 195 
0 13 55 125 195 
0 13 55 139 182 
13 112 182 184 195 
13 41 84 182 195 
0 12 154 182 195 
0 13 112 189 195 
3 5 13 182 195 
0 2 7 13 182 
13 139 182 188 195 
5 13 125 182 195 
0 1 13 140 182 
0 84 182 194 195 
0 13 27 186 195 
13 84 182 194 195 
13 84 97 182 195 
13 126 182 187 195 
0 13 139 154 195 
0 13 55 167 195 
0 5 13 182 186 
12 13 55 182 195 
0 125 182 194 195 
0 13 112 193 195 
13 28 182 189 195 
0 13 41 42 195 
0 13 56 139 182 
13 97 182 190 195 
13 41 98 182 195 
0 4 13 181 195 
0 13 97 187 195 
0 55 83 182 195 
0 126 167 182 195 
8 13 181 182 195 
0 182 187 189 195 
0 10 182 188 195 
0 6 8 13 195 
6 13 41 182 195 
13 182 186 188 195 
0 1 13 27 182 
0 12 13 125 195 
13 98 182 188 195 
8 13 140 182 195 
0 11 13 182 184 
0 13 27 41 195 
0 28 167 182 195 
13 41 42 182 195 
8 13 14 182 195 
13 182 183 187 195 
0 13 125 140 182 
13 182 188 193 195 
0 6 56 182 195 
0 13 187 190 195 
13 125 182 194 195 
7 13 112 182 195 
3 13 69 182 195 
0 125 182 183 195 
0 69 98 182 195 
13 69 182 184 195 
13 56 182 183 195 
0 12 13 84 195 
0 13 140 167 182 
0 8 13 41 182 
0 13 98 183 195 
13 167 168 182 195 
0 69 182 187 195 
0 11 13 167 182 
0 9 182 192 195 
13 182 184 186 195 
0 4 6 13 195 
7 13 111 182 195 
0 13 69 192 195 
0 8 55 182 195 
13 69 182 186 195 
0 9 13 70 195 
0 13 184 186 195 
0 56 140 182 195 
8 13 27 182 195 
0 13 125 182 184 
0 1 10 13 195 
0 4 13 191 195 
0 13 187 189 195 
4 13 41 182 195 
0 42 55 182 195 
0 111 182 191 195 
0 13 125 186 195 
2 13 153 182 195 
0 13 28 83 195 
0 84 112 182 195 
0 154 182 192 195 
0 13 140 190 195 
0 6 13 55 182 
0 9 13 83 182 
0 13 126 181 182 
0 9 13 193 195 
0 11 13 42 195 
0 13 97 194 195 
12 13 126 182 195 
13 182 190 191 195 
0 42 182 188 195 
0 1 168 182 195 
0 13 154 181 182 
13 69 83 182 195 
0 8 13 182 186 
0 13 70 111 182 
0 13 70 168 182 
0 13 97 140 182 
0 69 112 182 195 
0 7 55 182 195 
5 13 153 182 195 
0 13 126 182 193 
0 13 28 42 182 
0 13 139 153 182 
13 167 182 185 195 
0 5 13 55 195 
0 13 154 182 183 
3 13 182 186 195 
13 182 191 193 195 
13 140 182 187 195 
0 6 13 189 195 
0 10 13 98 182 
0 3 13 125 182 
0 7 8 13 182 
0 13 97 182 193 
0 13 181 187 195 
0 11 13 181 182 
0 13 139 167 195 
0 4 41 182 195 
0 3 5 13 182 
13 28 69 182 195 
0 13 55 112 182 
13 27 182 189 195 
13 112 182 185 195 
10 13 83 182 195 
0 13 14 182 184 
0 13 154 182 185 
13 182 187 190 195 
0 13 27 182 187 
4 13 182 191 195 
0 13 42 167 195 
0 9 13 140 182 
0 6 13 140 195 
0 2 13 56 195 
0 13 182 189 194 
13 14 181 182 195 
0 8 181 182 195 
0 4 13 125 182 
0 13 69 191 195 
0 2 13 14 182 
8 13 55 182 195 
0 1 13 183 195 
0 7 13 69 182 
13 56 70 182 195 
0 9 13 192 195 
13 69 153 182 195 
0 1 12 13 182 
0 84 140 182 195 
0 2 97 182 195 
0 13 185 188 195 
0 5 13 183 195 
0 11 97 182 195 
0 13 27 188 195 
13 182 183 184 195 
0 111 182 192 195 
0 1 5 13 182 
0 3 13 112 195 
0 2 69 182 195 
0 13 42 126 195 
0 13 181 192 195 
13 42 167 182 195 
0 125 182 188 195 
0 14 55 182 195 
0 13 41 188 195 
9 10 13 182 195 
0 13 69 189 195 
0 13 55 186 195 
13 182 192 194 195 
0 7 13 140 182 
0 12 84 182 195 
3 13 70 182 195 
0 2 13 27 182 
0 56 182 192 195 
13 182 188 192 195 
0 11 13 154 182 
0 13 153 189 195 
0 13 139 188 195 
0 5 13 70 195 
8 13 83 182 195 
0 1 3 13 182 
13 112 139 182 195 
0 12 13 125 182 
13 41 83 182 195 
0 13 111 168 182 
0 13 125 182 194 
0 13 28 84 182 
0 13 154 182 191 
0 10 13 182 190 
0 13 139 189 195 
0 1 13 125 195 
13 28 139 182 195 
0 11 41 182 195 
13 112 140 182 195 
0 6 182 190 195 
13 42 182 194 195 
0 13 41 83 195 
0 5 13 168 195 
9 13 182 189 195 
0 7 182 194 195 
0 11 13 183 195 
0 13 182 185 193 
0 1 13 188 195 
0 13 188 189 195 
0 8 182 184 195 
0 13 28 191 195 
0 13 56 125 182 
0 7 13 182 185 
0 9 28 182 195 
3 13 41 182 195 
13 167 182 186 195 
0 7 13 28 195 
13 83 182 193 195 
0 4 13 182 188 
0 3 13 182 192 
1 13 182 191 195 
0 8 13 84 195 
0 13 98 194 195 
0 11 13 182 183 
13 181 182 186 195 
13 14 139 182 195 
0 7 13 125 195 
0 13 83 125 195 
0 13 153 182 184 
0 13 14 183 195 
0 7 13 125 182 
3 13 126 182 195 
0 111 154 182 195 
13 181 182 183 195 
0 28 111 182 195 
0 182 185 186 195 
0 154 167 182 195 
0 13 111 182 187 
0 12 13 42 195 
0 9 13 184 195 
9 13 125 182 195 
0 112 125 182 195 
0 6 13 112 182 
13 28 97 182 195 
0 13 181 182 193 
13 56 84 182 195 
0 4 13 188 195 
0 13 56 154 182 
0 6 13 181 182 
0 13 83 98 182 
0 5 13 185 195 
0 7 11 13 182 
1 12 13 182 195 
0 13 98 168 195 
0 10 13 14 195 
0 13 42 111 182 
0 11 13 182 186 
0 13 41 182 187 
8 13 182 184 195 
0 8 13 14 182 
0 7 14 182 195 
0 13 27 183 195 
0 28 56 182 195 
0 13 28 182 194 
0 13 154 193 195 
0 5 8 182 195 
13 111 182 186 195 
9 13 139 182 195 
0 14 139 182 195 
0 13 125 182 188 
13 14 182 194 195 
13 70 97 182 195 
13 41 55 182 195 
0 1 182 189 195 
3 8 13 182 195 
9 13 70 182 195 
13 167 182 189 195 
0 10 13 56 182 
4 13 182 188 195 
0 14 27 182 195 
11 13 27 182 195 
0 8 98 182 195 
0 13 167 168 182 
0 126 153 182 195 
13 111 112 182 195 
0 13 84 184 195 
13 112 125 182 195 
0 13 168 181 182 
13 140 182 192 195 
13 14 182 192 195 
0 12 13 42 182 
0 11 13 139 182 
0 13 185 194 195 
0 28 98 182 195 
13 27 181 182 195 
11 13 181 182 195 
13 42 97 182 195 
13 14 154 182 195 
13 154 168 182 195 
0 13 167 182 183 
0 9 11 182 195 
0 13 56 98 182 
0 4 182 193 195 
0 13 28 139 195 
0 111 139 182 195 
13 84 126 182 195 
5 7 13 182 195 
0 41 69 182 195 
13 83 98 182 195 
0 13 55 70 182 
0 13 111 112 195 
13 84 182 193 195 
0 11 13 111 182 
0 13 27 97 195 
0 13 41 55 195 
0 154 181 182 195 
13 83 111 182 195 
0 13 111 186 195 
13 182 185 190 195 
0 13 69 154 182 
0 4 140 182 195 
0 167 182 189 195 
7 13 182 185 195 
0 3 4 13 182 
0 13 182 184 186 
1 13 41 182 195 
7 13 182 183 195 
0 13 70 182 192 
0 13 41 167 195 
0 8 125 182 195 
0 1 13 112 182 
0 168 182 193 195 
2 13 42 182 195 
0 8 13 154 182 
0 13 184 194 195 
0 7 13 69 195 
0 5 13 181 182 
0 12 13 182 189 
13 70 182 187 195 
13 69 111 182 195 
0 13 167 187 195 
0 13 181 189 195 
0 5 182 191 195 
0 13 125 153 195 
0 13 55 185 195 
0 5 13 182 188 
13 84 98 182 195 
0 10 182 184 195 
0 13 83 185 195 
0 13 184 191 195 
0 8 84 182 195 
11 13 182 187 195 
0 13 154 182 194 
0 13 42 69 195 
0 13 55 70 195 
0 1 12 182 195 
0 1 13 42 195 
0 13 188 192 195 
0 13 28 125 195 
0 10 13 112 195 
0 10 13 70 182 
0 13 27 56 195 
0 5 7 13 195 
0 70 112 182 195 
0 13 14 168 182 
0 4 13 186 195 
0 5 13 181 195 
0 10 13 186 195 
7 13 181 182 195 
0 4 6 182 195 
0 11 13 28 195 
0 12 13 41 195 
0 1 13 139 182 
7 13 84 182 195 
7 13 182 189 195 
7 13 182 188 195 
13 41 182 189 195 
0 13 55 97 182 
0 8 13 182 192 
0 6 13 83 195 
0 13 112 154 195 
3 13 42 182 195 
0 153 182 192 195 
0 111 182 193 195 
0 13 168 182 191 
0 13 41 187 195 
11 13 97 182 195 
0 14 112 182 195 
0 126 182 186 195 
13 112 182 193 195 
2 13 111 182 195 
1 13 42 182 195 
0 5 13 190 195 
0 9 13 126 182 
0 126 182 192 195 
0 83 167 182 195 
0 3 13 181 182 
12 13 182 191 195 
0 11 27 182 195 
10 13 167 182 195 
0 6 13 111 182 
13 55 83 182 195 
0 98 140 182 195 
0 13 69 84 195 
0 13 125 185 195 
0 13 181 182 194 
0 13 111 182 189 
0 6 13 98 182 
0 13 98 182 186 
0 13 186 189 195 
0 13 84 194 195 
0 1 13 189 195 
0 13 126 188 195 
0 13 70 84 182 
13 97 182 186 195 
0 10 13 153 182 
0 13 140 188 195 
0 13 139 153 195 
13 125 181 182 195 
0 9 13 111 182 
0 13 97 139 195 
0 13 14 182 185 
13 14 97 182 195 
0 7 9 13 195 
0 182 188 189 195 
0 13 188 190 195 
0 1 139 182 195 
13 27 83 182 195 
0 6 12 13 195 
0 2 13 28 195 
0 1 13 28 182 
0 1 13 83 182 
