10 13 
154 195 
2 195 
0 184 
0 183 
13 189 
5 13 
140 195 
13 153 
13 191 
153 182 
12 13 
56 182 
8 195 
182 192 
1 182 
13 168 
13 139 
6 195 
186 195 
13 187 
193 195 
4 195 
0 4 
111 195 
83 182 
13 190 
182 183 
139 182 
13 56 
0 69 
13 41 
112 195 
13 126 
191 195 
0 6 
140 182 
0 189 
55 195 
13 154 
11 182 
13 181 
167 182 
0 70 
13 112 
13 28 
0 125 
42 195 
3 195 
13 188 
190 195 
168 195 
13 55 
182 186 
182 188 
13 70 
0 28 
125 195 
3 13 
0 11 
12 182 
111 182 
28 182 
126 182 
0 126 
41 195 
0 10 
192 195 
13 14 
13 125 
4 182 
13 27 
0 181 
9 13 
7 195 
0 193 
13 84 
9 182 
13 69 
182 193 
112 182 
0 2 
69 182 
7 182 
28 195 
84 182 
6 13 
98 195 
11 13 
13 98 
139 195 
13 192 
0 8 
0 188 
6 182 
14 195 
83 195 
154 182 
194 195 
0 186 
187 195 
1 13 
188 195 
0 167 
42 182 
182 185 
84 195 
125 182 
97 182 
3 182 
185 195 
55 182 
182 184 
13 186 
10 195 
70 182 
181 195 
182 191 
13 42 
1 195 
0 83 
7 13 
41 182 
167 195 
2 13 
0 192 
13 83 
0 139 
0 42 
182 187 
8 182 
0 194 
0 111 
0 27 
0 187 
13 194 
0 112 
97 195 
0 98 
126 195 
98 182 
27 182 
13 140 
13 167 
0 185 
0 41 
0 14 
13 184 
183 195 
13 111 
0 3 
10 182 
0 12 
0 190 
182 194 
168 182 
153 195 
0 7 
13 185 
70 195 
8 13 
0 5 
0 56 
0 153 
0 154 
9 195 
184 195 
13 97 
5 182 
182 190 
27 195 
12 195 
13 193 
0 140 
2 182 
181 182 
13 183 
0 191 
69 195 
4 13 
11 195 
5 195 
182 189 
0 97 
56 195 
14 182 
0 84 
0 1 
0 55 
0 9 
0 168 
189 195 
