0 4 7 13 182 195 
0 13 182 185 186 195 
0 11 13 182 189 195 
0 13 168 182 194 195 
0 13 56 83 182 195 
0 3 13 182 183 195 
0 12 13 69 182 195 
0 2 13 42 182 195 
0 13 84 182 184 195 
0 4 13 125 182 195 
0 13 27 126 182 195 
0 13 55 84 182 195 
0 13 182 185 187 195 
0 12 13 111 182 195 
0 5 13 112 182 195 
0 3 13 168 182 195 
0 13 41 167 182 195 
0 5 13 14 182 195 
0 13 112 139 182 195 
0 13 70 111 182 195 
0 9 13 98 182 195 
0 13 83 97 182 195 
0 13 14 126 182 195 
0 2 13 41 182 195 
0 13 140 182 193 195 
0 13 182 184 194 195 
0 13 126 167 182 195 
0 3 4 13 182 195 
0 13 181 182 193 195 
0 13 69 182 192 195 
0 13 14 182 187 195 
0 13 84 182 183 195 
0 13 182 184 192 195 
0 13 167 182 194 195 
0 12 13 14 182 195 
0 13 168 182 192 195 
0 13 111 139 182 195 
0 13 27 154 182 195 
0 13 126 182 188 195 
0 4 13 154 182 195 
0 8 13 168 182 195 
0 13 112 182 190 195 
0 13 182 185 190 195 
0 13 182 188 190 195 
0 13 56 182 191 195 
0 13 167 181 182 195 
0 10 13 182 183 195 
0 6 12 13 182 195 
0 1 5 13 182 195 
0 13 154 182 192 195 
0 5 13 182 191 195 
0 13 98 182 184 195 
0 12 13 153 182 195 
0 13 125 153 182 195 
0 8 13 84 182 195 
0 11 13 97 182 195 
0 13 182 190 194 195 
0 13 41 182 189 195 
0 13 42 139 182 195 
0 13 14 27 182 195 
0 13 111 153 182 195 
0 4 11 13 182 195 
0 1 9 13 182 195 
0 13 112 182 186 195 
0 13 167 182 193 195 
0 8 13 182 191 195 
0 13 167 182 184 195 
0 1 13 97 182 195 
0 6 7 13 182 195 
0 13 56 182 183 195 
0 11 13 182 192 195 
0 13 97 153 182 195 
0 13 41 181 182 195 
0 13 154 182 190 195 
0 13 153 182 186 195 
0 13 41 182 187 195 
0 13 83 168 182 195 
0 8 13 14 182 195 
0 2 13 111 182 195 
0 11 13 111 182 195 
0 11 13 84 182 195 
0 10 13 153 182 195 
0 13 69 182 184 195 
0 3 6 13 182 195 
0 13 70 97 182 195 
0 10 13 182 185 195 
0 1 13 182 188 195 
0 13 70 182 188 195 
0 13 56 182 188 195 
0 13 182 183 184 195 
0 13 55 125 182 195 
0 5 13 97 182 195 
0 13 41 182 192 195 
0 13 69 70 182 195 
0 7 13 41 182 195 
0 8 13 111 182 195 
0 13 41 168 182 195 
0 13 41 42 182 195 
0 3 13 125 182 195 
0 13 139 182 193 195 
0 13 98 126 182 195 
0 13 27 182 189 195 
0 7 13 84 182 195 
0 1 3 13 182 195 
0 9 13 140 182 195 
0 7 8 13 182 195 
0 8 13 153 182 195 
0 11 13 126 182 195 
0 13 182 185 189 195 
0 6 13 182 193 195 
0 13 125 154 182 195 
0 13 84 182 194 195 
0 10 13 182 193 195 
0 10 13 182 192 195 
0 10 13 182 184 195 
0 5 13 55 182 195 
0 1 13 55 182 195 
0 6 13 167 182 195 
0 8 13 154 182 195 
0 13 27 168 182 195 
0 2 9 13 182 195 
0 6 13 84 182 195 
0 1 13 182 185 195 
0 13 27 97 182 195 
0 13 42 182 189 195 
0 8 13 126 182 195 
0 13 41 69 182 195 
0 5 13 181 182 195 
0 13 14 55 182 195 
0 13 41 154 182 195 
0 4 13 182 190 195 
0 12 13 56 182 195 
0 13 28 140 182 195 
0 13 28 125 182 195 
0 4 13 182 183 195 
0 12 13 167 182 195 
0 12 13 84 182 195 
0 13 153 182 191 195 
0 7 13 168 182 195 
0 13 42 69 182 195 
0 13 27 41 182 195 
0 13 182 186 194 195 
0 3 13 182 192 195 
0 13 55 182 192 195 
0 13 182 190 193 195 
0 13 69 84 182 195 
0 13 55 182 189 195 
0 6 13 112 182 195 
0 13 70 140 182 195 
0 13 168 182 186 195 
0 1 13 182 190 195 
0 13 97 182 194 195 
0 13 69 182 188 195 
0 13 84 182 187 195 
0 2 13 139 182 195 
0 13 182 183 190 195 
0 2 13 27 182 195 
0 13 27 83 182 195 
0 6 13 28 182 195 
0 13 154 182 185 195 
0 2 13 182 194 195 
0 3 13 83 182 195 
0 11 13 55 182 195 
0 10 13 126 182 195 
0 7 13 182 184 195 
0 13 83 154 182 195 
0 3 13 182 191 195 
0 13 28 182 190 195 
0 1 2 13 182 195 
0 3 13 182 188 195 
0 13 111 182 189 195 
0 10 13 98 182 195 
0 12 13 42 182 195 
0 13 14 83 182 195 
0 13 182 188 193 195 
0 11 13 182 183 195 
0 13 70 182 191 195 
0 9 13 182 186 195 
0 13 70 167 182 195 
0 13 98 182 186 195 
0 10 13 182 188 195 
0 13 69 182 193 195 
0 10 13 70 182 195 
0 10 13 84 182 195 
0 13 55 182 184 195 
0 6 11 13 182 195 
0 13 69 154 182 195 
0 5 13 182 192 195 
0 13 111 140 182 195 
0 9 13 14 182 195 
0 9 13 182 188 195 
0 13 98 168 182 195 
0 13 70 182 189 195 
0 13 69 182 189 195 
0 13 153 182 193 195 
0 13 111 182 185 195 
0 3 13 69 182 195 
0 11 13 28 182 195 
0 13 55 182 194 195 
0 13 27 182 193 195 
0 11 13 182 184 195 
0 13 14 97 182 195 
0 5 13 182 189 195 
0 13 111 182 188 195 
0 6 13 69 182 195 
0 13 55 112 182 195 
0 13 41 56 182 195 
0 10 13 42 182 195 
0 2 13 84 182 195 
0 13 98 140 182 195 
0 13 139 167 182 195 
0 7 13 69 182 195 
0 13 28 69 182 195 
0 13 56 182 187 195 
0 9 13 69 182 195 
0 13 69 182 183 195 
0 13 56 182 192 195 
0 13 97 139 182 195 
0 4 13 112 182 195 
0 13 140 182 190 195 
0 7 13 182 193 195 
0 9 13 41 182 195 
0 3 9 13 182 195 
0 10 13 83 182 195 
0 7 13 125 182 195 
0 4 13 41 182 195 
0 13 55 70 182 195 
0 2 13 182 183 195 
0 7 13 182 185 195 
0 13 182 193 194 195 
0 6 13 41 182 195 
0 13 70 182 185 195 
0 13 125 182 188 195 
0 13 56 182 189 195 
0 5 6 13 182 195 
0 12 13 41 182 195 
0 13 83 182 186 195 
0 2 13 182 192 195 
0 13 84 182 185 195 
0 13 139 182 191 195 
0 12 13 154 182 195 
0 2 13 182 187 195 
0 13 41 182 185 195 
0 6 13 182 183 195 
0 13 125 140 182 195 
0 13 56 153 182 195 
0 13 182 188 194 195 
0 13 168 182 190 195 
0 1 13 167 182 195 
0 13 14 140 182 195 
0 13 42 182 193 195 
0 13 28 182 184 195 
0 13 84 167 182 195 
0 13 55 140 182 195 
0 13 27 182 188 195 
0 12 13 168 182 195 
0 11 13 182 188 195 
0 9 13 181 182 195 
0 7 9 13 182 195 
0 13 98 139 182 195 
0 6 13 14 182 195 
0 13 83 140 182 195 
0 11 13 140 182 195 
0 2 13 181 182 195 
0 13 28 55 182 195 
0 13 41 139 182 195 
0 13 41 182 190 195 
0 13 28 126 182 195 
0 13 112 126 182 195 
0 13 70 182 184 195 
0 13 112 140 182 195 
0 13 98 181 182 195 
0 13 84 139 182 195 
0 2 13 167 182 195 
0 13 154 182 184 195 
0 13 139 182 192 195 
0 13 69 98 182 195 
0 3 13 182 184 195 
0 12 13 182 193 195 
0 11 13 98 182 195 
0 13 41 83 182 195 
0 13 28 83 182 195 
0 13 126 182 191 195 
0 13 181 182 188 195 
0 7 13 56 182 195 
0 13 69 153 182 195 
0 13 14 182 184 195 
0 13 28 154 182 195 
0 13 69 83 182 195 
0 13 125 182 187 195 
0 13 83 182 193 195 
0 13 42 182 184 195 
0 8 13 182 186 195 
0 10 13 140 182 195 
0 13 42 97 182 195 
0 13 153 182 183 195 
0 8 11 13 182 195 
0 2 13 112 182 195 
0 12 13 28 182 195 
0 2 12 13 182 195 
0 13 42 181 182 195 
0 13 98 182 188 195 
0 13 84 182 188 195 
0 13 112 182 183 195 
0 5 13 56 182 195 
0 7 13 181 182 195 
0 2 13 97 182 195 
0 1 13 112 182 195 
0 13 69 182 187 195 
0 13 14 182 186 195 
0 10 13 182 190 195 
0 13 42 70 182 195 
0 9 13 55 182 195 
0 6 13 182 185 195 
0 13 182 189 190 195 
0 13 28 70 182 195 
0 9 13 154 182 195 
0 9 13 182 192 195 
0 7 13 182 189 195 
0 8 13 140 182 195 
0 10 13 28 182 195 
0 13 181 182 184 195 
0 13 84 168 182 195 
0 12 13 182 187 195 
0 13 153 182 187 195 
0 13 83 167 182 195 
0 13 83 182 190 195 
0 9 13 139 182 195 
0 4 13 182 193 195 
0 6 13 55 182 195 
0 13 14 139 182 195 
0 13 153 182 194 195 
0 2 13 154 182 195 
0 13 55 111 182 195 
0 13 83 125 182 195 
0 2 13 55 182 195 
0 13 28 167 182 195 
0 13 14 125 182 195 
0 1 13 182 183 195 
0 13 182 190 192 195 
0 4 13 182 188 195 
0 8 13 182 192 195 
0 9 13 125 182 195 
0 1 13 182 184 195 
0 5 13 182 190 195 
0 10 13 14 182 195 
0 13 111 182 187 195 
0 13 125 182 184 195 
0 11 13 182 193 195 
0 3 13 139 182 195 
0 2 13 182 185 195 
0 13 182 189 194 195 
0 2 5 13 182 195 
0 13 83 182 184 195 
0 13 42 153 182 195 
0 13 126 182 185 195 
0 1 13 182 193 195 
0 13 41 98 182 195 
0 2 13 182 188 195 
0 13 126 182 190 195 
0 13 181 182 187 195 
0 8 13 112 182 195 
0 13 154 182 188 195 
0 12 13 182 184 195 
0 13 69 182 194 195 
0 13 168 182 187 195 
0 2 13 182 191 195 
0 13 27 182 194 195 
0 13 97 182 192 195 
0 13 69 182 191 195 
0 10 13 41 182 195 
0 13 55 139 182 195 
0 10 13 182 191 195 
0 7 13 182 187 195 
0 13 83 182 188 195 
0 13 111 182 192 195 
0 13 154 182 183 195 
0 2 13 14 182 195 
0 13 84 182 193 195 
0 9 13 84 182 195 
0 6 13 154 182 195 
0 13 182 187 188 195 
0 13 182 183 185 195 
0 13 140 182 183 195 
0 6 13 83 182 195 
0 13 153 182 190 195 
0 6 10 13 182 195 
0 13 182 183 187 195 
0 13 167 182 189 195 
0 6 13 182 192 195 
0 5 13 167 182 195 
0 4 13 69 182 195 
0 13 55 182 190 195 
0 13 112 153 182 195 
0 13 70 182 192 195 
0 13 182 184 187 195 
0 13 182 190 191 195 
0 13 70 98 182 195 
0 13 154 182 189 195 
0 13 14 56 182 195 
0 13 181 182 192 195 
0 8 10 13 182 195 
0 6 13 153 182 195 
0 13 112 182 193 195 
0 13 42 182 194 195 
0 13 41 182 194 195 
0 13 126 140 182 195 
0 13 140 182 191 195 
0 7 13 182 194 195 
0 13 97 168 182 195 
0 13 126 182 193 195 
0 13 168 182 185 195 
0 9 11 13 182 195 
0 4 13 97 182 195 
0 3 7 13 182 195 
0 12 13 182 190 195 
0 5 13 182 185 195 
0 13 97 126 182 195 
0 13 27 112 182 195 
0 13 153 181 182 195 
0 4 13 153 182 195 
0 4 13 168 182 195 
0 13 140 182 185 195 
0 13 56 84 182 195 
0 10 13 139 182 195 
0 13 182 183 193 195 
0 13 97 182 188 195 
0 13 70 126 182 195 
0 2 11 13 182 195 
0 7 13 153 182 195 
0 3 13 167 182 195 
0 13 56 126 182 195 
0 1 13 126 182 195 
0 13 41 140 182 195 
0 13 55 83 182 195 
0 13 167 168 182 195 
0 13 125 182 185 195 
0 12 13 181 182 195 
0 2 13 83 182 195 
0 3 13 41 182 195 
0 7 13 70 182 195 
0 13 182 189 192 195 
0 13 111 182 193 195 
0 13 125 126 182 195 
0 13 42 167 182 195 
0 13 182 183 191 195 
0 1 13 70 182 195 
0 2 13 70 182 195 
0 13 182 186 189 195 
0 13 98 182 190 195 
0 1 11 13 182 195 
0 13 27 182 187 195 
0 13 125 167 182 195 
0 4 5 13 182 195 
0 13 167 182 188 195 
0 13 112 167 182 195 
0 11 13 139 182 195 
0 5 8 13 182 195 
0 7 13 27 182 195 
0 13 140 154 182 195 
0 4 13 182 187 195 
0 13 69 112 182 195 
0 1 13 182 189 195 
0 13 181 182 186 195 
0 13 56 97 182 195 
0 13 140 153 182 195 
0 3 13 153 182 195 
0 13 56 182 185 195 
0 5 13 126 182 195 
0 13 112 182 191 195 
0 8 13 182 184 195 
0 13 182 187 193 195 
0 13 84 182 190 195 
0 13 139 154 182 195 
0 7 13 182 191 195 
0 13 182 184 188 195 
0 13 97 182 191 195 
0 9 13 182 185 195 
0 13 111 182 194 195 
0 13 153 182 188 195 
0 13 27 125 182 195 
0 13 41 153 182 195 
0 13 42 182 191 195 
0 13 139 182 187 195 
0 13 28 182 191 195 
0 13 56 125 182 195 
0 13 111 125 182 195 
0 3 13 55 182 195 
0 13 28 168 182 195 
0 3 8 13 182 195 
0 4 12 13 182 195 
0 6 13 70 182 195 
0 13 42 182 192 195 
0 8 13 139 182 195 
0 8 13 83 182 195 
0 13 97 182 183 195 
0 13 55 182 187 195 
0 13 27 111 182 195 
0 13 98 182 185 195 
0 13 182 183 189 195 
0 13 14 182 192 195 
0 1 13 140 182 195 
0 13 56 181 182 195 
0 13 14 182 191 195 
0 3 13 28 182 195 
0 5 13 28 182 195 
0 8 12 13 182 195 
0 13 112 125 182 195 
0 9 13 42 182 195 
0 13 182 185 194 195 
0 5 13 27 182 195 
0 13 56 98 182 195 
0 13 125 182 194 195 
0 13 97 182 187 195 
0 13 55 182 183 195 
0 13 140 182 188 195 
0 13 55 182 188 195 
0 4 13 56 182 195 
0 4 13 182 186 195 
0 5 13 154 182 195 
0 10 13 55 182 195 
0 13 28 182 187 195 
0 13 181 182 185 195 
0 3 13 182 194 195 
0 13 182 184 185 195 
0 13 97 182 184 195 
0 13 139 182 194 195 
0 13 84 154 182 195 
0 13 111 181 182 195 
0 13 111 182 183 195 
0 13 55 126 182 195 
0 12 13 182 194 195 
0 13 84 182 189 195 
0 13 139 182 185 195 
0 5 13 42 182 195 
0 13 140 182 192 195 
0 1 13 14 182 195 
0 13 98 182 189 195 
0 13 28 182 194 195 
0 13 126 182 189 195 
0 6 13 98 182 195 
0 1 13 139 182 195 
0 13 181 182 194 195 
0 13 182 192 193 195 
0 9 13 167 182 195 
0 13 182 188 189 195 
0 4 13 70 182 195 
0 3 13 70 182 195 
0 5 12 13 182 195 
0 13 28 41 182 195 
0 13 70 139 182 195 
0 8 13 182 188 195 
0 11 13 182 191 195 
0 13 42 125 182 195 
0 7 13 111 182 195 
0 13 28 139 182 195 
0 13 27 182 185 195 
0 3 13 126 182 195 
0 5 13 69 182 195 
0 13 126 153 182 195 
0 7 13 42 182 195 
0 13 69 182 186 195 
0 13 153 168 182 195 
0 13 83 139 182 195 
0 13 56 167 182 195 
0 13 84 140 182 195 
0 12 13 139 182 195 
0 9 13 70 182 195 
0 8 13 70 182 195 
0 13 69 181 182 195 
0 13 69 182 190 195 
0 2 13 98 182 195 
0 13 42 112 182 195 
0 11 13 41 182 195 
0 8 13 182 193 195 
0 9 13 182 189 195 
0 13 70 168 182 195 
0 10 13 111 182 195 
0 7 13 182 186 195 
0 5 13 84 182 195 
0 13 182 187 194 195 
0 3 13 182 190 195 
0 1 6 13 182 195 
0 13 55 167 182 195 
0 4 13 139 182 195 
0 6 8 13 182 195 
0 10 11 13 182 195 
0 6 13 182 189 195 
0 13 28 111 182 195 
0 13 167 182 192 195 
0 4 13 27 182 195 
0 13 42 84 182 195 
0 1 13 182 186 195 
0 13 70 112 182 195 
0 3 13 182 187 195 
0 13 55 154 182 195 
0 7 13 14 182 195 
0 13 182 183 188 195 
0 13 56 69 182 195 
0 13 55 182 186 195 
0 13 41 182 193 195 
0 9 13 153 182 195 
0 13 28 181 182 195 
0 12 13 125 182 195 
0 12 13 182 189 195 
0 13 84 125 182 195 
0 3 5 13 182 195 
0 2 10 13 182 195 
0 3 13 182 193 195 
0 13 126 182 194 195 
0 13 111 182 186 195 
0 13 126 182 183 195 
0 3 13 98 182 195 
0 10 13 97 182 195 
0 13 69 182 185 195 
0 13 41 84 182 195 
0 5 13 153 182 195 
0 4 13 182 184 195 
0 13 111 126 182 195 
0 3 13 111 182 195 
0 13 14 182 185 195 
0 13 14 181 182 195 
0 13 154 167 182 195 
0 13 84 98 182 195 
0 13 55 69 182 195 
0 13 168 182 183 195 
0 13 42 83 182 195 
0 13 28 182 189 195 
0 3 11 13 182 195 
0 9 13 182 184 195 
0 13 55 182 193 195 
0 1 13 98 182 195 
0 13 139 182 188 195 
0 13 83 182 187 195 
0 13 167 182 185 195 
0 13 27 55 182 195 
0 13 70 182 187 195 
0 13 70 83 182 195 
0 13 14 70 182 195 
0 7 13 83 182 195 
0 13 97 167 182 195 
0 13 182 187 192 195 
0 5 13 98 182 195 
0 13 139 182 189 195 
0 1 13 182 187 195 
0 13 167 182 190 195 
0 13 84 182 191 195 
0 13 42 111 182 195 
0 2 13 182 184 195 
0 11 12 13 182 195 
0 11 13 181 182 195 
0 1 13 84 182 195 
0 1 7 13 182 195 
0 1 13 182 194 195 
0 4 8 13 182 195 
0 13 153 167 182 195 
0 13 70 84 182 195 
0 13 153 182 192 195 
0 5 13 83 182 195 
0 13 182 188 191 195 
0 6 13 27 182 195 
0 13 27 140 182 195 
0 13 182 185 191 195 
0 13 28 182 186 195 
0 1 13 27 182 195 
0 13 139 182 184 195 
0 5 7 13 182 195 
0 13 69 167 182 195 
0 9 13 83 182 195 
0 6 13 182 191 195 
0 13 154 168 182 195 
0 13 55 182 191 195 
0 7 13 139 182 195 
0 2 13 153 182 195 
0 13 182 184 190 195 
0 13 83 182 194 195 
0 13 83 181 182 195 
0 13 56 168 182 195 
0 8 13 98 182 195 
0 13 69 139 182 195 
0 3 13 182 186 195 
0 13 83 182 185 195 
0 13 14 42 182 195 
0 7 13 154 182 195 
0 6 13 42 182 195 
0 13 139 182 190 195 
0 13 70 154 182 195 
0 13 182 186 190 195 
0 13 153 182 184 195 
0 3 13 140 182 195 
0 13 42 182 188 195 
0 13 182 189 193 195 
0 13 153 182 185 195 
0 7 13 182 190 195 
0 13 125 139 182 195 
0 7 13 167 182 195 
0 13 98 182 194 195 
0 13 98 125 182 195 
0 5 10 13 182 195 
0 13 14 168 182 195 
0 13 98 154 182 195 
0 6 13 182 188 195 
0 13 27 42 182 195 
0 6 9 13 182 195 
0 1 13 182 191 195 
0 1 13 28 182 195 
0 13 168 182 193 195 
0 4 13 182 191 195 
0 12 13 182 186 195 
0 9 13 126 182 195 
0 12 13 112 182 195 
0 13 56 139 182 195 
0 7 13 97 182 195 
0 13 42 168 182 195 
0 13 69 97 182 195 
0 4 13 42 182 195 
0 1 13 56 182 195 
0 13 28 97 182 195 
0 13 168 182 184 195 
0 13 70 182 194 195 
0 13 181 182 189 195 
0 11 13 182 187 195 
0 11 13 182 186 195 
0 9 13 182 194 195 
0 13 111 112 182 195 
0 13 41 55 182 195 
0 13 112 168 182 195 
0 13 182 186 192 195 
0 9 10 13 182 195 
0 1 13 182 192 195 
0 5 13 70 182 195 
0 13 14 182 194 195 
0 10 13 27 182 195 
0 13 112 154 182 195 
0 10 13 125 182 195 
0 11 13 153 182 195 
0 5 13 182 194 195 
0 13 125 182 186 195 
0 13 98 153 182 195 
0 13 70 182 190 195 
0 7 13 140 182 195 
0 3 13 84 182 195 
0 13 28 182 192 195 
0 4 13 83 182 195 
0 13 27 98 182 195 
0 8 13 182 183 195 
0 13 112 182 194 195 
0 3 13 14 182 195 
0 7 13 55 182 195 
0 11 13 70 182 195 
0 13 111 167 182 195 
0 2 13 168 182 195 
0 6 13 182 194 195 
0 13 97 182 185 195 
0 13 28 98 182 195 
0 8 13 182 187 195 
0 5 13 182 187 195 
0 4 13 167 182 195 
0 10 13 182 194 195 
0 9 13 111 182 195 
0 13 56 182 184 195 
0 13 28 182 183 195 
0 13 167 182 183 195 
0 9 13 27 182 195 
0 13 83 84 182 195 
0 12 13 83 182 195 
0 13 182 185 193 195 
0 5 9 13 182 195 
0 13 56 182 190 195 
0 8 13 42 182 195 
0 13 182 191 192 195 
0 12 13 182 191 195 
0 13 84 181 182 195 
0 13 56 140 182 195 
0 13 14 153 182 195 
0 13 140 182 184 195 
0 11 13 112 182 195 
0 13 168 181 182 195 
0 13 98 182 193 195 
0 13 83 112 182 195 
0 5 11 13 182 195 
0 13 14 182 193 195 
0 13 14 28 182 195 
0 13 27 182 191 195 
0 1 13 83 182 195 
0 9 13 168 182 195 
0 4 13 181 182 195 
0 13 84 97 182 195 
0 13 56 182 186 195 
0 13 112 182 184 195 
0 13 83 182 192 195 
0 2 13 182 190 195 
0 13 27 181 182 195 
0 1 13 125 182 195 
0 4 13 28 182 195 
0 13 154 182 186 195 
0 13 112 182 187 195 
0 13 97 182 189 195 
0 13 69 111 182 195 
0 12 13 55 182 195 
0 2 13 125 182 195 
0 5 13 182 188 195 
0 13 27 182 192 195 
0 13 97 182 186 195 
0 13 28 42 182 195 
0 13 28 182 193 195 
0 13 83 111 182 195 
0 5 13 182 186 195 
0 13 28 112 182 195 
0 13 181 182 183 195 
0 13 83 126 182 195 
0 13 27 182 184 195 
0 4 9 13 182 195 
0 8 13 182 194 195 
0 11 13 167 182 195 
0 13 84 182 186 195 
0 3 10 13 182 195 
0 13 153 154 182 195 
0 13 182 191 193 195 
0 2 13 140 182 195 
0 6 13 126 182 195 
0 10 13 182 187 195 
0 10 13 182 189 195 
0 10 13 69 182 195 
0 2 13 69 182 195 
0 3 12 13 182 195 
0 13 28 182 188 195 
0 13 56 70 182 195 
0 13 70 182 193 195 
0 1 13 168 182 195 
0 13 55 153 182 195 
0 13 84 111 182 195 
0 13 27 139 182 195 
0 5 13 182 193 195 
0 11 13 83 182 195 
0 7 13 98 182 195 
0 13 112 181 182 195 
0 13 28 56 182 195 
0 4 10 13 182 195 
0 2 3 13 182 195 
0 5 13 125 182 195 
0 9 13 182 187 195 
0 6 13 182 187 195 
0 13 182 184 191 195 
0 13 55 98 182 195 
0 13 125 182 192 195 
0 7 13 126 182 195 
0 5 13 140 182 195 
0 13 27 182 183 195 
0 13 14 98 182 195 
0 6 13 182 190 195 
0 8 13 182 190 195 
0 13 42 154 182 195 
0 13 83 153 182 195 
0 13 112 182 185 195 
0 13 70 181 182 195 
0 9 13 112 182 195 
0 13 41 182 184 195 
0 8 13 41 182 195 
0 10 13 181 182 195 
0 4 13 182 189 195 
0 13 182 188 192 195 
0 13 83 182 183 195 
0 13 41 182 186 195 
0 9 13 182 191 195 
0 2 13 182 189 195 
0 13 98 182 187 195 
0 5 13 182 184 195 
0 8 9 13 182 195 
0 11 13 182 190 195 
0 12 13 182 183 195 
0 13 83 182 189 195 
0 13 126 168 182 195 
0 4 6 13 182 195 
0 13 125 168 182 195 
0 4 13 84 182 195 
0 13 139 182 183 195 
0 12 13 97 182 195 
0 13 154 182 194 195 
0 13 14 182 189 195 
0 13 55 182 185 195 
0 13 139 168 182 195 
0 13 69 125 182 195 
0 13 182 187 189 195 
0 1 8 13 182 195 
0 6 13 182 184 195 
0 13 98 182 183 195 
0 11 13 168 182 195 
0 13 55 97 182 195 
0 13 41 125 182 195 
0 13 140 181 182 195 
0 1 13 181 182 195 
0 13 42 182 190 195 
0 13 27 153 182 195 
0 13 139 153 182 195 
0 13 182 187 190 195 
0 13 42 55 182 195 
0 13 126 181 182 195 
0 8 13 182 189 195 
0 8 13 56 182 195 
0 4 13 182 194 195 
0 6 13 97 182 195 
0 13 168 182 189 195 
0 13 27 28 182 195 
0 13 97 181 182 195 
0 13 111 154 182 195 
0 13 182 185 192 195 
0 13 182 186 187 195 
0 4 13 111 182 195 
0 13 98 182 191 195 
0 13 140 167 182 195 
0 13 83 182 191 195 
0 8 13 55 182 195 
0 5 13 182 183 195 
0 13 112 182 188 195 
0 13 154 181 182 195 
0 13 42 98 182 195 
0 8 13 182 185 195 
0 9 13 56 182 195 
0 13 70 182 183 195 
0 1 12 13 182 195 
0 6 13 182 186 195 
0 13 97 182 193 195 
0 2 13 126 182 195 
0 11 13 56 182 195 
0 13 42 182 185 195 
0 13 70 182 186 195 
0 13 182 183 192 195 
0 13 42 126 182 195 
0 13 182 186 191 195 
0 12 13 70 182 195 
0 3 13 27 182 195 
0 13 41 182 188 195 
0 5 13 168 182 195 
0 12 13 182 192 195 
0 13 112 182 192 195 
0 2 4 13 182 195 
0 13 14 41 182 195 
0 13 182 184 186 195 
0 13 111 182 191 195 
0 13 182 186 193 195 
0 13 181 182 190 195 
0 3 13 56 182 195 
0 13 167 182 187 195 
0 1 13 154 182 195 
0 13 97 182 190 195 
0 7 11 13 182 195 
0 13 154 182 193 195 
0 13 140 182 186 195 
0 13 126 139 182 195 
0 9 13 182 190 195 
0 10 13 167 182 195 
0 13 98 182 192 195 
0 5 13 139 182 195 
0 13 42 182 183 195 
0 4 13 140 182 195 
0 4 13 126 182 195 
0 13 139 181 182 195 
0 13 27 167 182 195 
0 10 13 168 182 195 
0 8 13 28 182 195 
0 13 69 140 182 195 
0 13 70 153 182 195 
0 11 13 125 182 195 
0 13 27 69 182 195 
0 13 139 140 182 195 
0 13 69 126 182 195 
0 13 14 167 182 195 
0 3 13 97 182 195 
0 13 56 154 182 195 
0 13 182 189 191 195 
0 13 28 84 182 195 
0 7 13 182 192 195 
0 6 13 181 182 195 
0 13 111 182 184 195 
0 13 41 97 182 195 
0 13 97 98 182 195 
0 13 126 154 182 195 
0 9 13 28 182 195 
0 13 112 182 189 195 
0 10 12 13 182 195 
0 13 27 70 182 195 
0 1 13 42 182 195 
0 13 167 182 186 195 
0 13 14 69 182 195 
0 13 27 56 182 195 
0 12 13 140 182 195 
0 13 41 182 191 195 
0 13 140 182 187 195 
0 7 13 182 188 195 
0 3 13 112 182 195 
0 11 13 182 194 195 
0 13 181 182 191 195 
0 13 125 181 182 195 
0 13 98 111 182 195 
0 3 13 182 185 195 
0 13 182 186 188 195 
0 13 41 70 182 195 
0 13 125 182 191 195 
0 13 126 182 186 195 
0 5 13 111 182 195 
0 13 139 182 186 195 
0 13 153 182 189 195 
0 13 182 185 188 195 
0 7 13 182 183 195 
0 1 4 13 182 195 
0 13 28 153 182 195 
0 10 13 154 182 195 
0 12 13 27 182 195 
0 5 13 41 182 195 
0 1 10 13 182 195 
0 13 56 182 194 195 
0 13 84 153 182 195 
0 1 13 41 182 195 
0 3 13 42 182 195 
0 13 140 182 194 195 
0 13 97 111 182 195 
0 13 56 182 193 195 
0 13 111 168 182 195 
0 1 13 153 182 195 
0 13 14 182 188 195 
0 7 10 13 182 195 
0 13 27 182 190 195 
0 2 13 56 182 195 
0 13 97 154 182 195 
0 6 13 56 182 195 
0 13 111 182 190 195 
0 13 182 191 194 195 
0 12 13 182 188 195 
0 4 13 55 182 195 
0 13 126 182 192 195 
0 6 13 140 182 195 
0 4 13 182 185 195 
0 1 13 69 182 195 
0 13 182 184 193 195 
0 13 182 187 191 195 
0 13 14 112 182 195 
0 13 42 56 182 195 
0 13 98 167 182 195 
0 6 13 139 182 195 
0 13 41 112 182 195 
0 13 182 192 194 195 
0 13 126 182 187 195 
0 13 84 126 182 195 
0 13 14 182 190 195 
0 11 13 69 182 195 
0 13 125 182 190 195 
0 13 97 140 182 195 
0 13 56 111 182 195 
0 13 28 182 185 195 
0 7 13 112 182 195 
0 13 70 125 182 195 
0 13 125 182 193 195 
0 11 13 14 182 195 
0 13 14 84 182 195 
0 9 13 97 182 195 
0 2 6 13 182 195 
0 13 55 181 182 195 
0 11 13 154 182 195 
0 13 56 112 182 195 
0 11 13 42 182 195 
0 4 13 98 182 195 
0 12 13 98 182 195 
0 8 13 125 182 195 
0 13 168 182 191 195 
0 13 42 182 186 195 
0 13 154 182 191 195 
0 13 42 182 187 195 
0 2 13 182 186 195 
0 8 13 27 182 195 
0 8 13 97 182 195 
0 8 13 181 182 195 
0 3 13 181 182 195 
0 7 13 28 182 195 
0 12 13 182 185 195 
0 13 14 182 183 195 
0 1 13 111 182 195 
0 6 13 168 182 195 
0 12 13 126 182 195 
0 13 27 84 182 195 
0 13 84 112 182 195 
0 2 7 13 182 195 
0 13 125 182 183 195 
0 13 41 111 182 195 
0 9 13 182 193 195 
0 13 84 182 192 195 
0 3 13 154 182 195 
0 8 13 69 182 195 
0 10 13 112 182 195 
0 13 97 125 182 195 
0 3 13 182 189 195 
0 13 41 126 182 195 
0 13 83 98 182 195 
0 6 13 111 182 195 
0 10 13 56 182 195 
0 10 13 182 186 195 
0 2 8 13 182 195 
0 13 14 111 182 195 
0 11 13 182 185 195 
0 13 126 182 184 195 
0 13 140 182 189 195 
0 7 12 13 182 195 
0 13 55 168 182 195 
0 13 69 168 182 195 
0 13 125 182 189 195 
0 4 13 182 192 195 
0 13 154 182 187 195 
0 4 13 14 182 195 
0 13 167 182 191 195 
0 2 13 28 182 195 
0 13 182 183 194 195 
0 13 182 184 189 195 
0 13 98 112 182 195 
0 13 168 182 188 195 
0 6 13 125 182 195 
0 13 140 168 182 195 
0 11 13 27 182 195 
0 2 13 182 193 195 
0 13 182 183 186 195 
0 13 97 112 182 195 
0 9 12 13 182 195 
0 13 42 140 182 195 
0 13 55 56 182 195 
0 13 14 154 182 195 
0 8 13 167 182 195 
0 13 41 182 183 195 
0 9 13 182 183 195 
0 13 27 182 186 195 
