118 182 
0 15 
13 66 
66 195 
47 195 
0 53 
101 195 
13 44 
75 182 
90 195 
32 195 
0 85 
0 91 
13 37 
114 195 
170 182 
38 182 
132 195 
15 195 
33 195 
13 115 
25 195 
117 182 
0 30 
120 182 
0 170 
0 18 
0 130 
72 182 
0 59 
127 195 
0 141 
13 54 
13 109 
0 172 
13 82 
0 24 
13 20 
142 182 
19 195 
20 195 
95 195 
92 182 
13 38 
0 169 
0 144 
0 109 
13 138 
0 86 
0 178 
136 195 
96 195 
44 195 
53 182 
13 173 
13 163 
13 113 
0 96 
164 182 
169 195 
78 195 
114 182 
73 182 
0 95 
157 195 
75 195 
0 119 
36 195 
45 182 
13 49 
0 121 
13 152 
13 15 
0 52 
13 73 
131 182 
130 182 
15 182 
151 182 
13 103 
0 176 
40 195 
13 53 
87 195 
13 114 
23 182 
13 116 
13 96 
0 180 
68 195 
13 179 
13 94 
13 169 
74 195 
13 92 
13 143 
35 182 
13 144 
13 24 
13 86 
13 47 
51 195 
0 78 
13 165 
152 195 
13 43 
13 63 
137 182 
0 124 
0 75 
68 182 
160 182 
113 182 
13 91 
0 177 
23 195 
60 195 
0 20 
13 34 
129 182 
61 195 
21 182 
0 129 
120 195 
60 182 
13 134 
0 127 
37 182 
13 90 
109 195 
150 182 
13 87 
172 182 
13 65 
171 182 
13 80 
0 31 
0 105 
73 195 
0 138 
13 67 
141 182 
54 195 
0 100 
0 122 
13 50 
13 132 
36 182 
131 195 
0 107 
79 195 
0 35 
105 182 
179 182 
0 62 
102 195 
17 195 
16 195 
178 195 
26 195 
146 182 
71 195 
85 182 
50 182 
13 77 
0 116 
148 182 
13 100 
0 51 
123 182 
142 195 
13 159 
161 182 
89 182 
138 182 
0 80 
39 182 
43 182 
13 136 
34 195 
0 87 
0 54 
21 195 
107 182 
115 195 
110 182 
104 182 
0 110 
33 182 
106 195 
88 182 
18 182 
104 195 
13 99 
88 195 
118 195 
0 46 
13 117 
77 195 
13 106 
85 195 
13 62 
147 182 
72 195 
0 74 
147 195 
135 182 
166 195 
0 135 
78 182 
13 46 
13 130 
0 50 
13 141 
179 195 
13 71 
149 195 
13 120 
0 108 
13 22 
0 175 
13 176 
13 108 
169 182 
13 158 
155 182 
0 21 
13 142 
13 59 
57 195 
103 195 
24 182 
52 195 
13 60 
13 151 
0 26 
0 161 
137 195 
148 195 
45 195 
166 182 
160 195 
146 195 
13 29 
63 182 
162 195 
165 182 
94 182 
31 182 
40 182 
13 127 
18 195 
13 85 
13 48 
13 68 
0 25 
121 195 
0 76 
144 195 
170 195 
13 150 
0 60 
17 182 
13 119 
50 195 
129 195 
13 39 
0 36 
134 182 
156 195 
13 166 
64 195 
171 195 
103 182 
172 195 
174 182 
180 195 
0 146 
91 182 
65 195 
0 92 
0 65 
43 195 
0 44 
81 195 
13 78 
13 148 
113 195 
13 89 
0 39 
0 101 
44 182 
58 195 
176 195 
124 182 
152 182 
124 195 
0 33 
13 33 
0 159 
22 182 
22 195 
106 182 
47 182 
34 182 
0 103 
0 22 
30 182 
0 117 
76 182 
59 182 
138 195 
158 182 
13 170 
0 17 
159 182 
159 195 
0 134 
13 31 
0 49 
13 104 
51 182 
132 182 
116 182 
0 63 
76 195 
156 182 
26 182 
13 147 
0 142 
0 137 
108 182 
13 88 
54 182 
0 90 
0 102 
25 182 
96 182 
101 182 
66 182 
0 158 
0 165 
0 152 
0 136 
0 160 
0 45 
13 61 
13 93 
145 195 
109 182 
89 195 
0 162 
0 114 
0 166 
0 16 
0 38 
105 195 
13 30 
13 36 
13 76 
13 26 
100 182 
13 156 
30 195 
0 73 
0 131 
0 113 
20 182 
0 64 
79 182 
13 45 
0 164 
0 23 
0 67 
13 51 
0 156 
81 182 
173 182 
29 195 
151 195 
62 182 
13 121 
93 182 
175 195 
13 175 
0 143 
13 52 
0 174 
53 195 
13 74 
13 146 
150 195 
0 173 
0 79 
0 145 
13 178 
13 107 
0 88 
13 25 
13 124 
0 157 
0 123 
180 182 
155 195 
13 57 
107 195 
87 182 
0 57 
119 182 
13 21 
13 101 
0 133 
163 182 
0 99 
165 195 
99 195 
46 182 
46 195 
82 182 
115 182 
144 182 
13 16 
0 58 
117 195 
0 72 
13 172 
122 195 
13 155 
64 182 
162 182 
86 182 
62 195 
134 195 
133 195 
13 72 
0 40 
176 182 
13 135 
13 164 
143 195 
0 48 
19 182 
32 182 
16 182 
95 182 
13 64 
13 118 
0 132 
0 120 
80 195 
13 95 
119 195 
164 195 
128 195 
13 128 
13 122 
0 148 
86 195 
37 195 
0 82 
13 17 
149 182 
13 40 
157 182 
0 81 
127 182 
77 182 
82 195 
63 195 
0 47 
175 182 
0 128 
13 58 
13 161 
13 35 
0 89 
177 182 
163 195 
173 195 
13 79 
0 61 
0 150 
13 174 
13 110 
0 155 
13 131 
110 195 
71 182 
102 182 
0 43 
49 182 
128 182 
0 34 
13 133 
13 81 
108 195 
74 182 
121 182 
92 195 
13 102 
13 123 
13 18 
0 32 
0 104 
13 162 
65 182 
0 163 
143 182 
0 19 
130 195 
48 182 
99 182 
13 149 
49 195 
158 195 
0 37 
0 93 
0 29 
29 182 
0 147 
13 177 
90 182 
174 195 
136 182 
13 23 
13 171 
141 195 
13 145 
122 182 
94 195 
67 182 
161 195 
0 179 
13 32 
38 195 
0 149 
145 182 
0 115 
48 195 
177 195 
13 129 
133 182 
13 105 
52 182 
57 182 
0 171 
93 195 
13 180 
13 137 
13 160 
59 195 
178 182 
0 106 
0 68 
13 157 
0 94 
91 195 
100 195 
80 182 
61 182 
123 195 
0 77 
13 19 
0 71 
31 195 
67 195 
58 182 
0 151 
35 195 
0 66 
0 118 
39 195 
13 75 
116 195 
135 195 
24 195 
