3 167 
69 125 
42 98 
27 188 
14 70 
9 12 
5 154 
11 55 
168 189 
27 184 
3 8 
154 168 
98 188 
9 112 
5 185 
7 27 
98 126 
4 55 
12 69 
42 191 
7 125 
186 188 
6 126 
126 194 
70 154 
183 184 
27 191 
3 184 
56 183 
12 84 
187 194 
6 193 
3 183 
186 189 
126 184 
97 190 
112 168 
4 42 
69 184 
56 167 
139 140 
11 193 
83 168 
7 190 
4 5 
168 194 
27 168 
84 183 
6 125 
14 153 
1 190 
4 70 
3 191 
7 56 
7 10 
183 190 
5 8 
84 139 
14 97 
8 98 
111 140 
125 186 
11 12 
1 167 
27 84 
8 14 
84 187 
84 188 
70 189 
1 111 
153 184 
11 192 
97 186 
14 27 
4 187 
125 192 
5 12 
190 194 
41 187 
6 184 
14 139 
111 192 
1 97 
84 125 
7 55 
42 111 
98 194 
112 126 
8 183 
69 83 
140 181 
7 11 
42 167 
98 187 
10 70 
14 69 
111 183 
125 183 
14 185 
28 56 
154 186 
84 153 
14 183 
27 139 
98 193 
56 140 
112 154 
153 191 
12 188 
5 9 
2 3 
12 154 
1 11 
8 184 
8 27 
7 168 
56 189 
14 41 
112 189 
41 83 
190 193 
154 181 
3 139 
7 98 
6 8 
9 10 
8 168 
7 185 
184 192 
1 191 
55 69 
153 192 
4 112 
83 125 
126 185 
139 192 
140 153 
98 192 
139 187 
27 126 
126 140 
2 83 
42 139 
7 154 
186 190 
42 154 
55 192 
126 187 
42 83 
2 8 
9 191 
1 192 
4 190 
28 84 
27 193 
27 69 
139 189 
184 185 
4 111 
14 111 
10 125 
11 189 
4 11 
28 97 
8 69 
83 193 
84 168 
1 154 
2 126 
7 183 
140 190 
7 42 
27 56 
10 42 
4 69 
42 56 
14 140 
6 194 
69 185 
187 193 
2 139 
55 168 
83 194 
154 185 
55 84 
28 139 
83 192 
181 194 
186 192 
56 185 
11 41 
189 190 
154 191 
14 28 
14 190 
111 187 
97 153 
1 70 
28 112 
9 194 
181 184 
5 10 
1 6 
2 167 
12 41 
9 42 
69 126 
10 187 
112 194 
6 153 
1 168 
14 194 
70 125 
98 191 
12 70 
12 97 
84 111 
27 140 
9 28 
140 167 
70 139 
5 193 
14 192 
28 154 
42 55 
3 11 
5 14 
97 98 
97 189 
97 188 
6 27 
56 69 
5 186 
3 140 
140 154 
1 55 
41 112 
42 168 
111 154 
125 191 
9 140 
41 84 
56 126 
5 194 
168 187 
14 55 
2 69 
7 194 
5 84 
56 84 
70 186 
2 194 
84 190 
10 139 
28 41 
188 193 
7 186 
9 56 
28 184 
12 14 
5 192 
14 181 
9 167 
4 14 
6 42 
187 188 
111 194 
83 187 
98 139 
1 188 
189 191 
55 181 
97 193 
10 69 
27 181 
3 153 
6 28 
97 185 
190 191 
10 111 
12 125 
10 140 
6 7 
84 185 
5 42 
111 112 
6 97 
97 191 
12 27 
167 192 
1 185 
184 186 
41 126 
153 185 
187 191 
27 187 
1 184 
7 191 
9 186 
184 194 
3 189 
28 191 
125 187 
14 188 
184 187 
6 140 
167 189 
140 184 
4 126 
84 192 
10 185 
5 190 
8 56 
126 192 
4 98 
69 190 
153 154 
1 7 
168 184 
41 184 
27 111 
167 168 
154 187 
41 153 
84 154 
11 56 
7 153 
1 42 
97 125 
140 168 
28 186 
139 181 
183 188 
4 193 
56 139 
5 140 
5 126 
125 184 
4 8 
2 168 
27 70 
1 83 
1 125 
11 191 
5 27 
84 126 
12 167 
11 181 
7 188 
4 188 
56 188 
69 97 
55 190 
4 168 
69 112 
5 191 
125 189 
70 167 
2 192 
97 192 
97 140 
27 194 
167 193 
1 69 
126 139 
55 183 
14 154 
28 167 
9 98 
167 184 
55 187 
8 153 
189 193 
6 83 
12 112 
4 154 
6 183 
83 139 
11 98 
8 111 
111 188 
9 111 
10 126 
6 154 
9 11 
12 168 
98 153 
55 98 
11 27 
98 111 
27 154 
6 12 
12 189 
70 126 
83 167 
98 154 
14 83 
56 186 
2 4 
9 41 
153 181 
5 139 
2 184 
125 153 
69 192 
139 185 
168 183 
186 194 
28 188 
140 186 
184 190 
111 139 
9 125 
70 83 
126 191 
112 139 
14 193 
5 98 
7 41 
3 186 
41 188 
11 28 
3 14 
42 187 
125 126 
42 70 
112 190 
27 97 
1 3 
12 153 
83 140 
3 5 
41 111 
12 139 
42 189 
11 70 
8 42 
140 183 
2 189 
4 83 
125 168 
139 167 
1 5 
9 27 
42 192 
2 11 
1 4 
41 192 
12 83 
111 185 
181 191 
11 194 
1 181 
154 189 
6 14 
2 12 
55 188 
7 126 
3 111 
6 111 
9 188 
97 167 
193 194 
181 186 
153 188 
7 97 
6 84 
42 84 
140 191 
70 191 
1 186 
168 181 
9 187 
12 184 
10 189 
112 140 
69 168 
153 190 
10 186 
14 98 
8 167 
70 97 
55 111 
125 193 
183 194 
181 185 
55 97 
41 140 
42 97 
70 84 
3 10 
14 84 
98 186 
41 69 
83 154 
191 193 
14 189 
12 187 
9 70 
4 189 
5 181 
168 188 
6 41 
84 184 
2 5 
3 187 
98 184 
111 125 
2 125 
192 193 
3 154 
5 7 
4 84 
83 153 
139 183 
55 185 
9 185 
10 56 
55 56 
10 27 
7 192 
2 188 
3 97 
1 28 
187 189 
41 186 
154 184 
112 184 
5 167 
42 190 
69 98 
154 193 
167 188 
12 140 
9 14 
4 167 
56 193 
42 125 
167 181 
3 9 
184 193 
56 112 
84 97 
126 189 
112 193 
69 140 
8 194 
2 27 
10 167 
4 185 
11 112 
83 98 
41 193 
27 186 
139 188 
7 28 
42 188 
111 193 
3 69 
98 167 
1 183 
3 190 
2 193 
154 192 
6 9 
6 181 
42 186 
83 112 
83 191 
3 168 
191 194 
2 181 
140 193 
188 189 
12 111 
125 139 
167 191 
9 84 
9 181 
4 186 
167 185 
111 181 
6 185 
153 189 
1 140 
1 98 
187 192 
153 183 
186 193 
6 190 
4 12 
7 84 
8 10 
191 192 
3 41 
41 125 
185 189 
41 181 
2 56 
98 183 
56 125 
190 192 
12 126 
4 184 
55 167 
111 191 
27 167 
70 185 
10 190 
8 189 
8 125 
42 183 
70 190 
112 187 
3 193 
10 112 
27 28 
1 189 
11 14 
153 194 
42 69 
126 168 
112 183 
111 153 
2 186 
11 190 
70 187 
97 112 
7 14 
139 168 
10 12 
8 140 
84 98 
4 194 
12 186 
9 97 
11 154 
154 183 
5 187 
139 190 
70 153 
41 168 
28 111 
183 193 
98 181 
41 167 
70 194 
69 84 
11 83 
2 70 
12 192 
69 183 
185 188 
181 189 
2 153 
14 191 
69 111 
183 187 
98 190 
56 190 
42 184 
9 139 
28 193 
6 98 
27 42 
10 168 
125 154 
56 70 
111 168 
27 185 
2 28 
8 181 
97 194 
11 187 
27 83 
9 190 
8 55 
5 28 
28 192 
5 189 
11 185 
125 181 
7 9 
125 190 
2 183 
7 167 
2 187 
183 192 
6 11 
8 70 
8 193 
4 9 
28 190 
3 192 
2 140 
140 189 
14 167 
6 167 
10 154 
42 193 
6 139 
140 194 
11 183 
70 98 
41 97 
28 187 
84 189 
111 190 
183 186 
153 187 
139 154 
7 181 
55 126 
3 27 
28 168 
12 183 
70 168 
27 192 
27 112 
28 194 
168 190 
168 186 
97 111 
8 187 
7 8 
28 42 
5 153 
5 56 
97 183 
6 168 
9 193 
69 153 
167 187 
10 194 
56 111 
3 12 
27 153 
55 140 
12 191 
56 187 
8 12 
11 188 
112 185 
27 189 
1 194 
11 69 
4 97 
139 186 
84 140 
56 97 
14 42 
4 6 
2 42 
167 194 
6 69 
6 187 
154 190 
12 181 
186 187 
98 125 
7 140 
6 186 
9 183 
69 189 
188 190 
12 56 
14 168 
8 112 
6 191 
12 185 
126 186 
8 154 
183 185 
3 98 
188 191 
10 153 
6 192 
8 9 
56 98 
8 97 
69 191 
5 69 
3 55 
7 69 
14 112 
4 41 
125 140 
4 192 
55 191 
28 189 
6 188 
168 193 
41 154 
10 41 
5 6 
42 126 
5 41 
3 4 
98 140 
69 70 
112 188 
153 186 
185 187 
70 183 
126 193 
56 154 
83 190 
126 181 
97 181 
55 139 
10 192 
5 70 
41 190 
5 184 
1 126 
56 181 
1 27 
189 194 
3 7 
6 189 
27 41 
55 184 
10 98 
3 28 
111 184 
69 167 
1 139 
42 185 
10 97 
28 83 
12 28 
2 41 
14 186 
112 191 
42 140 
28 140 
4 27 
11 140 
4 10 
10 83 
83 184 
7 187 
8 126 
181 188 
69 186 
27 125 
9 154 
181 193 
69 181 
28 55 
111 126 
28 181 
188 192 
4 181 
8 41 
41 70 
183 191 
11 126 
28 70 
10 183 
6 56 
168 191 
8 84 
10 14 
28 153 
84 112 
8 83 
84 181 
12 42 
8 190 
7 111 
83 181 
2 154 
2 9 
55 193 
1 56 
2 190 
97 184 
7 112 
111 186 
98 168 
83 111 
8 191 
139 184 
41 183 
2 10 
153 167 
126 167 
56 194 
56 83 
126 183 
112 153 
83 189 
56 184 
154 194 
5 111 
55 83 
14 187 
139 193 
98 189 
2 6 
41 191 
9 184 
140 188 
168 185 
2 84 
70 181 
10 28 
10 55 
41 185 
70 184 
8 139 
192 194 
8 28 
153 168 
167 183 
11 97 
111 189 
185 193 
9 69 
3 56 
184 189 
70 140 
2 55 
3 112 
56 153 
3 42 
125 194 
1 153 
4 191 
5 11 
28 125 
4 183 
125 167 
12 55 
97 139 
185 191 
83 186 
181 183 
97 187 
126 154 
139 153 
84 193 
181 190 
112 125 
4 139 
10 84 
9 168 
42 181 
8 192 
4 140 
41 98 
1 2 
1 14 
70 192 
185 194 
7 12 
11 167 
6 112 
14 56 
2 14 
70 112 
9 153 
181 187 
181 192 
84 167 
84 186 
3 194 
8 188 
7 83 
97 154 
70 188 
140 187 
28 183 
126 153 
11 125 
1 12 
69 193 
2 111 
6 10 
7 70 
41 56 
8 186 
9 55 
28 69 
1 41 
139 191 
41 194 
42 112 
1 84 
184 188 
3 70 
112 167 
185 190 
2 7 
7 193 
6 55 
83 188 
187 190 
5 55 
55 125 
83 97 
112 181 
184 191 
42 153 
1 112 
3 181 
189 192 
10 181 
97 126 
11 168 
185 192 
41 139 
154 167 
2 191 
3 125 
4 125 
183 189 
6 70 
55 186 
1 187 
153 193 
11 84 
1 193 
69 139 
3 188 
27 55 
69 188 
2 97 
7 139 
168 192 
167 186 
1 8 
41 189 
97 168 
28 126 
14 126 
5 97 
98 185 
186 191 
41 55 
3 185 
28 98 
126 190 
27 98 
11 111 
4 56 
12 190 
3 6 
14 184 
5 168 
9 189 
7 189 
2 185 
10 188 
1 10 
41 42 
1 9 
83 126 
188 194 
83 185 
27 183 
9 126 
2 112 
5 125 
55 153 
28 185 
98 112 
11 186 
125 188 
56 192 
126 188 
4 28 
12 193 
5 112 
10 193 
5 188 
5 183 
55 154 
27 190 
140 192 
10 184 
9 83 
69 194 
3 83 
84 194 
11 42 
10 191 
42 194 
125 185 
12 98 
69 154 
139 194 
112 186 
7 184 
167 190 
83 84 
140 185 
111 167 
55 112 
2 98 
4 153 
55 194 
56 168 
11 153 
8 185 
55 70 
69 187 
83 183 
12 194 
3 126 
70 193 
4 7 
55 189 
185 186 
70 111 
11 139 
112 192 
9 192 
5 83 
84 191 
11 184 
8 11 
154 188 
14 125 
3 84 
10 11 
56 191 
