98 133 
28 33 
82 188 
89 125 
107 167 
83 100 
1 92 
3 175 
105 167 
75 192 
35 194 
111 119 
69 108 
9 122 
105 125 
36 184 
143 184 
60 69 
9 39 
96 126 
48 83 
66 193 
70 144 
34 187 
109 139 
11 164 
7 121 
51 194 
42 67 
134 167 
24 188 
56 120 
10 48 
75 83 
61 139 
55 65 
22 192 
12 114 
8 113 
85 187 
70 164 
84 161 
5 172 
1 24 
138 140 
4 93 
83 123 
162 183 
67 183 
84 129 
63 168 
171 189 
40 56 
43 97 
41 72 
18 188 
1 94 
138 187 
119 186 
86 184 
98 120 
94 112 
2 65 
40 84 
50 185 
133 186 
39 189 
139 178 
48 70 
9 33 
84 155 
62 70 
135 186 
45 188 
66 125 
28 106 
7 73 
155 194 
11 86 
8 48 
127 154 
89 187 
46 126 
66 140 
113 194 
83 165 
170 194 
6 107 
72 190 
81 181 
153 176 
41 132 
12 80 
12 157 
8 17 
1 95 
59 185 
35 42 
5 160 
70 127 
31 181 
126 170 
137 154 
37 56 
100 112 
7 38 
27 149 
83 122 
36 154 
60 193 
1 76 
52 187 
140 145 
5 110 
41 114 
55 96 
112 179 
9 174 
3 135 
19 42 
9 32 
47 140 
69 148 
52 112 
41 124 
37 41 
125 165 
27 46 
10 87 
70 91 
127 193 
104 185 
88 126 
133 191 
3 110 
41 101 
10 164 
155 187 
126 171 
84 115 
5 17 
44 126 
22 84 
4 133 
97 169 
5 19 
116 126 
10 78 
157 185 
14 71 
72 189 
11 25 
20 98 
55 63 
141 189 
65 191 
48 153 
111 157 
8 123 
141 190 
9 29 
67 192 
11 138 
73 192 
140 150 
126 130 
27 93 
64 181 
111 174 
123 189 
74 184 
2 43 
39 193 
154 174 
98 116 
4 17 
33 185 
4 129 
41 68 
97 107 
22 41 
58 84 
19 28 
97 178 
49 190 
15 194 
109 181 
111 147 
111 156 
103 139 
149 184 
71 185 
1 113 
42 155 
17 167 
177 181 
66 83 
85 111 
50 193 
61 183 
1 39 
82 139 
87 168 
104 183 
87 167 
88 192 
5 65 
8 136 
42 136 
84 107 
125 172 
55 149 
125 164 
166 186 
14 102 
43 125 
129 167 
121 139 
67 139 
97 172 
149 167 
27 131 
41 93 
98 108 
97 137 
104 168 
56 176 
141 193 
31 112 
6 95 
49 98 
32 69 
125 155 
81 112 
59 190 
5 26 
84 121 
140 175 
138 192 
2 146 
10 162 
69 178 
71 126 
97 120 
98 162 
159 193 
5 78 
177 193 
129 153 
16 184 
18 69 
6 124 
7 174 
81 191 
33 193 
3 105 
137 183 
9 87 
78 98 
42 165 
163 168 
28 173 
17 190 
111 173 
1 36 
126 157 
152 187 
12 50 
140 157 
41 135 
12 124 
84 92 
25 154 
28 92 
148 192 
127 190 
41 133 
154 177 
31 42 
18 56 
28 172 
39 55 
12 95 
14 144 
71 97 
175 187 
37 191 
97 157 
5 49 
164 181 
109 192 
20 28 
43 168 
4 113 
75 189 
58 187 
26 167 
163 188 
89 191 
20 189 
78 154 
1 147 
174 191 
98 175 
86 125 
121 186 
59 186 
40 139 
10 82 
9 66 
103 186 
139 163 
54 188 
98 171 
36 69 
7 34 
3 86 
10 33 
101 181 
126 141 
75 168 
114 193 
40 167 
8 50 
108 194 
124 194 
8 169 
75 126 
5 128 
30 112 
6 177 
9 118 
27 92 
136 139 
12 49 
11 157 
150 186 
111 164 
18 187 
143 194 
10 147 
41 155 
27 40 
4 156 
17 188 
129 188 
81 187 
67 126 
120 189 
57 140 
137 168 
118 167 
4 115 
112 160 
43 112 
139 155 
97 171 
11 94 
2 99 
179 189 
139 158 
109 112 
137 185 
98 102 
52 191 
7 158 
139 149 
7 85 
30 186 
56 170 
41 145 
165 189 
14 76 
15 193 
107 181 
99 126 
62 185 
42 145 
131 185 
153 165 
27 71 
2 60 
59 194 
164 183 
67 194 
1 38 
19 55 
140 173 
165 185 
107 183 
145 193 
69 101 
43 126 
69 99 
49 140 
90 167 
14 175 
47 192 
101 153 
11 149 
180 185 
68 70 
32 126 
56 162 
55 105 
30 111 
88 193 
34 189 
59 189 
27 171 
68 126 
6 89 
10 94 
3 63 
56 82 
131 188 
17 126 
79 183 
153 156 
85 112 
164 188 
126 159 
12 151 
31 125 
10 177 
42 95 
58 193 
115 167 
7 66 
49 168 
94 193 
61 125 
23 98 
8 134 
49 192 
16 111 
70 100 
158 188 
8 86 
5 149 
70 157 
11 180 
27 88 
71 188 
118 153 
92 184 
2 119 
60 189 
8 158 
4 25 
120 154 
65 153 
121 188 
90 188 
53 167 
83 113 
27 51 
2 103 
5 147 
91 98 
56 149 
28 143 
28 29 
7 170 
15 98 
14 58 
152 192 
153 159 
62 194 
98 104 
155 181 
43 181 
66 69 
126 143 
5 40 
7 143 
42 127 
70 116 
7 113 
1 77 
7 102 
155 186 
113 125 
8 131 
40 111 
92 181 
111 180 
49 154 
70 178 
100 168 
28 61 
28 135 
66 167 
24 184 
69 164 
58 189 
20 97 
154 160 
98 141 
49 153 
47 84 
38 184 
41 90 
70 137 
14 136 
22 56 
112 116 
6 49 
83 130 
32 186 
44 193 
10 35 
38 42 
4 35 
25 189 
7 68 
177 187 
93 167 
28 57 
100 194 
5 30 
22 186 
24 125 
2 88 
55 79 
35 154 
122 191 
48 193 
167 179 
38 126 
52 185 
8 78 
9 120 
138 188 
172 183 
1 156 
8 45 
58 83 
8 156 
32 154 
99 188 
7 159 
4 67 
89 188 
17 192 
36 186 
155 167 
83 93 
133 139 
3 150 
37 139 
5 166 
157 192 
41 106 
37 193 
11 75 
41 138 
31 41 
74 112 
86 98 
136 191 
18 125 
12 130 
157 187 
6 116 
153 162 
109 187 
9 59 
116 184 
71 167 
169 188 
106 184 
29 187 
56 175 
14 124 
15 111 
66 84 
12 47 
22 191 
57 125 
160 189 
38 186 
12 109 
158 191 
70 90 
30 41 
25 139 
9 134 
5 107 
95 184 
51 69 
110 168 
11 161 
95 183 
116 125 
4 174 
55 81 
142 194 
66 186 
40 193 
114 125 
12 135 
97 177 
91 189 
83 87 
117 154 
112 124 
53 84 
104 187 
179 190 
134 184 
34 185 
91 192 
158 192 
119 139 
85 194 
16 139 
89 190 
97 174 
27 146 
1 52 
152 185 
5 136 
98 176 
2 135 
10 146 
84 172 
59 83 
28 146 
12 113 
98 131 
93 168 
65 98 
27 53 
83 129 
67 154 
138 139 
11 82 
56 151 
99 167 
42 43 
61 189 
83 150 
82 126 
14 64 
180 183 
90 189 
121 153 
109 186 
1 65 
50 153 
70 131 
12 23 
113 186 
19 56 
113 193 
9 102 
62 187 
17 125 
57 83 
42 91 
28 134 
70 120 
4 141 
6 155 
35 193 
132 189 
43 187 
16 167 
85 185 
49 184 
10 39 
158 183 
46 98 
1 22 
105 191 
14 164 
4 60 
28 114 
125 166 
52 184 
14 103 
2 149 
27 179 
116 187 
54 83 
19 188 
41 148 
65 139 
50 139 
150 190 
106 186 
129 181 
118 154 
69 171 
111 165 
10 135 
10 22 
167 172 
3 100 
94 187 
55 128 
12 122 
53 69 
14 162 
146 192 
12 173 
139 142 
122 190 
155 184 
124 153 
27 99 
14 43 
8 118 
44 154 
77 83 
178 194 
95 190 
20 181 
72 187 
143 153 
76 187 
98 143 
6 33 
129 154 
140 170 
1 78 
8 99 
42 124 
6 43 
11 78 
53 111 
160 186 
110 186 
84 99 
28 155 
163 185 
6 131 
105 192 
73 191 
27 113 
72 126 
106 192 
123 191 
30 192 
125 170 
5 148 
94 167 
12 179 
100 139 
121 140 
61 191 
3 62 
114 194 
43 154 
50 188 
56 157 
97 163 
3 60 
97 176 
55 175 
4 49 
87 191 
127 188 
6 23 
4 75 
137 191 
98 99 
79 125 
69 128 
27 172 
170 189 
24 98 
108 188 
84 123 
50 97 
112 142 
112 133 
84 100 
65 186 
92 187 
14 177 
105 185 
178 187 
6 170 
55 99 
128 185 
9 71 
53 139 
9 143 
129 190 
47 191 
131 139 
6 73 
1 99 
3 74 
70 96 
11 142 
41 142 
2 79 
173 189 
3 85 
147 167 
56 110 
27 158 
80 193 
34 192 
10 145 
139 169 
32 183 
27 109 
2 162 
67 186 
118 140 
5 99 
81 167 
14 105 
131 181 
98 179 
39 168 
3 82 
147 187 
12 16 
50 84 
79 191 
9 72 
9 129 
159 192 
6 76 
92 97 
28 40 
133 181 
58 112 
41 57 
144 168 
104 184 
102 190 
68 193 
102 126 
84 175 
41 144 
10 160 
41 66 
115 126 
7 115 
160 185 
112 166 
62 98 
7 155 
121 193 
71 112 
83 157 
14 155 
44 83 
99 184 
11 127 
8 120 
41 166 
4 166 
116 191 
66 154 
10 53 
28 142 
74 188 
47 70 
81 139 
144 183 
25 56 
48 167 
173 186 
152 193 
26 28 
1 121 
6 50 
169 185 
126 151 
54 55 
128 189 
88 97 
141 181 
8 133 
56 103 
12 36 
172 188 
42 175 
28 137 
54 186 
1 107 
87 183 
61 185 
111 127 
133 153 
2 109 
35 191 
55 94 
27 165 
113 126 
131 192 
117 193 
12 17 
64 153 
28 166 
34 126 
86 194 
27 178 
30 84 
68 83 
14 158 
48 56 
53 153 
9 176 
28 51 
105 111 
8 137 
1 155 
3 39 
118 184 
69 106 
60 188 
16 28 
27 80 
8 81 
44 70 
51 191 
89 140 
73 140 
16 186 
112 134 
43 193 
21 98 
97 164 
9 89 
69 165 
83 141 
14 60 
42 76 
125 136 
83 144 
93 193 
131 167 
98 144 
100 184 
3 146 
70 150 
85 193 
88 190 
136 194 
39 70 
28 157 
8 160 
20 84 
22 167 
54 168 
75 97 
8 122 
63 194 
46 70 
8 36 
17 83 
12 155 
4 124 
27 114 
8 30 
7 107 
9 142 
11 143 
9 44 
122 181 
180 194 
2 145 
27 142 
117 125 
67 111 
98 151 
9 163 
109 111 
29 193 
27 32 
93 183 
98 145 
111 151 
27 95 
2 131 
81 153 
74 139 
11 158 
101 191 
6 26 
12 118 
44 56 
112 138 
49 125 
145 184 
4 104 
117 126 
2 87 
56 114 
27 151 
98 122 
173 181 
55 123 
3 148 
114 153 
75 181 
25 27 
113 167 
84 127 
11 79 
107 112 
28 74 
42 88 
29 167 
4 148 
9 86 
162 190 
50 125 
24 70 
27 73 
10 170 
11 150 
23 194 
154 173 
164 167 
4 82 
34 42 
111 141 
108 185 
160 183 
51 84 
7 78 
1 47 
22 153 
74 125 
178 191 
14 52 
11 48 
7 80 
10 179 
145 185 
82 125 
10 157 
42 71 
8 138 
12 30 
4 179 
177 188 
7 20 
56 86 
154 175 
54 98 
104 193 
12 48 
141 194 
4 180 
93 97 
6 121 
34 98 
5 141 
56 102 
125 138 
40 153 
80 184 
15 184 
143 168 
46 125 
70 179 
69 163 
130 140 
28 144 
74 168 
23 69 
110 140 
76 111 
16 192 
100 190 
146 193 
98 118 
10 175 
5 94 
71 168 
73 188 
12 146 
21 125 
12 34 
11 160 
24 111 
55 78 
5 44 
9 173 
41 59 
76 181 
77 84 
21 190 
86 186 
143 183 
134 189 
89 183 
140 161 
94 181 
41 88 
15 187 
52 126 
96 167 
2 22 
172 187 
83 92 
41 89 
83 160 
46 69 
9 82 
112 176 
3 91 
11 120 
4 54 
53 70 
8 49 
22 181 
57 185 
124 187 
151 189 
48 69 
10 93 
56 96 
70 117 
153 179 
6 92 
121 191 
27 59 
116 189 
79 193 
96 140 
87 184 
11 59 
159 187 
28 85 
73 154 
171 187 
165 190 
70 166 
11 81 
10 176 
19 167 
12 51 
169 194 
2 32 
53 183 
165 193 
22 139 
11 145 
114 183 
3 136 
79 168 
30 193 
3 89 
139 152 
94 185 
161 189 
14 118 
2 105 
5 127 
8 62 
99 181 
152 194 
90 191 
142 193 
111 137 
6 21 
112 137 
51 98 
5 25 
19 183 
30 194 
8 88 
127 183 
71 189 
69 81 
62 190 
27 89 
171 192 
5 108 
40 185 
97 160 
7 60 
157 183 
28 152 
11 117 
42 148 
55 179 
12 166 
97 106 
27 68 
109 194 
119 167 
95 167 
17 153 
108 153 
102 181 
26 191 
3 177 
2 142 
154 161 
39 186 
157 167 
146 154 
83 107 
70 159 
142 184 
10 95 
11 77 
6 39 
4 116 
7 59 
3 29 
38 194 
42 152 
79 153 
50 183 
2 155 
12 164 
101 189 
42 150 
69 136 
112 148 
8 176 
27 49 
9 46 
179 181 
65 194 
125 171 
28 151 
4 95 
23 188 
93 190 
2 82 
57 181 
10 37 
4 30 
60 186 
14 15 
73 187 
14 135 
22 194 
83 173 
15 168 
164 168 
20 185 
10 58 
179 187 
33 194 
10 57 
83 118 
7 105 
91 186 
6 169 
19 97 
42 129 
62 140 
111 134 
2 63 
27 39 
85 167 
112 178 
47 111 
108 139 
17 181 
57 188 
24 28 
73 181 
161 188 
15 154 
40 42 
58 183 
19 112 
144 154 
53 186 
1 26 
123 184 
48 183 
63 186 
14 48 
27 119 
72 98 
27 108 
57 126 
1 33 
8 166 
119 187 
12 77 
6 152 
22 125 
83 142 
51 126 
11 51 
83 99 
4 57 
6 138 
42 130 
21 168 
11 135 
18 41 
61 126 
14 163 
55 146 
31 83 
25 168 
10 137 
134 139 
7 135 
8 161 
24 140 
2 66 
4 43 
12 32 
168 174 
69 105 
42 82 
21 42 
83 101 
96 184 
1 86 
28 38 
130 139 
5 165 
84 109 
12 141 
56 64 
96 153 
84 164 
92 189 
69 162 
41 147 
112 172 
68 190 
50 55 
86 191 
3 88 
2 156 
1 18 
11 118 
113 139 
4 18 
2 178 
14 87 
9 117 
145 190 
2 34 
21 183 
8 100 
169 183 
11 99 
11 104 
32 185 
56 77 
112 145 
158 185 
73 186 
5 100 
145 167 
43 189 
14 47 
65 168 
33 167 
18 153 
121 194 
97 138 
73 193 
68 154 
5 150 
96 125 
95 153 
2 92 
125 131 
1 34 
28 67 
6 85 
28 113 
66 139 
150 167 
7 157 
87 188 
12 163 
53 193 
108 168 
103 188 
7 172 
42 156 
5 162 
135 188 
27 128 
1 114 
89 98 
150 184 
54 181 
6 19 
7 76 
164 194 
177 192 
67 125 
70 76 
10 31 
30 98 
2 132 
11 128 
151 191 
92 193 
174 187 
82 84 
64 193 
100 140 
5 174 
178 184 
128 139 
29 111 
146 187 
1 133 
43 188 
71 192 
32 139 
27 129 
6 71 
118 126 
25 42 
9 78 
3 145 
12 117 
2 100 
142 185 
97 122 
16 191 
144 184 
71 98 
98 107 
106 194 
108 111 
121 168 
143 154 
78 193 
96 111 
37 168 
153 178 
5 87 
62 188 
7 141 
22 83 
173 187 
56 108 
8 127 
170 193 
84 142 
7 171 
111 159 
6 171 
149 193 
107 125 
160 192 
91 153 
1 54 
84 88 
39 190 
4 65 
69 158 
70 123 
12 40 
104 140 
64 140 
139 150 
135 181 
10 141 
112 147 
30 69 
132 183 
84 141 
47 185 
30 168 
21 126 
24 181 
114 188 
27 156 
105 186 
59 183 
1 149 
3 122 
180 191 
179 185 
97 156 
53 97 
9 124 
12 39 
71 187 
55 171 
1 158 
110 190 
45 154 
8 31 
97 102 
178 193 
10 127 
7 160 
71 190 
73 97 
55 73 
42 144 
3 118 
151 192 
80 97 
1 103 
34 193 
37 183 
84 165 
12 65 
49 191 
102 140 
140 146 
29 98 
3 96 
53 126 
71 125 
5 117 
36 181 
70 110 
123 167 
3 22 
25 28 
135 193 
84 91 
2 91 
114 154 
77 194 
47 183 
98 173 
155 191 
36 193 
45 186 
51 193 
82 97 
69 135 
2 174 
21 193 
122 125 
149 187 
141 168 
43 186 
70 71 
115 187 
12 106 
9 138 
3 180 
101 192 
2 106 
151 184 
27 45 
16 27 
126 172 
24 191 
133 154 
68 139 
27 81 
43 153 
143 187 
5 76 
8 71 
91 187 
167 177 
95 111 
26 183 
91 140 
32 83 
80 187 
152 189 
14 78 
62 84 
28 77 
53 189 
43 83 
154 165 
41 73 
127 187 
146 186 
14 73 
29 185 
2 152 
77 168 
8 19 
162 192 
5 80 
69 150 
42 120 
10 59 
114 140 
112 173 
53 194 
38 112 
61 190 
64 167 
56 62 
49 193 
27 136 
163 193 
23 55 
101 185 
42 162 
96 194 
12 110 
84 156 
10 106 
8 26 
125 178 
87 192 
4 130 
2 62 
78 125 
101 193 
134 154 
139 165 
11 35 
9 24 
5 72 
42 164 
4 152 
169 193 
97 141 
174 190 
62 184 
85 186 
10 36 
142 153 
2 21 
117 153 
12 86 
27 104 
1 146 
6 129 
24 42 
56 156 
42 72 
10 75 
149 191 
56 173 
28 90 
56 60 
48 140 
2 147 
80 112 
139 148 
21 186 
87 98 
124 154 
136 153 
83 134 
168 175 
69 130 
73 83 
2 134 
96 98 
110 188 
83 175 
2 58 
28 163 
2 129 
9 45 
36 191 
59 168 
126 144 
97 148 
4 20 
50 112 
140 180 
1 91 
24 187 
4 162 
96 193 
69 142 
11 26 
60 154 
49 139 
23 187 
6 35 
161 194 
67 168 
44 185 
116 186 
25 188 
146 194 
118 189 
79 185 
6 102 
111 116 
12 53 
126 138 
78 126 
12 132 
11 105 
56 129 
39 42 
141 153 
3 57 
106 154 
18 183 
56 88 
86 190 
6 108 
97 108 
31 183 
9 75 
12 79 
4 178 
96 185 
97 132 
33 181 
1 66 
68 184 
32 84 
55 75 
46 183 
39 183 
35 185 
27 60 
125 146 
60 168 
6 119 
56 161 
77 125 
3 144 
4 53 
12 165 
45 184 
8 76 
14 106 
125 174 
94 97 
145 181 
98 155 
45 98 
120 187 
164 186 
15 70 
17 84 
105 190 
8 15 
5 95 
42 65 
131 187 
2 40 
1 131 
1 19 
7 48 
69 78 
172 190 
14 75 
102 125 
55 118 
10 90 
163 194 
1 173 
47 125 
112 113 
1 74 
76 190 
136 154 
123 183 
138 191 
85 190 
1 59 
8 145 
114 181 
163 183 
23 191 
7 74 
1 105 
19 41 
67 112 
27 87 
112 180 
6 36 
119 188 
63 167 
125 142 
89 181 
161 193 
126 150 
98 110 
1 129 
72 168 
3 134 
38 167 
28 123 
87 153 
28 159 
22 42 
161 187 
117 189 
27 48 
138 189 
109 167 
7 116 
70 169 
5 115 
10 110 
62 111 
82 181 
6 63 
10 61 
166 194 
47 167 
41 44 
125 173 
14 67 
169 191 
55 86 
2 104 
58 184 
12 160 
111 124 
42 117 
180 190 
103 154 
44 191 
106 125 
103 183 
27 163 
72 84 
5 58 
42 166 
84 103 
4 163 
68 153 
55 144 
132 185 
76 98 
12 102 
6 160 
49 188 
19 70 
163 192 
90 126 
132 154 
147 191 
120 181 
8 46 
138 183 
130 189 
71 139 
84 94 
7 36 
55 95 
103 126 
64 168 
112 130 
66 192 
146 153 
61 187 
112 149 
34 56 
28 158 
7 58 
69 127 
93 112 
27 36 
14 66 
102 167 
8 93 
19 83 
177 190 
9 60 
140 179 
41 180 
165 187 
3 151 
19 126 
94 139 
3 94 
2 15 
9 35 
10 29 
29 153 
3 161 
1 162 
102 168 
72 112 
1 172 
14 172 
95 98 
10 76 
1 160 
96 112 
2 89 
70 134 
165 184 
37 140 
53 191 
60 167 
128 140 
9 38 
8 150 
22 185 
14 53 
77 139 
7 128 
3 121 
70 151 
91 193 
129 184 
108 140 
69 114 
124 188 
110 193 
26 185 
14 160 
78 84 
137 189 
162 181 
9 68 
148 194 
90 97 
3 54 
17 184 
136 167 
3 65 
56 132 
41 146 
98 174 
6 44 
2 117 
80 183 
112 136 
150 154 
92 154 
111 150 
41 85 
4 169 
11 67 
38 111 
69 76 
180 189 
148 181 
98 159 
7 152 
88 140 
9 94 
1 180 
4 164 
12 162 
11 38 
7 30 
12 108 
77 167 
78 97 
73 153 
27 127 
15 97 
6 30 
97 159 
8 32 
102 139 
61 70 
45 140 
34 153 
54 192 
3 131 
39 194 
149 168 
53 98 
84 120 
56 121 
112 177 
22 111 
84 163 
111 117 
65 140 
27 35 
84 174 
101 140 
11 170 
122 154 
165 167 
11 74 
28 127 
84 151 
48 187 
36 194 
69 117 
98 142 
125 149 
12 85 
115 183 
82 194 
3 160 
97 128 
40 97 
63 153 
90 125 
83 85 
41 174 
135 189 
25 167 
3 103 
70 121 
168 178 
8 107 
10 107 
12 46 
111 158 
152 190 
41 113 
6 99 
9 146 
1 80 
20 193 
16 70 
37 125 
9 178 
123 194 
83 147 
14 166 
56 118 
5 57 
14 120 
66 97 
65 83 
1 124 
12 120 
75 153 
4 145 
96 168 
89 168 
2 175 
129 168 
70 143 
169 192 
161 183 
146 181 
55 120 
102 189 
7 62 
10 174 
149 185 
95 97 
146 191 
145 191 
175 186 
3 123 
56 116 
16 56 
59 188 
140 178 
158 194 
70 148 
126 127 
63 192 
17 27 
170 186 
8 147 
8 101 
67 181 
130 185 
115 168 
6 61 
57 98 
32 194 
5 73 
9 61 
85 168 
4 23 
4 31 
69 156 
141 183 
146 190 
35 168 
6 150 
98 135 
2 16 
122 140 
140 148 
72 97 
5 45 
17 42 
119 191 
30 140 
44 184 
24 168 
12 33 
86 185 
69 73 
1 135 
40 126 
126 163 
41 51 
149 183 
32 167 
74 154 
128 190 
9 77 
70 80 
69 102 
156 189 
29 184 
55 141 
4 34 
4 106 
135 185 
114 185 
14 180 
43 140 
27 52 
54 70 
79 189 
83 121 
50 190 
77 192 
1 145 
11 169 
12 169 
98 163 
163 184 
83 124 
104 192 
41 71 
38 153 
4 121 
56 76 
42 52 
20 70 
44 168 
7 18 
38 183 
101 190 
20 187 
125 177 
100 125 
176 189 
136 181 
6 120 
12 178 
23 189 
1 176 
1 57 
94 153 
90 112 
3 75 
117 190 
42 173 
5 161 
19 98 
159 168 
9 127 
22 112 
70 102 
96 154 
66 191 
48 154 
123 188 
173 192 
57 184 
124 168 
29 97 
3 46 
94 189 
7 90 
42 57 
7 177 
107 184 
7 31 
7 15 
28 49 
144 189 
152 153 
40 83 
137 184 
1 72 
111 163 
83 110 
11 58 
20 167 
74 183 
50 98 
7 16 
128 184 
16 187 
51 183 
90 194 
9 99 
86 154 
7 164 
27 72 
54 154 
14 143 
105 140 
176 190 
23 192 
11 119 
10 114 
43 184 
105 153 
178 192 
25 187 
85 153 
89 184 
6 179 
159 188 
154 157 
48 139 
55 108 
29 83 
55 160 
55 91 
74 84 
57 112 
41 131 
46 191 
171 194 
4 165 
111 142 
53 168 
60 187 
3 109 
73 84 
6 77 
5 104 
27 103 
90 98 
41 58 
10 149 
12 38 
15 186 
80 191 
156 192 
84 144 
12 103 
12 43 
114 167 
67 97 
42 46 
58 111 
167 173 
66 168 
10 23 
10 121 
12 37 
95 126 
140 172 
71 193 
10 68 
110 167 
56 115 
176 184 
135 153 
9 119 
47 189 
32 168 
152 167 
6 93 
90 190 
71 194 
12 52 
40 194 
166 188 
91 190 
98 160 
10 64 
21 192 
83 138 
11 20 
84 137 
117 140 
33 41 
150 189 
72 188 
42 161 
8 95 
151 187 
45 125 
52 98 
71 140 
56 101 
70 172 
115 154 
95 188 
170 185 
6 58 
30 56 
127 140 
105 184 
152 186 
84 110 
80 188 
10 99 
10 17 
80 154 
97 135 
151 194 
39 192 
59 126 
41 117 
177 184 
83 116 
173 194 
70 163 
103 167 
39 184 
123 190 
55 124 
1 46 
108 181 
12 88 
23 27 
125 129 
179 192 
120 184 
9 74 
140 166 
109 153 
55 164 
115 188 
56 65 
8 82 
23 193 
99 139 
21 83 
2 46 
10 158 
55 113 
42 171 
58 167 
82 187 
75 191 
76 188 
130 186 
11 166 
2 86 
68 183 
2 51 
69 75 
134 190 
154 170 
33 125 
42 106 
7 149 
136 190 
7 101 
4 88 
9 165 
26 154 
8 23 
65 112 
79 194 
27 121 
28 108 
98 106 
6 90 
57 194 
4 100 
31 126 
25 140 
72 153 
41 76 
6 22 
55 119 
33 70 
62 112 
11 148 
106 193 
126 155 
6 165 
163 189 
35 139 
5 59 
82 112 
56 172 
14 132 
167 170 
38 98 
58 154 
112 155 
29 126 
12 147 
42 132 
70 72 
143 181 
21 187 
4 48 
47 168 
9 73 
28 34 
31 167 
80 168 
139 174 
161 168 
5 176 
150 181 
148 153 
5 120 
42 116 
31 187 
26 192 
125 163 
50 186 
26 125 
81 184 
11 152 
14 35 
29 183 
14 141 
14 178 
52 84 
9 104 
92 167 
38 70 
10 155 
42 104 
46 186 
89 167 
70 75 
14 157 
46 181 
19 153 
176 193 
42 75 
35 189 
27 54 
11 65 
36 187 
112 175 
6 45 
8 22 
56 81 
98 121 
37 189 
72 194 
41 100 
75 194 
28 48 
118 186 
98 137 
17 168 
28 117 
3 143 
55 135 
56 155 
9 162 
96 183 
38 139 
9 51 
42 48 
7 145 
92 186 
107 187 
168 179 
148 186 
113 185 
110 192 
97 99 
63 190 
42 93 
25 186 
41 118 
27 61 
2 64 
142 186 
104 189 
104 153 
85 140 
86 126 
51 112 
144 190 
123 153 
145 192 
151 188 
51 190 
3 163 
37 55 
7 161 
14 113 
5 169 
180 186 
120 139 
2 31 
27 85 
96 186 
23 111 
7 64 
1 49 
47 186 
17 191 
3 50 
3 64 
5 142 
65 167 
9 164 
111 146 
54 84 
3 66 
41 130 
42 158 
9 58 
126 142 
38 193 
61 84 
69 121 
2 130 
2 179 
6 18 
15 185 
23 154 
5 86 
89 153 
147 153 
17 98 
135 154 
112 131 
130 190 
63 126 
78 83 
32 42 
50 167 
33 186 
2 157 
69 116 
123 185 
12 170 
8 170 
148 183 
117 194 
2 169 
56 152 
34 70 
8 20 
27 86 
41 43 
7 114 
28 178 
42 73 
102 187 
126 152 
17 183 
111 128 
5 20 
129 139 
10 161 
56 106 
27 82 
5 119 
150 153 
84 132 
41 163 
6 46 
83 119 
110 154 
12 54 
160 193 
75 188 
64 97 
1 175 
6 25 
25 185 
6 128 
11 60 
4 132 
106 111 
28 79 
7 93 
95 193 
55 176 
6 64 
23 167 
33 111 
49 83 
42 47 
33 183 
21 181 
64 186 
57 189 
92 191 
41 54 
77 153 
145 154 
5 18 
37 190 
7 33 
69 131 
5 180 
68 168 
166 181 
6 104 
1 93 
5 61 
170 190 
5 79 
4 29 
2 116 
150 185 
9 67 
42 101 
12 26 
19 69 
20 112 
41 162 
1 117 
42 110 
41 157 
170 181 
74 140 
38 125 
104 167 
60 70 
28 179 
34 83 
87 139 
4 177 
124 192 
19 191 
41 45 
11 162 
125 179 
101 184 
79 187 
70 93 
9 96 
39 126 
27 175 
56 127 
140 171 
14 149 
93 153 
2 48 
9 128 
113 183 
5 77 
41 79 
3 115 
11 107 
27 174 
38 83 
48 181 
45 194 
39 140 
86 192 
55 122 
7 77 
57 167 
4 123 
93 187 
89 193 
12 94 
141 191 
47 190 
64 125 
23 97 
142 188 
2 166 
55 77 
98 158 
97 123 
70 114 
12 59 
88 98 
36 189 
28 128 
76 153 
69 133 
8 177 
82 154 
162 194 
72 111 
80 186 
22 184 
20 83 
68 69 
90 183 
60 125 
42 149 
99 190 
143 185 
59 69 
24 194 
14 100 
12 131 
156 181 
55 57 
85 139 
6 88 
25 153 
28 162 
1 161 
5 91 
31 70 
123 181 
77 186 
35 153 
155 189 
84 160 
97 144 
3 141 
7 54 
10 46 
28 120 
146 167 
25 194 
8 16 
5 179 
41 165 
69 155 
94 186 
76 154 
2 33 
109 191 
52 183 
3 104 
5 47 
83 146 
112 174 
28 118 
54 167 
42 170 
157 191 
103 194 
178 188 
2 172 
20 27 
78 167 
103 112 
84 131 
15 181 
14 17 
141 154 
7 67 
150 187 
15 191 
147 183 
52 194 
139 147 
10 165 
34 55 
56 95 
4 150 
57 153 
14 40 
64 190 
59 140 
37 98 
1 137 
120 191 
69 123 
26 98 
11 110 
2 68 
62 168 
16 183 
58 140 
8 175 
36 140 
34 154 
74 186 
84 101 
20 153 
139 151 
9 25 
27 170 
127 139 
14 44 
65 70 
4 176 
106 167 
96 181 
132 181 
31 184 
8 53 
7 52 
103 168 
126 177 
40 183 
85 181 
14 128 
32 190 
11 68 
113 192 
131 194 
3 58 
151 153 
11 49 
77 183 
11 89 
36 55 
41 156 
10 26 
116 154 
59 191 
84 169 
30 185 
18 186 
69 115 
81 126 
64 112 
60 185 
85 192 
95 192 
69 170 
108 126 
114 190 
60 192 
4 147 
26 181 
56 138 
135 167 
56 150 
41 102 
28 161 
115 140 
87 125 
42 51 
144 194 
56 104 
31 154 
26 56 
25 183 
42 107 
76 189 
50 126 
87 140 
85 126 
82 190 
126 165 
89 154 
117 191 
42 131 
47 97 
45 111 
68 181 
56 57 
69 129 
60 191 
3 106 
52 69 
46 140 
10 115 
14 95 
125 137 
52 97 
9 150 
6 162 
170 184 
126 135 
61 153 
11 172 
2 24 
3 159 
106 188 
6 166 
94 125 
18 83 
67 98 
21 41 
46 84 
29 125 
1 159 
97 143 
27 135 
18 28 
10 133 
70 89 
37 42 
28 68 
5 66 
90 192 
12 171 
153 157 
1 127 
3 117 
77 189 
101 194 
4 114 
23 184 
14 89 
106 181 
83 120 
10 15 
70 146 
93 192 
3 25 
41 86 
45 191 
100 183 
111 113 
10 142 
101 187 
158 184 
81 192 
9 170 
8 174 
14 32 
80 84 
84 173 
42 119 
44 112 
154 156 
35 97 
9 101 
118 181 
72 154 
60 126 
107 186 
92 112 
143 192 
1 25 
77 112 
107 188 
69 88 
27 77 
7 180 
134 168 
71 154 
87 154 
5 16 
39 56 
4 80 
104 190 
42 128 
98 165 
1 128 
42 122 
9 91 
125 145 
14 49 
114 192 
45 70 
47 154 
12 76 
9 81 
130 184 
9 57 
46 190 
8 173 
3 30 
6 34 
104 194 
28 175 
5 143 
15 126 
9 133 
3 132 
78 187 
66 194 
29 192 
7 166 
28 31 
5 81 
84 162 
122 185 
165 183 
14 54 
42 133 
43 191 
56 100 
8 21 
19 185 
151 168 
14 88 
8 115 
141 185 
3 120 
93 185 
78 186 
14 142 
136 187 
57 139 
144 181 
10 116 
5 122 
9 19 
116 185 
27 50 
5 43 
37 194 
84 113 
1 16 
84 170 
5 88 
83 135 
31 56 
99 194 
72 139 
21 140 
172 191 
4 138 
10 128 
36 167 
22 187 
111 132 
164 192 
31 140 
113 181 
83 95 
7 96 
90 140 
22 154 
2 108 
77 111 
10 25 
123 139 
6 156 
1 144 
9 160 
150 183 
26 112 
5 156 
163 167 
65 189 
48 168 
12 58 
56 164 
12 74 
2 110 
32 153 
86 140 
139 159 
14 151 
5 60 
26 126 
3 21 
7 32 
30 70 
40 140 
6 52 
132 192 
81 193 
14 133 
21 70 
2 171 
31 185 
8 143 
112 158 
11 15 
68 112 
164 190 
14 115 
122 126 
12 68 
37 112 
98 115 
127 185 
2 17 
5 71 
10 151 
5 34 
108 191 
3 156 
4 108 
27 133 
12 81 
3 59 
127 168 
28 50 
9 161 
35 69 
97 113 
83 155 
70 129 
12 175 
95 187 
61 168 
126 146 
12 159 
94 140 
141 167 
99 192 
55 170 
137 187 
42 177 
6 109 
101 186 
27 143 
54 111 
14 16 
7 104 
7 163 
8 108 
126 174 
3 179 
117 187 
102 188 
111 135 
98 152 
16 193 
144 191 
84 95 
85 189 
38 192 
98 127 
41 141 
5 134 
107 126 
12 180 
38 168 
10 113 
120 193 
4 73 
39 153 
64 111 
1 151 
28 91 
61 112 
8 77 
84 106 
41 151 
55 165 
1 170 
1 88 
124 190 
6 115 
38 84 
28 45 
56 158 
54 194 
142 167 
70 149 
4 120 
17 154 
11 100 
1 31 
12 87 
9 135 
91 185 
84 114 
3 101 
137 139 
1 35 
56 92 
86 187 
158 193 
10 72 
54 112 
136 193 
3 129 
56 75 
128 192 
41 149 
4 101 
10 86 
1 102 
26 184 
36 153 
101 111 
102 191 
174 192 
9 63 
93 189 
70 95 
26 190 
6 57 
46 194 
6 40 
105 154 
94 190 
28 35 
42 87 
84 146 
84 124 
162 193 
159 181 
7 127 
68 185 
76 168 
69 159 
14 92 
138 193 
58 126 
7 35 
149 181 
56 80 
43 185 
164 191 
173 190 
89 126 
27 67 
35 187 
8 121 
93 181 
134 185 
49 167 
95 112 
55 66 
8 29 
7 117 
70 132 
42 172 
3 128 
128 191 
2 137 
79 139 
55 115 
97 110 
11 130 
121 185 
152 188 
99 112 
87 190 
125 151 
129 191 
14 91 
8 142 
26 194 
125 134 
48 112 
128 167 
14 18 
8 172 
76 194 
151 185 
8 148 
175 192 
82 186 
68 192 
149 189 
104 191 
97 151 
38 188 
133 187 
6 149 
111 129 
7 25 
4 15 
74 192 
9 93 
70 101 
80 185 
42 121 
42 103 
80 189 
67 69 
75 84 
8 92 
10 38 
3 67 
74 194 
22 70 
11 108 
16 153 
3 124 
180 187 
72 185 
35 56 
60 83 
36 70 
46 189 
14 72 
69 80 
147 190 
79 188 
38 189 
115 153 
76 167 
3 49 
28 141 
5 173 
51 154 
120 192 
35 140 
115 193 
38 97 
21 139 
124 185 
7 134 
174 189 
14 107 
50 154 
9 36 
96 97 
166 190 
3 77 
7 87 
12 145 
81 188 
166 191 
84 152 
23 181 
69 107 
10 144 
11 136 
23 190 
118 193 
17 186 
93 111 
58 190 
55 61 
175 191 
18 140 
2 81 
4 127 
137 190 
27 164 
42 141 
33 98 
36 111 
83 106 
97 179 
165 168 
30 167 
54 56 
54 191 
129 187 
10 171 
167 175 
50 189 
112 144 
6 66 
55 72 
81 186 
75 98 
77 154 
18 126 
14 57 
119 181 
42 109 
42 169 
1 20 
97 119 
8 178 
2 90 
29 188 
10 18 
99 189 
124 183 
27 138 
27 155 
94 192 
46 184 
55 132 
5 35 
53 154 
1 134 
42 85 
42 174 
69 157 
51 70 
2 35 
49 181 
11 124 
69 149 
56 67 
140 158 
69 152 
72 193 
97 161 
7 124 
90 111 
73 185 
12 72 
4 117 
2 123 
112 150 
8 91 
6 59 
133 188 
6 130 
8 58 
162 184 
91 191 
139 144 
33 168 
78 183 
12 89 
106 187 
33 188 
94 188 
126 169 
28 66 
93 188 
56 109 
8 38 
119 194 
74 167 
56 59 
58 69 
39 111 
87 193 
158 168 
137 167 
108 184 
24 189 
63 191 
16 140 
5 64 
80 167 
34 184 
103 192 
126 145 
23 139 
74 187 
14 121 
148 185 
2 19 
14 94 
176 183 
180 181 
6 80 
56 73 
70 136 
11 76 
51 83 
3 127 
12 78 
102 184 
3 108 
111 144 
66 188 
91 168 
7 50 
71 153 
125 160 
8 152 
42 135 
16 69 
154 169 
47 187 
153 161 
12 93 
11 30 
69 134 
59 84 
55 152 
166 187 
1 40 
56 165 
7 29 
30 83 
53 187 
98 132 
28 132 
26 140 
83 145 
70 118 
42 114 
69 166 
56 124 
59 192 
150 188 
172 193 
1 119 
101 168 
2 118 
5 175 
98 178 
52 188 
133 185 
16 125 
53 56 
58 186 
46 185 
1 89 
29 55 
91 97 
61 140 
97 133 
2 101 
110 189 
4 92 
126 162 
8 39 
1 63 
2 136 
9 159 
61 111 
55 121 
91 111 
25 192 
8 18 
69 143 
36 125 
41 161 
83 86 
178 183 
6 29 
25 125 
4 137 
34 190 
32 191 
4 155 
42 163 
112 164 
6 79 
12 136 
107 168 
7 47 
49 69 
28 58 
47 55 
41 158 
9 179 
11 129 
164 189 
55 80 
9 17 
159 191 
11 85 
27 94 
169 189 
69 79 
12 25 
45 84 
81 154 
63 69 
63 181 
12 99 
161 192 
42 179 
112 115 
56 93 
6 65 
4 173 
27 90 
74 191 
52 189 
10 130 
26 187 
33 153 
35 98 
138 186 
50 192 
70 122 
28 160 
60 140 
41 105 
40 186 
69 160 
27 173 
23 140 
112 128 
147 192 
134 140 
33 42 
27 176 
29 42 
97 142 
58 153 
67 191 
77 185 
175 183 
74 189 
45 193 
140 142 
62 139 
82 167 
27 124 
53 83 
2 59 
27 116 
69 132 
142 187 
112 121 
51 125 
135 140 
2 45 
17 139 
12 172 
41 48 
6 161 
34 84 
64 184 
85 183 
5 146 
157 188 
67 83 
131 153 
41 160 
5 24 
42 49 
49 56 
9 18 
12 149 
14 46 
97 103 
34 111 
121 167 
161 184 
179 188 
2 47 
35 126 
3 48 
160 188 
37 97 
119 126 
55 173 
40 188 
64 188 
44 140 
10 47 
99 183 
69 92 
98 105 
3 138 
41 128 
46 188 
61 69 
176 191 
10 92 
84 86 
3 90 
14 25 
8 165 
42 138 
75 185 
76 186 
4 50 
7 72 
14 20 
127 194 
130 192 
84 118 
41 170 
168 171 
22 188 
70 133 
113 189 
42 180 
68 186 
3 47 
3 176 
163 191 
146 189 
10 19 
6 137 
14 179 
7 122 
17 41 
86 139 
100 185 
41 82 
8 128 
4 19 
41 122 
27 62 
19 168 
162 189 
84 105 
14 147 
5 29 
83 143 
24 154 
112 114 
40 191 
5 171 
56 148 
127 153 
154 164 
103 125 
10 74 
54 125 
4 38 
34 69 
147 181 
2 115 
84 93 
100 181 
84 149 
117 183 
7 156 
30 181 
12 57 
97 158 
27 107 
7 110 
4 78 
76 126 
111 176 
11 159 
21 111 
2 38 
148 189 
1 152 
45 192 
56 134 
153 163 
97 175 
70 128 
54 187 
119 184 
28 54 
117 139 
12 63 
48 111 
55 150 
28 107 
31 190 
126 148 
28 169 
122 188 
121 126 
33 55 
28 99 
3 170 
7 123 
119 183 
55 143 
121 187 
77 193 
11 134 
28 53 
55 87 
51 111 
5 178 
57 69 
27 74 
156 187 
27 147 
104 139 
105 126 
118 125 
62 125 
3 130 
2 161 
122 184 
105 189 
47 193 
10 102 
12 35 
6 132 
4 91 
140 176 
95 139 
6 118 
137 186 
19 181 
66 183 
45 185 
97 104 
41 120 
83 91 
35 183 
57 191 
115 139 
70 147 
49 187 
16 41 
124 184 
134 181 
149 192 
55 166 
11 34 
75 125 
120 153 
2 144 
105 194 
55 136 
92 98 
30 191 
10 44 
8 24 
18 139 
62 126 
32 181 
1 29 
16 189 
2 93 
1 51 
119 185 
12 137 
95 189 
11 63 
2 176 
2 165 
44 98 
99 154 
29 168 
43 98 
70 107 
127 181 
91 183 
70 170 
97 170 
62 193 
41 99 
8 106 
167 171 
160 168 
1 150 
27 100 
4 107 
101 112 
110 111 
68 191 
137 188 
102 186 
10 71 
5 75 
130 167 
33 69 
88 125 
9 149 
5 118 
80 83 
136 185 
62 83 
2 173 
83 179 
65 154 
9 90 
122 186 
122 189 
17 193 
2 133 
103 193 
112 169 
27 29 
111 131 
98 134 
157 184 
11 24 
10 159 
80 192 
39 154 
24 183 
11 106 
3 23 
62 154 
30 97 
3 149 
84 119 
66 112 
47 194 
3 81 
97 117 
10 103 
29 190 
4 171 
55 163 
147 154 
98 177 
138 194 
43 111 
28 104 
138 190 
97 105 
125 180 
38 55 
102 111 
132 194 
150 192 
144 193 
3 32 
48 189 
112 171 
52 125 
89 185 
8 64 
127 184 
89 194 
81 83 
14 170 
1 116 
110 112 
73 184 
145 183 
112 163 
109 126 
46 153 
107 194 
31 153 
154 163 
90 154 
8 94 
111 175 
137 140 
28 129 
28 115 
168 180 
126 132 
117 181 
5 121 
4 96 
162 191 
158 187 
171 191 
40 190 
159 194 
11 47 
72 186 
7 142 
9 80 
7 151 
5 53 
157 186 
25 41 
171 186 
145 168 
23 56 
98 117 
94 184 
56 74 
100 154 
52 186 
6 106 
28 109 
101 126 
62 167 
11 73 
1 53 
7 176 
3 174 
18 194 
77 97 
49 186 
39 84 
68 111 
15 153 
14 145 
7 175 
39 185 
14 23 
92 190 
6 67 
28 164 
121 183 
19 187 
112 143 
164 187 
68 167 
57 154 
58 181 
24 193 
43 70 
111 143 
23 83 
69 82 
81 111 
39 181 
16 97 
28 138 
179 184 
15 84 
88 189 
128 153 
140 156 
8 25 
6 72 
51 140 
10 54 
150 193 
68 187 
10 60 
147 186 
171 181 
11 176 
70 113 
78 139 
132 153 
83 172 
6 122 
86 181 
30 190 
27 101 
125 143 
140 149 
120 183 
1 48 
2 170 
10 66 
8 155 
71 84 
14 19 
17 187 
176 187 
53 188 
156 168 
9 130 
25 70 
5 63 
32 189 
8 66 
66 153 
98 101 
14 161 
36 112 
124 193 
57 97 
11 95 
69 141 
117 188 
53 112 
97 149 
9 92 
89 111 
1 148 
90 168 
11 137 
81 125 
4 109 
6 135 
79 167 
38 56 
12 44 
63 97 
78 112 
27 157 
160 190 
69 151 
94 191 
10 156 
134 153 
81 98 
51 189 
55 64 
136 184 
153 158 
8 74 
42 86 
16 98 
14 62 
1 37 
47 153 
153 172 
98 147 
57 186 
4 157 
33 126 
74 83 
76 97 
112 129 
10 21 
14 29 
29 139 
1 177 
37 126 
42 63 
17 70 
64 84 
76 139 
6 142 
6 74 
24 126 
10 118 
87 97 
125 175 
68 84 
29 84 
178 181 
2 160 
20 69 
8 65 
7 148 
105 187 
6 75 
9 151 
111 149 
64 185 
2 39 
114 168 
44 189 
41 109 
2 138 
83 166 
59 125 
25 190 
64 191 
43 190 
9 136 
49 185 
19 192 
119 140 
97 165 
52 154 
84 134 
84 150 
146 184 
103 190 
16 154 
69 72 
10 79 
156 184 
6 38 
11 62 
14 80 
28 81 
44 190 
28 72 
91 125 
153 175 
67 153 
84 96 
115 186 
75 190 
2 76 
139 175 
55 145 
68 140 
12 158 
14 130 
3 26 
71 183 
53 55 
70 138 
98 149 
4 142 
21 27 
135 192 
54 140 
70 87 
36 97 
7 132 
3 116 
14 81 
40 181 
11 179 
110 185 
25 184 
5 54 
14 26 
4 51 
120 125 
39 98 
6 105 
3 164 
20 42 
70 106 
154 162 
72 181 
129 186 
8 59 
58 185 
30 188 
46 111 
56 141 
110 139 
12 156 
4 24 
108 186 
72 167 
80 194 
42 77 
84 133 
112 122 
27 180 
3 102 
27 161 
147 193 
48 84 
7 49 
6 141 
34 186 
7 57 
4 68 
156 193 
97 180 
56 133 
2 158 
90 153 
100 111 
14 114 
129 189 
69 96 
67 185 
41 172 
10 148 
142 190 
59 181 
70 79 
84 145 
54 183 
47 83 
56 159 
5 151 
56 94 
64 98 
1 164 
14 119 
18 112 
34 188 
114 187 
14 146 
165 192 
28 86 
139 173 
67 189 
69 119 
153 180 
78 188 
58 191 
76 193 
124 125 
41 87 
8 146 
5 157 
105 168 
136 140 
9 23 
167 178 
89 139 
15 125 
154 178 
11 147 
99 186 
150 191 
1 96 
4 77 
11 90 
14 86 
84 136 
132 186 
1 62 
9 103 
139 176 
18 98 
143 193 
32 97 
5 52 
8 124 
55 109 
131 168 
78 168 
11 88 
35 112 
10 136 
137 153 
5 96 
97 155 
8 73 
94 98 
67 188 
18 167 
76 185 
96 190 
126 160 
33 154 
4 87 
14 93 
4 44 
6 47 
4 22 
1 71 
128 193 
10 30 
4 32 
15 56 
111 123 
7 169 
55 133 
51 192 
10 67 
5 62 
7 178 
87 186 
5 93 
60 111 
42 118 
107 139 
126 164 
111 166 
6 174 
134 191 
42 80 
26 41 
92 192 
3 95 
11 44 
4 66 
109 189 
69 110 
107 189 
53 184 
4 64 
9 175 
162 167 
2 53 
6 148 
92 126 
139 161 
74 153 
71 184 
82 191 
8 75 
27 65 
74 190 
55 148 
7 120 
3 92 
42 108 
114 189 
49 189 
60 112 
105 183 
47 98 
42 81 
3 87 
98 170 
8 79 
55 62 
55 116 
104 126 
134 193 
98 172 
112 159 
102 192 
7 108 
25 83 
63 111 
65 193 
42 92 
6 123 
79 83 
28 101 
63 184 
61 181 
14 101 
87 126 
3 169 
10 45 
115 181 
109 168 
132 167 
38 181 
15 112 
1 101 
83 114 
20 41 
3 68 
18 97 
139 157 
166 193 
132 190 
5 101 
25 126 
2 72 
11 173 
140 147 
140 169 
14 138 
121 154 
1 61 
10 124 
116 153 
8 163 
1 81 
56 61 
24 112 
55 162 
172 184 
174 186 
130 183 
9 15 
144 192 
103 184 
121 184 
171 188 
34 181 
9 20 
54 69 
114 191 
3 147 
105 188 
59 98 
4 128 
111 178 
69 169 
80 111 
18 84 
97 118 
83 128 
142 181 
23 125 
63 189 
5 103 
106 189 
22 126 
39 167 
91 154 
65 111 
67 190 
6 81 
8 130 
78 140 
165 181 
155 183 
84 135 
110 126 
10 104 
3 36 
23 168 
29 56 
58 97 
55 82 
73 190 
69 93 
106 126 
9 166 
27 160 
17 194 
165 186 
56 72 
7 103 
37 69 
26 27 
141 188 
35 167 
156 185 
44 125 
1 166 
9 53 
21 194 
31 97 
10 40 
5 144 
14 171 
21 112 
5 37 
124 167 
142 183 
84 90 
14 134 
79 184 
66 70 
41 171 
28 100 
97 124 
12 18 
72 125 
151 181 
8 44 
28 180 
106 190 
83 162 
76 191 
56 163 
1 143 
42 178 
4 172 
8 116 
88 154 
9 49 
6 60 
72 83 
80 139 
113 188 
10 109 
175 194 
15 41 
32 140 
56 79 
65 69 
118 188 
3 35 
58 188 
12 66 
11 32 
124 181 
122 153 
59 184 
124 140 
42 78 
62 186 
123 168 
20 190 
8 67 
111 170 
17 185 
115 191 
82 183 
24 190 
36 83 
62 97 
26 70 
110 191 
104 188 
157 194 
66 190 
79 192 
11 175 
6 48 
9 157 
56 130 
22 98 
11 113 
91 181 
125 162 
7 99 
3 80 
29 69 
10 150 
177 189 
136 186 
131 189 
48 126 
61 188 
4 134 
56 128 
98 148 
25 84 
9 137 
84 179 
91 112 
9 47 
77 191 
14 159 
40 112 
26 55 
12 20 
69 179 
4 158 
43 84 
113 153 
73 139 
1 130 
111 120 
32 55 
93 154 
130 194 
37 185 
7 81 
47 69 
12 62 
71 186 
136 192 
152 168 
70 92 
125 127 
50 191 
103 111 
4 161 
89 97 
151 190 
56 123 
35 190 
70 108 
6 101 
57 84 
1 104 
1 118 
84 108 
174 181 
88 112 
7 179 
10 108 
84 128 
100 153 
173 191 
24 83 
118 139 
12 174 
17 112 
134 187 
4 16 
132 193 
175 188 
11 36 
33 184 
154 171 
48 98 
98 124 
1 110 
74 126 
98 180 
10 172 
106 153 
5 105 
140 165 
2 44 
107 153 
126 133 
6 82 
98 157 
14 77 
7 133 
10 105 
5 164 
57 187 
41 179 
132 191 
162 187 
10 88 
48 125 
139 145 
12 96 
29 70 
62 191 
28 136 
111 133 
2 164 
8 171 
55 58 
85 188 
83 171 
14 117 
41 150 
110 181 
8 149 
11 109 
40 98 
28 95 
109 125 
175 185 
14 122 
135 191 
41 75 
1 157 
19 184 
80 98 
112 161 
35 188 
140 159 
108 187 
174 188 
133 183 
14 63 
20 194 
24 153 
46 56 
58 125 
70 78 
103 191 
14 24 
23 153 
76 83 
177 183 
11 131 
173 184 
60 98 
73 126 
109 184 
2 20 
25 69 
162 168 
145 187 
44 192 
55 59 
76 125 
1 58 
99 111 
6 24 
39 188 
59 111 
49 55 
7 106 
24 185 
21 84 
126 131 
111 130 
88 111 
131 191 
44 84 
30 125 
30 153 
159 183 
55 106 
116 192 
9 172 
55 76 
26 69 
91 188 
10 100 
28 133 
63 188 
56 146 
1 15 
63 70 
18 181 
83 164 
6 143 
117 185 
12 104 
51 187 
11 53 
41 47 
4 40 
7 79 
34 183 
140 160 
110 184 
55 92 
163 190 
8 40 
94 168 
10 16 
17 56 
161 167 
5 50 
20 168 
35 41 
64 154 
70 175 
48 192 
69 77 
140 141 
16 55 
41 136 
133 167 
170 188 
55 142 
65 183 
166 167 
1 68 
15 192 
55 174 
75 186 
138 185 
154 166 
6 16 
128 181 
5 31 
5 133 
36 188 
37 154 
4 175 
128 188 
10 49 
39 69 
91 126 
53 185 
140 164 
123 154 
9 155 
40 125 
109 154 
134 186 
58 139 
99 168 
5 22 
70 173 
10 129 
19 194 
5 38 
65 192 
60 184 
4 85 
15 28 
88 183 
156 194 
36 41 
66 126 
1 17 
14 156 
97 146 
112 157 
10 51 
51 55 
98 166 
131 183 
148 184 
4 143 
45 55 
55 104 
176 181 
103 189 
11 115 
153 166 
69 161 
3 107 
10 20 
4 21 
58 70 
59 70 
41 108 
56 143 
35 70 
54 126 
39 139 
14 129 
93 125 
56 145 
11 93 
118 192 
102 194 
27 79 
10 63 
5 137 
12 105 
34 112 
9 65 
9 85 
5 158 
140 155 
4 102 
179 183 
151 186 
169 181 
17 140 
76 140 
7 94 
53 192 
144 188 
27 78 
46 55 
147 168 
119 193 
69 174 
56 177 
5 67 
112 162 
124 126 
10 122 
3 37 
17 28 
168 173 
39 83 
56 66 
19 139 
6 103 
41 152 
92 153 
41 63 
119 153 
37 153 
14 61 
87 189 
39 125 
4 122 
7 22 
83 105 
41 176 
49 183 
112 127 
158 189 
161 181 
24 97 
110 153 
79 111 
2 177 
157 181 
1 21 
83 156 
118 168 
4 94 
88 194 
80 125 
27 162 
11 71 
84 104 
148 191 
40 154 
3 152 
133 193 
12 73 
8 104 
21 188 
6 100 
116 183 
54 139 
81 140 
162 188 
41 78 
12 133 
41 81 
5 74 
6 136 
48 188 
11 72 
83 109 
100 188 
41 92 
120 168 
170 183 
37 167 
4 146 
3 72 
6 53 
27 75 
10 34 
2 94 
8 47 
150 168 
10 180 
60 153 
7 46 
3 172 
6 134 
27 38 
90 186 
115 189 
109 183 
27 58 
8 141 
55 114 
107 185 
70 86 
44 55 
11 122 
139 143 
23 126 
26 97 
12 107 
148 188 
2 67 
17 97 
44 186 
32 184 
3 16 
12 90 
114 184 
129 193 
116 167 
98 123 
12 60 
31 193 
1 44 
28 170 
75 111 
52 181 
117 168 
102 154 
65 125 
2 80 
12 22 
97 173 
8 33 
5 114 
41 53 
45 83 
79 154 
46 139 
120 140 
32 56 
84 117 
156 188 
8 63 
23 112 
140 151 
9 52 
85 191 
5 39 
12 152 
69 180 
42 53 
142 189 
130 154 
69 109 
116 194 
96 192 
123 140 
62 153 
86 183 
28 76 
139 162 
145 189 
6 164 
107 192 
41 119 
16 42 
96 191 
28 176 
78 153 
1 100 
108 190 
57 70 
9 95 
113 168 
108 125 
31 188 
32 187 
125 176 
69 173 
135 139 
3 173 
97 116 
55 110 
95 140 
101 154 
25 98 
83 115 
40 69 
1 120 
18 191 
23 42 
152 191 
86 189 
50 187 
71 83 
135 187 
127 192 
27 110 
15 139 
98 100 
3 51 
2 150 
125 133 
83 132 
83 102 
5 138 
56 107 
56 135 
42 62 
37 192 
28 119 
55 129 
61 193 
98 136 
86 97 
176 185 
6 159 
64 70 
62 189 
41 123 
46 97 
51 168 
41 49 
7 44 
175 184 
161 191 
6 113 
51 181 
151 154 
26 168 
4 52 
17 69 
20 125 
69 138 
28 103 
70 105 
73 183 
52 190 
1 169 
56 178 
43 139 
158 186 
5 48 
10 123 
12 75 
42 146 
42 147 
120 167 
144 167 
12 64 
53 181 
8 105 
9 64 
2 75 
98 109 
166 192 
6 175 
49 194 
7 53 
27 33 
145 194 
61 98 
3 52 
16 190 
4 90 
131 193 
122 193 
6 158 
142 154 
18 189 
52 56 
39 191 
75 183 
42 151 
110 125 
159 189 
88 187 
112 118 
124 139 
2 85 
133 168 
37 181 
28 64 
44 188 
153 169 
10 77 
156 191 
57 168 
10 120 
12 123 
102 193 
111 122 
27 117 
91 184 
26 153 
69 89 
7 39 
19 193 
38 140 
66 185 
82 185 
101 139 
69 122 
172 181 
12 129 
114 126 
69 104 
9 48 
75 139 
1 165 
159 186 
83 163 
80 190 
50 111 
111 121 
31 55 
70 82 
18 154 
65 97 
102 183 
107 191 
76 184 
96 139 
27 122 
180 188 
5 129 
2 73 
130 181 
23 41 
177 191 
112 132 
20 126 
168 169 
14 85 
40 55 
83 90 
89 189 
4 71 
4 79 
98 169 
70 177 
2 77 
153 160 
28 78 
28 62 
8 43 
129 183 
29 41 
27 30 
115 192 
123 192 
34 167 
125 156 
104 186 
155 190 
44 69 
131 186 
34 140 
112 156 
22 27 
69 87 
160 191 
4 45 
123 125 
23 186 
28 116 
32 125 
10 62 
9 30 
6 51 
14 96 
161 186 
21 167 
155 192 
17 189 
60 183 
5 21 
35 181 
57 111 
70 155 
83 131 
1 136 
101 183 
3 19 
6 96 
1 67 
20 186 
42 157 
51 153 
8 132 
28 46 
19 189 
85 125 
2 159 
159 167 
117 184 
12 176 
171 185 
14 74 
63 187 
94 154 
27 145 
19 27 
6 180 
36 126 
55 117 
27 150 
66 98 
81 189 
169 190 
7 88 
95 125 
79 126 
157 190 
87 181 
18 193 
3 53 
5 163 
52 193 
4 61 
41 65 
84 159 
95 191 
122 194 
64 187 
7 82 
135 168 
46 112 
2 18 
37 84 
4 160 
173 185 
81 84 
100 193 
88 186 
25 97 
63 183 
10 178 
14 79 
27 144 
128 183 
60 97 
42 45 
27 76 
126 137 
3 137 
4 105 
84 171 
171 183 
2 141 
126 176 
126 179 
4 131 
2 95 
166 185 
124 191 
55 157 
100 187 
2 163 
63 84 
38 69 
65 185 
12 71 
111 138 
70 142 
73 98 
126 136 
8 52 
177 185 
52 111 
3 166 
43 194 
160 194 
9 147 
65 84 
5 155 
41 74 
12 100 
41 177 
123 187 
9 121 
62 183 
138 168 
7 19 
68 189 
28 93 
11 156 
19 140 
12 142 
33 192 
28 156 
55 74 
135 190 
167 176 
14 90 
73 111 
112 170 
55 180 
49 112 
171 190 
37 111 
70 161 
119 190 
56 137 
7 61 
88 184 
7 65 
69 145 
149 194 
31 191 
88 167 
76 112 
84 87 
34 191 
109 185 
88 139 
46 193 
1 43 
168 176 
2 120 
122 167 
56 119 
20 154 
6 151 
6 91 
97 134 
113 154 
89 112 
32 111 
20 192 
27 64 
98 138 
144 186 
159 190 
1 73 
3 133 
56 136 
22 168 
15 188 
11 171 
121 189 
112 146 
43 69 
9 108 
26 186 
139 170 
45 139 
10 131 
129 194 
3 165 
136 188 
108 112 
82 192 
165 194 
106 185 
122 187 
78 181 
118 191 
28 87 
25 181 
46 187 
47 188 
55 134 
9 43 
180 193 
55 71 
112 152 
8 80 
2 30 
1 23 
41 121 
9 62 
136 189 
132 184 
22 183 
11 96 
152 181 
14 109 
121 192 
83 178 
86 167 
166 189 
44 187 
86 168 
134 194 
92 188 
3 18 
84 158 
37 188 
28 59 
4 76 
8 57 
99 193 
41 67 
56 91 
34 194 
90 185 
172 186 
9 148 
93 98 
75 140 
118 185 
83 137 
16 181 
131 184 
7 91 
22 97 
55 155 
93 191 
2 143 
8 68 
42 143 
16 112 
75 154 
105 193 
28 82 
15 69 
2 54 
2 36 
6 78 
126 158 
24 56 
41 50 
11 40 
10 166 
69 147 
11 177 
47 181 
158 181 
27 34 
9 169 
14 165 
108 192 
5 90 
56 89 
78 111 
8 60 
138 181 
8 96 
20 111 
125 141 
56 179 
1 90 
21 69 
56 85 
103 181 
84 122 
163 181 
15 55 
59 193 
7 71 
11 144 
153 173 
38 185 
68 194 
16 84 
11 163 
70 165 
14 104 
9 113 
90 184 
14 148 
83 103 
4 110 
27 169 
1 32 
2 96 
8 110 
70 99 
112 165 
51 186 
77 98 
7 24 
125 159 
130 168 
28 147 
21 55 
69 90 
4 170 
12 138 
55 127 
51 185 
68 188 
65 184 
108 189 
41 94 
70 74 
116 193 
121 190 
64 126 
80 153 
146 188 
14 22 
144 185 
14 50 
173 193 
14 39 
152 154 
125 144 
125 158 
61 167 
140 163 
111 145 
83 148 
172 185 
83 177 
55 158 
9 109 
10 132 
4 58 
10 143 
7 37 
60 84 
7 137 
35 83 
125 130 
63 98 
27 130 
32 193 
31 168 
28 149 
42 64 
42 61 
9 79 
69 177 
12 127 
69 91 
63 193 
6 127 
60 181 
99 191 
66 187 
8 72 
20 184 
11 33 
5 102 
83 94 
70 124 
18 168 
27 102 
24 139 
4 74 
21 185 
12 144 
133 189 
9 31 
4 26 
83 89 
59 187 
4 103 
67 70 
6 147 
131 190 
68 98 
9 145 
82 111 
42 176 
168 170 
111 171 
74 185 
29 186 
41 175 
164 184 
3 78 
30 187 
41 127 
59 154 
95 185 
28 177 
42 44 
40 168 
27 118 
16 126 
177 194 
6 15 
130 188 
41 95 
117 186 
90 181 
79 190 
115 190 
78 189 
2 71 
69 100 
22 69 
79 84 
87 185 
97 127 
4 72 
63 112 
32 112 
65 126 
15 189 
176 186 
30 154 
98 114 
6 157 
6 37 
41 134 
22 193 
70 73 
18 70 
125 150 
66 184 
158 190 
151 183 
55 172 
24 27 
9 50 
68 97 
36 84 
154 158 
42 68 
73 125 
51 188 
98 113 
61 192 
170 192 
41 104 
59 139 
91 139 
98 119 
153 171 
56 113 
51 167 
85 98 
27 120 
131 154 
14 152 
42 99 
97 152 
97 101 
11 151 
83 127 
172 189 
12 161 
80 140 
12 148 
120 185 
115 184 
8 34 
73 112 
14 173 
48 191 
12 101 
125 148 
27 96 
152 183 
43 192 
86 112 
9 158 
18 184 
3 162 
69 74 
9 100 
11 103 
6 110 
9 34 
82 140 
27 106 
135 184 
11 146 
92 125 
33 189 
47 184 
8 103 
109 140 
10 134 
33 56 
120 186 
9 180 
7 86 
41 46 
70 94 
9 76 
7 51 
157 193 
16 194 
48 186 
30 183 
64 83 
5 145 
9 105 
10 73 
162 186 
26 193 
169 187 
38 190 
14 108 
25 111 
7 100 
8 90 
2 25 
144 153 
32 70 
125 147 
4 81 
154 159 
98 150 
75 167 
136 183 
151 167 
77 188 
3 113 
126 129 
17 55 
4 46 
6 176 
9 40 
67 84 
6 87 
41 77 
99 140 
66 111 
45 189 
34 97 
58 194 
70 145 
3 38 
10 89 
57 190 
27 91 
106 139 
84 180 
141 186 
145 188 
160 181 
9 132 
41 64 
14 68 
132 139 
27 105 
126 175 
82 184 
148 190 
106 183 
28 47 
87 187 
54 189 
48 194 
143 191 
82 83 
14 34 
23 183 
42 74 
96 188 
84 138 
81 190 
12 92 
28 110 
12 29 
97 166 
7 130 
83 159 
21 97 
102 153 
19 186 
70 119 
97 136 
84 89 
179 191 
92 194 
38 41 
78 185 
164 185 
84 177 
14 99 
15 42 
40 192 
31 98 
145 186 
51 97 
12 116 
86 153 
176 194 
120 126 
111 118 
7 63 
78 190 
165 188 
42 113 
167 174 
8 37 
156 190 
52 168 
67 184 
5 92 
49 97 
4 63 
28 171 
97 115 
7 75 
111 114 
45 181 
167 169 
105 181 
52 83 
6 54 
10 24 
55 93 
90 193 
41 116 
80 181 
9 88 
56 171 
36 192 
55 151 
27 44 
21 184 
116 168 
63 139 
34 41 
81 194 
11 16 
97 121 
11 80 
152 184 
119 189 
49 84 
8 164 
100 189 
35 186 
41 143 
111 136 
56 174 
178 189 
14 174 
14 82 
3 20 
133 194 
65 190 
44 139 
125 132 
9 26 
10 96 
28 105 
5 123 
140 144 
70 160 
41 173 
27 31 
95 168 
155 168 
100 191 
5 177 
7 43 
4 136 
126 147 
39 112 
82 153 
175 189 
28 88 
29 194 
72 192 
42 60 
7 147 
12 24 
42 58 
44 194 
115 125 
10 65 
2 49 
11 165 
109 190 
26 189 
99 125 
56 99 
32 41 
42 59 
22 190 
106 112 
42 115 
77 190 
41 61 
57 192 
11 43 
56 68 
60 190 
2 148 
26 111 
2 151 
2 102 
54 184 
29 189 
12 61 
33 140 
14 176 
30 139 
153 155 
57 193 
64 194 
91 194 
57 183 
37 186 
69 175 
98 130 
27 152 
10 138 
103 187 
14 65 
62 181 
69 144 
28 52 
154 179 
39 97 
114 186 
83 169 
103 140 
153 164 
43 56 
70 88 
3 142 
56 160 
106 168 
130 153 
70 85 
143 167 
11 19 
33 191 
10 169 
111 161 
1 87 
48 55 
28 75 
14 127 
35 55 
148 168 
12 150 
78 184 
42 54 
14 51 
11 23 
73 194 
9 107 
5 124 
11 102 
137 194 
120 188 
94 183 
28 43 
121 181 
98 156 
25 55 
45 167 
79 186 
42 94 
79 181 
9 16 
55 101 
56 90 
83 108 
140 143 
4 62 
8 135 
46 167 
128 194 
12 134 
28 80 
2 128 
14 33 
28 165 
8 85 
58 168 
12 91 
62 192 
139 164 
61 184 
98 164 
41 80 
42 90 
3 33 
9 22 
18 190 
1 75 
71 191 
50 184 
157 189 
97 129 
26 188 
120 190 
122 183 
27 57 
11 39 
15 190 
50 181 
95 181 
28 124 
28 150 
10 50 
92 183 
25 193 
139 160 
8 144 
131 140 
3 178 
28 130 
132 188 
56 122 
5 170 
173 188 
128 186 
28 94 
12 67 
14 21 
170 191 
132 140 
55 67 
55 100 
34 139 
41 137 
97 150 
70 115 
174 194 
118 187 
64 69 
37 83 
45 69 
141 187 
93 126 
115 194 
41 96 
129 140 
35 125 
99 185 
71 111 
82 168 
10 173 
4 59 
81 185 
1 123 
6 31 
46 154 
84 178 
11 87 
67 187 
175 193 
93 140 
151 193 
79 112 
79 97 
12 21 
168 177 
42 134 
32 192 
1 109 
178 190 
3 24 
8 87 
11 22 
128 154 
74 98 
42 100 
53 190 
11 141 
1 60 
93 186 
69 137 
1 122 
38 154 
47 126 
99 187 
104 125 
3 171 
84 102 
10 152 
28 36 
160 167 
63 125 
126 161 
7 118 
147 188 
14 59 
14 36 
70 104 
9 177 
73 168 
4 39 
72 184 
171 184 
94 126 
41 91 
75 184 
2 37 
69 118 
130 193 
9 171 
97 131 
138 154 
100 192 
48 97 
139 166 
6 68 
144 187 
55 89 
86 188 
9 54 
84 85 
44 183 
46 168 
27 43 
161 185 
50 168 
127 189 
4 89 
104 111 
6 146 
15 140 
5 85 
56 169 
46 192 
45 190 
10 119 
107 154 
35 84 
69 124 
54 193 
49 126 
88 188 
113 191 
3 71 
100 126 
19 84 
42 50 
55 159 
52 55 
79 140 
2 23 
7 138 
43 167 
2 61 
24 84 
69 113 
77 140 
19 111 
27 148 
15 83 
1 163 
149 188 
31 139 
87 194 
3 31 
18 111 
58 98 
55 107 
95 186 
48 185 
112 120 
97 109 
3 99 
128 168 
84 157 
58 192 
83 152 
83 176 
24 186 
12 45 
36 185 
18 55 
84 147 
126 173 
9 37 
44 153 
56 58 
33 83 
59 112 
2 122 
138 184 
8 61 
133 190 
7 136 
11 178 
156 186 
143 186 
101 125 
109 193 
111 115 
63 185 
103 153 
112 141 
56 105 
4 33 
136 168 
40 189 
1 85 
8 89 
7 162 
5 46 
55 103 
29 112 
56 87 
1 138 
27 141 
64 189 
90 187 
3 93 
7 45 
31 186 
180 184 
55 138 
173 183 
37 187 
7 165 
83 88 
108 154 
70 103 
20 139 
11 54 
72 191 
163 187 
27 177 
107 190 
27 123 
68 125 
27 159 
55 147 
71 181 
36 190 
155 188 
141 184 
19 190 
119 168 
10 32 
127 167 
6 133 
147 194 
149 186 
2 180 
30 55 
50 56 
2 78 
45 112 
4 144 
107 193 
14 37 
93 194 
8 119 
23 185 
82 189 
88 191 
5 32 
148 193 
47 112 
92 139 
139 179 
3 45 
55 88 
8 157 
49 111 
30 126 
6 172 
28 39 
135 194 
153 170 
50 69 
27 132 
153 177 
27 47 
83 174 
50 70 
28 102 
36 168 
7 23 
40 187 
75 112 
29 191 
10 43 
111 169 
1 50 
12 15 
6 20 
18 192 
12 143 
61 154 
179 193 
56 142 
44 167 
14 31 
70 130 
125 135 
61 97 
42 66 
45 187 
127 186 
11 66 
153 174 
4 47 
11 18 
133 192 
42 79 
124 186 
2 121 
169 184 
45 183 
116 190 
88 185 
2 29 
10 80 
75 193 
2 50 
6 32 
3 158 
8 35 
180 192 
98 128 
116 139 
36 139 
6 86 
4 119 
35 192 
11 116 
84 130 
83 149 
65 187 
12 128 
104 154 
55 60 
38 191 
15 27 
118 183 
4 99 
9 116 
43 183 
69 103 
42 137 
6 117 
52 153 
139 177 
3 15 
5 33 
5 51 
23 28 
111 160 
53 125 
108 183 
33 187 
3 43 
133 140 
116 140 
16 185 
106 191 
28 71 
83 170 
32 98 
22 28 
14 150 
11 31 
130 191 
36 98 
44 181 
56 78 
1 30 
174 193 
70 135 
64 192 
166 183 
37 70 
31 111 
137 192 
6 94 
7 144 
167 180 
11 50 
55 130 
24 167 
72 140 
20 191 
43 55 
14 116 
6 17 
10 81 
28 30 
56 144 
148 154 
55 131 
4 37 
20 183 
69 71 
6 144 
33 112 
130 187 
70 171 
3 76 
55 161 
60 194 
18 27 
15 183 
132 187 
139 172 
63 83 
5 113 
5 89 
1 174 
3 40 
172 194 
134 192 
9 110 
85 154 
83 158 
139 156 
69 172 
160 184 
54 97 
70 180 
93 139 
14 131 
148 187 
30 189 
5 159 
74 111 
63 154 
70 176 
111 162 
143 190 
133 184 
83 133 
111 177 
89 192 
9 114 
78 191 
178 186 
76 183 
8 114 
81 183 
24 192 
157 168 
48 184 
9 123 
9 152 
137 193 
47 56 
140 152 
166 168 
69 85 
11 17 
149 153 
8 179 
26 84 
147 189 
8 117 
67 140 
72 183 
26 83 
154 155 
132 168 
138 167 
28 37 
15 167 
33 190 
30 184 
119 154 
105 112 
31 192 
5 131 
5 82 
11 133 
124 189 
175 190 
11 123 
85 97 
69 120 
156 183 
70 77 
56 180 
104 181 
114 139 
41 62 
111 155 
129 192 
59 167 
27 37 
150 194 
154 172 
8 162 
108 167 
7 17 
41 60 
86 111 
10 91 
12 119 
42 142 
1 142 
11 174 
94 111 
174 183 
40 184 
54 153 
92 185 
84 176 
54 185 
158 167 
83 117 
27 63 
122 168 
56 147 
28 32 
84 148 
123 193 
143 189 
92 140 
3 73 
8 102 
125 152 
38 187 
21 189 
122 192 
55 169 
24 69 
140 162 
46 83 
5 106 
81 168 
5 36 
112 119 
118 194 
41 52 
78 192 
60 139 
162 185 
95 154 
119 192 
88 153 
8 180 
4 159 
171 193 
165 191 
5 132 
23 84 
14 123 
41 129 
6 178 
98 146 
127 191 
18 42 
116 181 
22 55 
11 91 
90 139 
1 115 
28 122 
16 168 
97 147 
11 45 
31 189 
56 131 
26 139 
106 140 
51 56 
82 193 
97 114 
4 135 
3 34 
94 194 
96 187 
7 173 
23 70 
17 111 
142 192 
55 178 
139 171 
96 189 
100 186 
9 21 
28 174 
41 107 
140 177 
14 45 
128 187 
82 98 
93 184 
126 180 
39 41 
10 117 
139 141 
14 169 
42 96 
79 98 
112 117 
28 89 
33 139 
108 193 
70 152 
27 137 
125 169 
8 54 
31 84 
11 46 
161 190 
139 146 
35 111 
155 193 
41 169 
11 52 
52 140 
9 106 
65 188 
85 184 
7 21 
55 68 
87 112 
63 140 
80 126 
14 137 
54 190 
6 62 
2 113 
148 167 
146 183 
12 19 
19 154 
98 103 
135 183 
5 23 
3 44 
41 103 
40 70 
111 179 
156 167 
28 148 
5 68 
112 135 
8 129 
102 185 
91 167 
76 192 
102 112 
126 156 
53 140 
119 125 
122 139 
24 55 
34 125 
5 152 
21 191 
146 185 
11 64 
145 153 
6 163 
48 190 
66 181 
9 141 
138 153 
89 186 
7 89 
1 171 
31 69 
61 83 
83 136 
27 166 
110 187 
9 115 
4 149 
41 159 
174 184 
149 190 
51 184 
70 162 
33 84 
40 41 
97 162 
25 191 
55 156 
52 167 
27 66 
70 109 
121 125 
126 166 
126 178 
77 187 
36 183 
74 193 
169 186 
107 140 
11 29 
83 96 
29 140 
1 45 
115 185 
125 161 
39 187 
64 139 
117 192 
125 157 
29 181 
113 190 
1 132 
28 131 
10 52 
1 179 
175 181 
56 63 
64 183 
110 183 
142 168 
134 183 
103 185 
112 123 
137 181 
176 192 
14 38 
6 145 
67 167 
168 172 
8 51 
11 21 
1 178 
41 178 
174 185 
8 109 
7 40 
11 132 
7 95 
11 155 
159 185 
160 187 
3 157 
77 184 
28 44 
9 144 
55 90 
52 192 
9 156 
75 187 
74 181 
143 188 
83 161 
24 41 
84 143 
70 158 
32 188 
2 52 
126 149 
92 168 
7 92 
69 176 
3 79 
5 130 
104 112 
66 189 
55 102 
134 188 
73 189 
97 145 
21 154 
49 70 
16 83 
45 97 
27 134 
10 85 
154 180 
111 172 
45 56 
9 131 
123 126 
1 108 
78 194 
10 101 
28 73 
1 64 
97 100 
61 186 
111 148 
77 126 
41 110 
11 37 
97 130 
70 81 
3 114 
159 184 
117 167 
81 97 
26 42 
11 57 
1 82 
111 152 
3 17 
164 193 
33 97 
7 129 
61 194 
28 121 
55 177 
86 193 
2 74 
146 168 
52 139 
4 36 
70 141 
10 163 
1 79 
113 140 
116 188 
27 115 
56 117 
28 60 
70 174 
42 123 
44 111 
69 94 
45 126 
30 42 
5 116 
12 31 
1 106 
44 97 
129 185 
154 176 
176 188 
101 167 
5 135 
45 168 
2 124 
4 118 
112 151 
84 166 
4 151 
87 111 
8 159 
140 174 
52 70 
7 150 
2 26 
110 194 
34 168 
55 85 
118 190 
6 114 
28 63 
88 168 
125 128 
83 151 
88 181 
109 188 
14 30 
139 180 
7 109 
179 194 
62 69 
12 121 
69 95 
149 154 
20 56 
3 155 
7 131 
76 84 
37 184 
77 181 
120 194 
105 139 
123 186 
42 159 
107 111 
42 105 
141 192 
98 161 
7 119 
56 166 
11 92 
3 61 
101 188 
126 128 
20 55 
19 125 
147 184 
4 86 
84 116 
7 146 
126 134 
67 193 
172 192 
31 194 
147 185 
41 115 
14 110 
22 140 
8 151 
18 185 
36 56 
50 140 
6 173 
35 184 
21 28 
59 153 
28 65 
83 180 
2 57 
41 164 
2 107 
5 15 
5 109 
155 185 
50 194 
45 153 
42 89 
22 189 
47 139 
177 186 
56 71 
69 146 
20 188 
21 56 
42 102 
50 83 
12 82 
170 187 
28 145 
28 96 
20 140 
11 121 
21 153 
65 181 
2 127 
59 97 
142 191 
3 119 
74 97 
69 86 
12 177 
83 104 
113 187 
99 153 
11 114 
166 184 
179 186 
7 26 
25 112 
55 137 
29 154 
36 42 
51 139 
12 115 
163 186 
92 111 
1 141 
98 129 
11 61 
178 185 
2 114 
95 194 
70 156 
100 167 
73 167 
113 184 
11 101 
42 160 
16 188 
