37 53 
124 155 
101 107 
57 90 
54 87 
23 152 
25 177 
96 101 
72 78 
144 157 
76 136 
23 49 
145 169 
142 166 
32 170 
108 175 
21 39 
108 113 
62 80 
29 90 
61 118 
143 146 
90 119 
52 169 
121 123 
100 102 
37 104 
74 144 
40 93 
19 108 
66 172 
43 171 
175 176 
135 164 
17 46 
105 176 
54 151 
169 176 
30 127 
62 93 
15 50 
46 68 
64 130 
88 134 
60 144 
106 133 
62 149 
120 149 
16 30 
123 133 
89 144 
60 65 
30 166 
17 26 
101 161 
17 107 
109 122 
49 124 
164 173 
144 162 
50 109 
116 119 
46 103 
52 75 
18 108 
91 114 
130 155 
147 177 
47 48 
108 144 
87 119 
40 43 
20 53 
47 124 
130 158 
91 118 
132 162 
72 116 
20 135 
21 165 
88 172 
60 141 
53 91 
73 178 
58 74 
67 132 
21 120 
22 39 
62 122 
136 170 
152 179 
132 174 
82 90 
22 63 
15 133 
76 101 
129 169 
60 63 
115 122 
115 180 
46 146 
138 163 
116 158 
44 134 
23 101 
68 175 
19 73 
101 141 
63 105 
122 132 
110 162 
170 174 
88 94 
74 165 
46 174 
44 132 
43 119 
93 147 
36 117 
72 131 
47 165 
36 124 
17 82 
114 142 
18 145 
19 31 
36 95 
66 108 
36 108 
36 119 
25 128 
109 135 
33 73 
100 135 
73 108 
35 107 
47 146 
151 173 
100 163 
108 138 
36 123 
122 141 
53 132 
29 118 
37 146 
65 141 
79 138 
103 177 
43 178 
68 130 
16 133 
33 162 
39 163 
47 63 
29 174 
77 94 
151 165 
45 136 
15 155 
135 137 
115 163 
137 174 
85 103 
122 156 
58 115 
62 66 
35 86 
65 149 
100 110 
157 170 
105 116 
90 163 
48 142 
65 148 
22 166 
45 171 
117 178 
20 104 
66 114 
76 123 
49 91 
90 160 
118 171 
104 142 
26 57 
15 91 
26 29 
36 180 
45 48 
15 169 
62 119 
61 117 
54 164 
68 82 
148 172 
103 141 
62 165 
151 179 
152 162 
23 95 
94 95 
53 161 
92 164 
33 155 
96 161 
57 142 
63 116 
89 138 
75 107 
80 130 
32 115 
176 180 
60 127 
65 95 
48 93 
147 159 
96 143 
94 133 
66 144 
76 99 
44 177 
32 141 
47 171 
52 60 
32 152 
75 180 
118 166 
23 31 
92 169 
91 115 
50 85 
67 99 
29 103 
81 100 
34 77 
74 164 
45 172 
96 179 
80 171 
19 163 
143 157 
119 149 
39 85 
45 155 
79 163 
119 120 
86 158 
105 163 
16 43 
45 113 
127 170 
35 113 
19 79 
50 133 
34 115 
29 88 
20 173 
116 147 
89 92 
59 134 
26 31 
24 171 
67 100 
109 166 
91 135 
25 79 
164 175 
39 177 
63 176 
162 166 
63 179 
50 172 
74 161 
78 102 
51 101 
138 180 
64 86 
75 114 
36 77 
88 160 
25 155 
16 21 
37 99 
158 161 
76 102 
65 79 
95 174 
48 104 
29 166 
48 175 
59 149 
30 178 
34 90 
101 123 
61 176 
29 171 
58 94 
54 123 
118 176 
148 163 
16 61 
115 129 
26 155 
50 88 
31 173 
81 103 
24 108 
46 161 
45 138 
119 133 
104 121 
35 148 
23 155 
131 138 
48 86 
134 155 
30 43 
109 148 
49 103 
73 79 
21 51 
61 82 
86 116 
136 164 
72 151 
38 127 
21 43 
93 101 
68 99 
107 113 
52 117 
124 144 
77 129 
71 155 
118 134 
96 115 
36 152 
88 149 
22 144 
15 22 
89 123 
95 169 
87 136 
85 158 
93 103 
34 133 
107 131 
82 132 
143 164 
78 95 
44 94 
74 157 
43 46 
21 115 
38 157 
65 131 
68 149 
46 118 
24 179 
52 122 
176 177 
37 67 
51 171 
40 128 
89 177 
90 128 
75 128 
122 127 
104 114 
54 163 
145 166 
40 86 
17 114 
26 148 
50 130 
38 101 
18 77 
86 174 
19 150 
94 104 
51 94 
39 92 
129 165 
103 162 
79 123 
163 177 
58 138 
172 173 
109 133 
24 87 
32 156 
31 160 
46 120 
81 159 
38 51 
64 150 
66 85 
80 145 
87 110 
78 178 
40 150 
21 142 
62 159 
49 132 
138 143 
59 60 
74 172 
20 114 
73 122 
29 107 
151 162 
22 122 
49 175 
43 158 
34 52 
50 59 
75 176 
53 144 
63 79 
48 59 
108 170 
135 169 
77 103 
32 103 
108 149 
19 174 
30 141 
50 164 
92 141 
120 123 
25 31 
117 122 
31 100 
123 171 
122 169 
38 67 
61 108 
63 117 
24 115 
25 103 
79 82 
45 109 
18 164 
19 54 
101 160 
50 66 
32 48 
15 117 
29 74 
33 173 
73 170 
99 162 
35 67 
152 178 
24 113 
15 75 
23 109 
90 113 
131 150 
104 129 
82 148 
94 166 
147 150 
20 60 
44 119 
89 94 
88 124 
19 64 
54 130 
72 172 
43 110 
46 67 
124 157 
58 133 
59 72 
43 44 
72 143 
101 156 
158 174 
123 128 
40 110 
20 169 
71 146 
74 115 
51 145 
131 136 
136 145 
22 170 
21 58 
24 158 
87 152 
47 176 
130 176 
48 147 
71 120 
39 114 
18 156 
15 46 
17 19 
65 179 
50 114 
37 66 
62 164 
87 148 
65 132 
35 102 
96 119 
39 146 
142 158 
23 25 
102 159 
38 58 
40 80 
30 33 
33 115 
15 63 
93 146 
62 138 
37 172 
61 166 
47 151 
43 57 
29 40 
30 86 
48 108 
151 177 
53 78 
80 123 
40 133 
34 36 
66 96 
31 151 
32 128 
114 170 
82 134 
58 72 
78 93 
47 54 
25 74 
45 50 
110 176 
61 151 
59 156 
50 118 
30 71 
86 178 
40 179 
58 173 
60 148 
67 92 
31 124 
68 71 
87 131 
48 176 
32 145 
171 173 
118 135 
63 164 
87 164 
67 179 
102 146 
75 88 
100 128 
51 86 
76 146 
26 67 
35 37 
60 120 
130 156 
113 131 
151 157 
38 49 
82 130 
53 162 
137 162 
116 128 
95 124 
22 105 
64 180 
65 136 
36 81 
99 124 
82 121 
67 128 
64 105 
33 59 
110 177 
74 149 
118 158 
67 175 
74 100 
74 146 
78 180 
25 49 
113 151 
65 96 
79 149 
16 101 
121 163 
90 135 
81 166 
127 163 
73 88 
82 108 
50 160 
66 73 
23 106 
137 148 
16 20 
109 159 
78 109 
19 96 
119 152 
109 156 
35 162 
66 137 
146 178 
93 164 
46 96 
15 68 
123 164 
35 172 
43 131 
94 158 
50 95 
44 80 
77 136 
48 89 
52 138 
120 169 
29 155 
130 146 
136 155 
78 169 
52 90 
72 173 
131 155 
17 77 
34 177 
113 165 
25 144 
24 147 
88 171 
46 50 
160 166 
132 142 
81 144 
104 164 
82 149 
26 171 
77 170 
16 33 
34 179 
67 155 
81 162 
23 50 
47 90 
53 174 
16 141 
87 91 
49 58 
88 118 
163 173 
89 133 
18 171 
86 91 
53 81 
133 137 
113 170 
35 146 
72 171 
85 132 
71 134 
38 104 
151 156 
94 145 
82 114 
92 95 
129 136 
29 169 
102 165 
44 157 
19 104 
88 130 
127 130 
31 116 
99 161 
38 146 
109 178 
82 158 
81 129 
133 161 
118 152 
129 161 
43 161 
132 151 
16 36 
54 134 
36 89 
38 133 
79 89 
58 128 
93 131 
59 106 
43 99 
49 85 
79 88 
143 147 
47 141 
20 141 
18 129 
19 33 
45 51 
100 130 
33 78 
65 159 
17 158 
51 81 
25 180 
31 90 
32 87 
74 118 
104 135 
128 176 
17 110 
120 170 
73 146 
32 100 
80 158 
24 135 
149 159 
33 107 
64 129 
158 178 
35 48 
46 151 
81 142 
34 54 
18 106 
34 124 
17 91 
64 113 
35 175 
122 150 
159 180 
44 87 
114 156 
22 171 
129 144 
60 77 
29 63 
45 176 
61 138 
19 159 
52 92 
86 110 
38 99 
37 51 
59 165 
119 127 
117 137 
68 110 
122 163 
166 175 
50 103 
81 155 
89 116 
87 102 
120 163 
16 123 
75 85 
152 160 
75 133 
91 144 
35 116 
36 92 
110 138 
95 122 
95 148 
75 82 
61 174 
36 48 
58 155 
116 127 
30 155 
99 155 
59 177 
90 120 
135 141 
132 177 
80 132 
67 164 
22 65 
54 63 
82 113 
34 117 
73 171 
24 78 
88 145 
116 159 
53 76 
79 103 
73 141 
172 176 
79 99 
38 43 
66 102 
76 105 
57 100 
73 116 
26 114 
50 108 
36 72 
62 151 
37 132 
60 142 
26 122 
36 51 
38 149 
71 86 
39 74 
25 150 
107 169 
81 118 
72 74 
24 76 
152 174 
122 131 
99 173 
143 169 
73 162 
128 164 
82 162 
43 100 
58 137 
90 101 
82 129 
122 138 
21 52 
68 81 
136 144 
80 136 
147 157 
85 135 
35 165 
40 89 
20 76 
95 159 
121 152 
63 78 
104 143 
15 36 
79 156 
66 155 
118 122 
30 76 
75 110 
88 176 
118 169 
80 87 
86 142 
86 163 
90 123 
44 169 
18 88 
163 180 
52 57 
86 129 
152 161 
34 169 
31 46 
36 145 
48 149 
43 92 
146 161 
29 128 
138 150 
115 148 
148 158 
20 150 
39 61 
23 150 
67 178 
16 117 
78 120 
46 47 
50 124 
151 158 
37 147 
73 151 
16 52 
90 141 
24 94 
118 136 
90 117 
37 138 
25 65 
60 158 
102 148 
92 138 
61 101 
90 124 
78 170 
60 102 
32 65 
29 78 
79 177 
64 75 
68 166 
25 71 
77 157 
65 90 
132 150 
32 80 
17 128 
26 73 
72 161 
51 173 
80 165 
100 162 
160 176 
46 134 
144 179 
33 101 
96 172 
94 128 
73 132 
105 110 
31 47 
51 156 
65 160 
102 143 
77 81 
141 174 
118 151 
51 114 
39 127 
117 120 
35 80 
88 103 
91 159 
75 101 
123 141 
23 53 
57 147 
39 101 
177 178 
15 60 
82 123 
49 50 
76 100 
119 150 
73 120 
46 158 
82 105 
24 116 
33 67 
39 158 
62 116 
54 137 
38 164 
116 132 
109 136 
80 144 
123 179 
31 143 
67 101 
57 108 
100 101 
134 142 
32 93 
91 101 
85 107 
20 94 
51 108 
79 113 
81 170 
36 151 
26 66 
17 78 
24 169 
61 89 
76 108 
61 104 
61 107 
34 151 
18 59 
24 152 
94 129 
77 87 
16 113 
90 149 
51 132 
91 116 
76 179 
44 136 
18 25 
49 122 
37 131 
49 95 
48 152 
59 63 
17 40 
48 81 
52 104 
108 146 
67 136 
21 169 
89 171 
19 161 
106 113 
57 180 
43 173 
24 148 
105 152 
17 100 
49 65 
19 24 
22 94 
63 75 
135 174 
142 170 
76 93 
89 130 
104 118 
105 130 
82 99 
113 175 
24 127 
21 25 
44 160 
30 47 
86 120 
110 164 
99 108 
62 73 
146 171 
54 76 
166 176 
19 93 
22 76 
20 128 
88 93 
23 117 
85 141 
74 147 
71 108 
44 165 
33 159 
15 61 
109 124 
32 81 
68 79 
105 122 
116 131 
94 117 
129 132 
22 150 
123 169 
19 43 
86 160 
127 145 
121 157 
21 57 
138 176 
62 179 
122 145 
72 100 
145 161 
16 26 
142 150 
26 177 
96 169 
50 121 
105 114 
15 137 
40 165 
114 120 
82 122 
86 170 
135 175 
16 177 
39 76 
46 63 
86 118 
127 144 
53 58 
85 101 
29 108 
109 123 
31 80 
58 144 
77 118 
105 170 
52 107 
80 93 
132 152 
129 164 
88 150 
40 151 
32 72 
113 117 
26 62 
106 159 
89 95 
116 162 
80 157 
148 165 
47 120 
91 132 
115 158 
44 148 
90 106 
89 159 
35 123 
25 96 
101 163 
44 159 
47 85 
137 171 
161 174 
31 81 
53 164 
113 169 
39 110 
37 143 
39 161 
43 120 
17 96 
18 99 
16 35 
144 160 
109 118 
120 138 
133 173 
124 173 
21 63 
17 120 
52 143 
74 142 
104 105 
150 151 
39 82 
31 117 
44 54 
68 171 
15 173 
38 50 
46 123 
32 169 
57 74 
15 30 
119 129 
147 155 
37 73 
38 46 
46 85 
120 173 
92 161 
49 148 
59 104 
102 171 
50 132 
66 135 
114 159 
77 179 
99 119 
146 175 
95 101 
49 67 
26 141 
31 79 
53 160 
82 138 
101 145 
81 175 
18 26 
80 177 
107 129 
59 95 
63 148 
22 101 
16 138 
18 48 
26 100 
118 148 
45 169 
132 170 
18 109 
34 73 
129 150 
31 120 
38 107 
64 117 
34 50 
51 131 
39 136 
64 155 
20 118 
74 128 
82 152 
150 156 
31 35 
105 162 
94 151 
21 121 
91 110 
40 81 
101 173 
85 129 
54 121 
57 175 
160 173 
150 169 
36 60 
101 109 
32 133 
48 144 
33 169 
54 71 
35 169 
62 145 
102 144 
133 170 
85 108 
105 133 
38 95 
60 93 
108 136 
60 61 
17 151 
37 91 
17 119 
90 155 
99 156 
53 109 
15 20 
19 116 
21 129 
72 76 
33 58 
85 147 
22 88 
49 149 
86 127 
66 129 
64 72 
48 102 
124 136 
145 178 
103 114 
23 35 
92 113 
68 89 
113 155 
78 101 
33 149 
138 178 
36 39 
131 170 
23 149 
37 52 
26 81 
73 106 
34 160 
51 107 
46 80 
159 166 
63 169 
63 102 
67 130 
19 165 
71 78 
107 120 
52 78 
39 60 
24 49 
71 107 
65 158 
133 169 
148 161 
22 115 
50 134 
101 108 
74 117 
107 134 
58 120 
37 152 
16 92 
20 144 
66 109 
67 78 
31 146 
121 148 
29 48 
93 173 
80 149 
64 122 
16 105 
16 145 
128 160 
65 157 
74 155 
23 67 
64 165 
22 64 
35 73 
102 130 
96 121 
18 133 
81 151 
130 157 
48 135 
30 62 
128 155 
147 156 
43 58 
137 166 
21 33 
38 137 
25 131 
48 79 
118 163 
148 150 
75 172 
43 60 
79 129 
19 141 
25 170 
159 175 
25 92 
63 106 
124 133 
62 71 
37 123 
75 157 
99 135 
80 161 
26 143 
31 176 
96 134 
47 169 
33 161 
149 172 
39 166 
130 142 
58 91 
107 138 
45 147 
19 170 
45 73 
89 109 
64 131 
34 136 
22 50 
63 72 
18 60 
137 152 
53 135 
39 54 
38 124 
48 66 
44 166 
38 47 
48 82 
60 124 
141 164 
115 136 
119 161 
93 158 
57 174 
91 170 
102 104 
37 88 
24 141 
36 176 
73 74 
15 21 
23 177 
26 174 
108 116 
54 74 
26 52 
23 68 
19 133 
34 149 
67 176 
63 134 
103 142 
19 134 
68 105 
34 60 
16 114 
122 161 
72 90 
17 21 
76 135 
92 175 
82 85 
129 131 
88 178 
32 71 
99 138 
136 157 
81 114 
155 161 
23 105 
16 50 
29 62 
45 78 
49 136 
45 81 
18 176 
74 143 
18 148 
26 60 
92 148 
128 158 
156 175 
16 74 
20 113 
20 22 
92 123 
39 128 
51 88 
82 169 
48 54 
110 161 
22 173 
31 87 
161 165 
31 179 
91 96 
16 67 
31 136 
68 107 
67 174 
51 119 
23 57 
22 109 
107 130 
21 36 
26 76 
109 162 
40 71 
75 169 
30 75 
64 148 
134 172 
72 158 
52 103 
72 87 
21 77 
120 176 
123 148 
23 38 
115 161 
66 151 
79 101 
24 40 
124 141 
48 121 
124 170 
24 36 
54 99 
21 175 
25 81 
23 118 
73 78 
72 114 
64 173 
16 178 
148 152 
20 145 
16 85 
38 152 
136 162 
76 134 
22 38 
129 170 
148 151 
23 172 
78 115 
134 152 
105 131 
54 108 
24 68 
135 176 
18 62 
22 121 
88 165 
39 155 
34 146 
100 174 
39 145 
76 119 
50 63 
147 161 
78 132 
80 169 
15 23 
119 162 
21 95 
62 96 
106 109 
25 148 
32 95 
63 135 
57 86 
85 105 
60 91 
38 158 
85 149 
94 177 
19 34 
52 72 
21 110 
118 124 
93 169 
106 173 
57 136 
19 107 
30 174 
100 178 
72 119 
43 129 
24 65 
92 159 
39 59 
120 158 
119 174 
32 68 
129 143 
82 179 
90 143 
44 53 
77 148 
30 50 
63 143 
21 143 
71 104 
36 159 
58 151 
35 74 
75 93 
131 144 
114 128 
32 177 
146 174 
38 166 
71 143 
93 106 
143 145 
17 169 
88 138 
96 173 
24 37 
53 108 
110 143 
99 179 
72 166 
66 145 
65 110 
76 171 
169 177 
19 72 
120 179 
23 115 
95 104 
30 96 
64 163 
136 143 
116 172 
103 163 
115 120 
78 89 
116 141 
173 174 
87 175 
122 134 
80 99 
40 61 
38 39 
87 93 
15 109 
38 147 
62 176 
120 146 
71 94 
113 118 
95 120 
131 160 
61 122 
155 178 
91 104 
22 52 
33 91 
96 180 
16 23 
106 123 
76 104 
32 88 
73 76 
29 117 
58 124 
52 102 
138 157 
107 133 
29 35 
134 156 
34 114 
77 114 
45 57 
34 101 
107 123 
49 146 
116 123 
43 59 
123 170 
26 158 
71 179 
32 50 
75 136 
78 174 
17 129 
35 45 
33 166 
22 31 
43 48 
72 142 
89 114 
29 85 
90 95 
64 65 
77 128 
107 137 
36 116 
22 128 
43 143 
94 174 
39 94 
80 92 
64 80 
145 150 
118 177 
62 131 
35 176 
72 137 
40 144 
16 148 
81 90 
142 159 
89 124 
53 159 
132 160 
99 136 
100 108 
61 74 
102 124 
51 66 
93 121 
85 92 
67 165 
106 120 
113 178 
31 175 
65 177 
73 127 
129 133 
29 49 
89 122 
16 146 
66 113 
16 51 
118 165 
46 52 
31 148 
102 163 
65 87 
93 161 
63 124 
82 120 
79 133 
64 110 
47 122 
37 134 
119 164 
16 18 
21 116 
50 80 
49 61 
118 121 
60 131 
15 132 
52 132 
58 64 
118 131 
91 161 
20 149 
48 94 
106 149 
73 114 
52 174 
38 159 
24 92 
89 152 
40 87 
137 156 
106 180 
90 105 
54 58 
123 157 
22 59 
50 135 
34 134 
35 68 
155 177 
24 177 
60 137 
22 82 
88 110 
17 20 
72 129 
102 178 
107 176 
24 114 
32 108 
61 119 
48 113 
62 158 
25 29 
33 52 
158 173 
113 177 
58 63 
82 170 
65 122 
44 88 
37 142 
178 179 
15 40 
113 129 
60 71 
77 159 
39 68 
79 134 
119 165 
85 159 
119 170 
61 88 
51 75 
29 163 
25 40 
131 174 
26 44 
57 135 
25 156 
78 166 
92 119 
78 81 
91 173 
47 116 
86 113 
127 159 
53 114 
121 143 
81 91 
136 161 
117 119 
141 142 
71 79 
36 45 
95 121 
34 142 
19 172 
25 64 
89 128 
92 135 
149 169 
23 148 
30 142 
86 164 
38 129 
23 92 
57 59 
72 130 
102 107 
18 132 
37 156 
61 178 
62 106 
36 104 
59 159 
37 94 
100 117 
39 64 
91 158 
30 146 
93 141 
60 132 
45 128 
34 100 
34 37 
103 161 
46 114 
15 151 
93 119 
36 40 
75 173 
81 161 
133 146 
46 163 
22 179 
82 137 
37 118 
26 179 
54 155 
161 178 
127 156 
71 162 
23 116 
16 132 
31 108 
75 131 
21 119 
59 66 
61 133 
123 165 
24 58 
59 81 
54 117 
66 80 
164 174 
116 150 
17 64 
136 176 
20 65 
102 128 
123 160 
44 142 
22 100 
58 136 
71 76 
26 95 
67 134 
52 100 
77 134 
48 156 
160 169 
30 150 
89 176 
106 137 
150 175 
81 138 
31 72 
164 170 
60 134 
20 103 
30 68 
47 150 
59 78 
90 94 
33 160 
25 122 
19 67 
35 173 
115 141 
62 64 
90 152 
37 80 
30 129 
18 123 
82 91 
66 169 
35 115 
86 146 
40 73 
161 162 
88 163 
21 103 
38 110 
104 152 
82 163 
115 145 
119 146 
144 156 
86 128 
58 164 
63 66 
15 96 
89 135 
51 99 
108 164 
103 117 
72 102 
116 157 
34 72 
24 96 
133 144 
102 161 
26 142 
34 57 
91 94 
51 104 
51 95 
44 172 
108 122 
23 175 
170 173 
17 165 
113 128 
33 122 
96 132 
21 138 
141 162 
90 114 
18 122 
45 151 
85 117 
76 165 
87 107 
74 145 
61 100 
123 127 
52 145 
44 86 
137 150 
90 100 
48 166 
21 30 
26 77 
71 150 
123 146 
23 104 
59 120 
20 162 
31 113 
49 105 
22 161 
63 87 
136 177 
59 102 
15 171 
16 127 
22 30 
45 96 
17 57 
107 145 
20 165 
96 142 
34 49 
120 159 
15 124 
78 165 
31 114 
71 145 
38 141 
20 80 
89 96 
141 161 
19 66 
32 117 
169 175 
53 63 
87 156 
49 107 
23 130 
92 157 
120 127 
16 37 
65 172 
65 163 
40 85 
60 92 
68 104 
62 161 
107 174 
89 121 
106 132 
128 162 
24 30 
26 65 
32 176 
21 118 
64 123 
44 171 
31 172 
95 116 
20 37 
142 146 
43 108 
58 95 
116 151 
52 172 
91 172 
67 71 
53 122 
78 104 
17 53 
137 147 
146 150 
74 88 
39 49 
67 166 
82 178 
105 169 
30 85 
74 134 
43 104 
29 177 
49 110 
32 36 
100 122 
61 95 
108 132 
122 124 
46 77 
93 166 
24 173 
20 86 
52 115 
57 170 
26 157 
129 152 
100 127 
50 116 
62 86 
44 73 
63 73 
107 109 
134 164 
142 174 
45 74 
79 121 
121 146 
91 95 
107 135 
38 163 
32 102 
87 169 
75 90 
60 101 
136 146 
34 76 
17 142 
92 134 
60 96 
59 101 
32 178 
17 179 
60 66 
80 122 
18 141 
30 131 
72 93 
52 77 
65 117 
17 60 
43 146 
76 122 
145 155 
99 105 
146 166 
118 132 
114 160 
21 66 
137 173 
51 180 
72 77 
16 87 
161 170 
108 157 
38 118 
53 127 
102 134 
108 150 
23 123 
38 115 
81 131 
45 80 
114 123 
162 163 
116 175 
63 121 
118 128 
24 75 
147 172 
127 129 
72 141 
37 165 
30 170 
131 151 
21 166 
122 177 
90 99 
15 156 
49 130 
17 81 
64 77 
102 164 
78 121 
26 90 
66 88 
33 145 
72 136 
71 148 
16 86 
88 129 
31 170 
19 36 
104 123 
62 127 
30 123 
74 105 
33 148 
32 96 
74 95 
32 174 
123 137 
73 124 
106 131 
80 175 
64 82 
100 149 
22 26 
68 75 
45 174 
68 157 
52 74 
120 137 
79 116 
40 95 
124 152 
36 76 
18 177 
18 57 
164 169 
19 127 
54 149 
68 118 
76 124 
40 44 
21 37 
61 171 
54 101 
59 105 
19 179 
82 86 
16 29 
103 135 
32 166 
96 146 
76 107 
29 123 
160 161 
51 102 
64 127 
16 94 
34 62 
141 178 
88 95 
22 60 
53 146 
81 123 
29 157 
15 110 
17 116 
23 169 
121 150 
93 132 
108 120 
117 151 
46 136 
104 110 
94 121 
38 116 
46 157 
29 138 
114 141 
76 169 
117 118 
161 172 
103 108 
116 180 
15 136 
71 172 
99 143 
67 91 
89 172 
16 121 
46 162 
62 146 
61 164 
40 130 
39 51 
100 105 
47 58 
115 135 
105 179 
94 163 
48 120 
30 128 
30 95 
35 105 
29 149 
68 174 
103 159 
93 145 
89 175 
169 178 
57 156 
33 156 
34 152 
66 163 
18 147 
54 161 
92 100 
152 180 
46 172 
57 149 
68 106 
57 137 
39 144 
18 87 
15 180 
78 149 
75 104 
17 18 
155 156 
37 77 
20 87 
110 137 
87 172 
64 156 
22 175 
99 134 
45 123 
72 128 
38 100 
145 151 
35 53 
23 90 
32 113 
36 175 
127 142 
40 172 
45 107 
72 169 
64 68 
33 88 
105 146 
24 80 
164 172 
62 99 
103 169 
119 176 
117 158 
124 130 
60 82 
24 122 
31 150 
123 173 
44 96 
63 81 
51 149 
32 171 
76 174 
50 162 
59 172 
34 159 
61 142 
145 149 
46 106 
50 171 
36 164 
110 129 
110 136 
49 62 
58 92 
22 146 
58 172 
35 78 
38 131 
133 149 
24 71 
131 176 
61 177 
33 79 
104 133 
23 80 
115 127 
157 172 
52 88 
22 159 
15 73 
52 128 
49 157 
44 141 
80 147 
17 176 
18 178 
36 121 
19 177 
92 93 
35 179 
61 162 
77 122 
38 85 
46 71 
101 116 
17 54 
34 175 
39 171 
76 95 
63 156 
67 116 
79 164 
51 77 
118 155 
62 109 
86 137 
141 169 
39 148 
20 129 
51 59 
37 129 
71 137 
49 88 
21 174 
152 155 
86 157 
90 118 
40 131 
15 81 
67 180 
15 164 
66 74 
53 106 
93 107 
23 78 
132 141 
128 170 
16 72 
20 91 
119 143 
24 48 
105 124 
104 145 
120 147 
89 156 
87 116 
53 119 
101 133 
63 163 
109 115 
24 44 
35 110 
57 117 
117 150 
59 143 
104 166 
30 175 
16 47 
18 80 
36 100 
45 60 
64 158 
88 161 
100 129 
118 144 
79 108 
18 75 
88 99 
16 122 
43 74 
18 172 
39 89 
67 137 
103 180 
57 85 
48 68 
121 144 
99 104 
40 159 
57 131 
75 177 
158 164 
26 115 
51 136 
19 20 
32 63 
142 151 
149 150 
21 53 
107 152 
89 173 
48 158 
104 117 
136 142 
74 82 
85 93 
47 88 
54 128 
16 147 
57 163 
24 79 
134 141 
44 127 
101 159 
65 101 
131 158 
110 156 
100 147 
114 175 
73 91 
22 142 
102 115 
151 175 
25 101 
22 68 
81 165 
26 113 
29 59 
65 99 
95 113 
54 60 
43 64 
21 59 
66 99 
47 92 
48 116 
75 105 
37 175 
29 89 
18 58 
104 156 
44 180 
103 158 
19 147 
129 157 
66 162 
20 36 
88 146 
135 138 
17 101 
36 37 
68 161 
67 148 
85 96 
16 180 
17 145 
38 145 
77 152 
62 68 
65 81 
18 157 
39 138 
101 132 
29 127 
20 107 
26 78 
51 90 
109 160 
16 155 
37 64 
20 151 
72 110 
21 131 
32 161 
133 180 
32 138 
26 40 
78 144 
117 157 
85 119 
48 145 
38 136 
49 135 
15 45 
156 166 
52 130 
75 92 
160 162 
101 135 
31 65 
77 172 
79 127 
43 82 
40 122 
48 130 
68 120 
67 80 
48 88 
72 159 
68 133 
100 142 
79 122 
76 103 
53 121 
22 158 
32 40 
16 163 
76 157 
50 175 
22 169 
25 63 
53 101 
75 151 
60 175 
40 107 
137 146 
45 64 
156 170 
94 100 
46 116 
50 74 
44 158 
113 121 
63 94 
52 159 
52 89 
164 178 
46 156 
121 172 
85 136 
62 88 
39 58 
161 175 
96 106 
64 145 
93 102 
101 175 
37 159 
21 71 
129 163 
33 106 
29 101 
105 107 
22 137 
24 118 
16 119 
39 100 
48 100 
110 124 
23 59 
155 157 
20 29 
37 40 
165 177 
63 174 
95 177 
102 160 
88 180 
76 96 
33 114 
17 166 
59 173 
39 116 
79 107 
104 132 
104 141 
46 99 
31 78 
90 164 
64 95 
115 117 
65 165 
30 64 
134 171 
109 141 
65 145 
86 148 
45 118 
90 108 
19 68 
89 108 
30 87 
47 61 
105 142 
148 171 
60 109 
34 99 
40 53 
171 177 
25 113 
165 173 
104 158 
30 113 
18 31 
88 102 
149 155 
94 173 
29 178 
60 94 
44 46 
103 120 
35 49 
99 137 
17 86 
136 171 
24 64 
48 99 
106 114 
94 164 
71 103 
171 178 
53 148 
40 96 
46 171 
156 176 
19 110 
92 179 
107 147 
115 155 
77 107 
63 152 
18 24 
115 159 
54 141 
106 165 
108 152 
37 90 
75 76 
118 159 
109 114 
77 100 
39 106 
51 134 
150 158 
53 175 
62 141 
25 54 
81 149 
174 179 
43 105 
43 54 
15 149 
38 123 
24 137 
31 94 
65 151 
35 180 
88 177 
15 141 
129 156 
107 155 
20 45 
109 161 
25 38 
135 136 
123 143 
71 72 
88 158 
35 174 
68 180 
77 124 
109 177 
33 180 
159 172 
49 76 
61 170 
48 163 
64 78 
66 106 
134 176 
43 91 
64 76 
35 127 
94 106 
40 147 
106 128 
91 122 
61 86 
26 85 
47 78 
123 142 
71 113 
48 124 
109 132 
44 178 
43 175 
74 104 
64 151 
160 172 
35 50 
113 115 
101 146 
47 178 
24 99 
135 162 
17 25 
108 133 
59 99 
155 171 
110 170 
45 53 
22 152 
62 77 
86 152 
110 120 
36 65 
53 150 
30 134 
61 128 
129 174 
38 150 
148 164 
48 127 
52 59 
64 114 
59 170 
89 149 
50 128 
77 147 
102 158 
19 149 
106 174 
93 118 
85 90 
59 157 
89 170 
32 114 
67 131 
95 110 
43 78 
16 136 
92 144 
136 160 
72 180 
85 106 
33 134 
120 161 
61 81 
29 106 
75 158 
43 61 
106 150 
115 170 
93 162 
113 172 
102 133 
58 175 
142 164 
49 114 
81 180 
35 36 
51 78 
132 165 
104 173 
25 80 
117 166 
29 162 
46 159 
24 45 
15 163 
39 119 
52 161 
31 85 
26 121 
122 152 
24 85 
109 169 
38 165 
57 61 
79 147 
79 94 
16 173 
114 172 
71 109 
16 135 
134 148 
134 166 
106 146 
67 145 
121 173 
76 92 
96 135 
34 138 
54 64 
171 179 
130 143 
75 134 
58 106 
76 159 
120 143 
109 131 
34 80 
89 119 
119 134 
131 156 
37 49 
63 146 
45 175 
81 173 
58 177 
61 159 
100 179 
59 171 
147 180 
44 149 
102 121 
155 158 
26 176 
75 80 
24 144 
26 146 
128 130 
81 86 
101 177 
142 172 
17 43 
113 145 
156 162 
51 82 
67 75 
38 78 
115 174 
61 80 
158 177 
58 105 
65 137 
88 120 
40 127 
53 156 
72 79 
31 67 
104 179 
24 128 
74 89 
170 177 
66 179 
52 61 
36 113 
38 62 
48 53 
49 72 
24 166 
109 170 
87 100 
52 131 
85 95 
24 66 
34 78 
47 77 
95 129 
48 146 
74 123 
63 138 
25 169 
31 138 
107 122 
149 152 
20 59 
75 86 
52 156 
51 161 
30 38 
48 76 
47 152 
33 87 
19 138 
25 72 
59 150 
64 73 
119 142 
48 151 
39 73 
82 127 
17 134 
64 106 
110 142 
113 132 
89 104 
150 172 
95 127 
68 72 
18 146 
33 103 
30 89 
131 163 
32 82 
15 95 
62 162 
67 146 
99 122 
71 136 
54 122 
39 147 
53 115 
18 121 
134 175 
74 152 
82 95 
39 160 
90 129 
18 165 
118 145 
72 165 
81 148 
54 100 
120 165 
80 174 
109 120 
100 166 
85 160 
152 166 
51 166 
49 129 
130 171 
71 82 
49 102 
150 173 
82 88 
15 143 
23 76 
79 85 
157 175 
26 49 
26 133 
117 145 
116 138 
36 115 
74 159 
46 121 
40 47 
71 166 
57 76 
38 82 
50 179 
24 129 
15 108 
46 178 
60 130 
64 146 
91 124 
136 159 
29 52 
106 138 
32 127 
108 141 
81 87 
106 129 
35 103 
142 169 
49 150 
45 63 
22 103 
78 147 
50 60 
61 132 
43 62 
93 113 
31 33 
43 73 
102 150 
31 129 
119 122 
54 91 
123 150 
169 170 
51 116 
158 175 
49 163 
77 89 
51 127 
76 129 
40 174 
92 142 
40 103 
51 175 
132 138 
124 162 
99 158 
120 131 
57 87 
57 176 
33 137 
74 175 
99 100 
35 151 
109 129 
64 166 
104 136 
142 179 
16 172 
132 164 
103 149 
47 50 
104 163 
85 175 
40 101 
109 171 
54 152 
71 180 
35 71 
31 105 
25 178 
60 156 
104 113 
30 116 
91 102 
16 137 
148 176 
124 138 
74 92 
78 141 
127 133 
52 87 
127 137 
110 115 
96 122 
80 81 
105 161 
15 71 
21 91 
40 161 
39 67 
19 114 
34 64 
158 172 
44 170 
18 66 
68 121 
40 66 
65 100 
46 117 
18 36 
76 144 
51 155 
29 176 
22 34 
51 92 
74 178 
34 165 
67 135 
17 61 
92 174 
43 113 
132 157 
51 158 
87 113 
16 93 
47 170 
31 52 
101 174 
20 75 
77 116 
124 161 
135 150 
22 46 
23 72 
51 63 
128 171 
30 109 
91 177 
67 68 
44 130 
48 101 
51 135 
143 152 
157 176 
31 92 
106 152 
131 161 
17 72 
101 144 
78 123 
82 145 
19 51 
95 150 
45 77 
50 73 
124 132 
121 134 
85 110 
59 85 
101 138 
67 127 
161 169 
46 129 
88 107 
86 161 
121 174 
43 79 
117 129 
58 59 
51 65 
101 115 
73 96 
35 39 
58 176 
38 113 
33 44 
71 138 
44 79 
115 160 
128 138 
159 170 
61 145 
43 115 
40 79 
62 121 
40 178 
77 104 
50 163 
128 142 
85 120 
151 164 
105 159 
157 163 
20 48 
162 179 
15 172 
117 121 
20 38 
62 178 
29 34 
44 71 
141 171 
48 77 
34 44 
110 158 
89 120 
45 131 
71 151 
17 106 
17 133 
123 151 
158 171 
90 116 
92 99 
17 32 
49 93 
22 47 
79 150 
33 100 
93 180 
47 73 
30 159 
31 133 
80 134 
35 147 
62 123 
118 170 
44 68 
80 105 
74 103 
149 179 
47 106 
76 175 
95 158 
40 149 
54 68 
106 158 
38 177 
63 123 
19 86 
142 147 
82 118 
101 136 
110 157 
46 91 
21 160 
26 124 
75 130 
30 107 
35 66 
82 136 
74 99 
78 148 
46 86 
114 116 
73 95 
78 88 
99 127 
95 117 
30 63 
50 176 
103 132 
162 165 
53 180 
101 117 
121 136 
106 176 
57 104 
109 145 
65 104 
94 131 
25 133 
32 116 
35 135 
145 158 
96 123 
54 79 
121 155 
52 71 
24 131 
44 77 
53 62 
106 177 
116 129 
21 127 
20 101 
91 92 
92 178 
107 117 
21 176 
21 124 
22 156 
87 134 
35 155 
77 178 
52 68 
71 144 
134 163 
99 171 
40 155 
21 156 
15 43 
105 106 
120 134 
22 160 
57 144 
39 96 
22 36 
87 133 
129 148 
44 122 
102 180 
48 75 
15 53 
29 159 
65 106 
91 130 
101 155 
16 31 
105 149 
157 164 
17 124 
109 165 
65 120 
79 170 
91 108 
103 164 
59 166 
59 161 
46 49 
15 100 
64 142 
19 135 
114 136 
35 60 
21 54 
144 148 
103 173 
82 135 
82 144 
46 62 
29 31 
138 161 
20 25 
24 136 
24 143 
174 177 
76 137 
132 172 
25 157 
135 177 
82 100 
73 163 
40 102 
107 151 
152 169 
54 81 
150 177 
81 121 
52 165 
18 52 
22 72 
66 176 
116 122 
45 145 
58 110 
30 110 
151 169 
33 175 
151 166 
92 150 
49 145 
96 177 
117 155 
46 54 
74 96 
102 120 
50 81 
89 163 
35 157 
90 171 
59 121 
34 163 
18 68 
76 120 
47 57 
36 90 
53 178 
149 171 
121 142 
29 33 
75 120 
48 160 
96 117 
45 75 
16 65 
44 162 
35 133 
115 131 
147 163 
101 158 
142 165 
15 77 
93 137 
119 173 
58 147 
40 121 
146 170 
123 161 
19 65 
117 142 
44 61 
62 147 
100 137 
155 174 
30 115 
92 152 
81 115 
24 101 
100 172 
43 102 
113 135 
31 39 
157 160 
92 114 
115 118 
48 180 
118 129 
88 114 
132 149 
74 141 
91 121 
71 169 
118 143 
101 106 
149 162 
52 129 
73 147 
110 132 
85 165 
63 127 
103 138 
172 179 
22 149 
127 160 
19 21 
76 128 
89 107 
71 174 
45 178 
129 160 
71 87 
108 117 
123 175 
63 108 
129 180 
35 124 
23 61 
18 149 
113 147 
34 86 
96 170 
124 177 
88 159 
35 88 
45 104 
128 133 
17 148 
39 164 
170 171 
30 135 
149 177 
143 170 
61 66 
53 145 
157 166 
34 145 
74 130 
24 104 
135 143 
40 171 
48 78 
147 178 
61 76 
79 128 
59 96 
123 135 
23 135 
21 100 
33 89 
16 143 
61 156 
99 146 
15 130 
75 127 
44 156 
38 143 
105 155 
81 117 
21 92 
87 142 
32 132 
88 96 
26 86 
78 114 
16 151 
29 122 
87 96 
145 159 
47 80 
24 165 
63 180 
35 142 
64 161 
143 176 
124 127 
166 174 
31 66 
68 96 
15 33 
15 161 
15 19 
104 151 
59 142 
65 73 
85 123 
34 51 
102 135 
31 144 
87 170 
91 162 
30 66 
151 161 
45 101 
134 145 
23 134 
99 107 
74 176 
33 129 
35 72 
33 64 
54 114 
92 133 
59 131 
136 158 
35 38 
82 104 
116 170 
61 137 
15 87 
120 166 
123 156 
43 71 
36 68 
54 162 
40 132 
115 177 
94 114 
32 53 
25 118 
16 142 
32 129 
108 142 
65 171 
46 64 
103 109 
75 129 
87 104 
65 180 
81 136 
16 150 
65 85 
134 144 
115 166 
76 127 
87 121 
59 73 
89 110 
38 156 
29 61 
26 68 
16 149 
15 103 
25 127 
101 164 
19 180 
104 171 
61 160 
103 152 
17 48 
33 150 
116 143 
33 48 
74 77 
17 74 
52 93 
169 171 
54 82 
39 99 
82 176 
57 179 
82 141 
45 93 
157 174 
79 143 
164 166 
86 175 
25 164 
79 157 
47 174 
114 166 
131 135 
61 62 
86 117 
17 149 
76 155 
77 176 
25 160 
130 179 
72 138 
30 67 
118 172 
32 158 
73 179 
30 74 
30 51 
66 138 
58 77 
102 157 
68 141 
64 107 
17 44 
23 37 
26 110 
73 156 
20 143 
53 116 
96 145 
36 94 
25 33 
136 174 
94 127 
109 110 
37 105 
64 109 
65 89 
39 63 
23 47 
30 165 
121 124 
16 88 
88 90 
124 151 
127 169 
116 120 
89 134 
22 163 
37 62 
59 65 
60 115 
30 72 
155 180 
22 180 
80 124 
120 133 
26 172 
107 142 
29 94 
19 91 
58 179 
141 177 
74 121 
18 166 
23 32 
114 145 
86 134 
52 96 
33 38 
47 74 
80 91 
29 72 
57 160 
147 149 
52 101 
15 49 
60 162 
59 82 
35 131 
88 92 
123 166 
78 164 
148 173 
96 127 
50 152 
16 73 
162 172 
147 165 
77 106 
59 114 
52 141 
162 169 
43 166 
88 132 
92 130 
58 134 
68 85 
86 132 
133 162 
144 150 
18 54 
179 180 
46 130 
36 143 
146 173 
132 178 
88 109 
52 146 
33 37 
50 104 
121 151 
24 67 
17 122 
66 119 
73 117 
72 85 
95 144 
22 147 
37 128 
47 180 
72 174 
44 131 
47 130 
53 104 
22 85 
54 80 
100 158 
141 156 
118 164 
20 74 
53 66 
106 143 
36 63 
77 78 
122 158 
47 104 
29 170 
145 174 
65 72 
117 134 
49 81 
80 100 
21 47 
64 172 
65 115 
73 159 
142 178 
74 113 
110 119 
57 89 
149 151 
61 163 
136 147 
68 109 
148 177 
30 152 
63 162 
29 81 
110 123 
35 109 
90 170 
122 165 
80 110 
58 160 
60 103 
88 119 
102 149 
82 159 
48 85 
110 166 
73 131 
63 65 
54 116 
85 121 
71 159 
73 164 
105 177 
31 76 
107 165 
121 179 
99 144 
18 136 
54 118 
33 136 
72 135 
40 160 
36 74 
131 148 
93 149 
114 161 
47 91 
71 119 
67 89 
38 130 
51 130 
26 156 
19 50 
63 95 
102 170 
57 101 
66 133 
106 162 
47 155 
85 100 
19 22 
89 179 
46 169 
105 147 
39 162 
146 158 
114 180 
58 142 
73 86 
74 151 
142 175 
80 164 
25 47 
89 118 
18 162 
61 64 
75 124 
47 96 
33 94 
52 142 
46 175 
71 80 
152 176 
45 158 
23 73 
74 116 
141 163 
47 143 
45 89 
20 30 
40 109 
16 128 
85 162 
71 177 
100 177 
63 130 
85 137 
48 174 
99 169 
17 38 
33 163 
91 128 
48 138 
159 178 
63 128 
16 100 
68 169 
32 76 
137 179 
46 137 
96 155 
121 169 
60 99 
100 160 
17 117 
66 89 
121 137 
46 119 
78 142 
128 131 
89 166 
68 144 
143 180 
128 132 
19 178 
109 175 
34 63 
40 64 
51 177 
116 146 
65 164 
46 90 
24 63 
26 39 
104 122 
40 138 
18 76 
43 145 
47 138 
22 155 
24 38 
116 178 
45 46 
130 141 
108 118 
23 93 
108 129 
133 164 
23 179 
74 108 
46 65 
43 103 
77 109 
100 119 
47 94 
53 86 
101 124 
78 145 
130 163 
33 131 
16 59 
23 171 
22 114 
120 172 
101 122 
54 78 
59 175 
130 165 
32 105 
79 169 
46 109 
144 159 
23 132 
31 122 
108 171 
57 107 
53 100 
88 123 
20 50 
67 120 
119 158 
57 165 
105 166 
58 119 
91 117 
63 92 
57 146 
58 171 
25 176 
87 178 
88 179 
93 152 
47 172 
160 165 
39 71 
62 92 
38 162 
128 150 
135 147 
105 174 
150 171 
152 164 
107 157 
33 104 
45 177 
87 158 
24 145 
138 179 
104 109 
33 39 
142 145 
72 103 
117 159 
50 51 
74 177 
67 161 
80 179 
19 45 
105 137 
16 95 
96 105 
50 166 
50 122 
137 145 
39 133 
79 161 
96 178 
135 180 
48 74 
102 147 
57 129 
31 166 
148 179 
37 160 
32 118 
23 180 
38 106 
32 34 
88 164 
94 120 
104 155 
93 99 
61 130 
103 178 
16 25 
80 120 
62 169 
67 103 
46 76 
38 120 
23 26 
50 79 
144 174 
128 177 
156 171 
108 143 
130 173 
100 169 
91 138 
43 177 
52 73 
22 162 
16 179 
18 73 
120 180 
21 104 
95 109 
59 147 
104 172 
64 128 
77 85 
95 176 
32 49 
116 166 
29 172 
34 75 
32 58 
131 169 
133 176 
54 92 
35 130 
121 147 
37 44 
123 134 
105 113 
99 118 
45 150 
108 110 
15 175 
43 127 
46 124 
38 66 
66 149 
78 150 
81 113 
88 127 
71 129 
76 118 
120 162 
24 142 
122 164 
40 119 
77 175 
77 121 
67 171 
73 94 
64 149 
63 80 
18 85 
103 106 
26 152 
39 130 
78 106 
128 135 
33 171 
124 131 
65 76 
87 89 
40 177 
36 138 
50 64 
29 60 
34 74 
61 157 
92 107 
22 113 
95 165 
52 114 
91 141 
26 131 
53 158 
43 151 
166 178 
38 60 
24 88 
68 179 
30 104 
36 177 
24 73 
44 92 
39 156 
37 60 
113 122 
20 33 
62 120 
90 146 
75 155 
106 160 
62 114 
40 156 
68 176 
25 57 
71 124 
61 115 
39 102 
92 162 
117 138 
46 180 
58 156 
48 63 
17 152 
63 99 
121 138 
53 59 
43 75 
19 171 
66 127 
67 160 
26 145 
38 114 
82 155 
20 130 
25 51 
59 122 
122 171 
99 170 
127 171 
17 45 
114 163 
26 163 
40 88 
107 162 
94 150 
22 117 
91 163 
53 172 
89 132 
33 54 
138 151 
58 67 
134 159 
114 144 
62 174 
88 133 
61 129 
72 170 
86 171 
53 123 
58 79 
38 90 
29 66 
80 82 
59 124 
64 66 
30 144 
17 170 
44 145 
43 133 
19 60 
19 47 
60 68 
114 158 
31 177 
100 164 
152 163 
59 64 
86 179 
17 108 
51 163 
29 144 
87 165 
24 130 
92 96 
99 152 
95 143 
77 150 
52 82 
58 123 
25 53 
132 179 
79 155 
151 170 
68 108 
71 130 
159 160 
24 60 
46 66 
22 132 
32 44 
58 96 
131 164 
59 133 
15 39 
37 85 
30 78 
77 163 
110 171 
44 105 
93 171 
60 87 
16 58 
16 175 
145 157 
33 170 
59 146 
40 163 
19 59 
109 173 
16 75 
34 82 
36 161 
36 62 
67 76 
44 49 
21 46 
123 178 
80 141 
90 165 
40 92 
30 130 
119 136 
49 142 
44 62 
80 106 
60 157 
54 169 
90 122 
34 71 
25 94 
82 161 
131 159 
85 89 
22 134 
103 123 
134 135 
44 152 
57 82 
26 127 
50 131 
25 62 
128 134 
67 170 
119 123 
135 144 
29 119 
130 169 
39 78 
34 170 
104 115 
102 142 
46 150 
91 180 
87 123 
53 152 
39 81 
32 90 
16 161 
64 157 
20 121 
25 123 
50 150 
34 89 
49 160 
33 60 
63 137 
52 76 
63 114 
57 88 
26 160 
63 85 
71 115 
155 169 
30 161 
93 122 
68 172 
92 120 
89 90 
104 119 
29 160 
64 164 
147 174 
30 136 
25 162 
30 60 
58 73 
119 141 
62 152 
87 108 
16 91 
132 148 
141 173 
89 93 
92 177 
124 165 
20 147 
74 101 
22 92 
85 155 
127 174 
101 170 
106 148 
15 31 
18 32 
15 166 
59 176 
45 121 
47 131 
18 179 
78 155 
115 175 
49 90 
149 175 
102 131 
134 157 
18 82 
57 130 
151 171 
57 173 
46 53 
128 161 
24 102 
119 151 
24 123 
72 127 
37 130 
120 132 
132 155 
62 63 
19 164 
44 65 
85 145 
79 92 
52 155 
59 144 
156 173 
54 142 
47 109 
80 137 
122 129 
72 150 
18 44 
100 159 
40 146 
22 172 
37 164 
114 152 
116 142 
108 172 
23 146 
86 92 
94 119 
49 176 
68 119 
73 142 
45 156 
96 107 
65 135 
73 148 
32 35 
47 93 
25 44 
32 79 
53 107 
25 166 
80 166 
22 95 
151 163 
16 57 
129 159 
50 169 
129 141 
33 133 
138 147 
113 159 
43 109 
21 80 
20 23 
80 135 
66 104 
20 49 
74 137 
99 117 
17 52 
19 137 
31 162 
22 108 
30 121 
33 132 
61 172 
51 64 
20 47 
86 104 
77 82 
26 38 
92 172 
159 177 
116 152 
67 107 
34 116 
48 107 
54 165 
95 114 
64 71 
15 62 
94 170 
63 115 
51 165 
90 161 
72 156 
31 82 
66 123 
54 102 
31 57 
48 171 
81 179 
74 162 
71 141 
52 166 
96 103 
25 107 
66 122 
26 54 
106 110 
92 131 
103 172 
144 164 
157 158 
43 65 
19 92 
26 99 
22 90 
16 120 
87 90 
19 87 
44 47 
47 164 
39 80 
132 159 
52 67 
71 142 
29 67 
96 129 
54 75 
20 79 
104 144 
105 144 
62 117 
21 163 
82 115 
74 179 
64 135 
101 113 
85 150 
72 92 
17 159 
53 110 
45 160 
78 157 
47 99 
85 179 
32 135 
76 148 
131 142 
71 100 
25 85 
71 147 
31 147 
15 115 
68 114 
100 121 
80 115 
85 124 
29 92 
81 143 
106 179 
86 133 
54 95 
25 119 
50 136 
37 115 
19 82 
65 86 
62 130 
62 180 
47 142 
52 150 
122 162 
99 164 
78 152 
155 175 
21 113 
17 131 
47 114 
65 75 
89 178 
114 173 
22 81 
81 110 
58 146 
58 81 
52 80 
43 53 
26 101 
73 174 
101 104 
108 165 
85 138 
129 134 
145 165 
21 60 
81 93 
110 130 
131 137 
19 26 
118 119 
21 40 
95 96 
34 113 
63 133 
37 124 
19 57 
18 63 
129 142 
37 135 
74 131 
25 151 
19 85 
93 170 
79 179 
33 34 
85 87 
80 151 
157 180 
147 170 
150 179 
144 152 
92 143 
31 171 
75 81 
64 176 
156 172 
25 145 
50 119 
67 102 
115 156 
96 138 
121 158 
53 68 
64 179 
35 108 
18 43 
64 174 
44 57 
90 177 
103 110 
71 178 
44 58 
17 35 
67 114 
20 174 
118 147 
109 174 
113 156 
32 60 
25 89 
90 162 
113 116 
76 109 
34 128 
89 150 
59 118 
68 86 
36 120 
159 176 
50 123 
32 86 
34 122 
57 96 
38 81 
49 155 
34 39 
131 147 
77 162 
94 171 
115 138 
100 116 
95 118 
49 116 
48 52 
136 148 
46 51 
128 156 
93 165 
117 123 
49 170 
17 22 
19 29 
73 75 
65 138 
22 74 
149 163 
33 157 
36 132 
80 118 
74 86 
92 103 
101 114 
33 105 
50 57 
104 175 
51 87 
87 162 
17 36 
63 101 
63 141 
66 86 
54 59 
80 159 
15 29 
36 158 
130 133 
36 150 
36 137 
110 160 
76 166 
23 141 
95 172 
165 180 
99 172 
31 48 
46 144 
164 179 
127 148 
96 116 
90 175 
88 89 
144 161 
31 37 
63 160 
44 50 
30 58 
115 169 
103 146 
110 165 
48 61 
76 90 
77 113 
68 145 
94 160 
64 94 
85 151 
73 150 
18 71 
68 116 
135 159 
17 172 
31 103 
94 130 
105 141 
110 113 
61 93 
15 47 
36 78 
57 121 
21 105 
82 124 
32 147 
32 45 
127 152 
23 54 
40 135 
19 105 
102 105 
60 78 
63 88 
36 73 
21 173 
114 143 
29 143 
50 127 
30 137 
150 159 
43 67 
31 163 
158 179 
66 120 
113 171 
116 165 
31 164 
35 119 
26 34 
109 152 
81 107 
91 156 
76 151 
17 29 
72 106 
34 65 
24 174 
54 131 
23 79 
26 48 
45 91 
80 104 
58 150 
49 99 
49 63 
44 147 
90 151 
115 132 
117 127 
114 127 
32 78 
21 128 
37 149 
53 120 
58 68 
25 149 
15 114 
101 149 
122 172 
18 53 
34 67 
36 136 
88 173 
32 57 
16 53 
25 46 
71 121 
60 138 
64 100 
54 173 
129 176 
58 135 
49 134 
142 160 
29 130 
26 43 
29 76 
95 141 
87 109 
57 81 
95 161 
32 119 
71 160 
82 93 
31 127 
158 160 
77 180 
113 143 
53 77 
79 114 
25 68 
17 156 
78 110 
113 163 
49 66 
50 89 
59 117 
51 85 
16 165 
45 76 
96 124 
67 104 
47 81 
17 59 
20 179 
99 128 
37 145 
47 149 
40 46 
120 121 
130 180 
143 172 
156 180 
19 88 
81 169 
77 155 
121 177 
67 86 
90 96 
77 135 
33 172 
82 160 
78 118 
20 108 
73 110 
65 91 
129 177 
106 127 
21 136 
20 93 
38 161 
142 171 
39 150 
29 36 
75 121 
90 115 
21 145 
134 146 
49 92 
33 123 
110 144 
18 105 
138 159 
23 29 
22 57 
39 173 
79 141 
15 57 
96 114 
31 102 
19 78 
65 80 
81 116 
142 180 
64 138 
36 131 
62 142 
91 147 
95 170 
80 155 
15 123 
29 137 
48 179 
49 79 
150 180 
51 160 
103 165 
72 120 
51 120 
18 64 
138 156 
21 133 
87 128 
47 173 
66 136 
46 61 
95 152 
52 157 
138 158 
50 159 
71 73 
67 73 
62 155 
23 145 
43 128 
118 137 
65 109 
85 143 
131 175 
31 159 
87 94 
46 141 
118 120 
48 65 
160 175 
47 161 
39 120 
76 121 
36 64 
75 179 
40 124 
44 113 
115 121 
103 151 
79 174 
52 149 
131 141 
88 142 
106 166 
162 164 
115 124 
18 46 
136 165 
62 144 
66 118 
32 162 
44 114 
20 102 
74 122 
81 133 
34 95 
58 127 
19 77 
133 172 
77 102 
29 73 
102 136 
17 102 
51 146 
71 114 
155 172 
93 114 
43 136 
25 36 
90 173 
54 177 
31 40 
164 180 
72 163 
95 137 
134 177 
174 176 
81 152 
146 159 
123 145 
117 177 
37 173 
24 110 
17 175 
36 46 
71 157 
61 127 
120 175 
119 135 
68 177 
77 120 
51 96 
90 134 
30 149 
81 101 
38 79 
23 66 
44 74 
103 122 
30 120 
20 164 
18 175 
24 50 
66 116 
34 107 
38 121 
63 120 
22 86 
30 65 
64 104 
67 93 
150 166 
46 179 
33 68 
19 39 
67 151 
91 175 
119 180 
44 179 
62 103 
34 121 
94 123 
62 133 
128 174 
116 135 
100 152 
22 40 
21 172 
29 99 
26 162 
85 148 
38 94 
34 161 
120 128 
21 180 
65 130 
54 166 
127 176 
43 95 
105 109 
89 148 
94 136 
95 133 
17 109 
59 87 
22 133 
21 108 
48 134 
82 174 
148 159 
129 175 
38 135 
128 129 
16 103 
115 178 
25 104 
162 173 
21 137 
96 148 
26 173 
17 127 
101 179 
146 163 
106 135 
72 113 
34 127 
132 134 
66 130 
35 171 
33 65 
58 78 
105 138 
19 48 
75 89 
21 82 
104 180 
31 119 
94 147 
65 127 
46 59 
35 61 
114 149 
48 143 
155 160 
160 171 
48 67 
45 122 
104 159 
38 53 
72 148 
46 155 
89 180 
45 114 
36 171 
32 109 
44 67 
61 123 
47 128 
62 157 
19 30 
122 146 
59 77 
15 104 
127 128 
16 39 
68 123 
80 180 
21 150 
99 114 
45 90 
32 73 
96 133 
16 124 
18 102 
24 159 
131 134 
19 136 
46 88 
46 94 
31 88 
48 60 
133 157 
31 62 
138 177 
150 164 
66 124 
101 118 
26 178 
121 164 
110 135 
22 67 
20 175 
57 60 
103 145 
68 156 
91 103 
65 116 
39 75 
61 73 
43 150 
33 36 
22 102 
19 113 
160 170 
86 155 
21 123 
143 158 
46 87 
71 163 
87 179 
26 123 
60 150 
22 177 
37 117 
66 103 
66 128 
25 158 
37 136 
52 176 
128 148 
29 110 
117 130 
92 117 
29 104 
43 156 
19 157 
45 87 
38 109 
61 92 
86 100 
75 166 
61 113 
108 119 
90 91 
53 177 
38 102 
19 158 
109 138 
88 141 
103 174 
80 170 
100 133 
31 132 
87 163 
73 138 
131 146 
39 134 
104 138 
75 116 
107 179 
90 147 
32 120 
114 164 
37 121 
22 107 
25 163 
113 138 
108 162 
95 134 
75 144 
133 174 
86 150 
121 180 
51 123 
68 136 
17 146 
103 143 
66 68 
128 159 
92 137 
123 163 
128 163 
51 137 
123 129 
66 78 
43 138 
62 132 
87 88 
133 163 
78 156 
47 113 
96 108 
60 159 
134 179 
123 152 
91 165 
18 118 
124 180 
77 137 
18 34 
135 146 
15 150 
105 108 
38 103 
30 147 
45 106 
45 103 
94 122 
76 142 
116 174 
105 121 
100 109 
46 89 
144 166 
129 179 
103 113 
51 179 
88 169 
15 120 
49 151 
36 114 
79 152 
68 129 
72 134 
170 178 
72 162 
15 144 
20 137 
20 54 
33 117 
107 158 
32 107 
43 76 
38 52 
75 132 
101 152 
155 179 
38 40 
104 177 
17 115 
44 48 
25 61 
62 75 
18 72 
39 113 
30 44 
22 61 
73 93 
19 143 
23 91 
40 108 
137 144 
40 105 
81 164 
147 152 
79 100 
146 172 
106 108 
32 33 
130 159 
129 151 
93 110 
15 94 
25 88 
113 142 
18 143 
115 150 
148 174 
44 99 
47 66 
45 88 
52 54 
76 110 
44 144 
72 149 
33 45 
131 133 
44 72 
22 43 
171 172 
74 135 
66 142 
25 26 
57 162 
117 171 
85 131 
101 157 
127 151 
22 48 
144 169 
66 175 
159 169 
52 127 
68 80 
79 124 
23 122 
47 127 
26 96 
102 114 
161 173 
38 93 
57 110 
21 130 
143 174 
32 155 
96 162 
37 76 
25 143 
106 156 
25 48 
124 149 
58 65 
78 107 
159 171 
74 170 
48 123 
36 88 
63 161 
26 151 
117 160 
35 160 
106 164 
50 62 
32 91 
71 161 
52 162 
36 179 
79 132 
44 52 
100 113 
16 63 
17 73 
90 102 
19 156 
122 175 
40 176 
29 87 
102 132 
25 109 
60 166 
113 144 
26 108 
49 64 
65 123 
91 109 
34 148 
121 175 
104 174 
86 122 
109 128 
54 110 
71 77 
26 132 
120 152 
37 81 
37 158 
57 75 
102 152 
35 54 
66 177 
99 175 
38 148 
23 94 
60 106 
43 148 
146 156 
23 64 
32 157 
65 150 
37 50 
141 159 
32 38 
23 163 
23 108 
104 170 
26 102 
20 120 
81 99 
23 24 
162 177 
86 107 
33 81 
45 66 
17 92 
33 62 
68 160 
88 170 
58 82 
68 77 
75 87 
146 152 
124 164 
109 116 
39 86 
80 156 
24 31 
35 82 
52 177 
78 116 
44 146 
64 79 
43 172 
64 120 
72 115 
124 135 
54 61 
51 159 
117 156 
22 51 
79 178 
67 87 
20 88 
62 148 
115 152 
82 92 
24 164 
131 143 
18 104 
24 133 
36 156 
15 76 
33 63 
38 172 
37 161 
20 171 
35 76 
60 152 
78 117 
76 115 
35 138 
141 158 
30 37 
57 161 
117 152 
146 176 
32 121 
81 89 
19 160 
107 132 
21 86 
86 105 
26 120 
74 129 
87 180 
23 178 
64 133 
33 128 
33 77 
60 79 
33 144 
45 54 
30 171 
93 108 
46 72 
81 130 
133 158 
116 133 
124 148 
122 173 
44 93 
45 79 
119 131 
68 146 
77 164 
19 94 
76 130 
93 179 
122 174 
120 157 
132 137 
26 175 
46 95 
22 53 
92 158 
15 174 
37 141 
59 155 
119 144 
78 161 
135 172 
123 149 
156 165 
32 148 
86 144 
17 177 
39 118 
26 45 
147 166 
35 114 
155 166 
73 90 
20 58 
149 164 
33 71 
85 152 
37 102 
58 80 
31 130 
16 60 
18 137 
103 134 
33 43 
53 61 
60 161 
23 131 
103 137 
38 117 
114 118 
51 121 
37 71 
36 82 
25 129 
120 124 
33 47 
108 179 
142 157 
107 136 
106 119 
66 115 
38 138 
119 148 
51 147 
127 149 
39 152 
116 124 
23 161 
105 134 
25 110 
87 147 
60 146 
107 170 
15 134 
178 180 
35 106 
158 176 
122 159 
21 155 
96 128 
51 164 
53 151 
40 114 
127 166 
173 176 
68 78 
89 161 
95 175 
95 145 
54 175 
90 172 
94 156 
157 161 
18 120 
109 179 
80 107 
94 179 
94 99 
105 164 
72 99 
35 178 
53 105 
87 130 
51 115 
54 180 
18 107 
100 143 
49 119 
44 101 
64 170 
50 102 
73 123 
15 160 
32 142 
47 107 
22 120 
96 130 
99 148 
23 88 
105 160 
118 162 
108 166 
34 59 
52 180 
92 171 
106 116 
74 171 
46 122 
33 141 
15 26 
80 162 
138 175 
129 158 
77 165 
31 107 
130 147 
86 172 
36 118 
63 149 
35 91 
132 135 
50 106 
94 144 
50 173 
32 61 
44 151 
23 51 
105 136 
48 73 
74 156 
17 155 
85 180 
25 159 
130 144 
47 75 
94 141 
51 169 
86 136 
144 151 
110 133 
15 51 
29 39 
132 175 
37 100 
116 156 
100 123 
25 120 
93 134 
93 105 
51 74 
114 176 
122 170 
134 173 
163 175 
46 147 
68 76 
26 71 
119 132 
39 109 
25 86 
58 152 
68 94 
36 61 
87 99 
67 144 
109 158 
147 171 
36 130 
85 174 
21 89 
85 104 
141 165 
40 137 
34 141 
33 90 
108 158 
133 142 
131 149 
57 94 
29 116 
17 66 
106 172 
81 156 
165 175 
25 174 
44 117 
59 93 
35 59 
58 165 
23 39 
34 118 
16 49 
54 77 
134 169 
46 148 
30 157 
45 59 
113 136 
146 148 
100 131 
105 117 
82 143 
20 133 
151 160 
38 45 
156 163 
115 123 
106 121 
17 171 
147 148 
134 147 
82 171 
16 102 
106 155 
34 130 
38 54 
26 144 
68 127 
66 170 
166 180 
54 160 
57 152 
32 165 
92 156 
59 174 
90 136 
22 32 
143 178 
53 87 
34 131 
15 127 
87 129 
59 162 
45 94 
172 175 
49 137 
17 79 
133 134 
37 86 
64 124 
115 116 
18 124 
34 178 
17 144 
101 103 
51 133 
48 178 
93 157 
104 120 
31 152 
161 180 
43 72 
43 63 
128 157 
67 169 
31 68 
115 137 
29 136 
36 103 
122 147 
18 39 
128 146 
33 51 
117 179 
34 93 
87 137 
73 119 
22 71 
89 158 
74 114 
92 127 
49 147 
91 164 
58 93 
49 100 
29 38 
53 129 
65 124 
76 114 
143 144 
37 54 
31 89 
117 176 
85 128 
102 155 
120 141 
35 156 
120 151 
22 91 
48 106 
22 148 
128 141 
159 161 
50 99 
68 163 
101 171 
59 100 
106 170 
105 118 
36 174 
136 151 
123 130 
73 87 
31 49 
40 115 
45 86 
43 130 
107 128 
133 152 
20 71 
21 101 
46 107 
121 149 
91 133 
108 155 
37 110 
58 85 
49 165 
59 164 
46 170 
80 131 
65 133 
85 169 
123 177 
106 130 
133 136 
108 123 
77 141 
66 148 
49 82 
36 99 
20 26 
20 134 
79 109 
100 157 
26 35 
144 176 
96 160 
109 121 
19 38 
116 117 
19 162 
31 43 
62 156 
113 160 
63 165 
31 53 
19 119 
94 138 
107 144 
103 144 
25 134 
113 141 
78 129 
85 91 
152 173 
15 88 
18 40 
135 160 
39 178 
37 169 
109 151 
64 74 
21 50 
108 176 
132 136 
64 93 
35 96 
105 123 
16 76 
63 158 
68 131 
48 96 
66 81 
61 103 
59 103 
135 148 
31 118 
108 151 
37 48 
89 141 
109 119 
32 137 
47 52 
156 174 
87 171 
40 78 
33 165 
48 141 
49 86 
90 93 
71 131 
45 146 
34 35 
96 171 
19 121 
127 175 
47 79 
143 162 
108 147 
93 116 
127 172 
38 170 
73 172 
20 67 
33 99 
95 146 
100 150 
15 146 
137 163 
22 93 
51 106 
87 138 
46 113 
170 175 
71 156 
77 145 
90 148 
45 157 
60 118 
43 122 
60 173 
102 145 
94 134 
57 62 
47 49 
34 162 
23 173 
65 178 
110 179 
130 170 
88 151 
80 94 
85 118 
19 37 
75 96 
94 105 
35 120 
80 96 
92 163 
74 158 
50 94 
67 106 
104 137 
53 118 
62 160 
102 138 
130 138 
133 166 
46 149 
65 118 
54 133 
16 144 
65 105 
152 159 
91 120 
72 73 
54 124 
57 73 
123 158 
88 156 
30 117 
18 45 
32 151 
40 76 
100 161 
39 135 
18 90 
16 45 
20 63 
49 54 
24 95 
131 162 
149 161 
113 134 
63 71 
99 180 
96 113 
26 53 
53 165 
39 66 
40 129 
104 149 
114 130 
38 87 
26 128 
85 161 
15 135 
21 144 
25 152 
115 176 
68 159 
21 132 
25 43 
64 87 
38 108 
16 159 
24 106 
118 123 
114 134 
91 179 
57 99 
48 169 
82 157 
65 113 
25 45 
107 127 
30 90 
24 47 
117 148 
113 164 
49 173 
35 93 
66 107 
155 170 
147 164 
85 115 
77 151 
72 123 
19 155 
102 172 
147 158 
95 166 
29 46 
92 165 
15 58 
49 68 
133 156 
79 142 
107 163 
76 145 
33 72 
63 175 
75 171 
105 156 
51 72 
66 121 
31 50 
129 155 
108 137 
157 179 
101 162 
45 65 
78 146 
49 53 
94 146 
105 143 
17 113 
81 171 
20 146 
86 90 
136 141 
75 122 
74 150 
17 147 
21 90 
171 175 
85 94 
72 91 
86 165 
113 174 
53 130 
22 129 
123 136 
17 51 
66 132 
49 89 
47 175 
19 118 
78 99 
23 45 
15 145 
64 88 
30 124 
114 169 
130 166 
49 179 
30 80 
29 132 
43 85 
50 151 
107 172 
52 151 
78 159 
60 81 
51 157 
36 141 
49 156 
19 109 
90 110 
37 65 
119 159 
49 109 
119 138 
124 134 
90 127 
66 134 
68 135 
44 85 
78 158 
33 151 
152 172 
118 156 
46 173 
53 92 
21 24 
43 169 
21 49 
78 80 
48 115 
115 133 
115 149 
77 110 
74 133 
120 171 
54 119 
59 115 
129 146 
74 119 
39 115 
26 104 
71 96 
162 171 
78 162 
15 142 
62 170 
58 87 
44 116 
72 108 
94 149 
32 173 
149 170 
23 151 
57 169 
53 149 
72 164 
110 114 
21 149 
103 129 
138 146 
60 171 
46 100 
162 180 
118 127 
44 155 
107 118 
163 166 
32 136 
38 155 
38 73 
72 155 
122 135 
61 68 
18 92 
131 157 
159 165 
15 158 
58 141 
33 53 
20 131 
142 161 
61 90 
91 155 
78 171 
67 157 
19 101 
71 122 
107 161 
20 119 
96 100 
102 166 
47 71 
34 94 
39 108 
26 134 
68 132 
96 152 
39 107 
103 116 
177 180 
50 113 
36 135 
46 81 
101 148 
78 108 
51 52 
134 178 
18 155 
100 114 
58 166 
95 108 
96 157 
115 162 
77 138 
77 119 
62 124 
149 176 
30 59 
43 159 
51 54 
73 118 
15 107 
48 132 
91 106 
138 142 
49 174 
24 163 
53 73 
82 89 
64 116 
101 131 
148 157 
82 177 
50 67 
60 114 
54 93 
21 87 
54 178 
44 173 
121 141 
23 44 
35 143 
21 88 
48 92 
117 132 
81 128 
141 148 
16 34 
49 144 
121 170 
53 176 
152 165 
116 160 
73 149 
81 119 
36 58 
38 48 
114 122 
141 146 
30 57 
72 118 
52 91 
21 99 
30 138 
73 160 
128 173 
50 146 
150 157 
50 101 
107 146 
38 173 
135 178 
23 113 
48 157 
30 122 
35 43 
29 50 
40 152 
80 101 
133 151 
32 150 
146 155 
23 133 
79 119 
36 53 
79 80 
116 134 
60 64 
59 107 
24 172 
26 169 
30 40 
38 44 
92 101 
141 160 
66 105 
101 166 
26 135 
91 119 
40 143 
17 137 
37 144 
156 158 
119 137 
36 91 
130 148 
82 110 
45 117 
44 106 
15 138 
46 115 
49 52 
26 75 
39 143 
51 80 
35 99 
62 85 
17 103 
20 61 
99 123 
90 159 
99 113 
87 159 
89 146 
157 162 
24 91 
102 113 
46 48 
17 58 
21 78 
157 159 
33 127 
36 155 
102 174 
74 87 
20 109 
57 141 
58 178 
20 117 
88 147 
135 173 
37 109 
147 162 
36 44 
121 135 
75 161 
90 103 
87 146 
86 162 
90 142 
134 161 
78 137 
142 156 
121 159 
51 76 
39 151 
62 163 
49 104 
123 172 
20 44 
61 87 
26 129 
158 166 
151 174 
38 68 
107 108 
72 117 
18 65 
86 159 
47 136 
117 135 
103 155 
36 67 
100 106 
58 169 
93 174 
15 67 
117 124 
38 86 
25 142 
35 44 
96 158 
170 180 
79 118 
86 94 
30 52 
165 174 
74 110 
35 100 
62 101 
117 147 
135 171 
65 94 
77 146 
16 176 
59 180 
94 137 
35 81 
93 124 
35 63 
18 128 
37 74 
15 25 
58 76 
107 110 
138 170 
26 159 
74 94 
38 151 
16 82 
74 78 
117 133 
156 169 
61 71 
115 172 
20 95 
100 175 
86 147 
31 106 
85 122 
103 115 
33 80 
67 82 
47 145 
19 90 
64 89 
61 106 
109 163 
22 33 
39 91 
39 142 
88 105 
38 61 
24 51 
175 180 
134 151 
63 67 
114 148 
21 148 
18 170 
79 87 
18 61 
25 138 
81 104 
79 146 
75 117 
115 151 
61 141 
21 38 
152 158 
46 133 
104 147 
82 173 
17 173 
156 157 
44 60 
150 174 
53 169 
25 58 
52 158 
142 162 
145 162 
38 63 
60 73 
76 162 
62 82 
23 52 
50 53 
86 166 
52 163 
102 156 
107 141 
44 120 
19 115 
116 144 
64 178 
74 160 
102 118 
24 146 
34 87 
43 176 
86 138 
85 109 
65 162 
54 104 
79 93 
26 80 
60 179 
110 122 
37 92 
38 132 
23 121 
16 44 
88 116 
62 135 
64 137 
120 150 
50 155 
39 90 
35 51 
16 118 
35 92 
72 94 
51 62 
54 115 
66 159 
67 173 
81 108 
15 92 
72 124 
17 67 
77 115 
31 54 
101 127 
124 147 
110 134 
48 62 
65 169 
79 166 
51 110 
61 143 
94 152 
45 162 
59 94 
43 89 
39 72 
100 136 
16 78 
136 172 
87 141 
132 180 
16 19 
94 180 
26 117 
51 89 
15 178 
79 144 
32 106 
44 104 
144 158 
23 158 
71 118 
24 77 
35 177 
67 81 
77 133 
106 122 
74 173 
34 45 
117 180 
47 82 
90 92 
81 88 
50 144 
19 61 
60 95 
33 86 
18 30 
64 141 
92 115 
31 128 
25 82 
108 127 
23 143 
75 138 
95 178 
133 143 
40 123 
76 150 
30 118 
67 88 
30 31 
63 132 
124 158 
62 89 
34 129 
26 170 
62 128 
16 24 
26 58 
78 173 
45 129 
133 135 
33 147 
79 130 
63 136 
85 171 
158 170 
90 133 
33 82 
80 128 
68 164 
161 171 
85 146 
122 128 
50 156 
170 176 
59 151 
20 64 
115 179 
23 99 
105 151 
39 176 
74 148 
15 162 
47 103 
109 147 
86 95 
57 105 
79 81 
110 141 
52 164 
104 169 
67 149 
52 79 
117 141 
60 149 
173 179 
34 164 
99 106 
47 62 
22 127 
76 106 
149 178 
29 105 
62 136 
101 147 
20 106 
46 73 
16 79 
116 164 
47 115 
54 67 
144 172 
76 82 
29 91 
108 124 
54 147 
20 24 
102 151 
33 93 
65 128 
75 170 
60 174 
79 151 
30 160 
19 35 
148 149 
29 37 
87 124 
161 176 
18 96 
38 142 
142 163 
24 138 
49 177 
52 58 
35 129 
37 133 
88 136 
131 171 
138 144 
86 99 
66 72 
107 159 
26 59 
53 131 
163 165 
63 113 
64 162 
21 141 
15 32 
73 99 
46 131 
34 79 
45 61 
24 93 
30 73 
21 85 
65 108 
18 158 
48 162 
86 169 
68 165 
73 130 
23 77 
50 158 
127 155 
44 133 
75 102 
20 161 
18 142 
37 180 
71 158 
71 173 
15 165 
33 142 
38 59 
57 134 
22 106 
114 131 
30 81 
20 39 
66 174 
101 172 
53 64 
87 145 
71 88 
19 103 
81 94 
29 54 
15 147 
163 179 
61 79 
103 104 
144 155 
76 156 
72 109 
37 155 
102 103 
60 180 
39 53 
34 38 
37 43 
39 149 
32 110 
48 49 
138 160 
32 164 
134 170 
159 179 
32 131 
21 122 
45 159 
61 75 
78 87 
116 169 
21 94 
58 158 
86 130 
117 143 
50 110 
50 148 
77 166 
78 92 
49 158 
60 88 
87 92 
68 148 
17 75 
50 52 
20 82 
26 136 
71 74 
75 118 
63 157 
72 122 
99 160 
24 134 
46 110 
22 145 
35 128 
150 155 
53 138 
62 118 
38 171 
43 121 
20 123 
108 178 
137 158 
118 150 
16 130 
79 117 
19 99 
174 178 
75 91 
46 58 
150 165 
77 173 
39 121 
131 173 
127 179 
76 152 
146 179 
104 108 
51 151 
31 99 
43 52 
53 137 
23 120 
40 90 
60 129 
99 120 
48 91 
24 43 
46 102 
16 68 
137 159 
115 171 
57 78 
33 146 
67 133 
75 103 
58 131 
40 116 
29 131 
34 40 
62 129 
99 129 
72 81 
60 143 
51 148 
71 92 
94 165 
82 103 
45 68 
57 138 
35 89 
59 137 
60 116 
20 116 
123 174 
24 52 
91 174 
23 86 
68 91 
68 173 
99 174 
60 74 
130 137 
58 129 
25 108 
21 159 
29 165 
86 88 
54 106 
31 77 
65 156 
46 78 
134 162 
36 109 
22 79 
51 128 
134 137 
94 103 
44 76 
124 178 
52 137 
132 173 
50 143 
32 124 
66 67 
66 76 
92 124 
15 119 
63 76 
37 108 
37 157 
151 178 
106 124 
95 103 
79 110 
57 148 
45 47 
127 164 
89 115 
30 34 
127 157 
105 120 
16 129 
30 177 
164 171 
86 103 
172 178 
23 65 
23 96 
104 124 
16 164 
113 123 
61 175 
60 165 
30 82 
47 123 
109 164 
36 142 
134 174 
73 152 
93 150 
49 172 
33 164 
152 170 
21 73 
59 67 
31 61 
127 131 
38 91 
96 110 
104 150 
24 105 
113 161 
93 123 
16 64 
78 91 
31 95 
30 156 
137 165 
20 156 
102 175 
122 176 
75 165 
67 118 
50 91 
73 80 
57 158 
94 107 
121 122 
79 145 
76 149 
89 113 
102 122 
108 135 
118 173 
29 79 
43 157 
36 80 
105 157 
63 155 
25 34 
30 61 
18 173 
43 88 
32 39 
18 20 
26 149 
32 159 
134 158 
36 106 
105 127 
59 110 
163 164 
119 166 
65 68 
86 93 
51 152 
61 72 
25 171 
47 117 
89 127 
43 118 
32 122 
136 169 
29 75 
79 96 
75 108 
33 92 
19 58 
137 151 
92 160 
155 165 
18 110 
59 152 
137 169 
108 180 
76 79 
22 96 
82 101 
38 80 
103 156 
156 179 
88 162 
53 95 
63 145 
17 33 
80 90 
21 161 
108 148 
37 170 
16 157 
54 135 
76 161 
75 113 
104 160 
16 54 
45 52 
31 60 
45 58 
34 176 
52 123 
37 61 
40 173 
134 180 
68 155 
76 86 
51 142 
26 165 
105 175 
132 146 
64 175 
57 93 
158 159 
34 53 
87 144 
35 144 
121 160 
34 106 
52 95 
31 180 
107 150 
147 151 
25 132 
36 85 
50 141 
61 96 
18 89 
115 157 
67 150 
118 178 
104 178 
29 120 
36 47 
26 166 
94 135 
148 180 
99 163 
31 59 
59 68 
146 149 
128 137 
107 143 
166 179 
95 163 
48 159 
92 121 
17 34 
35 122 
24 109 
19 32 
50 165 
50 82 
100 120 
20 157 
79 158 
73 128 
18 22 
88 155 
110 150 
88 175 
44 143 
77 158 
138 164 
66 146 
93 100 
114 157 
25 114 
101 128 
38 105 
40 72 
59 76 
141 170 
76 172 
24 124 
18 174 
61 165 
18 33 
81 137 
73 165 
109 146 
96 109 
73 144 
116 118 
61 65 
47 59 
37 174 
76 177 
146 180 
66 71 
91 145 
66 164 
43 152 
48 119 
119 179 
89 91 
121 129 
53 163 
66 87 
82 102 
99 176 
82 131 
30 106 
71 93 
78 128 
75 119 
30 99 
104 116 
127 146 
138 152 
71 75 
38 96 
54 66 
44 124 
102 162 
57 91 
22 23 
19 80 
49 159 
81 96 
29 32 
22 178 
19 148 
107 149 
43 174 
58 116 
36 160 
85 163 
52 144 
47 162 
58 86 
47 160 
100 115 
50 174 
64 102 
136 156 
115 146 
78 94 
19 145 
34 132 
61 85 
105 135 
127 158 
45 173 
137 142 
149 165 
68 170 
71 85 
26 138 
44 110 
33 96 
57 132 
15 106 
85 170 
89 100 
29 53 
81 106 
85 178 
29 151 
32 43 
100 118 
91 150 
34 46 
102 109 
62 102 
29 180 
68 90 
18 119 
103 170 
22 45 
61 77 
57 172 
74 81 
88 122 
16 77 
133 177 
44 81 
113 158 
100 104 
151 180 
130 149 
81 120 
17 130 
85 102 
108 159 
17 123 
85 114 
35 52 
120 160 
134 136 
101 143 
16 90 
20 46 
21 26 
53 128 
79 162 
45 166 
59 128 
23 128 
46 176 
54 138 
131 165 
71 133 
43 135 
74 91 
16 116 
133 178 
165 169 
61 179 
49 73 
47 133 
95 180 
118 174 
91 157 
65 134 
32 47 
59 74 
15 44 
45 95 
92 105 
133 145 
15 121 
49 164 
60 90 
40 77 
63 93 
95 156 
57 127 
45 149 
18 74 
52 110 
37 57 
66 110 
103 128 
22 118 
67 115 
64 118 
163 176 
80 178 
37 163 
165 179 
61 146 
49 106 
122 157 
90 121 
17 23 
20 52 
76 89 
32 94 
101 180 
73 134 
124 163 
65 147 
25 117 
36 102 
103 175 
118 161 
59 119 
59 129 
82 128 
80 176 
40 157 
36 71 
78 82 
35 77 
37 119 
114 151 
35 134 
121 131 
54 176 
35 47 
80 142 
92 108 
119 171 
43 106 
20 110 
68 134 
104 176 
102 137 
20 68 
25 78 
102 106 
52 160 
64 134 
51 143 
29 148 
76 80 
23 48 
58 101 
80 95 
63 90 
39 157 
80 109 
85 86 
76 160 
63 118 
127 143 
137 180 
40 48 
15 64 
53 179 
60 151 
15 122 
15 65 
30 132 
81 122 
72 152 
16 156 
91 166 
66 158 
23 170 
160 180 
74 124 
143 159 
72 144 
89 105 
63 172 
37 113 
25 93 
24 26 
91 123 
128 179 
23 89 
127 162 
23 75 
67 74 
33 66 
43 68 
50 117 
47 100 
61 161 
29 86 
57 68 
113 114 
142 176 
48 136 
114 138 
142 148 
93 117 
48 51 
77 96 
95 106 
129 137 
39 57 
87 176 
20 57 
64 119 
63 122 
108 128 
45 179 
71 81 
39 47 
52 134 
20 180 
71 105 
145 147 
60 145 
113 148 
65 119 
74 132 
88 144 
60 80 
18 127 
51 105 
32 146 
50 100 
24 117 
53 171 
18 169 
53 102 
62 134 
72 82 
60 72 
68 124 
47 137 
117 163 
49 141 
115 173 
134 143 
17 135 
156 178 
57 77 
61 149 
147 160 
26 63 
73 176 
72 89 
160 163 
15 34 
53 166 
148 155 
34 91 
141 152 
117 131 
85 156 
117 136 
17 30 
16 48 
114 165 
53 136 
45 49 
79 173 
44 129 
81 146 
22 75 
157 177 
93 135 
74 80 
157 165 
57 106 
37 151 
54 90 
103 121 
96 166 
38 144 
106 141 
21 151 
123 155 
141 151 
33 113 
51 178 
82 146 
73 104 
61 147 
133 165 
66 178 
129 138 
43 134 
37 96 
156 177 
99 159 
66 161 
24 157 
48 165 
90 137 
65 144 
145 170 
20 105 
43 117 
74 169 
17 68 
118 175 
46 177 
103 130 
45 99 
86 108 
21 67 
63 119 
19 129 
44 78 
165 176 
110 172 
68 102 
145 171 
120 156 
66 131 
59 135 
51 138 
119 169 
132 143 
117 169 
63 100 
93 156 
124 159 
57 128 
130 136 
90 104 
105 148 
57 177 
18 78 
128 147 
86 96 
30 94 
63 142 
136 163 
16 108 
72 133 
52 63 
81 174 
30 133 
90 179 
58 108 
52 85 
25 75 
109 157 
78 127 
37 176 
62 87 
21 178 
92 118 
62 67 
23 33 
21 79 
165 178 
21 170 
146 164 
79 136 
141 144 
15 86 
141 157 
59 80 
22 174 
61 102 
93 142 
58 148 
16 81 
47 101 
40 54 
85 99 
75 147 
18 163 
81 177 
51 71 
16 99 
86 141 
161 179 
91 105 
47 166 
30 103 
58 149 
89 129 
43 80 
26 91 
23 166 
32 172 
17 162 
135 156 
107 180 
39 77 
37 150 
117 170 
16 66 
30 48 
155 162 
62 74 
75 163 
152 157 
31 145 
106 107 
57 159 
30 143 
52 121 
74 93 
71 95 
18 91 
85 164 
114 119 
53 143 
109 130 
78 175 
35 65 
53 94 
52 135 
48 172 
53 96 
164 177 
21 93 
100 134 
114 162 
29 161 
46 82 
39 50 
165 170 
144 180 
103 157 
77 99 
29 142 
23 30 
51 124 
49 74 
29 179 
31 75 
61 148 
29 175 
137 178 
26 180 
35 145 
25 105 
127 165 
20 40 
150 178 
37 78 
121 165 
116 137 
144 149 
32 85 
52 116 
78 160 
18 131 
156 161 
71 89 
45 148 
49 128 
85 133 
113 152 
120 164 
57 63 
54 145 
142 149 
75 142 
49 108 
17 164 
22 24 
33 130 
136 150 
25 30 
43 137 
82 133 
37 87 
90 130 
18 81 
23 100 
96 136 
15 37 
26 109 
16 110 
58 90 
136 175 
32 160 
22 131 
54 96 
169 173 
17 136 
120 155 
31 86 
162 178 
40 145 
51 100 
106 171 
82 96 
34 104 
110 127 
59 61 
36 66 
67 90 
50 92 
53 71 
72 105 
22 104 
92 170 
35 149 
35 121 
88 131 
61 120 
104 134 
65 92 
17 63 
88 166 
82 94 
58 121 
19 122 
21 35 
50 86 
62 172 
18 116 
15 80 
29 68 
47 102 
49 166 
62 107 
74 180 
58 62 
60 147 
57 120 
57 92 
16 134 
71 165 
156 159 
75 152 
159 163 
135 170 
145 160 
35 64 
15 16 
18 114 
96 149 
22 80 
21 162 
52 133 
29 95 
25 121 
18 117 
15 78 
19 152 
47 179 
100 176 
65 152 
61 94 
80 173 
108 109 
38 89 
135 158 
39 95 
137 157 
16 158 
58 104 
63 77 
90 174 
75 99 
77 88 
102 123 
150 162 
88 117 
54 127 
78 103 
79 148 
30 88 
67 129 
108 174 
48 177 
21 62 
80 102 
166 172 
60 108 
60 104 
143 160 
130 132 
29 135 
110 148 
24 161 
18 38 
68 150 
66 156 
92 122 
49 80 
130 162 
89 101 
121 145 
68 128 
108 177 
91 131 
45 116 
87 150 
25 50 
29 150 
78 172 
94 118 
47 72 
114 124 
18 23 
19 166 
43 124 
34 103 
143 163 
60 176 
128 144 
51 118 
17 141 
52 65 
95 119 
47 158 
92 166 
102 173 
17 121 
20 81 
133 179 
15 72 
36 165 
44 100 
34 108 
110 128 
53 93 
91 146 
102 108 
63 129 
30 53 
63 131 
82 142 
60 172 
33 152 
94 115 
26 61 
78 100 
44 115 
18 138 
34 171 
117 175 
77 92 
40 142 
145 163 
38 77 
48 173 
29 158 
54 174 
85 130 
54 57 
81 157 
52 148 
135 157 
71 149 
122 130 
32 175 
79 91 
89 136 
76 133 
31 109 
101 110 
20 35 
29 77 
25 77 
51 93 
44 175 
45 144 
155 176 
109 172 
15 101 
78 105 
45 137 
34 96 
121 171 
148 170 
15 17 
71 135 
48 114 
15 24 
59 75 
82 119 
80 163 
58 174 
64 132 
96 137 
65 71 
17 93 
50 65 
60 121 
66 180 
72 177 
30 35 
81 124 
87 132 
133 155 
90 145 
15 179 
120 148 
155 159 
24 53 
86 149 
120 178 
26 164 
78 96 
117 149 
25 52 
38 175 
19 53 
47 132 
29 80 
46 74 
57 66 
81 92 
65 170 
101 105 
94 108 
34 88 
118 130 
45 170 
58 99 
115 119 
31 96 
61 114 
89 151 
43 144 
24 162 
71 123 
48 122 
21 68 
72 101 
20 158 
15 177 
24 100 
135 149 
64 159 
133 148 
107 160 
19 123 
36 43 
107 171 
109 150 
25 116 
58 75 
91 151 
158 163 
93 160 
21 146 
26 36 
39 124 
48 117 
162 174 
105 145 
93 109 
39 48 
101 176 
47 118 
51 61 
51 129 
114 129 
73 137 
81 95 
95 99 
77 160 
82 166 
23 137 
91 143 
30 49 
86 89 
46 166 
86 119 
89 162 
61 135 
67 156 
60 136 
50 54 
54 109 
15 176 
121 162 
66 157 
37 46 
19 76 
86 145 
91 178 
136 137 
91 148 
82 117 
75 123 
20 160 
64 147 
106 145 
32 52 
60 123 
115 134 
96 174 
78 138 
103 124 
23 63 
18 86 
73 82 
129 147 
34 147 
65 121 
143 165 
141 166 
15 38 
129 172 
16 62 
68 147 
127 147 
164 176 
169 174 
87 120 
35 164 
109 143 
118 138 
29 102 
36 122 
40 120 
87 103 
92 146 
21 45 
89 131 
142 155 
20 99 
95 105 
26 64 
106 178 
48 161 
17 89 
99 131 
104 162 
132 171 
96 176 
43 90 
49 178 
35 136 
90 150 
115 165 
66 95 
16 38 
135 163 
109 142 
49 51 
19 131 
30 100 
146 165 
118 142 
43 141 
94 157 
96 118 
72 160 
29 173 
124 146 
75 77 
50 120 
22 37 
51 53 
145 175 
119 156 
85 176 
32 77 
34 102 
60 128 
59 109 
100 146 
22 44 
61 121 
77 132 
134 160 
48 90 
39 123 
44 95 
99 149 
32 89 
166 170 
64 91 
44 103 
46 127 
161 163 
117 128 
67 77 
18 49 
61 105 
59 179 
48 128 
36 107 
72 104 
104 146 
16 174 
95 149 
124 145 
54 159 
59 88 
122 143 
17 118 
58 89 
141 149 
18 79 
163 171 
104 161 
45 135 
89 106 
44 64 
37 79 
22 143 
65 77 
118 141 
38 128 
49 169 
36 96 
31 149 
44 174 
75 94 
45 100 
47 147 
33 138 
100 180 
30 145 
158 180 
31 174 
78 122 
158 165 
95 123 
36 127 
48 148 
73 180 
25 35 
73 113 
114 115 
48 133 
81 132 
124 169 
71 132 
17 99 
152 175 
64 108 
77 86 
44 63 
30 79 
52 105 
127 136 
105 180 
20 142 
51 117 
129 130 
50 78 
88 174 
33 120 
60 107 
68 103 
172 174 
37 75 
68 151 
91 129 
32 37 
15 102 
74 138 
35 104 
92 145 
15 159 
62 113 
144 146 
44 123 
25 179 
39 141 
17 47 
99 130 
37 179 
29 64 
99 103 
58 122 
22 138 
39 62 
59 123 
108 145 
44 176 
71 106 
57 122 
62 90 
23 34 
155 173 
25 146 
105 165 
52 136 
57 150 
68 101 
57 145 
146 177 
57 133 
142 173 
23 40 
64 121 
43 132 
21 29 
131 152 
144 145 
22 135 
85 177 
43 96 
18 100 
122 142 
159 164 
78 143 
18 151 
73 173 
101 121 
101 178 
52 120 
62 137 
45 133 
72 145 
22 151 
144 175 
37 137 
40 58 
66 94 
21 114 
132 145 
58 109 
146 169 
89 174 
137 138 
22 141 
106 118 
20 77 
49 138 
53 173 
100 144 
64 169 
118 146 
136 138 
64 171 
52 178 
54 62 
99 165 
174 180 
77 177 
137 175 
54 89 
72 96 
46 160 
143 166 
142 152 
50 145 
35 163 
17 94 
88 108 
38 134 
33 109 
96 159 
32 62 
105 129 
24 178 
39 79 
177 179 
90 180 
58 132 
61 110 
145 146 
36 178 
47 148 
15 129 
40 65 
68 100 
119 160 
76 176 
116 161 
16 80 
138 173 
120 145 
114 155 
90 144 
65 66 
89 164 
48 109 
24 46 
26 147 
146 151 
93 148 
71 164 
59 62 
106 147 
37 122 
62 115 
129 178 
20 155 
31 58 
63 177 
94 142 
33 174 
75 141 
122 166 
40 100 
15 105 
163 169 
73 135 
40 91 
35 158 
124 142 
23 164 
62 105 
39 103 
143 156 
87 135 
18 161 
86 115 
127 141 
65 102 
132 144 
40 45 
76 147 
47 163 
39 159 
72 86 
96 163 
57 109 
78 176 
73 133 
17 143 
72 80 
32 54 
160 177 
92 109 
162 170 
73 177 
34 155 
160 174 
62 108 
141 147 
75 160 
50 142 
52 171 
39 40 
30 180 
123 176 
59 158 
123 132 
130 160 
31 36 
65 78 
93 175 
135 152 
133 150 
161 177 
48 58 
137 155 
23 107 
121 128 
147 175 
29 71 
18 94 
72 175 
38 72 
87 101 
65 103 
35 79 
39 165 
67 147 
49 162 
71 170 
102 127 
19 89 
19 23 
103 150 
60 117 
53 99 
59 178 
48 170 
65 107 
34 47 
134 149 
32 163 
108 156 
76 113 
99 109 
35 40 
104 157 
92 180 
147 173 
77 174 
62 81 
68 122 
15 35 
73 77 
21 117 
44 66 
43 47 
40 68 
86 135 
135 165 
36 144 
165 171 
124 175 
119 128 
57 123 
39 129 
135 142 
53 147 
93 130 
108 115 
20 132 
34 120 
88 121 
20 148 
20 31 
19 106 
50 107 
65 176 
61 169 
86 101 
57 102 
24 121 
25 147 
58 145 
144 177 
130 145 
116 176 
92 176 
53 103 
128 143 
51 113 
34 157 
91 136 
68 95 
50 138 
31 73 
43 94 
150 170 
143 177 
31 115 
86 176 
78 124 
53 170 
54 132 
22 78 
43 165 
81 178 
105 115 
71 176 
107 119 
96 156 
114 132 
45 105 
90 132 
52 170 
38 75 
145 152 
103 160 
58 161 
130 152 
34 109 
80 129 
76 163 
54 113 
22 66 
92 132 
87 174 
47 159 
54 136 
163 174 
78 135 
18 113 
121 133 
52 118 
64 101 
86 180 
23 162 
143 161 
136 152 
80 89 
66 143 
15 54 
91 169 
33 46 
21 72 
18 101 
124 143 
67 119 
15 79 
173 177 
21 31 
45 127 
110 117 
71 110 
72 121 
16 115 
43 155 
40 164 
19 52 
29 114 
81 82 
52 175 
124 171 
32 74 
67 108 
148 169 
26 87 
77 143 
53 157 
31 63 
81 109 
67 79 
30 158 
31 44 
82 164 
58 88 
129 145 
33 177 
107 164 
21 134 
26 161 
47 135 
33 118 
119 163 
49 59 
46 165 
123 147 
23 103 
36 86 
64 96 
100 107 
110 178 
57 157 
46 164 
60 85 
18 130 
34 68 
116 179 
47 144 
77 90 
79 172 
64 144 
19 46 
37 148 
50 61 
169 179 
35 90 
63 86 
93 176 
138 149 
54 103 
131 145 
24 81 
62 173 
25 115 
47 53 
79 131 
32 51 
53 75 
78 136 
33 74 
53 85 
94 162 
58 107 
66 91 
128 145 
45 152 
142 177 
16 89 
85 172 
74 109 
34 137 
43 179 
120 130 
53 65 
76 178 
29 44 
159 173 
75 100 
80 114 
21 32 
66 147 
151 159 
62 171 
148 160 
87 95 
54 156 
62 95 
51 141 
61 116 
71 128 
79 115 
54 179 
103 133 
20 72 
23 176 
24 72 
72 107 
73 169 
75 135 
117 161 
80 138 
123 162 
24 35 
26 103 
81 102 
127 180 
45 134 
60 105 
23 156 
82 175 
26 88 
86 102 
137 170 
38 76 
93 127 
116 130 
18 103 
94 110 
137 164 
35 46 
49 127 
79 86 
109 176 
53 57 
49 96 
149 166 
17 49 
39 180 
161 164 
24 155 
87 166 
66 150 
122 155 
80 146 
44 90 
44 164 
43 49 
25 95 
99 116 
23 110 
51 176 
15 74 
26 118 
80 121 
61 131 
92 149 
39 170 
63 150 
57 103 
38 65 
90 107 
49 180 
36 173 
29 96 
124 179 
40 166 
123 144 
30 179 
145 179 
20 90 
117 165 
21 22 
128 152 
52 94 
47 65 
38 88 
94 116 
39 117 
77 93 
103 118 
135 151 
68 87 
159 174 
58 170 
23 124 
57 155 
71 175 
174 175 
131 172 
74 76 
48 72 
29 82 
119 178 
39 132 
21 74 
124 137 
37 45 
34 150 
23 82 
66 160 
60 110 
94 176 
32 67 
44 75 
19 142 
67 141 
144 178 
32 92 
18 144 
91 99 
91 100 
102 119 
82 109 
163 170 
43 87 
33 35 
24 151 
35 101 
94 102 
65 114 
22 116 
122 180 
105 119 
113 166 
134 150 
137 149 
24 175 
30 151 
45 165 
108 169 
146 162 
103 131 
108 163 
36 129 
31 131 
93 120 
147 179 
141 145 
107 115 
95 115 
36 166 
36 79 
21 75 
24 132 
94 172 
119 157 
60 163 
88 157 
110 151 
133 147 
33 143 
103 147 
115 143 
76 77 
40 62 
33 124 
33 135 
63 147 
51 68 
67 105 
104 106 
175 177 
107 156 
92 110 
68 142 
39 169 
22 110 
36 110 
104 128 
122 137 
19 62 
133 141 
18 35 
17 87 
25 175 
40 113 
99 102 
51 73 
77 156 
65 74 
48 87 
82 156 
18 115 
57 115 
117 172 
20 115 
49 161 
24 86 
102 117 
113 137 
38 122 
117 164 
21 107 
45 120 
77 123 
16 107 
40 59 
46 132 
53 133 
101 102 
44 138 
58 100 
35 141 
78 86 
54 170 
104 130 
29 164 
151 176 
166 177 
17 50 
92 173 
67 163 
40 106 
49 120 
161 166 
51 91 
103 166 
15 89 
45 62 
25 59 
113 130 
18 29 
171 180 
59 92 
91 113 
48 137 
93 178 
94 143 
143 179 
46 93 
80 117 
49 60 
52 152 
57 95 
43 45 
76 78 
32 104 
49 77 
94 155 
94 101 
67 96 
64 160 
58 113 
22 77 
29 141 
78 113 
127 177 
29 51 
64 81 
95 173 
23 114 
128 151 
96 147 
101 150 
159 162 
113 180 
61 152 
101 134 
48 80 
68 74 
20 136 
45 92 
138 171 
26 106 
88 91 
102 110 
93 143 
67 177 
33 158 
73 100 
43 147 
116 171 
71 117 
67 124 
61 99 
143 148 
133 175 
94 148 
46 57 
89 137 
80 143 
135 145 
33 116 
24 107 
47 95 
57 178 
67 162 
17 104 
59 116 
77 108 
52 99 
79 104 
63 107 
76 85 
74 85 
66 75 
43 77 
30 102 
30 32 
106 117 
170 172 
47 129 
53 74 
143 175 
124 156 
96 99 
35 75 
82 107 
50 161 
80 119 
152 171 
128 166 
37 127 
58 103 
50 90 
109 127 
131 132 
23 58 
90 169 
37 63 
47 105 
136 180 
19 75 
74 75 
109 180 
17 62 
93 151 
107 175 
43 164 
26 33 
21 109 
149 173 
94 175 
22 62 
23 85 
80 85 
76 117 
26 30 
119 124 
141 155 
157 178 
34 143 
33 57 
101 151 
94 169 
59 86 
96 144 
29 65 
79 160 
62 94 
72 95 
120 177 
73 166 
21 64 
86 121 
29 124 
53 155 
77 117 
138 155 
35 95 
145 164 
80 108 
75 148 
89 142 
143 149 
19 40 
53 88 
23 142 
75 162 
91 127 
109 149 
33 110 
19 132 
16 106 
115 144 
121 132 
95 160 
19 95 
25 76 
17 95 
76 88 
61 136 
68 115 
51 67 
89 103 
52 124 
63 68 
19 151 
101 142 
166 173 
23 144 
31 178 
117 162 
106 163 
71 90 
71 102 
119 155 
92 104 
82 151 
127 178 
53 141 
88 113 
72 176 
61 144 
40 50 
78 177 
81 85 
20 73 
106 161 
30 105 
46 145 
25 67 
105 158 
46 104 
166 171 
33 50 
19 81 
35 85 
144 171 
67 142 
121 176 
105 172 
65 129 
22 99 
59 132 
101 130 
34 61 
102 179 
20 21 
51 174 
108 160 
77 79 
76 141 
78 133 
128 180 
20 78 
127 138 
19 169 
67 123 
78 151 
75 143 
37 89 
65 143 
29 152 
44 108 
50 87 
25 124 
44 150 
145 156 
63 144 
85 116 
47 67 
67 117 
93 159 
59 108 
21 157 
61 150 
20 159 
32 59 
92 151 
73 101 
23 160 
43 149 
34 135 
25 136 
81 147 
53 80 
40 162 
155 163 
65 166 
87 161 
32 66 
93 177 
33 40 
119 147 
40 94 
49 94 
50 170 
54 143 
22 124 
73 143 
52 109 
63 151 
44 45 
26 93 
95 131 
59 160 
63 103 
65 142 
113 133 
143 151 
66 90 
53 54 
31 123 
99 166 
15 66 
102 177 
32 149 
36 101 
40 118 
31 32 
34 123 
90 178 
57 58 
165 166 
135 155 
76 158 
54 150 
43 163 
35 57 
86 124 
25 135 
60 67 
23 71 
21 81 
99 141 
122 133 
60 177 
175 178 
18 67 
54 129 
117 146 
48 118 
119 175 
88 100 
93 172 
150 161 
79 135 
17 80 
59 141 
146 160 
77 171 
20 122 
74 106 
15 48 
116 148 
87 117 
122 151 
77 144 
34 172 
119 172 
136 166 
17 71 
45 67 
40 104 
73 155 
37 59 
81 145 
59 91 
52 62 
90 156 
76 87 
86 123 
106 169 
141 143 
62 65 
34 180 
34 92 
85 113 
73 92 
15 131 
88 137 
157 171 
63 171 
99 133 
34 105 
35 62 
132 147 
145 177 
39 93 
65 82 
15 52 
40 51 
119 177 
51 60 
51 79 
110 175 
115 147 
99 150 
93 138 
110 149 
95 179 
40 99 
59 90 
149 157 
160 178 
49 118 
116 136 
67 172 
86 143 
23 43 
73 136 
58 163 
124 129 
45 108 
24 149 
91 142 
20 152 
31 141 
24 54 
147 176 
90 158 
43 93 
130 134 
21 171 
20 176 
64 115 
34 156 
73 161 
35 166 
31 93 
87 115 
115 142 
26 47 
58 117 
15 93 
24 62 
23 60 
128 172 
59 138 
23 147 
73 115 
46 142 
124 174 
72 132 
67 152 
23 159 
72 179 
74 107 
77 80 
24 120 
34 58 
63 159 
26 51 
132 166 
128 136 
48 150 
54 158 
61 109 
116 149 
78 90 
133 138 
40 74 
88 106 
151 152 
34 173 
100 151 
87 177 
44 135 
32 180 
73 105 
48 105 
20 51 
78 79 
127 173 
31 156 
26 107 
50 178 
96 175 
63 170 
100 103 
37 103 
114 174 
49 131 
39 104 
76 94 
17 150 
26 137 
61 67 
89 147 
30 162 
24 150 
104 127 
100 155 
50 77 
151 172 
57 166 
86 109 
36 162 
113 162 
22 136 
16 22 
46 105 
29 47 
137 161 
44 161 
40 82 
77 169 
45 141 
54 88 
15 82 
169 172 
118 180 
29 156 
104 148 
26 46 
123 124 
130 131 
143 150 
64 177 
60 178 
20 43 
106 151 
92 102 
18 134 
54 148 
141 172 
21 34 
47 134 
37 38 
22 157 
36 163 
95 132 
21 76 
58 66 
58 102 
19 124 
21 61 
24 103 
65 146 
106 136 
74 163 
121 178 
62 175 
145 172 
60 62 
23 174 
17 105 
62 104 
79 137 
16 104 
59 79 
87 160 
16 109 
39 52 
40 63 
31 38 
52 179 
73 89 
67 95 
86 173 
58 71 
25 141 
76 132 
86 131 
63 178 
116 177 
63 82 
37 93 
66 173 
120 122 
37 72 
99 115 
133 171 
19 175 
106 144 
149 158 
90 157 
38 74 
76 173 
35 150 
54 65 
100 171 
113 173 
20 124 
173 180 
64 103 
30 54 
108 134 
104 107 
149 180 
18 50 
39 105 
33 76 
26 50 
67 72 
68 143 
75 159 
37 58 
138 172 
82 172 
76 131 
129 173 
71 99 
60 76 
85 142 
25 60 
64 136 
75 150 
34 166 
50 157 
16 170 
45 85 
47 156 
66 171 
21 23 
100 148 
36 148 
23 36 
59 113 
150 176 
79 159 
22 73 
89 169 
77 142 
54 157 
94 161 
67 94 
20 100 
18 180 
102 129 
18 93 
108 173 
46 79 
18 135 
76 143 
88 128 
51 170 
30 163 
50 75 
47 76 
114 133 
175 179 
38 180 
121 166 
20 127 
75 145 
107 148 
108 114 
75 164 
85 173 
68 117 
127 135 
81 172 
24 89 
60 155 
148 162 
78 119 
31 155 
48 57 
54 144 
40 136 
32 143 
52 108 
88 115 
65 161 
62 150 
132 133 
107 114 
66 77 
31 137 
118 133 
35 159 
18 150 
45 143 
114 178 
78 134 
57 119 
52 81 
110 173 
68 137 
75 109 
19 173 
25 37 
46 128 
57 65 
114 147 
39 87 
19 49 
30 92 
93 133 
49 121 
92 136 
113 176 
105 178 
54 85 
92 94 
25 32 
30 36 
30 45 
92 147 
25 100 
22 130 
90 131 
95 162 
103 171 
113 179 
35 132 
20 89 
107 178 
61 124 
15 116 
80 113 
33 61 
22 176 
157 169 
24 170 
36 128 
43 81 
15 99 
24 180 
87 173 
45 132 
21 164 
46 152 
80 133 
138 148 
46 101 
32 75 
64 92 
94 113 
94 178 
19 117 
99 145 
37 120 
116 155 
110 146 
31 158 
19 176 
75 106 
141 175 
74 127 
22 35 
78 85 
100 141 
87 155 
45 180 
31 169 
144 165 
25 102 
113 127 
96 151 
57 124 
119 145 
171 174 
50 177 
61 63 
36 146 
29 57 
39 137 
121 161 
39 65 
92 116 
61 180 
124 172 
72 147 
38 57 
89 102 
80 172 
75 175 
30 39 
16 162 
132 156 
33 95 
63 96 
49 78 
31 110 
81 150 
22 165 
93 144 
24 32 
57 164 
130 164 
53 82 
36 93 
81 176 
117 174 
81 127 
149 160 
87 157 
129 166 
127 161 
115 130 
53 72 
145 176 
96 104 
66 165 
31 101 
19 63 
20 96 
71 116 
39 122 
23 74 
119 121 
91 149 
17 24 
76 164 
26 92 
22 49 
22 58 
34 144 
114 179 
17 174 
81 163 
64 152 
29 113 
34 119 
46 135 
114 135 
137 141 
123 131 
138 141 
45 72 
32 123 
20 92 
109 155 
15 170 
67 85 
66 79 
16 71 
109 144 
71 171 
137 143 
133 159 
17 160 
121 130 
66 101 
63 110 
48 50 
57 80 
78 130 
73 157 
58 159 
106 142 
50 129 
21 96 
35 118 
109 113 
100 170 
25 165 
61 155 
110 145 
50 96 
132 176 
45 142 
24 156 
89 157 
60 89 
46 92 
22 25 
20 177 
135 179 
35 161 
110 159 
21 44 
36 38 
58 143 
40 117 
63 64 
124 160 
26 37 
40 67 
45 115 
37 95 
40 141 
34 85 
77 130 
53 67 
86 87 
129 171 
71 101 
123 180 
31 142 
36 169 
114 137 
79 90 
43 170 
33 49 
85 134 
45 130 
24 74 
173 175 
16 169 
21 147 
106 157 
24 59 
105 150 
115 164 
17 163 
132 158 
99 110 
37 106 
54 72 
160 164 
114 121 
30 173 
103 127 
53 60 
47 64 
134 138 
100 132 
108 121 
80 152 
36 49 
63 74 
23 102 
68 73 
73 81 
50 72 
138 169 
43 86 
137 172 
123 159 
94 159 
130 174 
95 142 
99 178 
92 129 
82 116 
21 65 
103 105 
31 135 
15 152 
22 119 
173 178 
19 128 
64 67 
93 104 
63 89 
146 147 
66 93 
145 180 
18 160 
29 93 
17 37 
22 164 
73 85 
25 130 
38 71 
30 172 
62 166 
99 121 
89 99 
113 150 
90 109 
18 51 
127 150 
49 75 
103 119 
73 121 
18 21 
94 109 
122 179 
59 130 
47 60 
88 152 
47 121 
113 120 
60 135 
73 103 
35 87 
57 72 
115 128 
48 164 
32 99 
37 166 
40 134 
148 166 
36 75 
155 164 
93 136 
57 114 
93 128 
73 102 
24 29 
43 180 
76 138 
127 134 
89 145 
110 147 
65 67 
110 131 
123 138 
87 149 
92 128 
36 59 
29 146 
58 130 
19 120 
169 180 
25 91 
77 127 
88 135 
24 160 
39 174 
120 135 
91 171 
85 144 
135 161 
75 178 
38 169 
43 66 
131 179 
47 177 
67 121 
15 18 
87 143 
117 144 
60 100 
85 127 
73 158 
128 169 
76 91 
82 87 
77 105 
89 160 
20 62 
26 82 
40 75 
101 169 
144 147 
17 65 
116 145 
29 145 
62 110 
25 39 
75 78 
52 64 
134 165 
40 180 
120 136 
72 146 
67 109 
116 121 
30 176 
49 123 
77 149 
120 142 
170 179 
124 176 
39 44 
48 129 
40 49 
52 86 
75 146 
20 170 
128 165 
165 172 
30 101 
43 101 
30 114 
71 152 
21 106 
57 151 
150 160 
18 152 
44 89 
60 122 
16 32 
99 147 
78 179 
107 177 
54 171 
50 93 
91 152 
35 58 
110 155 
16 166 
34 48 
66 82 
100 165 
54 105 
103 148 
33 179 
43 162 
45 163 
29 129 
114 146 
74 174 
132 163 
47 110 
65 174 
87 122 
45 82 
81 134 
17 157 
74 79 
136 173 
45 124 
144 173 
37 47 
32 144 
91 134 
114 171 
108 161 
114 150 
62 79 
46 75 
109 117 
30 164 
75 79 
37 107 
77 161 
80 150 
16 152 
128 175 
105 173 
117 173 
44 137 
118 179 
17 178 
59 71 
50 137 
39 172 
40 170 
26 130 
49 171 
137 177 
51 150 
156 160 
79 102 
44 107 
89 117 
106 134 
81 135 
19 25 
26 94 
95 147 
143 173 
43 142 
78 163 
100 156 
47 51 
93 94 
74 102 
17 88 
44 59 
31 71 
53 79 
31 157 
68 92 
66 100 
130 135 
45 110 
110 152 
82 180 
80 86 
39 46 
31 134 
54 120 
94 124 
172 177 
122 160 
86 106 
34 110 
100 173 
31 64 
39 43 
51 57 
26 79 
33 108 
36 157 
94 96 
25 66 
141 150 
29 147 
20 138 
53 89 
124 166 
30 77 
133 160 
82 165 
19 102 
24 39 
51 103 
36 54 
128 149 
21 102 
107 124 
74 166 
110 163 
37 68 
65 88 
101 129 
29 121 
54 172 
143 171 
135 166 
110 174 
93 163 
62 91 
104 165 
74 120 
21 48 
29 43 
18 159 
48 155 
77 131 
127 132 
58 157 
26 119 
122 144 
18 47 
35 117 
87 106 
21 179 
103 107 
54 73 
119 130 
19 44 
86 156 
23 157 
31 165 
34 43 
163 172 
93 129 
62 100 
57 118 
15 113 
16 17 
24 90 
22 123 
80 127 
37 162 
30 108 
130 172 
68 113 
31 74 
90 138 
53 90 
73 175 
65 155 
49 117 
87 105 
108 131 
25 137 
81 141 
66 141 
142 144 
62 143 
100 124 
141 176 
26 89 
75 149 
24 34 
25 73 
72 75 
63 173 
64 143 
105 171 
61 173 
162 175 
164 165 
60 170 
64 90 
96 131 
29 30 
78 131 
51 172 
43 107 
48 103 
124 150 
121 156 
95 130 
129 149 
137 160 
51 144 
44 121 
81 105 
49 101 
65 93 
86 177 
138 162 
99 177 
48 95 
146 157 
30 46 
62 72 
40 148 
40 175 
52 119 
113 146 
23 127 
29 133 
96 141 
26 74 
26 150 
92 155 
76 170 
50 180 
54 107 
67 138 
45 161 
85 166 
79 105 
57 116 
107 116 
141 180 
21 135 
130 150 
65 173 
31 161 
59 127 
50 149 
144 163 
44 102 
92 106 
25 161 
24 25 
24 57 
32 130 
35 94 
64 99 
105 128 
35 137 
138 145 
113 149 
43 50 
25 87 
45 164 
105 132 
48 64 
23 129 
57 67 
60 86 
79 165 
90 166 
120 144 
150 163 
82 147 
21 152 
122 136 
75 95 
113 157 
79 106 
73 145 
96 150 
73 107 
88 104 
71 91 
102 141 
51 122 
50 58 
50 105 
44 128 
79 171 
29 58 
16 96 
43 116 
46 108 
17 31 
143 155 
50 68 
77 91 
40 57 
30 119 
151 155 
23 136 
103 176 
91 176 
44 91 
37 114 
113 119 
87 127 
25 90 
60 164 
136 178 
114 177 
61 91 
26 116 
110 118 
23 46 
46 143 
147 169 
116 163 
33 178 
60 133 
110 180 
23 81 
138 165 
15 157 
63 109 
130 151 
26 72 
76 81 
15 85 
152 156 
31 51 
44 163 
25 173 
163 178 
73 109 
157 173 
33 75 
80 88 
33 121 
34 174 
20 163 
16 131 
32 64 
23 165 
152 177 
156 164 
131 166 
145 173 
77 95 
29 134 
36 87 
71 127 
150 152 
95 151 
138 174 
37 101 
93 95 
29 109 
26 32 
96 164 
114 117 
64 85 
47 86 
50 147 
59 136 
29 100 
88 148 
38 119 
68 138 
110 116 
50 71 
102 116 
86 114 
54 94 
59 89 
19 71 
81 158 
38 92 
17 76 
60 169 
99 101 
58 60 
95 164 
95 157 
120 174 
48 131 
52 113 
46 138 
33 85 
93 96 
45 119 
39 131 
37 178 
162 176 
122 178 
52 173 
124 128 
89 155 
51 109 
61 134 
38 160 
58 61 
158 169 
50 76 
30 148 
148 178 
110 121 
80 148 
74 136 
40 60 
19 100 
32 179 
45 71 
138 166 
131 180 
