8 132 137 
11 95 137 
0 47 60 
3 11 83 
0 6 120 
0 24 142 
0 136 139 
0 10 60 
12 47 143 
5 48 132 
0 133 142 
11 96 107 
107 131 143 
47 132 140 
3 131 143 
11 71 131 
36 132 139 
0 4 136 
3 4 132 
11 23 134 
23 131 132 
0 71 140 
36 84 132 
11 84 107 
108 138 143 
0 9 84 
0 60 135 
0 1 12 
1 7 132 
10 11 23 
4 11 23 
36 83 132 
0 7 71 
0 72 108 
0 5 84 
0 4 107 
0 47 107 
0 7 137 
7 131 132 
3 4 143 
84 132 140 
9 84 132 
138 141 143 
132 139 142 
0 96 140 
0 59 131 
0 59 83 
83 136 143 
0 1 8 
9 12 143 
0 72 119 
11 133 139 
3 24 143 
11 131 135 
0 72 133 
59 83 132 
9 11 72 
5 95 132 
83 132 140 
0 84 96 
0 71 107 
5 134 143 
0 95 134 
60 132 138 
5 36 132 
6 11 133 
9 60 143 
0 3 141 
23 137 143 
59 119 132 
4 139 143 
59 138 143 
0 95 96 
6 108 132 
11 48 84 
0 47 119 
0 7 131 
11 23 119 
0 3 108 
0 5 96 
72 119 143 
11 72 95 
72 135 143 
9 132 133 
4 7 11 
0 5 83 
4 9 11 
23 47 143 
11 23 136 
5 8 143 
1 11 120 
1 11 35 
12 84 143 
7 11 12 
9 132 136 
1 11 60 
0 137 142 
0 7 9 
0 12 138 
11 12 71 
0 96 133 
23 48 132 
11 23 140 
132 137 142 
0 36 141 
1 136 143 
4 24 143 
132 134 140 
11 24 48 
10 60 143 
1 48 143 
10 11 135 
0 8 136 
10 11 60 
11 47 133 
4 11 119 
10 59 132 
47 119 143 
0 59 140 
0 7 108 
0 1 84 
24 107 143 
8 11 137 
4 132 134 
11 134 141 
0 83 137 
8 11 140 
0 10 141 
11 120 140 
11 135 139 
11 47 84 
96 119 132 
0 2 5 
0 7 136 
9 11 107 
0 139 142 
6 60 132 
0 133 141 
7 10 143 
11 35 138 
107 135 143 
7 108 143 
95 108 143 
95 120 143 
4 95 132 
95 138 143 
11 96 120 
0 59 139 
7 120 132 
36 138 143 
131 132 142 
4 5 143 
7 9 132 
119 136 143 
47 48 132 
11 120 134 
0 6 107 
2 47 143 
0 107 108 
3 132 135 
0 8 134 
0 2 83 
23 132 139 
9 95 143 
60 131 132 
0 131 134 
24 36 143 
120 132 139 
4 120 143 
0 83 120 
0 8 10 
0 2 95 
9 10 11 
84 120 132 
59 84 132 
48 108 132 
47 132 134 
11 95 119 
11 107 142 
11 135 140 
11 84 136 
0 4 9 
11 24 138 
11 108 135 
4 132 135 
120 139 143 
10 108 143 
132 135 142 
11 71 108 
1 6 11 
11 12 133 
11 36 140 
0 3 138 
11 48 96 
0 47 135 
5 137 143 
5 96 132 
11 107 135 
11 24 133 
83 132 137 
84 131 132 
10 11 108 
11 59 71 
10 71 143 
83 135 143 
24 132 137 
95 132 134 
11 96 139 
0 133 137 
0 1 107 
0 108 133 
11 107 141 
60 133 143 
71 132 137 
10 11 137 
60 132 140 
11 71 119 
23 60 143 
5 133 143 
71 133 143 
4 107 132 
5 96 143 
8 10 143 
11 72 96 
0 6 134 
0 12 119 
8 11 138 
1 11 136 
11 59 136 
9 84 143 
1 10 143 
2 11 135 
1 11 137 
2 140 143 
132 134 141 
1 4 11 
0 84 137 
0 135 139 
0 9 131 
35 83 132 
132 135 141 
23 132 136 
11 47 72 
35 139 143 
11 107 133 
2 132 138 
12 36 132 
3 10 132 
5 132 137 
0 47 131 
95 132 140 
35 132 141 
0 9 138 
0 36 107 
3 7 11 
0 5 136 
1 138 143 
24 134 143 
5 11 71 
48 132 135 
0 9 10 
0 6 72 
11 35 108 
5 119 132 
0 95 119 
0 59 84 
0 35 120 
3 6 143 
12 142 143 
3 11 136 
0 35 96 
72 95 132 
83 107 132 
0 3 12 
0 59 136 
6 11 24 
132 141 142 
11 120 139 
107 132 136 
6 11 83 
0 10 47 
3 11 119 
0 84 140 
5 120 132 
35 119 143 
35 60 143 
84 140 143 
0 23 134 
11 59 140 
48 119 143 
11 131 139 
2 133 143 
4 120 132 
7 11 141 
84 141 143 
2 11 71 
11 12 140 
8 11 72 
6 11 119 
8 11 59 
0 84 95 
132 133 142 
24 119 143 
24 132 135 
11 59 60 
36 60 132 
0 133 138 
0 2 71 
0 48 71 
11 24 60 
119 132 133 
11 48 131 
4 71 132 
5 11 95 
11 137 140 
132 133 136 
24 137 143 
0 96 142 
10 96 132 
3 83 132 
0 5 23 
0 8 139 
24 131 132 
11 35 84 
59 132 133 
107 132 138 
2 120 132 
5 11 141 
11 83 135 
7 107 143 
1 131 143 
0 141 142 
9 24 143 
3 142 143 
108 133 143 
11 134 135 
36 47 143 
8 11 108 
0 7 59 
7 133 143 
4 36 143 
0 2 131 
9 36 132 
132 134 142 
60 119 132 
2 108 143 
1 7 143 
7 137 143 
60 136 143 
2 23 143 
11 96 134 
24 131 143 
12 134 143 
11 24 141 
0 9 47 
5 95 143 
10 11 138 
0 10 36 
133 142 143 
2 11 137 
6 133 143 
0 60 72 
11 48 134 
11 83 137 
0 10 139 
0 7 72 
108 132 140 
11 133 134 
12 84 132 
0 1 24 
8 132 141 
12 132 133 
107 136 143 
24 132 140 
0 47 133 
120 132 138 
11 24 120 
0 60 107 
0 24 140 
4 11 36 
11 60 84 
1 8 143 
36 108 143 
95 132 139 
0 72 141 
6 11 140 
1 133 143 
6 10 132 
0 1 59 
60 132 139 
96 119 143 
0 47 141 
84 108 143 
35 132 136 
6 36 132 
48 131 132 
2 139 143 
95 132 133 
6 132 133 
0 6 108 
0 8 96 
11 137 142 
131 132 133 
1 4 132 
4 48 132 
0 8 142 
4 11 137 
11 71 139 
11 71 134 
0 2 84 
8 11 83 
11 95 142 
0 108 135 
5 132 140 
11 131 142 
2 6 11 
10 96 143 
119 120 132 
9 11 134 
1 8 132 
0 24 141 
0 71 84 
4 11 133 
11 35 48 
3 36 132 
24 135 143 
23 108 132 
7 72 143 
6 11 136 
0 96 138 
11 24 137 
136 141 143 
11 59 137 
2 36 143 
48 83 132 
0 60 95 
11 134 142 
7 48 132 
24 142 143 
0 2 96 
36 95 143 
1 83 143 
4 11 59 
0 10 108 
9 134 143 
1 6 143 
59 96 143 
0 84 107 
47 131 132 
3 36 143 
8 11 141 
0 7 96 
10 72 143 
120 132 136 
5 11 136 
5 131 132 
0 12 136 
11 131 136 
7 47 143 
7 132 135 
3 12 132 
0 7 24 
0 3 140 
11 47 83 
24 132 133 
6 11 12 
8 35 143 
0 96 131 
83 132 133 
2 84 143 
4 83 143 
0 35 137 
9 72 132 
36 139 143 
11 35 47 
4 9 143 
5 9 132 
11 12 84 
23 132 140 
11 83 138 
8 10 11 
5 11 84 
9 24 132 
0 4 138 
2 11 139 
6 12 143 
0 3 95 
48 59 143 
11 84 137 
36 84 143 
0 2 137 
0 36 48 
23 72 132 
0 48 107 
0 119 134 
0 119 140 
84 138 143 
119 132 135 
0 9 119 
132 135 139 
0 7 12 
11 23 60 
10 11 136 
7 95 143 
132 134 135 
35 59 143 
95 131 143 
9 11 135 
5 132 139 
10 11 96 
11 47 134 
2 95 132 
0 48 131 
0 23 138 
3 59 132 
47 133 143 
71 141 143 
4 107 143 
47 136 143 
0 48 133 
6 131 143 
0 9 59 
10 48 132 
35 131 132 
8 96 143 
5 7 11 
5 132 142 
11 12 36 
9 142 143 
84 136 143 
9 11 140 
0 24 134 
11 72 107 
11 59 96 
11 48 137 
59 107 132 
12 95 143 
11 95 134 
11 95 139 
131 137 143 
0 35 60 
5 11 139 
96 141 143 
59 72 143 
72 107 132 
9 132 137 
131 135 143 
132 134 139 
11 72 135 
2 136 143 
23 132 135 
0 72 131 
2 83 132 
47 83 143 
96 132 139 
11 35 119 
6 8 11 
0 48 139 
0 72 134 
11 136 142 
11 83 139 
0 120 141 
72 140 143 
132 136 140 
12 24 132 
8 11 35 
2 10 11 
2 11 138 
5 60 143 
3 11 48 
5 132 138 
11 133 142 
7 48 143 
11 131 141 
0 136 142 
11 138 140 
0 72 135 
0 120 134 
11 24 96 
60 135 143 
11 72 139 
96 120 143 
71 108 143 
11 23 96 
3 11 134 
8 11 120 
11 36 108 
6 132 139 
8 36 143 
134 139 143 
11 134 139 
0 8 12 
47 138 143 
8 133 143 
0 12 131 
47 137 143 
2 6 132 
11 24 139 
11 119 137 
3 6 132 
0 134 137 
47 95 143 
60 132 135 
9 11 35 
11 35 107 
0 48 84 
9 35 132 
12 132 142 
0 36 71 
7 11 47 
6 11 138 
59 132 136 
11 48 142 
11 120 133 
11 83 131 
10 72 132 
0 72 96 
0 3 83 
107 141 143 
0 134 142 
47 142 143 
0 133 136 
0 60 83 
0 60 142 
0 131 137 
24 47 143 
0 3 84 
36 71 143 
7 59 132 
36 132 140 
8 10 132 
8 36 132 
11 96 142 
9 138 143 
132 134 137 
59 96 132 
6 132 137 
1 8 11 
107 132 141 
0 3 139 
4 71 143 
0 59 108 
10 11 133 
12 132 136 
9 131 143 
0 7 119 
11 83 136 
83 132 141 
9 120 132 
35 84 143 
0 7 141 
11 47 131 
24 35 132 
48 72 132 
0 59 133 
1 11 47 
0 59 107 
6 131 132 
9 11 142 
11 138 139 
119 134 143 
12 71 132 
1 11 83 
2 11 24 
0 83 136 
59 142 143 
2 11 131 
0 35 84 
3 11 60 
4 138 143 
83 142 143 
0 84 139 
7 11 134 
0 48 134 
0 36 72 
11 120 135 
0 8 133 
11 24 134 
0 96 108 
11 83 133 
0 1 137 
4 36 132 
11 84 133 
3 23 143 
11 95 140 
0 6 60 
119 138 143 
11 48 60 
0 131 136 
59 141 143 
59 134 143 
11 24 71 
36 72 143 
2 11 134 
8 11 107 
0 23 96 
11 139 140 
4 11 108 
9 83 132 
11 71 107 
0 8 60 
0 2 7 
23 119 143 
36 136 143 
84 96 143 
11 59 95 
36 141 143 
83 120 132 
5 11 24 
3 11 36 
23 83 143 
96 131 132 
10 134 143 
8 47 132 
0 120 140 
12 95 132 
10 131 132 
0 84 136 
3 136 143 
0 96 119 
6 11 137 
4 108 132 
11 95 108 
0 71 72 
4 11 60 
2 9 11 
11 60 133 
36 134 143 
24 48 132 
5 24 132 
0 36 120 
0 36 134 
11 48 136 
1 11 72 
0 137 140 
6 95 132 
3 108 132 
132 137 141 
0 95 141 
0 5 47 
11 136 140 
47 72 132 
95 132 138 
11 72 131 
59 132 138 
0 2 35 
12 83 143 
0 4 135 
3 11 135 
59 132 140 
1 9 132 
3 35 143 
11 59 120 
4 132 137 
0 36 133 
0 108 138 
6 7 132 
4 95 143 
0 140 142 
8 141 143 
83 141 143 
48 119 132 
4 132 136 
47 120 132 
11 12 72 
2 96 143 
6 84 132 
60 119 143 
108 140 143 
11 12 48 
11 60 72 
71 72 143 
23 120 143 
0 135 140 
71 131 143 
9 96 132 
48 132 140 
11 36 141 
2 132 137 
8 60 143 
4 131 143 
0 4 60 
0 59 137 
0 23 120 
137 141 143 
0 95 108 
0 1 7 
133 139 143 
2 6 143 
7 131 143 
95 132 142 
9 35 143 
8 24 132 
11 36 96 
0 5 35 
0 36 137 
0 8 140 
1 135 143 
11 36 84 
5 6 143 
11 59 84 
1 60 143 
0 6 119 
8 96 132 
24 119 132 
4 11 71 
0 108 120 
83 132 139 
0 84 135 
9 107 132 
11 107 134 
36 133 143 
36 48 132 
11 84 135 
6 71 132 
71 95 143 
10 24 132 
47 141 143 
60 84 132 
10 11 35 
3 5 132 
0 133 135 
0 108 119 
0 24 138 
11 72 138 
11 23 48 
0 24 96 
1 35 132 
0 8 135 
11 96 133 
11 108 137 
0 60 141 
11 95 135 
0 48 141 
60 72 143 
4 96 143 
108 132 142 
11 84 108 
3 132 134 
11 138 142 
0 47 96 
0 12 35 
11 108 136 
3 12 143 
35 138 143 
4 12 132 
24 35 143 
8 24 143 
8 120 143 
0 9 60 
71 135 143 
7 11 72 
11 137 141 
59 132 134 
8 11 84 
131 134 143 
10 23 143 
0 47 136 
6 35 132 
47 132 133 
10 24 143 
7 35 132 
7 11 131 
5 60 132 
11 35 134 
11 135 136 
1 11 23 
120 138 143 
1 120 143 
11 48 71 
0 4 8 
6 35 143 
0 138 139 
84 119 132 
0 6 95 
4 35 143 
3 47 143 
0 7 8 
3 11 107 
9 11 23 
0 60 131 
0 96 139 
11 12 139 
0 8 72 
11 107 139 
131 141 143 
1 11 71 
0 7 134 
4 84 143 
0 9 134 
5 138 143 
2 138 143 
7 141 143 
0 2 8 
2 107 143 
11 35 135 
5 84 143 
0 1 96 
35 132 142 
48 60 132 
48 132 139 
0 5 8 
11 23 47 
2 137 143 
0 5 72 
12 23 143 
5 11 12 
132 138 139 
5 10 132 
0 95 135 
10 84 132 
0 12 142 
0 83 138 
72 96 143 
12 47 132 
47 134 143 
6 47 143 
0 48 60 
134 140 143 
10 133 143 
0 24 48 
2 11 142 
9 11 47 
24 59 143 
11 36 59 
6 11 84 
11 23 71 
11 47 142 
107 137 143 
1 132 137 
8 132 134 
0 134 136 
7 11 84 
12 119 143 
11 60 83 
3 107 143 
0 8 59 
8 119 132 
3 95 143 
72 131 132 
11 24 84 
8 142 143 
3 141 143 
24 72 132 
7 136 143 
11 36 138 
0 7 84 
11 23 84 
48 142 143 
7 132 137 
35 132 139 
8 132 138 
24 132 136 
4 131 132 
0 119 133 
47 60 143 
0 60 119 
10 23 132 
96 132 141 
12 132 138 
5 11 131 
0 96 120 
11 96 131 
95 136 143 
5 36 143 
1 4 143 
83 119 132 
1 134 143 
0 95 120 
23 120 132 
0 108 136 
0 7 83 
9 140 143 
11 107 120 
132 136 141 
84 132 138 
11 60 131 
36 132 138 
3 84 143 
2 59 143 
0 4 59 
7 11 137 
11 96 138 
36 119 143 
1 11 108 
4 141 143 
59 120 132 
71 108 132 
5 59 132 
4 35 132 
4 10 132 
8 11 131 
11 47 96 
1 96 132 
0 72 84 
4 11 134 
11 12 108 
4 11 12 
0 4 71 
8 119 143 
2 11 83 
11 36 95 
0 95 138 
119 132 138 
0 12 48 
3 8 132 
0 1 23 
3 71 132 
108 136 143 
11 59 107 
0 24 137 
0 35 59 
11 47 137 
132 136 142 
0 23 142 
4 11 96 
72 134 143 
6 23 143 
0 9 141 
60 107 132 
24 107 132 
12 136 143 
6 11 134 
0 36 83 
0 2 107 
72 84 132 
0 60 84 
11 71 83 
6 134 143 
2 132 142 
11 12 59 
11 84 141 
10 132 134 
0 47 84 
48 95 132 
8 137 143 
72 142 143 
2 11 48 
108 132 137 
0 4 84 
0 138 141 
12 138 143 
11 23 131 
119 142 143 
11 48 140 
0 3 5 
83 84 132 
0 6 83 
60 132 133 
2 71 132 
23 140 143 
0 3 134 
1 60 132 
96 132 138 
10 138 143 
0 47 72 
0 134 140 
11 59 139 
0 108 137 
9 133 143 
3 6 11 
11 36 83 
108 119 143 
0 3 23 
6 11 135 
108 134 143 
0 8 84 
59 72 132 
0 4 48 
7 119 143 
6 47 132 
0 12 60 
10 132 138 
0 36 131 
60 132 134 
10 132 141 
6 12 132 
0 1 120 
1 141 143 
12 119 132 
23 83 132 
11 72 142 
0 107 136 
0 48 72 
9 47 143 
0 23 139 
4 11 83 
0 59 142 
1 108 132 
5 83 132 
10 11 72 
0 131 142 
11 107 140 
0 10 133 
4 6 143 
7 132 140 
107 132 135 
9 11 133 
2 132 133 
0 8 48 
10 47 132 
6 136 143 
0 35 108 
3 134 143 
11 36 139 
7 24 132 
119 133 143 
4 10 143 
7 83 143 
0 3 35 
84 132 137 
0 6 59 
0 12 96 
0 1 35 
11 23 72 
0 47 137 
0 12 72 
9 11 138 
48 71 132 
6 107 143 
0 35 135 
0 5 24 
0 60 133 
11 35 83 
0 137 139 
84 95 132 
2 11 35 
12 60 132 
0 1 131 
1 107 143 
0 6 139 
0 10 131 
4 132 139 
4 60 132 
11 12 35 
0 3 8 
35 48 143 
11 48 72 
7 138 143 
11 47 120 
11 96 141 
3 11 84 
6 10 11 
6 96 143 
10 11 119 
35 132 138 
8 11 133 
11 12 137 
7 11 35 
35 140 143 
12 132 137 
4 12 143 
0 4 120 
11 134 138 
120 132 141 
48 83 143 
7 11 138 
11 24 83 
0 7 138 
6 11 96 
133 140 143 
83 134 143 
84 132 135 
131 133 143 
119 131 143 
47 140 143 
119 132 140 
36 120 143 
8 12 132 
8 11 23 
0 3 10 
24 96 143 
7 60 132 
11 48 141 
11 48 59 
24 141 143 
11 108 139 
8 83 143 
0 60 139 
0 1 4 
108 132 134 
2 9 132 
0 23 131 
6 8 132 
8 9 143 
0 71 83 
7 11 107 
2 11 72 
23 132 142 
0 133 140 
0 131 135 
11 59 83 
35 132 133 
0 12 134 
59 119 143 
84 139 143 
0 12 140 
48 136 143 
12 108 132 
11 47 119 
2 36 132 
3 132 138 
7 11 23 
8 84 143 
6 132 135 
0 60 138 
11 133 141 
23 136 143 
0 107 120 
0 2 140 
8 71 132 
0 83 142 
2 5 132 
132 137 138 
9 95 132 
3 132 139 
6 48 143 
71 136 143 
35 108 143 
0 6 10 
11 131 137 
95 142 143 
6 83 143 
0 8 119 
0 8 138 
5 142 143 
1 139 143 
2 96 132 
71 132 138 
0 47 142 
59 60 132 
11 36 142 
11 47 71 
11 119 139 
11 60 96 
48 135 143 
48 132 141 
1 132 135 
119 120 143 
12 35 143 
11 24 107 
47 107 132 
0 48 120 
36 137 143 
5 8 11 
35 47 143 
7 132 138 
0 7 120 
0 5 71 
4 11 120 
5 23 143 
3 72 143 
140 141 143 
0 72 138 
8 23 132 
108 142 143 
0 2 3 
59 120 143 
83 133 143 
5 12 132 
132 137 139 
5 11 137 
11 23 137 
9 132 138 
0 10 96 
3 60 143 
132 136 138 
0 120 142 
0 10 23 
1 11 59 
11 131 134 
60 95 132 
2 11 59 
96 132 140 
11 59 141 
0 96 107 
11 48 108 
59 71 143 
108 119 132 
8 132 140 
3 131 132 
5 11 134 
0 1 140 
7 142 143 
0 12 139 
1 95 143 
36 95 132 
6 108 143 
3 5 143 
7 11 136 
0 5 141 
72 132 139 
132 134 136 
1 11 134 
0 35 142 
107 132 140 
11 59 134 
137 139 143 
1 59 132 
0 3 59 
23 35 143 
135 137 143 
24 96 132 
0 5 48 
7 11 71 
2 11 136 
11 72 84 
11 107 138 
0 2 10 
47 48 143 
132 133 139 
35 95 143 
1 132 134 
0 8 137 
120 140 143 
1 36 143 
2 7 143 
0 36 96 
0 23 47 
8 95 143 
11 108 142 
0 59 134 
9 11 84 
59 107 143 
11 134 140 
107 139 143 
8 59 132 
95 96 132 
0 12 23 
4 23 132 
11 12 141 
0 24 36 
4 11 47 
11 24 108 
10 11 71 
0 35 71 
0 83 84 
7 107 132 
6 137 143 
0 5 119 
5 132 141 
35 96 143 
0 6 47 
35 71 143 
10 59 143 
47 135 143 
1 12 132 
11 96 140 
8 11 135 
11 72 120 
96 134 143 
0 3 47 
138 142 143 
12 72 143 
48 134 143 
0 8 107 
2 11 108 
47 59 143 
48 108 143 
11 48 83 
83 107 143 
11 131 138 
2 9 143 
83 132 134 
6 11 139 
35 36 132 
134 135 143 
11 24 59 
5 11 142 
140 142 143 
6 120 143 
72 132 136 
9 108 143 
84 107 132 
0 108 139 
11 36 137 
120 132 140 
11 119 120 
2 11 140 
2 23 132 
47 59 132 
10 11 84 
11 119 141 
134 138 143 
0 119 136 
60 108 143 
11 134 137 
35 133 143 
7 8 11 
0 23 48 
0 5 133 
0 84 120 
96 138 143 
0 6 36 
0 24 95 
83 131 132 
0 1 141 
0 71 136 
0 47 71 
0 4 24 
96 108 143 
0 47 59 
95 132 137 
119 141 143 
0 1 10 
132 133 134 
72 120 132 
4 59 132 
11 138 141 
0 10 35 
4 9 132 
72 95 143 
1 132 133 
7 11 142 
0 48 108 
0 23 36 
1 7 11 
23 47 132 
2 47 132 
7 9 11 
60 131 143 
3 120 143 
23 139 143 
6 138 143 
23 138 143 
4 119 143 
11 108 141 
136 137 143 
71 132 134 
131 132 140 
0 12 107 
0 3 142 
11 83 140 
0 12 36 
0 48 96 
95 96 143 
3 72 132 
6 11 59 
23 107 143 
1 3 132 
7 36 143 
3 11 108 
71 132 139 
6 10 143 
4 11 136 
72 120 143 
5 11 140 
0 35 107 
48 120 132 
11 23 120 
119 132 142 
11 107 119 
1 84 143 
10 11 141 
59 60 143 
11 141 142 
0 3 4 
107 132 142 
11 133 137 
0 3 135 
0 9 120 
23 59 132 
0 6 140 
0 4 83 
59 139 143 
59 131 143 
47 139 143 
7 96 132 
11 24 119 
5 84 132 
0 59 96 
11 72 140 
2 119 143 
0 5 138 
0 83 133 
48 59 132 
0 4 47 
10 60 132 
0 1 5 
0 1 48 
0 138 140 
0 35 139 
0 6 84 
11 139 141 
0 12 95 
7 132 134 
120 135 143 
11 24 72 
5 11 60 
10 83 143 
1 132 138 
2 4 11 
1 11 107 
0 5 60 
3 23 132 
5 12 143 
2 11 141 
0 24 71 
7 47 132 
10 140 143 
12 72 132 
0 131 138 
0 1 142 
96 108 132 
0 24 135 
0 36 84 
35 84 132 
35 71 132 
36 132 141 
59 108 143 
48 72 143 
96 140 143 
0 10 72 
107 132 133 
0 35 36 
48 132 134 
0 1 6 
11 83 108 
0 1 139 
1 11 133 
59 131 132 
36 132 135 
9 11 139 
2 3 143 
0 8 83 
11 119 133 
0 36 60 
11 23 24 
0 83 139 
0 119 131 
1 132 141 
0 59 60 
4 11 95 
11 135 137 
0 7 60 
0 95 107 
2 120 143 
6 95 143 
10 132 136 
35 132 140 
1 71 143 
2 4 132 
23 71 143 
11 83 84 
134 142 143 
95 133 143 
36 72 132 
131 132 141 
95 140 143 
6 132 136 
6 11 47 
0 1 134 
0 4 108 
59 71 132 
2 11 36 
24 140 143 
0 107 131 
0 107 138 
6 48 132 
3 5 11 
5 131 143 
11 84 134 
131 132 138 
0 5 140 
7 140 143 
11 83 119 
4 119 132 
0 7 133 
11 136 137 
4 72 143 
11 135 138 
11 35 137 
59 83 143 
47 107 143 
12 140 143 
12 131 132 
11 60 95 
35 141 143 
11 59 72 
4 5 11 
0 24 72 
0 84 131 
11 60 134 
0 83 131 
60 72 132 
11 95 133 
2 11 120 
0 3 107 
4 8 143 
11 36 134 
3 59 143 
96 107 143 
7 108 132 
1 142 143 
3 11 47 
0 71 139 
0 120 133 
11 107 136 
2 48 143 
48 141 143 
108 141 143 
10 36 132 
11 72 136 
6 36 143 
11 36 120 
5 120 143 
11 60 142 
132 133 137 
0 4 23 
7 23 132 
0 131 139 
72 136 143 
0 48 83 
132 133 135 
47 71 132 
60 96 132 
5 23 132 
23 132 133 
7 11 108 
0 9 140 
47 108 132 
48 71 143 
6 9 132 
4 136 143 
8 47 143 
138 139 143 
5 9 143 
0 107 134 
5 47 132 
1 5 132 
9 72 143 
12 60 143 
0 12 47 
47 71 143 
10 11 142 
59 108 132 
135 142 143 
0 6 71 
0 135 138 
0 35 140 
6 23 132 
71 132 133 
0 119 135 
11 71 135 
132 135 138 
0 23 108 
11 48 95 
71 140 143 
5 6 11 
0 134 141 
0 138 142 
119 131 132 
5 35 132 
0 23 59 
0 9 133 
12 108 143 
10 132 135 
11 108 134 
11 12 60 
141 142 143 
0 9 95 
0 35 141 
11 47 139 
3 8 143 
3 11 71 
0 136 140 
132 139 140 
11 35 140 
60 142 143 
24 120 132 
10 11 48 
11 72 141 
5 47 143 
5 71 132 
11 72 133 
11 71 133 
84 134 143 
48 132 136 
1 59 143 
12 135 143 
139 141 143 
0 84 142 
2 142 143 
135 140 143 
5 11 107 
0 107 119 
11 60 141 
0 6 24 
4 11 141 
95 107 143 
2 11 84 
0 119 141 
60 137 143 
0 47 83 
135 136 143 
135 141 143 
6 135 143 
0 139 140 
24 60 143 
0 83 140 
0 59 71 
132 136 137 
0 7 36 
2 132 140 
6 24 132 
95 132 135 
0 1 135 
12 96 143 
0 48 136 
6 11 120 
11 84 140 
12 133 143 
1 71 132 
11 95 141 
0 23 107 
35 108 132 
11 120 131 
0 83 108 
23 132 137 
2 11 23 
2 35 143 
0 36 47 
107 138 143 
0 59 141 
0 71 138 
35 136 143 
60 71 132 
11 95 131 
6 59 143 
108 132 136 
11 60 140 
4 11 107 
7 10 132 
0 5 95 
0 2 6 
2 8 11 
95 137 143 
24 71 132 
5 10 143 
6 11 95 
11 35 142 
72 119 132 
0 3 137 
0 7 47 
4 11 131 
96 133 143 
11 23 108 
0 107 140 
11 12 138 
59 95 132 
2 5 143 
95 132 141 
72 108 143 
0 8 71 
0 119 120 
10 84 143 
11 24 35 
6 11 108 
5 11 108 
72 138 143 
11 24 131 
9 59 143 
107 108 132 
23 133 143 
7 11 135 
0 23 119 
5 11 119 
107 142 143 
12 59 143 
47 84 132 
0 1 133 
3 11 96 
0 2 119 
9 132 134 
0 107 133 
7 11 139 
0 71 134 
1 11 12 
5 11 120 
133 136 143 
8 136 143 
3 11 137 
3 11 141 
11 71 141 
23 107 132 
10 95 132 
5 11 83 
11 71 136 
12 132 135 
131 140 143 
96 132 133 
8 11 48 
10 132 140 
1 48 132 
9 11 60 
11 35 71 
11 12 24 
3 11 24 
0 35 138 
11 48 107 
0 72 139 
10 120 132 
0 10 135 
4 6 132 
0 2 135 
72 139 143 
1 11 140 
48 132 142 
11 24 136 
11 12 83 
5 11 133 
3 132 133 
0 9 12 
36 131 132 
0 107 142 
0 48 140 
0 6 136 
4 48 143 
24 83 132 
11 83 95 
0 2 59 
48 96 132 
7 84 132 
48 95 143 
2 24 143 
47 119 132 
83 139 143 
3 132 140 
7 12 143 
8 72 132 
0 3 133 
0 59 119 
0 48 137 
9 83 143 
9 11 36 
108 137 143 
5 72 143 
0 60 71 
0 72 83 
11 12 47 
60 141 143 
11 47 60 
0 120 138 
1 11 84 
9 11 131 
1 11 142 
0 84 133 
83 108 143 
0 7 95 
0 1 119 
3 47 132 
0 4 12 
11 60 120 
1 47 132 
2 12 143 
3 35 132 
23 24 143 
96 132 135 
11 84 131 
108 132 139 
60 95 143 
35 107 143 
4 6 11 
8 139 143 
133 138 143 
7 135 143 
0 48 135 
95 119 132 
11 119 134 
23 36 132 
0 5 142 
1 72 132 
0 133 139 
7 11 95 
8 11 96 
72 132 137 
5 11 96 
11 47 59 
3 10 143 
0 1 2 
3 11 23 
0 7 142 
36 96 143 
12 132 140 
132 135 136 
10 11 47 
12 137 143 
2 10 143 
10 36 143 
0 60 140 
7 95 132 
24 95 143 
9 132 141 
11 119 135 
0 135 141 
2 107 132 
3 11 59 
0 6 23 
0 2 134 
2 4 143 
48 137 143 
71 83 132 
0 5 108 
2 141 143 
11 36 60 
23 72 143 
0 23 135 
0 36 95 
11 60 135 
119 140 143 
11 83 120 
24 132 141 
83 120 143 
0 47 48 
107 108 143 
12 132 139 
0 2 72 
5 107 143 
3 11 131 
119 132 134 
0 83 107 
0 48 119 
0 36 139 
10 11 36 
35 132 134 
2 11 107 
0 6 8 
11 47 140 
3 11 139 
2 72 132 
10 11 107 
3 11 95 
132 133 141 
11 108 140 
11 36 133 
132 133 138 
11 84 120 
23 35 132 
0 3 48 
3 11 72 
0 4 7 
72 132 142 
1 2 143 
7 132 141 
0 10 83 
47 132 142 
59 132 141 
3 9 132 
24 36 132 
6 96 132 
11 35 96 
96 107 132 
35 142 143 
2 71 143 
0 72 95 
11 12 120 
11 47 48 
11 119 136 
12 132 141 
10 131 143 
10 132 137 
47 96 143 
23 96 143 
0 9 107 
95 108 132 
96 132 134 
8 11 139 
3 137 143 
11 133 138 
11 84 139 
0 60 96 
36 132 134 
120 136 143 
72 108 132 
23 95 132 
1 11 135 
83 95 143 
0 9 135 
48 84 143 
11 12 135 
11 71 120 
133 135 143 
0 48 138 
9 11 12 
0 5 134 
0 2 142 
7 132 133 
0 3 96 
0 2 60 
71 107 132 
11 60 139 
35 119 132 
0 6 141 
1 3 11 
10 119 132 
0 6 9 
0 12 141 
5 11 138 
84 132 142 
8 9 11 
10 11 140 
120 132 134 
107 134 143 
11 136 138 
10 141 143 
0 3 7 
3 11 12 
107 119 132 
0 35 83 
0 71 133 
3 83 143 
1 132 139 
1 9 143 
72 141 143 
9 60 132 
3 10 11 
11 35 136 
47 60 132 
0 84 134 
2 11 133 
11 47 108 
0 59 95 
23 36 143 
0 135 142 
0 36 138 
1 24 143 
11 48 135 
0 72 107 
0 10 59 
0 12 108 
4 23 143 
0 2 138 
11 48 120 
11 120 138 
2 8 132 
119 135 143 
6 11 48 
0 10 107 
95 135 143 
12 96 132 
132 138 141 
0 59 138 
6 24 143 
107 120 143 
23 135 143 
11 23 83 
96 142 143 
24 72 143 
4 96 132 
0 9 35 
11 107 108 
0 95 137 
6 132 140 
119 137 143 
132 140 141 
0 107 135 
0 35 72 
0 4 72 
36 132 137 
96 139 143 
1 95 132 
0 12 59 
107 119 143 
6 140 143 
11 95 138 
23 131 143 
11 12 96 
11 48 138 
0 1 60 
4 84 132 
2 11 47 
7 132 139 
36 132 133 
8 48 132 
6 132 142 
7 10 11 
0 96 141 
108 132 141 
108 132 135 
0 71 141 
10 108 132 
0 119 138 
0 10 140 
12 36 143 
4 132 138 
0 2 108 
8 84 132 
0 8 47 
11 36 48 
72 96 132 
8 108 143 
4 133 143 
11 36 107 
48 96 143 
4 134 143 
0 5 107 
6 9 143 
2 119 132 
0 2 139 
10 132 133 
8 72 143 
0 72 136 
24 71 143 
0 4 95 
0 4 134 
1 24 132 
1 11 139 
24 84 132 
11 131 140 
4 132 140 
47 83 132 
72 132 135 
6 107 132 
4 72 132 
4 11 139 
7 83 132 
47 96 132 
131 136 143 
10 11 83 
4 11 135 
3 11 120 
8 11 142 
11 35 120 
4 24 132 
4 135 143 
0 1 108 
8 131 132 
0 72 142 
0 4 96 
60 132 142 
9 11 83 
0 23 137 
0 9 137 
36 60 143 
71 96 143 
8 11 60 
2 11 119 
11 24 47 
0 2 47 
132 140 142 
0 23 140 
2 95 143 
11 23 138 
136 139 143 
3 132 141 
1 23 132 
0 23 141 
1 3 143 
7 24 143 
60 83 143 
11 23 36 
83 96 132 
0 60 134 
0 2 36 
0 24 60 
0 7 140 
137 142 143 
0 95 140 
60 132 137 
1 47 143 
10 35 132 
0 7 48 
23 96 132 
7 72 132 
0 35 95 
1 131 132 
1 119 143 
36 120 132 
12 120 132 
0 48 142 
0 8 131 
6 71 143 
11 35 141 
6 120 132 
1 137 143 
24 136 143 
0 107 137 
0 23 35 
96 131 143 
1 96 143 
71 95 132 
0 6 35 
4 8 132 
2 11 95 
133 137 143 
11 60 108 
23 142 143 
132 137 140 
1 11 24 
10 119 143 
5 83 143 
8 11 136 
84 132 141 
83 95 132 
3 132 136 
11 24 135 
60 83 132 
7 84 143 
10 48 143 
5 11 47 
0 12 84 
0 10 137 
6 11 71 
0 1 71 
6 132 134 
24 60 132 
60 134 143 
3 135 143 
60 140 143 
3 60 132 
0 6 7 
3 48 143 
11 59 131 
2 12 132 
107 120 132 
0 134 138 
1 108 143 
0 1 36 
3 7 132 
24 133 143 
131 142 143 
96 120 132 
11 36 136 
3 95 132 
133 134 143 
0 3 9 
120 132 135 
0 10 120 
4 11 35 
0 2 23 
0 1 47 
10 107 143 
120 141 143 
0 4 133 
8 132 142 
35 137 143 
5 139 143 
71 120 132 
2 84 132 
11 72 119 
8 9 132 
23 48 143 
7 11 96 
11 12 95 
108 132 138 
7 11 120 
0 12 24 
1 83 132 
132 135 140 
8 60 132 
5 11 36 
59 132 137 
0 8 35 
11 120 142 
5 24 143 
0 134 139 
0 1 83 
4 8 11 
2 5 11 
11 36 131 
0 71 131 
6 11 72 
59 136 143 
119 132 139 
0 23 133 
35 132 135 
0 4 131 
4 11 138 
59 84 143 
83 131 143 
95 139 143 
60 107 143 
0 84 138 
83 96 143 
11 35 60 
0 71 95 
59 132 142 
6 8 143 
11 60 136 
6 141 143 
11 137 139 
2 48 132 
0 6 48 
0 24 139 
0 24 108 
0 10 48 
0 135 137 
119 132 141 
5 8 132 
2 11 96 
0 60 137 
1 11 138 
0 10 24 
0 2 133 
11 12 142 
1 5 143 
83 132 142 
8 132 133 
9 10 143 
11 107 137 
24 120 143 
36 132 136 
4 140 143 
120 132 137 
0 35 131 
84 132 139 
139 142 143 
9 120 143 
107 133 143 
3 84 132 
0 107 141 
0 3 71 
11 35 59 
60 132 141 
6 60 143 
7 132 136 
120 132 142 
4 142 143 
8 140 143 
96 132 136 
11 59 142 
11 23 141 
3 11 140 
11 96 136 
11 83 142 
11 47 135 
36 47 132 
11 108 131 
3 120 132 
0 23 136 
120 132 133 
8 135 143 
0 23 95 
60 96 143 
0 131 140 
0 10 119 
0 4 6 
11 47 95 
8 59 143 
132 135 137 
3 48 132 
0 47 120 
9 132 139 
7 120 143 
3 96 132 
24 132 139 
8 120 132 
11 60 138 
83 137 143 
6 11 107 
0 24 107 
11 35 131 
71 138 143 
132 134 138 
11 120 136 
0 8 141 
1 9 11 
35 134 143 
5 11 48 
8 134 143 
72 132 138 
132 136 139 
2 7 132 
6 72 132 
0 24 120 
10 12 132 
23 71 132 
0 3 120 
11 12 119 
12 131 143 
0 23 72 
0 139 141 
11 119 142 
1 23 143 
3 24 132 
24 139 143 
48 131 143 
23 119 132 
3 107 132 
11 36 119 
71 120 143 
23 132 141 
0 35 48 
0 2 136 
1 2 132 
1 12 143 
23 108 143 
11 84 119 
0 47 140 
8 107 132 
36 59 143 
0 3 6 
0 9 139 
136 142 143 
12 35 132 
0 5 131 
72 83 143 
8 12 143 
23 60 132 
11 23 142 
47 132 136 
0 8 120 
96 137 143 
11 135 141 
35 47 132 
8 11 71 
131 138 143 
1 11 48 
0 137 141 
71 132 136 
35 72 143 
0 35 134 
95 134 143 
11 59 138 
71 137 143 
48 107 132 
1 120 132 
0 12 133 
5 108 143 
11 95 107 
11 47 141 
11 108 120 
72 137 143 
11 71 95 
36 119 132 
11 24 140 
10 132 142 
0 119 137 
11 83 96 
7 36 132 
84 96 132 
8 107 143 
134 137 143 
0 2 120 
0 10 136 
10 137 143 
0 6 96 
47 132 137 
11 83 141 
5 48 143 
71 84 132 
72 133 143 
9 139 143 
1 10 132 
8 11 36 
0 59 120 
10 47 143 
5 11 23 
72 131 143 
6 84 143 
107 131 132 
120 133 143 
11 71 138 
95 131 132 
11 60 119 
133 141 143 
131 132 139 
2 8 143 
5 9 11 
11 23 59 
10 11 95 
24 83 143 
84 120 143 
9 48 132 
5 132 134 
0 2 24 
9 11 96 
3 140 143 
11 60 71 
0 120 135 
7 59 143 
5 108 132 
7 60 143 
83 84 143 
10 135 143 
5 6 132 
0 133 134 
0 36 136 
6 119 132 
84 95 143 
4 59 143 
0 10 138 
135 138 143 
0 36 135 
5 10 11 
0 83 96 
0 83 134 
0 131 141 
1 107 132 
11 137 138 
11 36 135 
135 139 143 
0 9 71 
4 11 84 
7 35 143 
4 11 24 
1 5 11 
0 9 23 
9 11 108 
8 48 143 
2 108 132 
35 48 132 
0 2 48 
6 119 143 
95 141 143 
4 11 142 
0 5 9 
6 139 143 
23 134 143 
0 119 139 
11 12 107 
10 11 24 
7 11 36 
96 136 143 
0 3 24 
11 72 83 
0 5 139 
35 96 132 
119 139 143 
0 71 119 
0 4 141 
7 11 60 
11 48 133 
11 96 137 
0 7 135 
5 132 136 
0 96 135 
131 132 137 
8 71 143 
11 119 140 
108 131 143 
35 120 143 
0 72 120 
0 4 5 
0 120 137 
1 11 131 
1 72 143 
71 132 142 
7 12 132 
0 71 137 
1 35 143 
11 71 96 
11 107 131 
7 8 143 
23 132 134 
47 131 143 
60 139 143 
35 120 132 
48 132 138 
0 4 35 
0 48 95 
10 139 143 
60 84 143 
0 24 47 
84 133 143 
0 7 107 
2 60 143 
96 135 143 
9 119 132 
132 139 141 
0 84 141 
108 120 132 
9 135 143 
0 108 141 
83 132 136 
4 11 140 
48 60 143 
11 83 134 
108 139 143 
24 48 143 
1 132 142 
9 108 132 
1 84 132 
6 142 143 
6 11 36 
36 140 143 
134 136 143 
35 60 132 
0 4 119 
11 71 142 
24 47 132 
11 59 108 
4 47 143 
95 120 132 
24 132 142 
4 11 48 
0 8 36 
0 23 83 
11 119 131 
0 1 138 
72 107 143 
59 137 143 
11 24 36 
0 24 136 
48 133 143 
0 95 133 
107 132 139 
6 11 142 
3 133 143 
0 107 139 
23 84 143 
36 131 143 
0 83 119 
12 132 134 
0 24 35 
120 131 143 
6 11 60 
5 141 143 
23 84 132 
0 2 9 
0 2 4 
8 11 119 
47 108 143 
4 5 132 
9 12 132 
7 11 59 
9 11 71 
11 96 119 
1 140 143 
7 139 143 
0 36 142 
3 138 143 
134 141 143 
8 11 24 
4 83 132 
8 132 139 
8 11 12 
0 137 138 
96 132 142 
0 131 133 
2 132 134 
5 59 143 
47 84 143 
11 23 107 
0 3 60 
11 72 108 
1 10 11 
0 8 95 
9 10 132 
7 71 132 
11 48 119 
48 120 143 
5 132 133 
4 137 143 
139 140 143 
0 5 135 
0 24 83 
36 107 143 
0 12 120 
4 132 141 
2 135 143 
9 36 143 
0 47 134 
23 24 132 
8 138 143 
0 59 72 
10 95 143 
4 132 133 
9 11 141 
83 138 143 
84 135 143 
4 10 11 
132 138 142 
71 84 143 
0 12 135 
0 96 134 
132 138 140 
35 36 143 
0 6 133 
0 71 135 
11 133 135 
0 47 138 
0 36 140 
11 23 95 
1 36 132 
35 135 143 
0 83 95 
11 84 138 
48 132 133 
2 24 132 
72 132 133 
0 60 136 
59 140 143 
71 132 140 
0 7 23 
9 132 140 
11 60 107 
0 24 133 
4 47 132 
11 108 138 
11 35 139 
11 95 120 
11 47 138 
10 35 143 
7 132 142 
84 142 143 
0 84 108 
0 12 71 
5 107 132 
9 23 132 
35 72 132 
120 137 143 
0 60 108 
0 48 59 
5 11 35 
3 71 143 
6 11 131 
9 23 143 
6 132 141 
11 12 131 
5 71 143 
60 108 132 
11 84 142 
10 11 120 
0 3 36 
108 135 143 
95 132 136 
11 120 137 
0 5 120 
11 35 133 
0 4 10 
1 132 136 
120 142 143 
0 120 136 
10 136 143 
0 5 137 
6 11 23 
7 119 132 
0 6 131 
108 131 132 
9 11 136 
83 119 143 
95 119 143 
0 9 24 
0 8 24 
11 71 72 
11 140 141 
83 132 135 
36 132 142 
0 12 83 
0 4 142 
7 11 133 
11 119 138 
35 132 137 
11 24 95 
23 141 143 
10 11 59 
0 24 59 
71 72 132 
48 139 143 
11 12 136 
0 35 133 
0 136 137 
12 48 132 
0 6 137 
2 60 132 
9 137 143 
71 142 143 
138 140 143 
47 95 132 
9 11 137 
71 83 143 
72 132 140 
0 84 119 
0 8 9 
5 136 143 
0 12 137 
6 7 143 
0 9 136 
2 131 143 
35 59 132 
71 139 143 
2 10 132 
5 35 143 
2 3 132 
84 108 132 
0 7 10 
71 96 132 
5 11 59 
11 95 96 
0 71 142 
10 120 143 
24 132 138 
0 10 134 
4 7 132 
7 11 48 
2 134 143 
6 11 35 
0 119 142 
11 12 23 
0 3 131 
47 72 143 
24 95 132 
0 6 12 
11 84 96 
0 9 108 
11 71 137 
107 132 134 
1 11 96 
0 6 142 
48 138 143 
9 11 95 
0 3 72 
59 133 143 
0 135 136 
36 71 132 
3 9 143 
0 9 48 
71 132 135 
8 95 132 
0 1 3 
1 119 132 
84 119 143 
10 83 132 
60 71 143 
23 95 143 
136 138 143 
0 10 84 
0 36 119 
0 72 137 
11 23 135 
11 96 135 
8 108 132 
60 120 132 
2 132 141 
0 5 36 
0 120 131 
11 83 107 
0 136 138 
5 72 132 
0 8 108 
8 35 132 
4 60 143 
10 107 132 
7 23 143 
0 9 96 
0 108 140 
84 132 136 
11 136 139 
0 95 131 
8 83 132 
0 95 139 
131 132 134 
36 83 143 
35 83 143 
2 131 132 
9 11 59 
11 131 133 
11 47 107 
7 11 119 
23 59 143 
0 96 137 
12 141 143 
48 84 132 
11 120 141 
11 23 133 
0 24 131 
0 136 141 
132 133 140 
3 9 11 
9 119 143 
36 96 132 
9 141 143 
6 59 132 
11 59 119 
24 108 132 
0 3 136 
8 11 95 
12 139 143 
72 84 143 
0 6 138 
12 120 143 
8 132 136 
1 11 141 
7 134 143 
119 132 136 
0 6 135 
11 47 136 
11 139 142 
5 132 135 
60 120 143 
6 7 11 
24 59 132 
11 95 136 
0 71 96 
8 11 47 
10 11 139 
1 11 119 
3 8 11 
0 108 131 
71 119 143 
9 71 132 
2 83 143 
36 107 132 
4 11 72 
12 71 143 
5 135 143 
11 48 139 
11 23 35 
47 120 143 
48 132 137 
11 24 142 
6 9 11 
3 96 143 
0 5 12 
0 71 108 
9 136 143 
11 72 134 
7 9 143 
35 131 143 
9 11 119 
0 95 136 
9 47 132 
6 11 141 
10 11 131 
47 132 141 
71 119 132 
9 11 48 
107 132 137 
9 132 135 
5 140 143 
84 107 143 
47 132 135 
59 132 139 
72 132 134 
0 9 72 
0 3 119 
0 8 23 
137 140 143 
9 107 143 
6 72 143 
36 142 143 
0 36 59 
1 2 11 
47 132 138 
10 142 143 
11 108 119 
60 132 136 
3 119 132 
96 132 137 
36 108 132 
2 11 60 
1 132 140 
0 35 136 
71 132 141 
0 24 84 
11 135 142 
107 140 143 
0 10 71 
120 131 132 
0 1 9 
84 131 143 
11 71 84 
0 23 84 
36 135 143 
1 11 36 
0 7 139 
0 72 140 
8 131 143 
0 96 136 
5 11 72 
9 11 120 
3 132 142 
0 83 141 
1 11 95 
0 35 47 
11 60 137 
11 108 133 
0 10 142 
59 135 143 
11 71 140 
11 36 47 
7 8 132 
0 10 12 
137 138 143 
0 5 59 
11 36 72 
0 108 142 
72 83 132 
12 59 132 
11 35 36 
3 7 143 
6 83 132 
0 83 135 
12 23 132 
0 47 108 
83 132 138 
83 140 143 
0 9 142 
5 7 132 
11 36 71 
2 72 143 
2 35 132 
4 132 142 
3 119 143 
24 138 143 
12 24 143 
0 23 24 
59 132 135 
11 12 134 
7 11 24 
0 9 83 
24 84 143 
0 95 142 
0 134 135 
131 132 135 
0 36 108 
0 10 95 
120 134 143 
3 108 143 
11 23 139 
0 1 95 
2 7 11 
95 107 132 
0 5 6 
2 132 135 
2 3 11 
0 120 139 
9 132 142 
12 107 143 
24 108 143 
0 23 71 
7 11 83 
0 4 140 
136 140 143 
9 11 24 
11 134 136 
131 132 136 
0 47 95 
71 107 143 
3 11 142 
3 132 137 
9 71 143 
9 59 132 
4 7 143 
48 107 143 
0 4 137 
10 11 12 
2 132 139 
11 96 108 
10 11 134 
6 132 138 
0 4 36 
0 7 35 
8 23 143 
83 108 132 
0 4 139 
84 137 143 
10 71 132 
0 1 136 
11 136 141 
131 139 143 
11 133 136 
10 132 139 
0 71 120 
12 48 143 
5 7 143 
0 60 120 
36 48 143 
0 5 7 
7 96 143 
8 132 135 
3 11 138 
7 71 143 
24 132 134 
35 95 132 
9 48 143 
4 108 143 
36 59 132 
108 120 143 
3 11 35 
7 11 140 
2 59 132 
1 6 132 
9 96 143 
108 132 133 
11 140 142 
9 131 132 
84 132 133 
0 2 141 
5 119 143 
72 132 141 
11 133 140 
0 9 36 
3 4 11 
119 132 137 
71 134 143 
11 35 72 
0 23 60 
48 140 143 
3 139 143 
11 59 133 
0 24 119 
35 107 132 
5 11 135 
0 47 139 
71 131 132 
60 138 143 
0 5 10 
12 83 132 
59 95 143 
11 84 95 
10 12 143 
2 11 12 
12 107 132 
84 132 134 
0 35 119 
0 59 135 
2 132 136 
11 72 137 
0 1 72 
47 132 139 
0 2 12 
0 140 141 
11 35 95 
11 59 135 
8 11 134 
0 108 134 
3 11 133 
23 132 138 
