0 47 132 143 
0 10 11 132 
11 132 142 143 
0 11 132 138 
0 11 140 143 
0 11 119 132 
0 8 11 143 
0 4 11 143 
0 2 11 132 
5 11 132 143 
0 11 96 143 
0 5 11 143 
11 95 132 143 
0 11 95 143 
11 12 132 143 
0 60 132 143 
0 24 132 143 
0 10 132 143 
0 11 120 132 
0 11 132 142 
0 35 132 143 
0 11 136 143 
0 132 136 143 
0 11 72 132 
0 12 132 143 
11 47 132 143 
2 11 132 143 
0 11 108 132 
0 72 132 143 
0 7 11 132 
0 1 11 132 
0 9 132 143 
11 132 140 143 
0 11 71 143 
0 23 132 143 
11 108 132 143 
0 8 11 132 
0 6 11 143 
0 48 132 143 
11 132 134 143 
0 132 137 143 
0 11 83 132 
4 11 132 143 
0 11 107 132 
0 96 132 143 
0 7 132 143 
0 11 12 132 
0 11 59 143 
7 11 132 143 
0 11 24 132 
0 11 108 143 
0 11 132 135 
0 11 47 143 
11 71 132 143 
11 36 132 143 
6 11 132 143 
0 11 95 132 
0 11 135 143 
0 3 11 132 
0 11 12 143 
0 11 60 132 
0 11 139 143 
0 5 132 143 
11 132 139 143 
11 131 132 143 
11 107 132 143 
0 11 134 143 
11 132 138 143 
0 11 141 143 
0 11 132 139 
0 2 11 143 
0 11 23 143 
0 5 11 132 
3 11 132 143 
0 11 133 143 
0 11 71 132 
0 11 48 132 
0 11 131 143 
0 6 11 132 
0 11 132 134 
0 11 107 143 
0 11 142 143 
0 6 132 143 
0 3 132 143 
0 108 132 143 
0 132 139 143 
0 9 11 132 
0 59 132 143 
11 84 132 143 
0 11 35 132 
0 11 24 143 
0 132 138 143 
0 10 11 143 
11 24 132 143 
0 11 84 143 
0 71 132 143 
0 36 132 143 
11 132 141 143 
11 132 135 143 
0 11 132 133 
0 11 132 141 
0 11 84 132 
0 132 135 143 
0 11 132 140 
0 95 132 143 
10 11 132 143 
0 132 133 143 
0 11 47 132 
0 11 36 132 
0 3 11 143 
0 132 141 143 
0 83 132 143 
0 9 11 143 
0 11 119 143 
0 11 96 132 
11 120 132 143 
0 7 11 143 
11 59 132 143 
0 11 83 143 
11 96 132 143 
0 119 132 143 
0 11 60 143 
0 11 72 143 
0 107 132 143 
0 4 132 143 
0 11 138 143 
1 11 132 143 
0 120 132 143 
0 1 132 143 
11 23 132 143 
11 132 137 143 
0 1 11 143 
0 11 120 143 
0 11 23 132 
0 84 132 143 
11 83 132 143 
0 11 132 137 
11 72 132 143 
0 2 132 143 
0 11 131 132 
11 60 132 143 
11 132 133 143 
8 11 132 143 
11 48 132 143 
0 4 11 132 
0 132 134 143 
0 11 36 143 
11 35 132 143 
0 11 132 136 
0 132 140 143 
0 8 132 143 
11 119 132 143 
0 131 132 143 
0 11 48 143 
11 132 136 143 
0 11 137 143 
0 11 35 143 
0 11 59 132 
9 11 132 143 
0 132 142 143 
