11 27 132 143 
11 34 132 143 
0 11 67 132 
0 11 128 132 
0 11 46 132 
0 33 132 143 
0 11 18 143 
0 11 32 132 
11 76 132 143 
11 104 132 143 
11 31 132 143 
11 86 132 143 
0 32 132 143 
0 25 132 143 
0 117 132 143 
0 11 33 143 
11 111 132 143 
0 11 98 132 
0 11 65 132 
11 57 132 143 
11 110 132 143 
0 52 132 143 
11 15 132 143 
0 11 56 132 
0 11 77 143 
0 11 30 132 
11 28 132 143 
0 11 22 143 
11 93 132 143 
0 11 85 143 
0 11 89 132 
0 11 126 143 
11 40 132 143 
0 26 132 143 
0 11 122 132 
0 11 69 143 
0 11 101 132 
0 11 38 132 
11 25 132 143 
0 11 17 143 
0 18 132 143 
0 11 82 132 
0 11 26 132 
0 13 132 143 
0 11 44 143 
0 55 132 143 
11 64 132 143 
11 81 132 143 
0 11 123 143 
0 11 46 143 
11 77 132 143 
0 11 44 132 
0 11 117 132 
11 94 132 143 
0 11 20 143 
0 11 129 132 
0 11 118 132 
0 11 103 132 
0 11 29 143 
0 11 53 132 
0 118 132 143 
0 11 53 143 
0 11 19 143 
0 114 132 143 
0 11 110 143 
0 11 111 143 
0 11 106 143 
0 11 27 132 
11 102 132 143 
0 11 66 143 
0 11 26 143 
0 11 31 143 
0 121 132 143 
11 63 132 143 
11 32 132 143 
0 93 132 143 
0 11 51 143 
0 57 132 143 
0 98 132 143 
0 11 118 143 
11 122 132 143 
0 113 132 143 
0 11 97 132 
11 44 132 143 
0 11 105 132 
0 64 132 143 
0 89 132 143 
11 17 132 143 
0 11 104 132 
0 11 42 132 
11 16 132 143 
0 31 132 143 
0 128 132 143 
11 78 132 143 
0 11 109 132 
0 11 49 132 
11 88 132 143 
0 11 117 143 
11 106 132 143 
0 11 77 132 
11 79 132 143 
0 22 132 143 
0 85 132 143 
11 98 132 143 
0 41 132 143 
0 19 132 143 
0 97 132 143 
0 11 41 132 
0 11 92 132 
0 11 116 143 
11 82 132 143 
0 54 132 143 
0 11 56 143 
0 11 102 143 
0 110 132 143 
0 11 25 132 
0 11 62 143 
11 101 132 143 
11 89 132 143 
0 15 132 143 
0 11 92 143 
0 11 55 132 
11 80 132 143 
0 45 132 143 
0 11 90 132 
0 11 112 132 
0 11 55 143 
0 68 132 143 
0 11 45 143 
0 116 132 143 
0 11 112 143 
11 51 132 143 
0 106 132 143 
0 56 132 143 
0 70 132 143 
0 44 132 143 
0 43 132 143 
0 11 22 132 
0 11 103 143 
0 77 132 143 
0 11 90 143 
0 11 54 132 
0 11 115 132 
0 11 37 143 
0 66 132 143 
0 125 132 143 
11 18 132 143 
0 11 50 132 
0 11 32 143 
0 11 42 143 
11 37 132 143 
0 11 123 132 
0 11 27 143 
0 11 87 132 
0 11 124 132 
0 75 132 143 
11 114 132 143 
0 11 97 143 
11 117 132 143 
0 11 63 143 
0 11 52 132 
0 11 15 132 
0 11 64 143 
0 69 132 143 
0 11 54 143 
0 115 132 143 
0 16 132 143 
0 39 132 143 
0 11 87 143 
0 11 106 132 
0 11 68 143 
11 20 132 143 
11 100 132 143 
0 29 132 143 
0 11 99 143 
11 66 132 143 
11 103 132 143 
0 11 100 132 
0 11 91 132 
0 11 127 132 
0 11 129 143 
0 91 132 143 
0 11 18 132 
0 11 73 132 
0 11 73 143 
0 11 74 132 
0 11 33 132 
0 102 132 143 
0 37 132 143 
0 112 132 143 
11 56 132 143 
0 11 100 143 
0 11 43 143 
0 11 86 143 
0 11 64 132 
0 11 50 143 
11 58 132 143 
0 79 132 143 
0 11 34 143 
0 82 132 143 
0 11 14 143 
0 109 132 143 
0 11 21 132 
0 11 31 132 
0 11 105 143 
11 19 132 143 
0 80 132 143 
0 11 66 132 
11 30 132 143 
11 52 132 143 
0 11 89 143 
0 11 93 143 
0 11 110 132 
0 38 132 143 
0 11 39 132 
0 11 126 132 
11 126 132 143 
0 11 78 143 
0 11 88 132 
11 105 132 143 
0 103 132 143 
0 11 79 132 
0 61 132 143 
11 123 132 143 
0 11 125 143 
0 11 104 143 
0 58 132 143 
0 11 101 143 
0 67 132 143 
0 46 132 143 
0 74 132 143 
0 11 109 143 
0 11 45 132 
0 11 57 132 
0 11 40 143 
0 92 132 143 
0 65 132 143 
0 11 99 132 
0 11 43 132 
0 11 115 143 
11 125 132 143 
0 11 15 143 
11 61 132 143 
0 11 70 143 
0 94 132 143 
0 11 13 132 
11 85 132 143 
0 11 125 132 
0 11 61 143 
0 73 132 143 
0 11 29 132 
0 63 132 143 
0 11 69 132 
0 11 79 143 
11 43 132 143 
0 11 30 143 
11 116 132 143 
0 11 113 132 
0 11 65 143 
0 100 132 143 
0 11 28 143 
11 92 132 143 
0 11 80 132 
0 11 76 132 
0 11 124 143 
0 105 132 143 
11 115 132 143 
11 65 132 143 
0 50 132 143 
0 30 132 143 
0 11 51 132 
11 68 132 143 
0 11 121 143 
0 11 86 132 
0 90 132 143 
0 11 127 143 
0 11 93 132 
11 91 132 143 
0 17 132 143 
0 11 63 132 
11 49 132 143 
0 11 121 132 
11 62 132 143 
0 11 78 132 
0 11 17 132 
0 124 132 143 
11 74 132 143 
0 11 114 143 
11 87 132 143 
0 11 74 143 
0 27 132 143 
0 11 67 143 
0 129 132 143 
0 99 132 143 
0 11 16 143 
0 126 132 143 
0 86 132 143 
11 127 132 143 
11 13 132 143 
0 11 41 143 
0 11 98 143 
11 70 132 143 
0 11 34 132 
0 11 61 132 
0 11 76 143 
0 101 132 143 
11 97 132 143 
0 81 132 143 
0 11 122 143 
0 11 13 143 
0 11 75 132 
0 122 132 143 
0 11 111 132 
0 34 132 143 
11 53 132 143 
11 113 132 143 
0 88 132 143 
0 11 20 132 
0 11 16 132 
0 11 62 132 
11 69 132 143 
11 118 132 143 
11 99 132 143 
11 75 132 143 
0 42 132 143 
0 11 58 132 
0 11 130 143 
0 11 49 143 
0 11 19 132 
0 104 132 143 
0 11 68 132 
0 123 132 143 
11 38 132 143 
11 33 132 143 
11 14 132 143 
11 124 132 143 
0 11 21 143 
11 39 132 143 
0 11 70 132 
11 26 132 143 
0 11 81 143 
11 46 132 143 
11 121 132 143 
0 53 132 143 
0 11 82 143 
0 20 132 143 
0 21 132 143 
11 54 132 143 
0 78 132 143 
0 130 132 143 
0 40 132 143 
11 45 132 143 
11 67 132 143 
0 11 39 143 
0 11 91 143 
0 62 132 143 
11 29 132 143 
0 11 130 132 
0 76 132 143 
11 109 132 143 
0 11 116 132 
0 127 132 143 
0 49 132 143 
0 11 85 132 
0 11 75 143 
0 11 40 132 
0 11 94 132 
11 128 132 143 
0 11 81 132 
0 11 28 132 
0 11 113 143 
0 11 58 143 
11 55 132 143 
0 87 132 143 
11 21 132 143 
11 50 132 143 
0 11 14 132 
0 11 128 143 
0 11 88 143 
0 14 132 143 
0 11 57 143 
0 11 38 143 
0 11 37 132 
0 28 132 143 
0 51 132 143 
11 22 132 143 
0 11 114 132 
11 41 132 143 
11 130 132 143 
0 111 132 143 
11 90 132 143 
0 11 80 143 
11 112 132 143 
0 11 52 143 
0 11 25 143 
11 73 132 143 
11 129 132 143 
11 42 132 143 
0 11 94 143 
0 11 102 132 
