0 48 141 143 
11 135 139 143 
132 135 142 143 
11 48 95 143 
4 132 136 143 
4 5 132 143 
5 11 138 143 
9 11 107 132 
11 137 139 143 
3 11 132 137 
6 11 139 143 
11 96 132 141 
0 72 132 138 
0 7 134 143 
9 132 136 143 
0 23 139 143 
0 83 141 143 
2 9 132 143 
0 11 138 142 
3 11 136 143 
11 135 141 143 
7 11 131 132 
0 24 72 143 
11 84 131 132 
11 48 132 141 
23 60 132 143 
8 12 132 143 
0 72 138 143 
2 6 132 143 
4 11 83 143 
60 84 132 143 
4 11 132 138 
0 11 137 141 
96 132 139 143 
5 7 11 143 
0 96 131 132 
11 95 132 135 
3 9 11 143 
5 11 71 132 
71 132 140 143 
0 12 36 143 
0 23 119 143 
59 60 132 143 
11 133 136 143 
0 47 136 143 
11 108 132 134 
10 11 12 132 
0 11 131 135 
10 12 132 143 
0 59 95 132 
0 3 4 11 
11 120 135 143 
11 137 140 143 
11 134 135 143 
11 120 131 132 
0 6 59 143 
5 11 131 143 
8 11 59 132 
0 2 11 47 
0 131 132 136 
11 35 120 143 
4 11 132 140 
11 59 138 143 
10 11 135 143 
0 5 132 135 
11 133 135 143 
4 11 136 143 
0 47 139 143 
0 4 132 134 
1 11 71 143 
0 11 71 107 
11 134 137 143 
0 11 23 134 
0 8 35 132 
4 48 132 143 
11 83 132 136 
5 120 132 143 
11 36 83 143 
0 60 132 137 
3 10 132 143 
0 10 11 12 
1 11 139 143 
0 11 35 60 
11 47 72 143 
0 11 23 120 
11 84 131 143 
5 35 132 143 
0 8 47 143 
0 1 96 143 
3 132 138 143 
11 132 139 142 
0 12 137 143 
2 11 135 143 
11 23 120 143 
107 119 132 143 
11 24 132 138 
0 9 11 138 
10 48 132 143 
0 36 132 137 
11 108 137 143 
11 24 71 132 
11 47 141 143 
0 107 132 136 
0 11 47 141 
0 1 11 84 
0 134 137 143 
5 36 132 143 
0 1 138 143 
0 72 133 143 
0 9 47 143 
5 9 11 143 
11 23 131 132 
0 9 141 143 
3 11 96 143 
5 11 12 132 
6 11 137 143 
0 11 35 140 
0 47 71 143 
0 84 132 141 
0 7 141 143 
0 60 131 132 
12 96 132 143 
8 11 134 143 
3 12 132 143 
0 7 11 72 
11 119 132 140 
132 138 142 143 
0 120 137 143 
0 8 139 143 
23 132 133 143 
11 83 142 143 
0 24 108 143 
11 71 83 132 
0 5 23 143 
132 137 139 143 
0 4 11 60 
9 11 120 143 
0 3 11 83 
11 23 71 143 
10 132 141 143 
0 10 35 143 
6 11 119 143 
0 11 83 120 
0 83 132 134 
95 132 140 143 
11 132 135 139 
0 8 11 131 
11 36 120 143 
0 11 24 71 
24 35 132 143 
9 132 140 143 
11 132 137 140 
2 11 119 143 
11 131 137 143 
0 71 84 132 
0 59 132 138 
0 11 83 95 
0 96 107 143 
0 11 23 96 
9 11 119 143 
0 11 24 135 
9 11 95 132 
11 136 137 143 
0 1 137 143 
11 108 132 141 
3 9 132 143 
0 36 47 132 
0 9 107 143 
0 7 11 134 
5 6 132 143 
0 36 71 132 
0 10 23 132 
0 11 120 131 
2 119 132 143 
11 96 132 133 
23 96 132 143 
0 83 120 143 
11 24 119 132 
6 11 23 143 
11 12 23 143 
0 5 10 143 
0 23 132 140 
0 71 95 132 
10 36 132 143 
0 95 131 143 
0 24 36 143 
11 108 119 143 
0 7 132 135 
11 59 95 143 
0 35 107 132 
60 132 134 143 
24 132 142 143 
0 59 83 143 
0 3 71 143 
0 1 12 143 
11 131 132 140 
11 12 136 143 
3 4 11 132 
0 4 48 132 
0 4 36 132 
0 11 59 84 
9 11 140 143 
47 132 138 143 
0 8 48 143 
11 119 132 139 
0 6 11 133 
11 95 132 141 
0 7 11 107 
10 120 132 143 
6 11 107 132 
0 95 96 132 
0 4 95 143 
0 71 72 143 
0 83 136 143 
0 1 96 132 
11 24 96 132 
0 24 141 143 
11 120 132 138 
0 134 140 143 
0 6 108 143 
0 12 107 143 
0 11 96 138 
0 83 132 133 
0 120 132 139 
0 11 71 138 
0 8 133 143 
0 11 140 141 
11 120 133 143 
0 36 47 143 
0 6 120 143 
0 1 11 107 
36 83 132 143 
0 7 23 143 
2 11 12 132 
0 4 72 143 
0 9 59 143 
0 11 72 95 
0 3 11 133 
0 11 107 140 
0 11 36 139 
0 1 133 143 
8 11 120 132 
0 4 107 143 
4 95 132 143 
6 132 142 143 
35 96 132 143 
0 10 11 136 
7 11 35 132 
7 11 132 141 
11 24 132 137 
4 8 132 143 
0 6 119 132 
7 11 132 135 
0 137 141 143 
0 84 138 143 
0 95 136 143 
0 132 133 134 
84 132 135 143 
11 47 83 143 
11 47 132 135 
0 2 132 137 
0 7 11 23 
11 60 96 143 
0 8 11 140 
10 11 138 143 
7 11 142 143 
0 2 5 143 
0 11 12 135 
0 1 36 143 
0 6 72 132 
11 35 132 141 
9 119 132 143 
23 84 132 143 
6 11 132 139 
10 59 132 143 
11 135 136 143 
0 6 132 134 
11 60 72 132 
9 11 132 133 
0 120 138 143 
0 119 131 143 
0 11 133 137 
0 47 83 132 
59 71 132 143 
8 11 131 143 
11 71 96 132 
4 11 95 132 
0 36 119 143 
0 107 132 139 
2 11 140 143 
11 107 140 143 
0 3 11 71 
3 11 135 143 
11 139 142 143 
0 4 83 132 
11 96 132 142 
10 35 132 143 
0 10 11 72 
0 2 10 132 
10 95 132 143 
0 3 36 143 
0 7 132 133 
0 11 131 141 
0 11 12 137 
35 108 132 143 
6 11 60 143 
72 95 132 143 
0 23 108 143 
0 11 134 135 
11 12 84 143 
6 8 132 143 
23 59 132 143 
0 1 71 132 
11 95 141 143 
8 10 132 143 
0 72 135 143 
0 1 3 132 
0 119 140 143 
0 4 47 143 
0 6 11 108 
132 139 142 143 
5 23 132 143 
11 36 132 138 
11 12 72 132 
0 84 95 143 
11 47 138 143 
0 12 120 143 
24 132 133 143 
6 8 11 132 
11 23 60 132 
0 4 71 132 
12 71 132 143 
0 136 137 143 
0 1 10 132 
11 12 132 142 
11 59 83 132 
7 96 132 143 
11 48 137 143 
24 120 132 143 
0 132 135 141 
0 4 132 141 
0 4 132 133 
0 6 11 120 
11 59 72 132 
0 131 132 139 
0 2 24 132 
11 120 134 143 
4 11 35 143 
95 132 133 143 
7 11 141 143 
0 133 139 143 
0 96 142 143 
0 5 11 138 
11 95 140 143 
0 3 9 143 
11 48 132 136 
0 119 137 143 
0 134 141 143 
11 36 47 143 
0 8 11 84 
0 36 107 132 
0 7 140 143 
0 36 139 143 
11 96 135 143 
0 7 10 11 
5 7 11 132 
0 96 120 132 
11 24 83 132 
0 11 136 140 
0 3 48 132 
0 10 95 143 
0 3 24 132 
0 3 107 132 
10 11 48 132 
0 5 72 143 
4 11 132 141 
3 11 83 143 
0 60 132 135 
0 4 8 143 
0 9 84 143 
7 11 139 143 
0 95 108 143 
0 59 142 143 
11 23 47 132 
10 11 132 139 
1 11 83 132 
36 84 132 143 
119 132 138 143 
0 9 24 132 
9 11 132 138 
11 107 108 143 
11 71 132 141 
5 96 132 143 
2 7 132 143 
0 1 48 132 
11 84 135 143 
0 72 134 143 
0 72 140 143 
11 119 131 132 
72 132 136 143 
11 60 132 136 
0 84 135 143 
11 60 108 132 
0 10 132 141 
0 36 132 138 
35 132 136 143 
0 4 135 143 
0 1 7 132 
0 47 131 143 
0 9 107 132 
2 11 108 143 
8 11 132 142 
12 119 132 143 
0 12 132 141 
0 71 139 143 
11 24 72 143 
0 3 139 143 
0 8 11 95 
0 35 132 135 
0 4 10 11 
0 11 12 24 
11 48 108 132 
0 36 95 132 
2 11 72 143 
0 120 135 143 
0 7 59 143 
0 9 132 135 
0 11 48 71 
8 11 137 143 
0 119 139 143 
11 36 107 132 
0 4 9 11 
11 12 96 132 
0 71 132 135 
0 23 24 132 
0 2 11 60 
11 60 132 138 
11 120 136 143 
7 72 132 143 
11 107 132 142 
11 36 60 143 
59 132 137 143 
0 47 132 139 
0 3 96 143 
0 8 132 137 
0 9 11 134 
0 11 36 71 
0 11 120 140 
11 132 139 141 
10 60 132 143 
0 1 4 132 
11 60 133 143 
0 7 11 24 
0 12 83 132 
0 60 119 143 
3 132 136 143 
0 3 108 143 
3 11 137 143 
11 48 96 143 
10 132 135 143 
47 96 132 143 
0 10 140 143 
0 8 136 143 
0 36 59 143 
11 47 119 132 
5 11 12 143 
1 59 132 143 
11 131 133 143 
0 107 132 142 
0 136 141 143 
11 36 48 132 
0 12 24 132 
0 59 107 132 
0 12 59 143 
0 107 131 132 
0 120 139 143 
48 132 141 143 
11 12 35 132 
11 12 120 143 
0 10 11 139 
8 11 138 143 
11 95 107 143 
0 83 119 143 
0 72 132 137 
84 95 132 143 
11 119 131 143 
0 7 11 133 
0 2 3 132 
0 4 11 96 
3 84 132 143 
0 11 108 119 
2 3 11 143 
0 4 11 138 
0 35 132 139 
11 36 140 143 
0 1 6 132 
0 59 96 143 
0 4 132 140 
120 131 132 143 
0 47 83 143 
8 11 107 132 
6 11 141 143 
0 6 72 143 
0 96 131 143 
9 11 48 132 
11 119 120 143 
0 71 132 140 
0 48 132 141 
4 8 11 143 
0 4 8 11 
12 84 132 143 
5 11 96 132 
0 132 136 139 
0 48 107 143 
10 11 107 132 
0 35 72 143 
11 108 141 143 
0 10 48 132 
0 24 59 132 
11 12 71 132 
35 132 138 143 
0 11 108 131 
11 23 119 143 
0 5 131 143 
11 119 142 143 
4 132 135 143 
0 71 137 143 
0 11 48 59 
0 11 59 131 
6 119 132 143 
11 72 132 140 
0 1 119 132 
11 72 96 132 
0 6 131 143 
6 11 48 132 
0 5 6 132 
0 108 132 140 
11 23 132 140 
2 10 11 132 
9 11 119 132 
48 71 132 143 
0 5 7 143 
0 9 11 140 
1 12 132 143 
0 2 107 143 
0 1 107 132 
11 48 136 143 
0 5 95 132 
11 47 132 134 
0 4 132 136 
10 131 132 143 
0 5 11 133 
0 11 36 137 
71 132 135 143 
2 11 142 143 
1 11 47 132 
7 11 24 143 
0 36 136 143 
24 107 132 143 
11 24 142 143 
0 36 135 143 
0 23 132 138 
0 9 83 143 
0 12 95 132 
0 2 132 139 
0 11 84 95 
2 11 96 132 
0 8 132 142 
0 10 132 136 
0 11 36 48 
11 120 132 133 
0 11 120 137 
0 12 48 143 
0 24 60 132 
36 95 132 143 
0 7 107 143 
7 11 95 143 
0 11 108 137 
132 134 138 143 
9 11 96 143 
9 11 59 132 
0 48 140 143 
0 3 60 143 
0 47 95 132 
11 35 138 143 
11 23 119 132 
11 131 140 143 
0 1 11 83 
4 11 59 132 
11 96 132 138 
0 11 60 135 
6 11 136 143 
6 132 135 143 
11 36 119 132 
0 5 131 132 
0 72 132 139 
0 6 132 138 
10 119 132 143 
0 48 120 143 
3 132 141 143 
2 11 83 143 
0 1 139 143 
11 108 132 138 
3 96 132 143 
9 11 132 139 
0 59 107 143 
0 1 120 143 
4 8 11 132 
5 71 132 143 
8 11 71 132 
0 11 12 83 
120 132 134 143 
0 6 11 136 
0 23 133 143 
0 71 119 143 
0 6 36 132 
24 132 139 143 
9 11 132 137 
3 132 134 143 
0 11 72 119 
11 35 83 132 
0 7 11 83 
8 11 135 143 
0 11 47 108 
6 11 140 143 
0 4 11 142 
11 95 132 142 
0 24 96 143 
0 2 11 83 
0 3 11 96 
11 23 95 132 
11 132 136 141 
0 9 135 143 
0 84 132 138 
0 8 120 143 
11 132 138 141 
0 11 36 141 
11 59 133 143 
7 83 132 143 
0 7 9 11 
71 132 138 143 
0 3 132 135 
2 11 132 140 
0 6 7 132 
6 132 139 143 
107 132 141 143 
11 23 96 143 
0 11 119 139 
0 1 60 132 
0 3 11 142 
0 7 48 132 
11 24 120 132 
0 7 8 132 
0 12 71 132 
24 96 132 143 
0 4 11 120 
8 11 47 132 
11 12 24 143 
9 11 135 143 
10 11 131 143 
0 11 139 140 
0 36 60 143 
10 11 60 143 
0 6 11 23 
0 8 83 143 
5 10 11 143 
0 6 47 132 
11 12 59 132 
11 96 141 143 
3 11 132 140 
0 132 133 142 
47 84 132 143 
0 35 36 132 
0 10 131 143 
8 132 141 143 
48 60 132 143 
0 11 36 84 
0 3 11 72 
132 135 139 143 
0 11 83 135 
11 132 134 142 
0 132 136 142 
0 5 83 132 
0 59 108 132 
0 5 35 143 
0 95 132 134 
0 2 59 143 
0 1 132 133 
0 1 8 143 
0 23 47 143 
0 60 108 132 
0 11 48 120 
7 11 132 138 
0 36 138 143 
2 84 132 143 
0 59 60 132 
0 84 119 143 
12 59 132 143 
11 83 84 132 
0 138 140 143 
0 11 71 131 
11 12 119 143 
0 9 95 132 
0 3 132 141 
11 47 135 143 
7 11 23 132 
0 2 141 143 
0 132 135 140 
0 7 36 132 
0 6 12 132 
0 24 137 143 
11 35 132 140 
3 11 107 143 
9 11 35 132 
0 120 141 143 
0 11 96 136 
0 131 142 143 
0 11 12 47 
0 119 136 143 
0 72 107 132 
0 1 132 140 
0 11 108 138 
11 95 120 143 
11 84 119 132 
6 10 11 143 
0 5 72 132 
0 47 119 132 
0 36 120 132 
0 11 36 140 
0 8 11 23 
0 5 132 142 
0 7 138 143 
0 10 12 132 
0 11 35 48 
4 11 96 143 
0 4 95 132 
4 11 108 143 
4 11 119 143 
11 96 140 143 
11 36 95 132 
0 11 12 72 
4 120 132 143 
3 11 47 143 
11 48 60 132 
0 95 108 132 
11 119 132 135 
11 36 132 141 
9 24 132 143 
11 36 108 132 
0 47 60 143 
4 11 36 143 
11 84 96 132 
1 35 132 143 
0 3 47 143 
10 11 120 143 
0 84 131 132 
1 10 11 143 
11 83 84 143 
0 60 71 143 
11 47 59 132 
11 107 138 143 
0 132 133 141 
0 12 132 138 
11 59 71 143 
1 11 12 132 
11 35 95 143 
59 84 132 143 
0 6 35 143 
0 35 131 143 
0 4 132 137 
4 59 132 143 
11 36 132 137 
0 6 11 35 
11 59 72 143 
24 132 134 143 
0 35 132 133 
48 132 137 143 
11 23 47 143 
60 132 140 143 
11 119 132 136 
0 11 131 133 
0 132 133 139 
0 11 84 139 
0 4 11 47 
0 6 84 132 
132 134 142 143 
0 134 139 143 
23 132 136 143 
0 2 119 132 
11 47 131 143 
7 11 48 143 
0 119 132 142 
0 36 119 132 
2 132 134 143 
60 132 137 143 
11 24 132 136 
10 11 83 132 
0 72 120 143 
96 132 141 143 
6 60 132 143 
9 11 60 143 
0 5 71 143 
0 9 11 12 
0 119 132 134 
0 119 132 136 
0 11 72 134 
5 132 139 143 
10 11 134 143 
0 24 119 132 
59 132 135 143 
11 23 107 132 
48 132 140 143 
0 11 95 138 
108 132 139 143 
7 11 95 132 
0 11 139 142 
2 11 131 143 
0 84 132 140 
119 132 142 143 
0 5 36 143 
0 11 59 120 
1 11 48 143 
0 11 12 95 
11 47 134 143 
6 132 137 143 
11 24 137 143 
0 9 10 11 
10 11 132 137 
0 11 60 96 
11 36 119 143 
0 11 107 133 
0 4 108 143 
0 4 142 143 
0 10 35 132 
11 71 142 143 
0 11 47 119 
5 11 132 135 
0 1 11 35 
0 6 11 24 
11 107 119 143 
0 9 120 143 
0 11 35 133 
11 12 132 137 
0 72 137 143 
7 36 132 143 
47 108 132 143 
0 24 140 143 
0 131 132 142 
0 36 108 132 
9 132 142 143 
0 3 120 143 
11 83 132 137 
0 3 4 132 
0 5 11 35 
0 9 71 143 
11 136 138 143 
11 107 133 143 
0 7 132 134 
35 132 140 143 
9 11 138 143 
0 107 120 143 
5 132 133 143 
7 11 132 134 
0 6 136 143 
11 48 142 143 
47 83 132 143 
24 60 132 143 
23 35 132 143 
0 132 133 135 
0 47 132 141 
0 1 132 135 
11 48 120 132 
11 83 120 143 
0 11 23 138 
9 11 132 136 
8 119 132 143 
2 6 11 143 
0 3 59 132 
0 4 59 143 
108 119 132 143 
0 1 83 132 
35 132 141 143 
0 2 132 136 
0 5 132 133 
0 11 60 120 
0 5 47 143 
0 5 108 143 
0 35 138 143 
0 11 12 134 
119 132 136 143 
7 11 84 132 
0 23 108 132 
11 96 139 143 
0 131 132 133 
0 1 60 143 
11 60 138 143 
0 23 59 132 
0 6 107 143 
11 132 140 141 
11 107 132 136 
11 12 36 143 
11 84 132 134 
3 11 83 132 
0 138 139 143 
11 23 139 143 
11 35 132 133 
0 7 96 143 
0 119 132 138 
11 59 141 143 
0 95 120 143 
7 9 11 132 
0 11 72 131 
11 83 131 132 
2 48 132 143 
0 3 132 134 
11 24 132 140 
0 1 48 143 
2 11 134 143 
11 60 71 143 
0 35 95 143 
1 11 24 143 
0 60 134 143 
2 8 11 143 
11 24 59 132 
1 11 36 132 
8 11 119 132 
0 8 59 132 
5 11 96 143 
5 48 132 143 
36 132 142 143 
36 132 134 143 
6 48 132 143 
0 35 48 143 
10 132 133 143 
71 120 132 143 
0 8 23 132 
47 132 140 143 
12 83 132 143 
0 11 60 138 
2 11 71 132 
24 95 132 143 
0 7 8 143 
0 36 132 141 
11 59 135 143 
0 120 132 140 
1 11 132 136 
6 11 131 143 
35 71 132 143 
0 10 11 134 
2 35 132 143 
3 6 132 143 
6 35 132 143 
71 132 134 143 
11 48 138 143 
0 84 132 139 
72 131 132 143 
4 10 11 132 
8 9 132 143 
0 72 132 140 
3 120 132 143 
0 5 132 139 
0 5 11 131 
0 10 11 36 
0 2 84 132 
2 7 11 132 
1 36 132 143 
2 11 59 132 
0 71 84 143 
11 132 141 142 
1 11 36 143 
11 134 140 143 
36 71 132 143 
6 11 135 143 
11 36 120 132 
11 36 131 132 
8 48 132 143 
0 4 7 143 
0 11 96 134 
0 119 120 132 
96 108 132 143 
4 11 132 136 
4 6 11 132 
0 96 107 132 
11 132 135 142 
0 137 142 143 
11 60 136 143 
2 11 47 132 
0 9 10 132 
11 120 140 143 
108 132 136 143 
0 11 95 133 
0 47 141 143 
0 11 83 136 
0 11 59 108 
0 3 11 137 
11 47 95 143 
132 134 140 143 
0 48 96 132 
0 1 84 132 
8 11 83 132 
0 35 132 136 
10 11 132 142 
0 11 84 138 
0 84 132 133 
7 47 132 143 
0 2 11 23 
0 6 140 143 
3 10 11 132 
11 72 134 143 
7 11 120 132 
11 83 132 138 
0 48 132 133 
2 11 141 143 
0 10 72 132 
3 11 84 143 
0 11 95 119 
108 132 135 143 
47 132 136 143 
1 11 48 132 
107 132 136 143 
0 3 11 119 
11 84 132 141 
107 132 135 143 
0 4 11 134 
9 11 139 143 
11 108 120 132 
7 12 132 143 
0 1 11 137 
0 83 95 143 
0 11 120 136 
10 11 96 143 
0 2 135 143 
0 11 133 134 
47 107 132 143 
0 96 139 143 
132 138 140 143 
7 11 132 140 
11 47 83 132 
107 131 132 143 
0 1 11 138 
11 71 120 143 
0 131 138 143 
2 4 11 132 
0 12 119 132 
2 10 11 143 
7 120 132 143 
0 11 47 137 
10 11 140 143 
0 9 133 143 
0 2 5 132 
0 11 84 108 
0 11 72 139 
0 48 72 132 
3 6 11 143 
0 11 72 137 
0 95 135 143 
0 36 140 143 
11 12 137 143 
0 59 60 143 
0 5 11 134 
4 11 48 143 
0 11 23 137 
5 6 11 143 
0 83 135 143 
59 132 139 143 
0 7 11 142 
48 132 133 143 
0 11 71 133 
0 11 71 84 
11 96 119 143 
48 96 132 143 
8 9 11 132 
8 71 132 143 
0 47 137 143 
0 11 48 96 
108 132 134 143 
0 6 11 59 
0 11 48 136 
8 11 108 143 
0 11 12 120 
0 11 23 133 
11 60 140 143 
0 3 11 135 
7 11 83 132 
0 10 132 138 
2 11 36 143 
0 59 131 132 
11 119 136 143 
0 11 59 83 
0 11 35 36 
0 11 35 138 
8 36 132 143 
9 107 132 143 
0 6 11 134 
0 6 35 132 
11 48 119 143 
9 11 131 143 
0 1 131 132 
10 11 23 132 
11 132 137 138 
0 35 48 132 
8 11 95 143 
5 132 140 143 
0 133 136 143 
11 96 120 143 
11 35 132 136 
0 59 132 140 
1 11 84 143 
11 23 36 132 
11 138 142 143 
3 11 95 132 
0 1 9 11 
0 8 10 132 
72 132 140 143 
0 23 141 143 
1 23 132 143 
0 11 83 141 
3 7 11 132 
6 11 132 138 
0 11 36 72 
0 5 8 132 
5 11 24 132 
0 23 120 143 
0 23 60 143 
4 11 96 132 
6 11 120 143 
0 36 96 132 
0 71 119 132 
0 47 48 143 
0 6 60 132 
0 47 108 143 
0 1 132 141 
1 71 132 143 
11 59 132 138 
0 12 132 135 
0 4 96 132 
11 36 133 143 
12 132 133 143 
0 11 84 141 
0 3 131 143 
4 23 132 143 
0 11 120 135 
0 59 120 143 
0 11 12 107 
11 47 108 132 
0 35 108 132 
0 5 107 143 
0 10 11 83 
11 24 96 143 
4 5 11 132 
11 96 132 134 
3 11 132 139 
11 83 132 140 
7 11 48 132 
36 132 135 143 
23 132 140 143 
0 5 140 143 
36 108 132 143 
4 9 132 143 
0 3 119 143 
5 11 59 143 
11 36 132 136 
0 12 139 143 
0 11 59 134 
0 2 35 132 
11 72 132 135 
11 119 132 137 
0 59 71 143 
1 11 136 143 
0 8 132 140 
0 4 9 143 
11 12 95 132 
0 12 135 143 
36 47 132 143 
1 8 11 132 
0 11 96 137 
0 8 11 60 
0 8 107 143 
11 47 107 132 
0 9 11 119 
11 47 48 143 
11 48 95 132 
1 107 132 143 
83 132 134 143 
0 36 133 143 
0 10 11 59 
0 119 132 137 
0 5 24 132 
0 5 11 71 
0 4 11 135 
4 11 36 132 
0 9 96 132 
119 132 137 143 
132 136 141 143 
0 131 139 143 
2 11 95 143 
11 35 95 132 
0 6 11 72 
0 1 11 134 
0 23 136 143 
6 11 108 143 
24 59 132 143 
0 3 11 131 
8 11 35 143 
0 11 47 72 
11 23 132 135 
4 12 132 143 
0 83 132 136 
11 119 138 143 
0 11 36 96 
0 108 131 132 
0 10 11 23 
11 120 132 134 
0 108 132 141 
0 6 7 143 
3 95 132 143 
8 11 60 143 
132 140 141 143 
0 23 132 139 
0 11 96 140 
0 11 48 133 
0 35 132 138 
12 132 134 143 
11 71 132 137 
11 120 141 143 
0 6 132 133 
11 35 96 143 
0 5 23 132 
11 108 119 132 
35 131 132 143 
11 95 138 143 
0 2 23 132 
0 2 11 12 
0 5 7 11 
11 141 142 143 
0 133 140 143 
47 119 132 143 
0 3 11 95 
11 83 141 143 
0 11 48 135 
0 23 48 143 
0 11 12 139 
11 71 141 143 
83 132 141 143 
11 84 119 143 
11 72 107 143 
11 119 132 134 
11 132 138 140 
11 35 59 132 
4 11 72 132 
0 11 95 139 
11 96 107 132 
0 83 140 143 
0 95 137 143 
8 11 36 143 
0 7 24 132 
0 96 136 143 
0 132 139 140 
2 11 23 143 
6 11 96 132 
0 120 140 143 
0 7 131 143 
3 60 132 143 
0 7 12 143 
48 59 132 143 
0 36 84 143 
0 3 5 11 
0 23 134 143 
11 36 83 132 
0 11 23 48 
1 11 132 133 
7 9 11 143 
0 11 96 107 
11 12 35 143 
5 11 23 132 
0 59 133 143 
0 84 132 134 
11 95 137 143 
0 11 23 95 
11 35 134 143 
0 5 9 132 
60 132 141 143 
3 11 108 132 
3 11 84 132 
0 7 83 132 
71 132 137 143 
0 48 120 132 
1 11 108 132 
0 3 59 143 
0 1 23 143 
11 35 84 143 
0 11 84 135 
11 72 139 143 
11 133 137 143 
0 35 36 143 
11 107 136 143 
0 72 95 143 
11 84 136 143 
11 35 47 143 
0 8 107 132 
0 60 142 143 
11 132 135 136 
0 24 84 143 
0 9 119 132 
11 48 107 132 
0 3 11 36 
10 108 132 143 
48 72 132 143 
11 120 132 140 
0 59 119 143 
0 36 142 143 
0 12 132 133 
11 47 132 142 
0 6 11 131 
0 2 84 143 
0 47 72 143 
11 140 141 143 
0 9 11 136 
0 7 23 132 
0 11 135 140 
0 1 11 48 
5 119 132 143 
0 11 48 137 
59 132 133 143 
0 23 107 132 
0 5 6 11 
0 4 5 132 
1 5 11 132 
0 11 96 133 
0 4 11 35 
11 35 139 143 
0 60 140 143 
0 24 133 143 
2 11 24 132 
4 11 134 143 
0 36 137 143 
4 7 11 143 
11 95 132 133 
11 48 133 143 
11 96 131 143 
5 95 132 143 
1 132 135 143 
4 47 132 143 
0 83 96 132 
0 11 133 136 
0 6 83 132 
23 83 132 143 
0 96 135 143 
0 84 131 143 
5 11 108 132 
0 12 136 143 
0 11 23 135 
0 47 120 143 
11 35 107 132 
0 3 132 139 
11 12 132 133 
0 4 11 133 
12 132 140 143 
0 7 132 137 
24 36 132 143 
9 12 132 143 
0 136 140 143 
0 3 133 143 
0 84 140 143 
0 9 48 132 
0 24 131 132 
1 11 132 134 
0 7 108 132 
0 8 142 143 
0 71 132 139 
0 11 108 136 
23 132 134 143 
0 11 72 108 
11 60 119 132 
8 11 83 143 
0 48 84 143 
0 11 48 119 
24 84 132 143 
5 11 72 132 
35 119 132 143 
11 133 142 143 
0 95 140 143 
9 11 24 143 
0 3 9 132 
11 133 134 143 
8 11 119 143 
71 108 132 143 
0 23 84 132 
0 11 23 119 
0 95 132 139 
7 11 59 143 
7 132 135 143 
2 132 141 143 
0 95 138 143 
11 48 139 143 
11 48 71 132 
7 11 138 143 
0 11 59 71 
0 11 35 137 
0 10 95 132 
11 119 132 141 
11 24 134 143 
0 107 142 143 
7 11 35 143 
3 9 11 132 
11 36 132 135 
0 10 60 143 
119 120 132 143 
8 11 71 143 
0 132 136 140 
108 132 133 143 
0 83 137 143 
0 47 107 132 
11 12 108 143 
0 60 96 132 
0 12 133 143 
0 11 133 138 
0 36 134 143 
11 23 36 143 
6 11 108 132 
132 139 141 143 
11 119 120 132 
0 24 108 132 
11 84 132 136 
11 24 136 143 
0 107 133 143 
0 23 132 133 
0 11 47 139 
84 132 133 143 
0 108 141 143 
0 83 142 143 
0 72 84 143 
0 3 140 143 
0 48 132 137 
0 11 35 83 
0 131 132 137 
0 11 133 135 
0 11 83 84 
24 132 140 143 
0 95 142 143 
11 84 132 133 
0 11 135 138 
0 7 48 143 
11 72 119 143 
0 4 11 71 
0 1 120 132 
11 108 132 137 
0 1 7 11 
0 6 84 143 
0 11 95 107 
4 132 134 143 
0 8 12 143 
9 72 132 143 
0 8 71 132 
0 11 60 71 
60 83 132 143 
0 133 135 143 
0 24 132 140 
6 11 132 142 
1 47 132 143 
0 6 9 132 
3 11 60 143 
132 134 136 143 
11 139 141 143 
0 8 132 138 
11 24 132 139 
3 35 132 143 
0 7 72 132 
8 11 132 141 
0 9 139 143 
0 24 132 142 
11 12 139 143 
11 48 120 143 
9 132 133 143 
11 48 132 133 
11 23 48 143 
0 8 132 141 
11 24 60 132 
11 120 139 143 
0 11 84 136 
11 108 134 143 
0 47 135 143 
0 12 84 132 
0 5 35 132 
0 10 119 132 
11 23 132 138 
11 71 108 143 
0 8 84 132 
3 11 59 143 
10 11 132 140 
0 71 120 143 
4 11 72 143 
11 71 133 143 
11 72 108 143 
0 11 84 120 
0 4 11 83 
0 23 36 132 
11 71 84 143 
0 47 132 140 
0 95 132 138 
1 11 120 132 
0 11 95 137 
11 119 140 143 
1 9 11 132 
11 95 142 143 
0 133 137 143 
11 24 132 135 
0 5 132 140 
2 11 132 142 
11 59 84 132 
0 11 137 142 
1 11 132 139 
0 35 47 143 
0 6 60 143 
71 107 132 143 
0 11 59 142 
1 48 132 143 
0 11 35 84 
72 132 138 143 
0 119 142 143 
0 11 60 134 
11 59 83 143 
0 83 84 143 
0 23 132 141 
0 9 132 138 
4 11 84 132 
0 132 137 141 
48 132 139 143 
11 24 35 143 
0 8 11 48 
0 72 83 143 
5 9 132 143 
0 6 59 132 
0 11 36 95 
0 6 8 11 
0 5 119 132 
0 11 59 141 
11 24 140 143 
4 131 132 143 
0 10 131 132 
9 11 24 132 
0 12 132 142 
0 4 12 132 
3 11 24 132 
0 119 138 143 
0 11 60 107 
11 107 119 132 
11 83 132 141 
11 71 135 143 
0 11 139 141 
0 4 11 48 
3 5 11 132 
11 72 131 143 
8 132 133 143 
7 11 119 143 
0 71 140 143 
7 11 132 136 
8 59 132 143 
0 11 83 138 
0 8 60 143 
0 5 95 143 
4 24 132 143 
24 132 135 143 
11 108 132 139 
83 132 138 143 
84 132 139 143 
11 36 59 143 
9 84 132 143 
11 59 142 143 
9 11 96 132 
11 107 137 143 
0 5 11 142 
0 6 9 143 
0 11 119 142 
83 132 133 143 
11 48 132 134 
23 131 132 143 
0 8 11 137 
7 11 12 143 
0 11 23 141 
5 11 35 132 
11 60 132 137 
11 12 84 132 
7 10 11 132 
0 9 48 143 
11 84 107 143 
0 11 35 107 
3 11 95 143 
2 107 132 143 
0 4 71 143 
11 108 131 143 
11 108 131 132 
107 120 132 143 
23 119 132 143 
0 11 36 59 
59 132 136 143 
11 132 134 141 
3 11 24 143 
8 11 96 132 
0 48 132 140 
11 36 141 143 
1 132 141 143 
0 5 11 48 
7 10 132 143 
1 3 132 143 
9 11 137 143 
0 48 83 132 
0 9 95 143 
3 11 72 143 
9 108 132 143 
0 11 60 83 
0 95 119 132 
0 132 133 137 
11 24 83 143 
0 11 24 141 
0 6 12 143 
9 59 132 143 
11 36 138 143 
11 107 120 132 
0 47 95 143 
0 60 132 141 
1 10 132 143 
0 6 139 143 
0 1 11 12 
0 5 134 143 
0 5 11 140 
0 11 71 72 
132 133 135 143 
0 84 107 132 
4 83 132 143 
0 9 132 134 
0 11 24 140 
0 108 119 132 
0 10 83 132 
3 132 142 143 
0 108 142 143 
0 60 95 143 
0 95 131 132 
8 132 136 143 
11 60 119 143 
0 1 2 11 
6 11 72 143 
0 48 138 143 
0 3 5 143 
7 11 24 132 
11 35 36 132 
0 2 72 143 
11 24 135 143 
11 48 108 143 
2 11 107 132 
0 5 120 132 
0 23 131 132 
11 137 141 143 
0 11 95 134 
0 24 132 137 
0 108 132 136 
0 11 84 137 
0 11 83 96 
0 35 96 132 
0 6 11 142 
1 84 132 143 
0 120 132 135 
11 131 132 139 
0 6 23 143 
0 7 11 120 
2 24 132 143 
0 11 59 72 
11 48 132 137 
0 10 132 139 
119 132 140 143 
2 83 132 143 
0 107 132 134 
4 11 131 143 
0 47 59 132 
0 8 141 143 
11 107 139 143 
0 1 11 131 
11 72 120 132 
11 36 142 143 
3 11 131 143 
0 5 141 143 
0 2 3 143 
0 119 131 132 
0 7 47 132 
0 7 135 143 
2 8 132 143 
0 1 11 120 
0 84 119 132 
0 8 137 143 
11 72 142 143 
0 11 23 142 
11 23 134 143 
11 71 120 132 
0 8 132 139 
0 10 11 142 
0 11 107 136 
0 11 59 119 
5 10 11 132 
0 11 12 96 
0 119 133 143 
0 11 136 142 
0 2 4 143 
9 10 132 143 
0 36 72 132 
132 133 140 143 
0 11 47 84 
0 107 141 143 
0 11 95 141 
0 48 119 143 
60 108 132 143 
3 11 132 135 
7 8 11 132 
0 3 132 137 
2 10 132 143 
11 132 133 135 
0 9 71 132 
5 11 132 141 
2 132 137 143 
0 11 120 133 
132 138 141 143 
0 9 11 133 
6 24 132 143 
0 9 132 142 
1 10 11 132 
120 132 133 143 
0 7 120 132 
0 36 131 132 
5 11 132 137 
6 9 132 143 
72 132 137 143 
4 7 11 132 
11 95 134 143 
0 84 107 143 
0 11 84 107 
0 59 135 143 
0 11 131 136 
0 84 120 132 
0 1 4 143 
10 83 132 143 
0 3 24 143 
0 2 47 143 
8 132 138 143 
47 132 135 143 
0 2 23 143 
0 36 96 143 
0 1 11 47 
11 71 83 143 
0 84 139 143 
1 11 119 132 
0 7 132 141 
83 120 132 143 
5 10 132 143 
0 1 11 72 
0 72 108 143 
0 11 119 120 
5 11 136 143 
0 5 36 132 
0 3 11 134 
59 132 138 143 
0 10 11 96 
0 1 23 132 
11 131 136 143 
0 5 12 143 
0 11 135 142 
0 11 47 134 
0 71 135 143 
0 7 139 143 
0 11 119 136 
72 132 141 143 
4 11 142 143 
0 23 132 134 
0 133 141 143 
0 71 141 143 
11 24 108 143 
6 96 132 143 
0 83 131 132 
9 120 132 143 
11 23 108 132 
10 11 133 143 
0 35 107 143 
3 108 132 143 
0 84 133 143 
0 132 135 138 
2 11 132 134 
11 12 132 138 
3 48 132 143 
11 60 142 143 
0 7 11 140 
0 11 47 142 
7 132 137 143 
9 11 47 132 
11 35 132 135 
11 35 119 132 
0 6 10 132 
0 3 95 132 
0 11 35 135 
47 59 132 143 
11 132 133 137 
2 6 11 132 
60 95 132 143 
11 132 136 140 
11 83 132 134 
4 11 59 143 
11 83 108 132 
0 24 60 143 
0 120 134 143 
11 60 107 132 
10 24 132 143 
0 11 48 84 
11 24 132 141 
0 11 12 36 
0 108 132 138 
11 108 135 143 
0 24 132 139 
11 47 137 143 
7 11 134 143 
1 132 137 143 
8 11 23 132 
0 11 24 137 
2 11 23 132 
35 132 137 143 
0 9 72 143 
8 11 12 132 
0 1 95 132 
0 60 72 143 
24 132 138 143 
0 11 119 141 
0 10 108 143 
11 84 139 143 
0 11 24 72 
5 11 35 143 
0 11 108 120 
2 131 132 143 
11 132 137 142 
0 3 132 136 
11 48 134 143 
8 11 84 132 
1 11 12 143 
0 1 83 143 
11 47 139 143 
4 11 23 132 
0 3 23 143 
0 6 132 135 
4 36 132 143 
7 71 132 143 
0 9 11 23 
11 135 140 143 
0 10 71 132 
0 6 11 48 
11 35 107 143 
6 11 120 132 
0 2 132 133 
11 135 142 143 
0 11 24 83 
132 140 142 143 
96 132 134 143 
0 1 47 132 
0 47 132 134 
0 96 119 143 
0 2 6 132 
0 23 107 143 
11 108 132 136 
72 132 134 143 
11 107 132 134 
0 84 108 143 
0 47 48 132 
0 6 7 11 
11 83 136 143 
0 10 11 140 
0 83 132 142 
0 6 11 83 
0 3 11 108 
132 135 141 143 
96 132 133 143 
0 7 11 108 
0 5 7 132 
11 48 83 132 
0 2 11 35 
0 11 35 95 
0 11 23 136 
11 119 134 143 
0 36 132 142 
11 60 132 134 
4 11 84 143 
0 11 24 133 
11 48 59 143 
11 84 134 143 
23 107 132 143 
11 48 71 143 
1 5 11 143 
11 137 142 143 
7 11 12 132 
0 35 120 143 
11 35 71 132 
0 48 131 143 
0 3 4 143 
11 24 120 143 
11 135 138 143 
11 71 107 143 
0 35 140 143 
0 35 131 132 
0 4 11 59 
0 7 119 132 
11 131 132 133 
0 71 132 141 
0 10 47 143 
0 10 12 143 
0 95 139 143 
0 6 132 139 
0 6 23 132 
11 59 120 143 
0 3 10 143 
0 3 11 139 
11 23 24 132 
0 7 95 143 
47 132 133 143 
0 11 36 120 
11 47 132 137 
11 95 132 137 
7 11 84 143 
120 132 137 143 
3 11 60 132 
0 11 84 134 
0 11 47 120 
47 132 141 143 
0 2 11 59 
0 4 6 132 
0 24 71 132 
11 71 84 132 
2 11 132 141 
0 48 119 132 
7 11 71 143 
11 72 132 142 
11 35 133 143 
0 11 71 83 
0 8 11 108 
0 1 7 143 
0 1 132 137 
0 35 141 143 
11 12 60 132 
0 47 132 133 
0 23 138 143 
0 3 107 143 
11 107 132 140 
0 96 132 133 
0 48 131 132 
0 23 142 143 
11 35 59 143 
9 11 35 143 
4 11 60 143 
0 11 23 71 
0 2 11 95 
11 95 108 143 
11 131 132 134 
11 136 140 143 
11 48 140 143 
0 107 140 143 
0 3 72 132 
0 60 72 132 
11 60 120 132 
0 11 59 139 
4 11 119 132 
6 11 133 143 
0 2 136 143 
0 8 9 143 
96 132 137 143 
1 9 11 143 
5 8 132 143 
7 11 83 143 
11 12 132 135 
0 11 60 136 
3 132 139 143 
0 23 72 143 
10 11 48 143 
0 132 135 136 
1 11 131 132 
5 11 48 132 
6 11 132 133 
0 5 132 141 
36 132 138 143 
71 95 132 143 
0 10 132 137 
0 8 59 143 
11 47 133 143 
0 11 96 108 
0 11 131 137 
11 60 132 135 
132 135 138 143 
0 8 11 139 
36 132 140 143 
95 132 142 143 
9 132 138 143 
3 11 132 142 
1 4 132 143 
0 47 84 132 
0 10 47 132 
71 72 132 143 
95 132 137 143 
0 11 12 71 
0 2 11 72 
6 84 132 143 
0 35 83 143 
1 11 120 143 
0 11 83 137 
2 108 132 143 
0 71 134 143 
0 10 11 107 
0 5 11 120 
11 72 133 143 
48 132 135 143 
11 24 141 143 
3 72 132 143 
5 11 133 143 
48 119 132 143 
1 6 132 143 
7 11 36 143 
5 8 11 143 
0 2 131 132 
0 10 138 143 
0 1 84 143 
60 132 139 143 
0 6 48 143 
6 132 133 143 
11 12 24 132 
0 11 71 142 
11 24 36 143 
36 107 132 143 
0 10 141 143 
6 107 132 143 
0 11 131 140 
11 131 141 143 
0 24 132 141 
0 23 83 132 
0 6 11 137 
0 11 107 131 
11 60 137 143 
12 72 132 143 
0 72 95 132 
0 131 141 143 
11 47 96 143 
0 24 120 132 
11 107 132 141 
11 96 119 132 
4 132 142 143 
10 11 60 132 
11 36 135 143 
72 96 132 143 
11 120 132 135 
0 59 84 132 
6 23 132 143 
8 11 96 143 
0 24 132 138 
0 11 47 136 
7 11 131 143 
11 119 132 142 
0 9 11 84 
0 9 11 48 
10 11 71 132 
0 4 11 36 
11 131 132 142 
4 9 11 132 
1 11 60 143 
1 11 83 143 
0 1 2 132 
71 132 136 143 
11 36 132 142 
0 35 71 132 
11 12 135 143 
24 71 132 143 
0 47 84 143 
11 95 108 132 
11 35 96 132 
0 72 108 132 
0 131 132 134 
0 11 12 119 
11 131 134 143 
11 47 72 132 
11 132 136 138 
11 59 96 143 
0 1 11 96 
0 5 60 143 
0 132 139 142 
11 84 142 143 
11 96 133 143 
0 1 3 11 
48 84 132 143 
0 8 11 120 
3 11 141 143 
0 107 136 143 
0 8 11 35 
0 4 12 143 
108 131 132 143 
0 11 119 134 
0 10 36 143 
11 23 133 143 
0 10 132 142 
0 84 96 132 
11 96 136 143 
10 72 132 143 
7 8 11 143 
7 11 60 143 
0 2 137 143 
1 95 132 143 
11 36 72 143 
1 11 137 143 
0 11 107 120 
0 24 72 132 
7 11 133 143 
11 23 132 137 
0 4 6 143 
0 4 35 143 
11 84 138 143 
11 132 135 141 
11 35 60 143 
3 5 11 143 
0 12 35 143 
9 11 36 132 
0 5 8 11 
10 11 84 143 
0 11 60 131 
11 12 141 143 
0 59 131 143 
11 119 132 138 
0 2 96 143 
0 8 108 143 
3 11 119 132 
0 11 107 139 
6 11 23 132 
6 131 132 143 
0 9 47 132 
4 11 35 132 
0 11 47 59 
9 11 12 143 
10 11 83 143 
0 5 12 132 
11 23 24 143 
11 132 134 137 
0 11 60 137 
0 24 35 143 
0 8 11 141 
11 71 140 143 
0 8 84 143 
3 11 23 132 
10 11 132 134 
0 4 11 95 
11 84 137 143 
11 71 108 132 
0 48 83 143 
11 24 95 143 
0 59 132 142 
131 132 140 143 
0 134 136 143 
0 8 119 132 
0 11 48 107 
0 47 96 143 
0 11 60 95 
0 7 35 143 
5 11 120 143 
71 132 141 143 
8 11 132 133 
11 71 132 133 
0 72 132 135 
11 12 132 141 
0 84 108 132 
0 119 132 135 
11 48 72 143 
0 48 142 143 
0 1 6 11 
0 96 132 134 
0 6 24 132 
132 135 136 143 
0 1 24 132 
0 35 72 132 
11 35 131 132 
23 48 132 143 
11 35 47 132 
0 8 119 143 
35 83 132 143 
0 72 119 143 
0 11 84 133 
0 83 132 141 
0 96 137 143 
0 84 120 143 
0 11 96 135 
0 1 132 142 
84 132 141 143 
0 5 119 143 
8 11 60 132 
10 11 36 143 
0 8 36 143 
36 60 132 143 
84 107 132 143 
0 23 72 132 
5 11 132 138 
0 135 138 143 
0 2 138 143 
11 72 83 132 
12 132 141 143 
0 11 12 138 
0 96 132 142 
11 59 136 143 
0 11 48 140 
0 108 120 132 
0 84 137 143 
11 119 139 143 
0 8 60 132 
0 7 11 137 
0 139 142 143 
5 132 138 143 
6 11 83 132 
108 132 142 143 
0 60 131 143 
0 2 11 142 
6 9 11 132 
0 5 11 84 
0 59 140 143 
0 2 71 143 
48 132 142 143 
11 60 72 143 
132 133 141 143 
11 83 107 143 
11 84 96 143 
11 120 132 142 
11 119 133 143 
1 2 132 143 
11 60 139 143 
11 12 48 132 
4 11 23 143 
0 108 131 143 
0 8 10 143 
0 71 132 138 
11 108 139 143 
11 24 47 132 
0 95 132 141 
5 72 132 143 
11 47 107 143 
95 131 132 143 
0 6 141 143 
0 9 142 143 
0 10 59 143 
0 120 132 134 
0 5 11 60 
0 10 84 132 
1 132 136 143 
0 10 120 132 
0 5 59 132 
11 131 135 143 
0 4 132 142 
0 132 134 142 
0 83 132 138 
12 107 132 143 
0 10 137 143 
71 83 132 143 
11 96 132 136 
0 8 83 132 
107 132 140 143 
0 83 120 132 
71 119 132 143 
0 11 71 141 
11 24 107 132 
0 6 11 139 
35 60 132 143 
10 11 108 143 
9 11 132 140 
7 11 72 132 
48 108 132 143 
0 5 10 11 
0 48 107 132 
0 11 131 142 
0 60 132 142 
0 3 12 143 
0 11 71 140 
0 23 132 137 
11 72 83 143 
5 11 23 143 
0 140 142 143 
3 11 71 143 
9 11 136 143 
0 11 83 140 
11 95 132 136 
0 1 36 132 
0 24 83 143 
0 107 119 143 
4 11 47 132 
12 132 139 143 
0 11 12 140 
0 48 134 143 
8 11 35 132 
0 3 9 11 
11 35 140 143 
0 83 84 132 
11 59 71 132 
3 10 11 143 
0 5 11 136 
0 8 24 132 
1 60 132 143 
0 134 135 143 
0 132 138 140 
0 1 10 143 
47 131 132 143 
11 72 107 132 
0 24 59 143 
11 23 60 143 
11 71 96 143 
0 47 132 135 
0 83 132 140 
11 36 137 143 
12 36 132 143 
0 12 108 132 
0 59 95 143 
83 132 140 143 
60 72 132 143 
0 132 136 138 
0 11 24 108 
11 132 134 139 
0 23 84 143 
0 5 136 143 
0 11 47 83 
11 72 95 132 
0 3 132 142 
132 137 140 143 
0 4 96 143 
7 23 132 143 
6 132 134 143 
4 132 141 143 
10 11 142 143 
5 131 132 143 
10 11 24 143 
11 47 132 138 
4 6 132 143 
0 120 132 136 
7 11 107 132 
0 1 134 143 
3 107 132 143 
84 131 132 143 
9 47 132 143 
11 60 71 132 
9 10 11 132 
0 1 11 140 
5 47 132 143 
1 5 132 143 
11 134 138 143 
0 71 83 132 
0 2 11 131 
0 10 119 143 
11 35 84 132 
0 71 107 143 
95 96 132 143 
0 10 139 143 
0 8 11 119 
8 47 132 143 
0 35 135 143 
0 48 132 138 
0 5 11 83 
0 11 35 120 
0 4 60 143 
11 84 120 132 
6 132 140 143 
11 23 136 143 
3 11 120 143 
10 11 120 132 
0 11 23 84 
11 12 132 139 
0 1 71 143 
6 132 136 143 
11 36 84 143 
0 11 24 142 
0 11 96 142 
0 7 131 132 
0 3 135 143 
11 72 132 141 
0 2 95 132 
11 84 120 143 
0 35 139 143 
0 120 132 142 
11 72 138 143 
10 23 132 143 
0 135 140 143 
0 133 138 143 
0 132 133 138 
0 11 48 108 
10 11 132 138 
108 120 132 143 
0 11 83 133 
0 1 8 132 
0 11 24 84 
0 11 23 35 
11 133 141 143 
0 48 59 132 
0 3 137 143 
0 3 11 23 
0 71 132 142 
0 11 137 138 
11 72 96 143 
2 11 107 143 
4 11 137 143 
0 11 107 135 
0 12 120 132 
0 10 83 143 
108 132 138 143 
23 132 139 143 
11 48 132 139 
9 132 137 143 
0 12 96 143 
0 6 132 142 
0 120 136 143 
131 132 137 143 
0 3 132 133 
0 9 11 135 
0 9 132 139 
0 107 132 140 
11 24 131 132 
0 35 119 143 
0 11 83 119 
11 84 141 143 
0 120 132 138 
0 131 132 140 
12 120 132 143 
0 8 131 132 
0 1 108 132 
4 11 120 143 
7 119 132 143 
0 6 11 107 
0 23 132 135 
0 3 10 11 
4 132 139 143 
11 24 47 143 
1 96 132 143 
11 23 84 132 
6 11 35 132 
1 83 132 143 
0 4 11 137 
0 2 133 143 
120 132 135 143 
11 71 131 132 
0 9 60 132 
0 3 83 132 
0 11 12 23 
11 36 71 132 
11 59 107 132 
6 11 96 143 
2 11 120 132 
0 2 132 140 
0 5 84 143 
3 11 107 132 
0 24 48 132 
0 3 132 140 
11 24 59 143 
11 59 131 132 
11 140 142 143 
0 4 23 143 
11 96 142 143 
11 24 132 142 
12 132 137 143 
11 95 96 132 
0 48 136 143 
0 59 134 143 
0 7 11 95 
35 84 132 143 
5 8 11 132 
12 132 142 143 
0 2 10 11 
3 59 132 143 
0 132 134 138 
36 48 132 143 
11 35 132 137 
3 11 139 143 
0 11 119 131 
0 35 136 143 
7 11 132 137 
11 23 107 143 
0 7 132 142 
6 11 83 143 
0 60 95 132 
0 10 11 119 
0 7 11 36 
0 36 141 143 
11 36 72 132 
0 96 132 137 
0 9 60 143 
1 6 11 132 
0 11 72 142 
11 120 131 143 
11 133 140 143 
11 60 134 143 
0 11 72 120 
0 5 48 143 
11 71 136 143 
0 71 131 143 
11 47 120 143 
11 71 107 132 
0 10 11 141 
11 60 132 141 
0 6 108 132 
11 119 132 133 
11 83 132 142 
4 11 132 133 
0 11 36 107 
0 60 107 143 
35 132 135 143 
0 8 72 132 
0 4 24 132 
11 36 84 132 
0 1 11 23 
1 11 132 138 
0 6 36 143 
6 47 132 143 
47 132 139 143 
0 10 60 132 
0 120 133 143 
0 71 108 143 
0 71 142 143 
11 60 132 142 
0 60 71 132 
23 108 132 143 
0 11 95 142 
11 24 107 143 
0 35 83 132 
5 83 132 143 
0 23 119 132 
11 35 60 132 
0 11 12 108 
0 2 24 143 
12 24 132 143 
11 59 132 134 
0 24 120 143 
0 6 11 138 
0 2 12 143 
0 131 135 143 
0 11 138 139 
3 5 132 143 
0 12 36 132 
0 4 7 11 
7 132 138 143 
0 4 10 143 
0 11 137 139 
0 9 132 137 
0 35 108 143 
1 11 131 143 
11 24 119 143 
0 11 95 120 
4 11 95 143 
11 95 131 143 
11 132 133 136 
0 60 132 133 
35 59 132 143 
60 96 132 143 
5 11 108 143 
0 7 11 138 
0 11 72 107 
0 71 132 133 
11 72 140 143 
0 3 23 132 
2 132 139 143 
7 132 139 143 
9 11 84 132 
0 8 36 132 
3 11 120 132 
0 107 138 143 
0 120 131 132 
11 47 132 140 
0 59 132 141 
11 47 84 143 
11 107 132 133 
2 132 136 143 
60 120 132 143 
36 132 137 143 
11 24 95 132 
11 60 83 132 
0 36 48 132 
0 1 119 143 
11 131 132 136 
0 11 60 140 
24 132 136 143 
0 24 35 132 
0 2 7 132 
5 11 83 132 
0 72 142 143 
108 132 140 143 
83 96 132 143 
11 60 120 143 
11 108 142 143 
0 7 11 12 
0 24 136 143 
0 5 24 143 
0 7 136 143 
11 60 84 143 
0 1 6 143 
11 72 132 137 
2 60 132 143 
7 48 132 143 
0 7 96 132 
11 72 132 138 
0 24 95 132 
0 11 133 139 
132 135 137 143 
10 11 132 133 
0 9 11 141 
11 108 133 143 
5 11 48 143 
0 1 11 141 
0 132 140 141 
6 11 48 143 
0 48 108 132 
6 11 138 143 
11 36 95 143 
2 4 132 143 
0 2 7 11 
11 23 137 143 
60 131 132 143 
7 11 120 143 
0 1 4 11 
10 11 107 143 
0 132 134 136 
11 84 107 132 
0 96 120 143 
0 119 132 133 
0 8 71 143 
0 24 131 143 
0 7 71 132 
3 8 11 132 
0 11 59 136 
3 11 71 132 
0 36 48 143 
0 1 5 143 
0 5 11 141 
0 11 35 59 
2 9 11 132 
107 132 142 143 
0 24 142 143 
120 132 140 143 
0 9 138 143 
0 4 132 135 
0 5 11 108 
11 47 136 143 
4 107 132 143 
11 131 132 141 
0 4 11 23 
0 96 108 143 
84 108 132 143 
2 11 119 132 
11 95 135 143 
11 47 71 143 
1 7 11 132 
5 11 141 143 
0 5 132 138 
7 11 136 143 
11 83 132 135 
7 108 132 143 
132 137 142 143 
9 95 132 143 
6 11 132 141 
9 132 135 143 
11 47 140 143 
0 11 135 139 
0 1 72 132 
0 35 96 143 
7 11 47 143 
0 3 11 24 
2 120 132 143 
0 84 96 143 
0 11 107 142 
11 23 48 132 
11 134 142 143 
0 11 134 136 
0 6 11 47 
0 5 60 132 
0 2 6 11 
0 9 120 132 
132 133 138 143 
0 59 83 132 
0 60 84 143 
1 7 132 143 
0 60 136 143 
3 11 23 143 
0 11 72 133 
1 11 59 132 
0 48 72 143 
84 119 132 143 
0 47 107 143 
2 11 71 143 
11 59 120 132 
0 12 132 140 
5 11 120 132 
0 9 96 143 
0 9 12 143 
8 10 11 132 
11 23 35 132 
0 132 137 138 
0 12 108 143 
6 11 36 132 
23 36 132 143 
0 11 119 137 
0 8 9 11 
0 11 107 119 
11 60 132 139 
11 133 139 143 
0 12 132 137 
11 132 134 135 
11 134 139 143 
5 11 135 143 
0 11 24 35 
11 132 133 142 
0 6 11 119 
11 95 132 139 
0 1 95 143 
95 132 141 143 
0 11 134 141 
10 11 47 143 
0 6 11 140 
0 6 11 95 
60 132 135 143 
11 108 138 143 
11 84 132 140 
0 7 119 143 
11 23 141 143 
0 6 47 143 
0 9 108 143 
4 132 133 143 
0 7 11 139 
0 59 132 135 
0 11 24 107 
0 11 12 35 
0 10 11 24 
59 120 132 143 
0 35 59 132 
0 96 132 136 
11 131 138 143 
0 1 24 143 
11 12 59 143 
47 71 132 143 
24 108 132 143 
1 2 11 143 
0 11 95 140 
0 4 132 139 
0 11 95 135 
0 7 107 132 
11 72 119 132 
84 132 137 143 
0 36 132 134 
2 11 47 143 
11 71 72 143 
0 35 120 132 
10 11 71 143 
11 36 48 143 
0 1 132 139 
0 6 10 143 
9 48 132 143 
71 96 132 143 
72 132 139 143 
0 108 133 143 
0 2 11 36 
0 12 48 132 
71 84 132 143 
0 11 12 60 
3 8 132 143 
0 11 48 138 
0 9 11 107 
11 71 132 142 
0 7 72 143 
0 9 12 132 
0 11 95 96 
0 131 132 141 
11 95 139 143 
0 2 48 143 
0 96 119 132 
0 11 83 139 
11 60 83 143 
0 35 60 132 
1 11 23 132 
11 71 95 132 
11 72 108 132 
0 23 35 132 
0 8 11 136 
11 59 108 132 
0 59 137 143 
0 3 11 140 
3 4 11 143 
0 11 48 142 
0 9 11 131 
0 107 135 143 
0 23 36 143 
0 7 132 136 
0 4 119 132 
0 9 72 132 
0 9 59 132 
24 47 132 143 
0 9 23 132 
132 134 141 143 
2 8 11 132 
0 3 35 132 
0 12 23 143 
1 24 132 143 
0 12 119 143 
0 3 83 143 
3 11 132 138 
0 47 132 138 
5 11 59 132 
11 132 134 138 
0 3 95 143 
84 96 132 143 
11 23 131 143 
0 3 72 143 
0 4 11 140 
0 12 142 143 
0 4 72 132 
0 6 137 143 
1 8 132 143 
11 35 48 132 
11 108 132 135 
0 12 84 143 
9 11 133 143 
0 4 84 143 
0 1 5 132 
0 3 7 143 
0 24 96 132 
0 11 71 136 
0 11 48 139 
95 120 132 143 
6 11 131 132 
23 132 142 143 
1 11 23 143 
6 8 11 143 
0 72 132 136 
11 83 96 132 
0 6 83 143 
1 11 138 143 
59 132 142 143 
2 11 132 139 
11 83 95 132 
0 1 142 143 
0 108 140 143 
11 71 95 143 
11 136 139 143 
11 35 72 132 
11 83 132 139 
0 4 5 143 
0 4 11 108 
0 3 138 143 
11 59 95 132 
0 137 139 143 
0 11 83 134 
0 72 132 134 
3 7 11 143 
11 24 139 143 
6 11 132 137 
11 131 142 143 
0 8 11 12 
0 141 142 143 
0 48 71 132 
0 10 132 134 
132 136 142 143 
5 11 107 132 
0 132 140 142 
0 11 83 107 
0 10 136 143 
0 11 23 59 
1 11 132 137 
0 9 11 139 
35 48 132 143 
6 11 35 143 
0 7 11 60 
0 7 10 143 
71 132 133 143 
0 96 132 135 
0 5 139 143 
0 6 10 11 
0 11 136 141 
0 24 132 134 
0 11 24 136 
2 11 108 132 
0 11 72 141 
0 24 107 132 
0 48 60 143 
4 132 138 143 
0 11 119 133 
0 1 135 143 
6 11 36 143 
0 11 60 133 
0 11 12 48 
0 11 119 140 
9 11 132 134 
12 47 132 143 
11 12 95 143 
7 10 11 143 
24 48 132 143 
11 134 141 143 
0 72 131 132 
8 84 132 143 
10 132 140 143 
0 72 83 132 
0 3 142 143 
96 132 142 143 
119 132 133 143 
11 12 72 143 
0 131 132 135 
11 72 120 143 
0 24 132 135 
0 5 142 143 
0 11 24 47 
0 119 134 143 
0 4 134 143 
8 11 140 143 
4 11 71 143 
0 24 47 132 
1 2 11 132 
11 84 132 137 
11 35 48 143 
0 59 132 134 
0 95 132 136 
0 4 136 143 
0 9 132 140 
0 96 133 143 
0 7 9 143 
9 11 83 132 
0 7 132 138 
24 119 132 143 
0 3 8 132 
11 24 48 143 
0 48 132 135 
6 11 47 132 
2 11 84 132 
24 72 132 143 
0 11 23 72 
0 96 132 141 
5 11 47 143 
23 71 132 143 
0 11 36 133 
0 4 84 132 
1 132 139 143 
72 132 135 143 
23 95 132 143 
0 1 11 36 
11 47 132 133 
10 132 137 143 
0 11 24 131 
23 132 141 143 
0 12 71 143 
10 11 35 143 
0 11 23 60 
11 12 134 143 
1 132 140 143 
0 3 35 143 
0 131 133 143 
0 3 7 132 
0 95 141 143 
8 11 136 143 
7 24 132 143 
0 4 11 136 
5 11 84 132 
0 8 11 107 
0 48 137 143 
0 135 142 143 
0 9 83 132 
0 36 95 143 
0 71 72 132 
24 83 132 143 
0 72 96 132 
0 1 107 143 
4 7 132 143 
1 132 142 143 
0 4 60 132 
120 132 142 143 
7 132 141 143 
0 9 36 143 
11 60 132 140 
0 11 71 134 
11 47 96 132 
132 138 139 143 
2 72 132 143 
5 6 11 132 
0 5 9 11 
24 132 137 143 
2 11 132 136 
0 7 8 11 
0 95 134 143 
8 11 132 137 
11 47 108 143 
132 133 134 143 
0 9 10 143 
0 108 138 143 
0 24 48 143 
0 23 59 143 
0 71 132 136 
0 10 11 84 
11 60 131 143 
11 48 132 135 
2 5 11 143 
11 120 138 143 
11 83 107 132 
0 1 131 143 
0 11 107 134 
0 10 23 143 
11 12 140 143 
48 132 134 143 
11 59 84 143 
0 35 60 143 
0 60 84 132 
0 59 141 143 
1 11 132 142 
11 133 138 143 
0 8 135 143 
0 11 35 134 
120 132 136 143 
0 12 60 143 
11 95 132 140 
0 35 132 141 
0 3 11 35 
0 72 120 132 
0 2 11 138 
0 2 36 132 
0 35 119 132 
0 107 132 137 
8 9 11 143 
11 36 59 132 
5 132 137 143 
5 11 132 133 
3 131 132 143 
0 1 140 143 
0 11 72 84 
6 11 47 143 
2 11 132 137 
1 11 72 132 
10 11 95 132 
0 8 11 47 
2 11 12 143 
0 1 72 143 
0 5 11 139 
9 132 139 143 
0 9 84 132 
0 3 119 132 
10 11 132 141 
132 136 137 143 
7 132 140 143 
0 11 35 96 
11 107 142 143 
0 3 11 120 
0 12 138 143 
8 132 142 143 
3 11 134 143 
83 84 132 143 
0 8 11 133 
11 23 142 143 
6 83 132 143 
8 11 133 143 
11 107 131 143 
11 72 95 143 
0 3 36 132 
0 7 11 96 
4 11 12 132 
0 9 11 108 
0 1 11 142 
0 35 137 143 
0 10 59 132 
7 131 132 143 
0 10 11 137 
11 132 134 136 
96 132 138 143 
0 5 132 134 
6 11 59 132 
8 11 24 132 
0 3 134 143 
0 2 11 108 
0 4 8 132 
0 24 132 133 
0 1 11 24 
0 133 134 143 
72 107 132 143 
0 2 11 120 
0 4 36 143 
11 84 132 138 
0 11 134 137 
107 132 139 143 
10 47 132 143 
0 10 48 143 
131 132 141 143 
0 10 11 135 
1 4 11 143 
0 3 84 143 
11 135 137 143 
0 11 35 119 
2 132 133 143 
11 96 108 132 
0 10 24 132 
0 36 131 143 
95 108 132 143 
0 10 11 133 
0 1 59 132 
11 72 135 143 
0 5 132 137 
0 4 48 143 
10 11 24 132 
4 71 132 143 
2 11 96 143 
11 119 135 143 
11 59 139 143 
11 60 141 143 
60 71 132 143 
0 11 48 131 
107 132 133 143 
11 59 132 140 
0 3 96 132 
0 23 83 143 
0 4 24 143 
0 4 11 84 
108 132 141 143 
9 83 132 143 
11 24 108 132 
0 132 135 142 
0 6 96 143 
0 11 12 133 
3 11 36 143 
5 7 132 143 
0 12 72 143 
0 2 59 132 
0 10 11 47 
0 120 142 143 
0 47 119 143 
0 35 142 143 
0 72 141 143 
11 83 96 143 
0 24 84 132 
11 95 136 143 
0 3 132 138 
0 11 71 95 
1 11 47 143 
0 7 83 143 
0 138 142 143 
0 108 137 143 
0 8 9 132 
7 11 119 132 
12 132 136 143 
11 12 132 134 
0 23 95 143 
0 96 132 138 
11 48 60 143 
0 9 11 47 
6 71 132 143 
11 71 137 143 
0 7 11 141 
0 7 71 143 
8 60 132 143 
59 132 140 143 
11 36 47 132 
6 120 132 143 
0 5 11 119 
1 11 134 143 
131 132 136 143 
4 11 47 143 
0 9 35 143 
0 3 141 143 
0 2 11 140 
0 11 135 136 
6 11 132 134 
0 132 136 141 
3 132 135 143 
0 1 132 138 
6 11 107 143 
84 132 138 143 
11 59 108 143 
11 132 136 142 
0 1 9 132 
0 10 11 35 
0 9 11 59 
8 132 137 143 
0 24 134 143 
9 11 108 132 
120 132 139 143 
0 12 72 132 
0 12 47 132 
72 132 133 143 
0 2 11 84 
0 11 36 108 
0 11 35 72 
2 4 11 143 
11 132 137 139 
0 59 139 143 
9 11 108 143 
0 138 141 143 
0 35 84 143 
3 11 12 143 
0 3 108 132 
0 23 47 132 
0 3 11 136 
0 5 107 132 
0 10 142 143 
9 11 71 143 
1 132 138 143 
0 9 136 143 
0 59 132 133 
36 131 132 143 
0 132 137 139 
11 23 138 143 
0 7 11 47 
9 11 23 143 
0 9 11 95 
0 6 95 143 
11 132 138 142 
10 11 119 132 
0 132 138 139 
6 11 24 143 
11 107 135 143 
5 84 132 143 
0 11 59 107 
0 11 133 141 
7 95 132 143 
0 35 132 134 
0 7 120 143 
11 132 135 140 
7 60 132 143 
0 11 60 119 
83 131 132 143 
5 108 132 143 
11 83 133 143 
0 11 71 137 
0 132 134 139 
0 11 136 137 
2 11 133 143 
0 60 132 136 
5 11 132 142 
0 140 141 143 
11 35 132 134 
11 72 84 132 
6 108 132 143 
11 48 83 143 
0 12 131 143 
0 3 48 143 
11 119 137 143 
0 11 23 83 
0 136 138 143 
2 11 136 143 
47 72 132 143 
35 132 133 143 
11 36 96 132 
0 3 6 132 
11 131 132 135 
0 11 47 138 
0 12 83 143 
10 11 96 132 
0 108 132 137 
11 71 132 139 
7 11 132 142 
8 11 59 143 
0 3 11 12 
0 11 135 141 
3 4 132 143 
0 6 132 137 
9 11 71 132 
0 1 2 143 
0 10 135 143 
0 2 132 138 
8 11 132 136 
0 36 132 135 
0 84 136 143 
0 4 107 132 
4 11 132 137 
0 132 133 136 
0 5 133 143 
10 11 72 132 
119 132 135 143 
2 11 35 143 
8 108 132 143 
23 24 132 143 
7 11 140 143 
0 11 95 131 
0 11 36 47 
0 1 11 71 
35 95 132 143 
0 108 119 143 
0 48 135 143 
0 96 108 132 
11 36 71 143 
11 48 107 143 
8 11 132 140 
9 35 132 143 
1 11 108 143 
0 11 24 96 
0 11 120 141 
3 11 131 132 
0 4 120 143 
0 23 131 143 
0 11 108 133 
11 107 131 132 
0 2 9 143 
0 36 132 140 
3 132 137 143 
132 134 135 143 
60 132 142 143 
11 36 60 132 
0 4 11 72 
11 12 138 143 
5 11 142 143 
0 11 36 119 
0 11 12 84 
0 12 107 132 
11 107 132 139 
83 119 132 143 
0 24 71 143 
0 6 132 140 
4 9 11 143 
0 11 84 131 
2 11 120 143 
0 12 132 136 
0 10 107 132 
3 11 119 143 
0 36 72 143 
1 11 133 143 
0 84 134 143 
48 132 136 143 
0 132 134 141 
10 11 12 143 
8 11 132 134 
95 132 136 143 
11 36 136 143 
83 95 132 143 
0 11 12 131 
11 108 132 140 
0 2 140 143 
8 131 132 143 
10 11 119 143 
5 11 60 143 
0 72 132 142 
0 23 120 132 
8 11 107 143 
11 12 131 143 
0 119 132 139 
11 132 137 141 
5 132 134 143 
0 11 84 142 
11 59 132 135 
5 11 131 132 
4 11 132 135 
5 11 132 134 
0 4 141 143 
0 2 11 141 
0 47 138 143 
7 11 60 132 
0 9 11 24 
0 131 134 143 
8 11 120 143 
11 23 59 143 
11 138 139 143 
24 131 132 143 
60 107 132 143 
0 11 95 136 
6 11 12 132 
9 11 12 132 
11 36 108 143 
0 11 71 139 
59 83 132 143 
9 36 132 143 
72 119 132 143 
0 139 140 143 
2 9 11 143 
5 11 140 143 
0 83 119 132 
96 132 140 143 
0 11 47 135 
0 4 108 132 
0 3 131 132 
0 7 47 143 
132 133 142 143 
0 47 60 132 
0 6 134 143 
0 2 11 48 
9 11 107 143 
11 96 134 143 
8 10 11 143 
11 23 95 143 
11 96 132 135 
11 132 133 139 
0 134 138 143 
36 72 132 143 
0 11 23 47 
0 133 142 143 
0 11 96 119 
3 11 140 143 
0 6 119 143 
0 23 71 143 
8 11 132 138 
0 12 95 143 
11 108 132 133 
11 96 131 132 
11 84 95 132 
0 5 137 143 
0 60 132 138 
0 3 6 11 
2 5 132 143 
0 71 136 143 
0 1 136 143 
83 108 132 143 
11 47 60 143 
11 35 132 139 
0 1 11 59 
0 36 132 136 
1 11 132 141 
6 12 132 143 
4 11 139 143 
9 11 132 141 
96 131 132 143 
0 12 96 132 
47 95 132 143 
11 35 36 143 
11 12 23 132 
2 11 95 132 
0 83 107 143 
4 11 133 143 
0 11 12 142 
0 23 35 143 
7 11 108 143 
4 11 48 132 
0 6 11 96 
1 11 140 143 
119 131 132 143 
0 84 132 137 
5 107 132 143 
0 35 47 132 
6 11 132 136 
7 132 134 143 
8 11 84 143 
0 2 60 132 
59 132 141 143 
120 132 141 143 
8 11 141 143 
9 11 131 132 
0 47 71 132 
0 8 96 132 
11 83 120 132 
1 11 96 143 
1 7 11 143 
0 11 23 108 
11 47 142 143 
0 9 23 143 
0 8 108 132 
0 7 11 119 
35 120 132 143 
0 8 72 143 
0 4 131 132 
0 12 59 132 
0 60 83 143 
0 60 120 132 
10 11 136 143 
8 107 132 143 
11 23 59 132 
10 71 132 143 
0 11 131 139 
11 132 134 140 
0 3 11 84 
48 107 132 143 
8 132 139 143 
0 1 11 133 
0 47 133 143 
0 11 24 60 
0 4 9 132 
11 36 132 133 
0 47 131 132 
0 23 71 132 
11 35 72 143 
11 48 131 132 
132 136 138 143 
0 11 108 139 
0 95 132 135 
131 132 139 143 
11 23 84 143 
11 108 132 142 
0 2 6 143 
0 132 133 140 
0 4 11 12 
0 5 10 132 
0 11 48 83 
0 6 131 132 
0 7 11 84 
0 95 107 132 
4 11 141 143 
10 84 132 143 
11 12 36 132 
0 132 136 137 
95 119 132 143 
8 11 23 143 
8 132 135 143 
0 47 72 132 
0 2 48 132 
0 2 11 139 
7 11 137 143 
0 8 11 135 
0 11 84 119 
0 2 83 132 
132 134 139 143 
0 71 132 137 
0 6 11 84 
0 1 35 143 
10 132 138 143 
0 136 142 143 
11 48 132 142 
0 60 135 143 
10 132 139 143 
4 10 132 143 
11 12 142 143 
1 11 132 140 
11 23 120 132 
11 35 71 143 
6 132 141 143 
3 8 11 143 
0 131 136 143 
8 11 48 132 
0 5 47 132 
4 11 140 143 
10 11 132 136 
0 11 48 141 
0 3 8 143 
7 59 132 143 
0 107 132 138 
0 2 60 143 
95 132 134 143 
0 5 11 36 
11 107 132 135 
47 60 132 143 
1 11 119 143 
83 132 136 143 
0 11 24 139 
60 132 136 143 
0 11 47 60 
0 7 133 143 
11 23 72 132 
1 11 132 135 
0 71 138 143 
4 11 132 134 
0 71 108 132 
0 8 132 136 
0 11 47 140 
3 83 132 143 
11 95 133 143 
0 10 11 95 
1 120 132 143 
11 96 137 143 
2 11 132 135 
10 96 132 143 
0 8 47 132 
47 132 137 143 
0 72 132 141 
0 108 135 143 
11 59 132 137 
11 48 84 143 
0 10 96 132 
0 11 71 120 
0 11 47 107 
0 11 36 83 
11 47 132 139 
0 6 95 132 
0 1 132 134 
84 120 132 143 
0 11 24 134 
11 134 136 143 
0 11 133 140 
6 7 11 143 
0 11 36 142 
1 11 60 132 
0 4 23 132 
3 47 132 143 
0 10 96 143 
0 5 8 143 
48 131 132 143 
11 24 35 132 
7 11 72 143 
0 136 139 143 
48 95 132 143 
0 108 120 143 
131 132 134 143 
131 132 138 143 
0 84 95 132 
6 132 138 143 
0 23 95 132 
59 108 132 143 
0 36 107 143 
0 3 120 132 
2 3 132 143 
0 60 132 140 
9 11 48 143 
11 83 135 143 
0 11 47 48 
9 11 95 143 
0 7 11 59 
96 132 135 143 
0 9 134 143 
2 11 132 133 
0 2 3 11 
11 35 132 138 
0 1 9 143 
8 11 48 143 
0 60 96 143 
11 35 137 143 
10 11 36 132 
0 10 132 135 
11 132 138 139 
0 107 132 141 
0 48 132 139 
0 8 134 143 
0 10 11 48 
0 5 11 135 
5 11 137 143 
0 120 131 143 
0 8 132 133 
0 1 108 143 
11 12 120 132 
6 11 134 143 
0 11 36 136 
0 35 95 132 
0 10 11 120 
0 3 11 47 
0 11 36 138 
0 7 36 143 
35 107 132 143 
0 4 131 143 
0 83 107 132 
12 131 132 143 
0 47 120 132 
11 23 140 143 
0 3 12 132 
11 84 133 143 
0 9 140 143 
0 11 119 135 
0 60 137 143 
0 2 11 134 
0 11 59 135 
0 107 108 143 
3 11 36 132 
60 119 132 143 
0 24 119 143 
0 8 138 143 
132 136 139 143 
11 59 137 143 
0 3 11 59 
10 11 95 143 
3 11 132 141 
11 71 119 132 
11 108 120 143 
0 107 131 143 
0 11 134 139 
0 11 48 95 
0 6 135 143 
2 11 48 132 
3 11 96 132 
11 96 138 143 
10 11 131 132 
0 119 120 143 
0 119 132 141 
0 7 108 143 
0 12 23 132 
0 2 11 136 
5 11 107 143 
0 6 120 132 
11 59 131 143 
6 11 59 143 
0 23 96 132 
1 3 11 143 
1 8 11 143 
0 10 107 143 
0 7 59 132 
1 11 107 143 
2 23 132 143 
11 59 132 142 
0 84 132 142 
11 96 132 139 
0 48 132 136 
0 9 11 137 
0 5 11 107 
0 7 132 139 
5 11 134 143 
0 2 8 143 
0 11 59 137 
0 11 138 141 
4 11 132 142 
0 6 11 135 
0 23 60 132 
0 1 11 108 
3 11 132 134 
2 132 140 143 
3 11 132 136 
2 132 138 143 
10 11 72 143 
11 120 137 143 
0 23 96 143 
0 6 132 136 
12 35 132 143 
11 119 141 143 
5 132 142 143 
0 2 95 143 
0 5 11 137 
0 72 139 143 
11 59 96 132 
0 8 11 59 
36 59 132 143 
11 72 132 136 
0 60 120 143 
7 11 132 139 
0 36 71 143 
0 12 131 132 
0 5 11 59 
0 1 11 95 
0 3 6 143 
1 132 133 143 
5 11 95 143 
11 59 134 143 
3 11 59 132 
0 83 132 137 
96 120 132 143 
0 1 47 143 
132 141 142 143 
5 59 132 143 
11 84 132 135 
84 132 134 143 
0 6 71 132 
0 9 11 120 
11 48 59 132 
83 107 132 143 
0 48 95 132 
7 11 135 143 
8 11 47 143 
5 11 47 132 
1 131 132 143 
5 11 60 132 
0 4 10 132 
0 60 141 143 
0 35 71 143 
0 132 135 139 
9 11 141 143 
0 107 132 135 
36 132 141 143 
11 36 132 139 
0 7 11 71 
60 132 138 143 
1 4 11 132 
0 135 136 143 
0 11 36 131 
0 9 132 133 
11 132 133 134 
0 132 141 142 
4 11 24 132 
0 11 35 131 
0 132 134 137 
0 11 24 59 
0 47 134 143 
0 9 131 143 
119 132 139 143 
11 131 132 137 
0 108 136 143 
0 95 119 143 
0 59 138 143 
0 36 59 132 
11 96 132 140 
0 48 132 142 
11 35 135 143 
71 132 142 143 
8 23 132 143 
0 11 72 138 
3 71 132 143 
7 11 59 132 
11 95 119 132 
0 11 83 108 
0 9 132 141 
0 7 60 132 
0 107 119 132 
11 96 108 143 
6 95 132 143 
4 11 107 143 
0 9 11 35 
11 60 95 143 
4 132 137 143 
0 10 134 143 
0 96 132 139 
6 36 132 143 
0 3 60 132 
0 2 120 143 
11 71 132 135 
0 107 137 143 
11 120 132 136 
1 11 84 132 
1 11 107 132 
11 72 137 143 
0 3 84 132 
2 11 48 143 
0 2 134 143 
0 11 84 140 
3 11 132 133 
0 5 108 132 
0 35 59 143 
2 11 84 143 
72 108 132 143 
0 7 9 132 
96 132 136 143 
0 96 132 140 
0 11 24 36 
11 48 96 132 
11 132 135 137 
0 83 134 143 
0 5 96 143 
11 95 131 132 
11 83 140 143 
0 8 11 96 
0 11 120 134 
11 24 131 143 
0 11 59 140 
7 132 142 143 
0 60 108 143 
9 11 134 143 
11 72 131 132 
0 5 11 95 
0 8 11 72 
59 72 132 143 
84 132 140 143 
3 11 48 132 
0 9 119 143 
0 71 96 143 
0 71 107 132 
0 95 133 143 
0 3 7 11 
0 1 11 139 
0 2 11 133 
4 35 132 143 
0 108 132 135 
11 120 132 141 
0 60 138 143 
0 7 11 135 
0 6 8 143 
11 84 132 139 
0 3 11 138 
0 83 133 143 
11 48 132 138 
0 48 133 143 
8 11 132 135 
2 11 139 143 
8 11 72 143 
8 120 132 143 
35 47 132 143 
0 10 36 132 
0 12 132 139 
11 71 132 134 
0 5 11 12 
0 5 11 72 
0 11 140 142 
0 1 8 11 
0 8 131 143 
0 7 11 35 
10 11 59 143 
5 132 135 143 
0 72 119 132 
4 119 132 143 
0 132 137 140 
5 11 139 143 
2 11 132 138 
1 108 132 143 
3 11 48 143 
0 36 132 139 
2 47 132 143 
11 95 132 138 
0 59 119 132 
4 11 132 139 
11 71 132 138 
11 108 140 143 
11 47 119 143 
11 95 119 143 
0 71 95 143 
2 11 60 132 
1 11 96 132 
0 8 35 143 
11 24 36 132 
0 135 139 143 
5 11 132 136 
6 11 71 132 
11 72 136 143 
9 96 132 143 
35 132 142 143 
0 47 132 136 
0 2 139 143 
11 35 120 132 
5 11 36 143 
0 12 134 143 
0 2 5 11 
10 107 132 143 
3 11 35 132 
7 11 132 133 
0 72 131 143 
0 95 132 133 
2 11 35 132 
1 11 141 143 
11 24 132 133 
6 10 11 132 
0 96 140 143 
0 72 136 143 
0 9 108 132 
0 6 48 132 
5 11 72 143 
9 23 132 143 
6 11 12 143 
11 83 137 143 
0 5 11 23 
0 83 139 143 
9 11 47 143 
0 59 72 143 
11 24 84 143 
0 4 137 143 
36 120 132 143 
11 36 134 143 
0 7 60 143 
36 96 132 143 
3 11 35 143 
132 136 140 143 
0 9 11 36 
2 11 138 143 
4 11 131 132 
11 71 138 143 
11 35 136 143 
0 6 24 143 
9 132 141 143 
11 83 138 143 
0 24 36 132 
0 10 11 108 
6 59 132 143 
0 23 137 143 
11 12 47 143 
0 35 84 132 
11 107 134 143 
11 60 108 143 
24 132 141 143 
1 11 135 143 
11 120 142 143 
11 107 141 143 
0 7 142 143 
5 24 132 143 
5 11 84 143 
0 1 11 135 
0 108 132 133 
11 60 135 143 
4 60 132 143 
23 120 132 143 
0 60 119 132 
1 6 11 143 
0 1 10 11 
8 11 95 132 
0 119 132 140 
0 4 132 138 
3 36 132 143 
0 11 83 131 
11 24 72 132 
0 24 83 132 
0 132 139 141 
11 23 132 133 
4 11 107 132 
0 47 96 132 
4 6 11 143 
0 2 11 24 
11 47 95 132 
0 11 71 119 
11 24 60 143 
0 5 132 136 
11 72 84 143 
0 12 35 132 
60 132 133 143 
0 11 35 136 
0 96 141 143 
0 11 60 141 
11 24 132 134 
11 132 133 141 
107 132 134 143 
0 1 11 60 
9 131 132 143 
11 95 107 132 
11 83 119 132 
8 11 12 143 
23 132 138 143 
11 138 141 143 
11 12 83 132 
8 35 132 143 
11 71 119 143 
1 11 71 132 
6 72 132 143 
5 11 83 143 
4 11 138 143 
0 11 107 141 
11 36 139 143 
11 59 119 132 
0 11 24 138 
0 11 24 95 
0 5 83 143 
36 132 139 143 
5 11 132 139 
0 2 4 11 
8 11 24 143 
3 11 138 143 
0 7 95 132 
6 7 132 143 
11 24 48 132 
2 11 131 132 
1 11 95 143 
11 24 84 132 
0 11 137 140 
11 72 132 133 
35 132 139 143 
4 108 132 143 
11 35 83 143 
0 2 72 132 
11 23 132 134 
7 11 96 143 
11 95 132 134 
1 11 35 143 
0 84 132 136 
0 59 132 137 
2 7 11 143 
0 71 131 132 
6 11 132 140 
0 11 108 134 
0 132 134 140 
8 11 108 132 
11 23 83 143 
0 2 8 11 
11 107 132 137 
9 11 72 143 
0 131 137 143 
0 132 134 135 
12 48 132 143 
0 11 36 134 
1 72 132 143 
0 60 133 143 
0 9 36 132 
0 3 11 48 
0 11 134 138 
11 59 132 136 
0 72 96 143 
0 11 48 72 
9 11 84 143 
120 132 138 143 
0 10 132 133 
0 2 4 132 
35 72 132 143 
4 11 120 132 
6 11 142 143 
59 131 132 143 
0 11 47 71 
0 8 10 11 
10 132 134 143 
0 1 11 119 
0 2 10 143 
2 11 137 143 
1 11 142 143 
4 11 71 132 
0 2 131 143 
10 11 139 143 
11 132 133 140 
2 3 11 132 
11 132 136 137 
0 35 134 143 
0 24 95 143 
11 12 71 143 
0 47 132 142 
11 36 96 143 
59 119 132 143 
0 11 131 138 
0 120 132 141 
3 11 72 132 
48 83 132 143 
0 9 35 132 
9 11 120 132 
2 12 132 143 
11 59 132 139 
0 7 11 136 
0 10 11 131 
0 10 11 60 
0 47 140 143 
5 132 141 143 
6 11 24 132 
0 11 131 134 
0 11 59 60 
0 11 96 139 
11 132 136 139 
4 84 132 143 
0 4 139 143 
59 107 132 143 
0 11 23 140 
11 132 133 138 
0 12 60 132 
47 120 132 143 
3 11 133 143 
0 5 96 132 
108 132 137 143 
1 11 72 143 
6 11 84 143 
0 24 135 143 
11 48 119 132 
0 47 142 143 
11 59 140 143 
0 8 12 132 
0 12 24 143 
11 84 95 143 
132 134 137 143 
0 11 48 60 
0 11 72 83 
0 6 107 132 
0 4 7 132 
11 107 132 138 
11 12 119 132 
11 84 132 142 
10 11 23 143 
0 3 8 11 
0 10 132 140 
11 47 59 143 
12 23 132 143 
11 24 71 143 
0 10 133 143 
11 35 108 143 
11 83 108 143 
11 35 131 143 
0 11 35 108 
59 132 134 143 
8 132 140 143 
0 8 11 83 
0 8 11 24 
11 120 132 139 
0 2 9 132 
11 120 132 137 
11 12 132 136 
10 132 142 143 
5 11 36 132 
0 11 35 139 
8 11 36 132 
0 119 141 143 
0 11 108 140 
0 8 11 134 
8 11 131 132 
119 132 141 143 
11 59 132 133 
0 4 120 132 
1 3 11 132 
0 2 83 143 
0 6 9 11 
0 4 5 11 
0 7 35 132 
4 11 24 143 
11 24 138 143 
0 4 138 143 
2 11 24 143 
0 6 8 132 
0 24 132 136 
11 95 96 143 
11 12 107 132 
9 11 59 143 
0 6 138 143 
5 60 132 143 
6 7 11 132 
0 36 84 132 
0 3 136 143 
0 2 108 132 
11 71 139 143 
0 1 3 143 
0 59 72 132 
11 35 132 142 
0 107 108 132 
0 60 107 132 
0 132 138 141 
1 11 35 132 
96 107 132 143 
0 8 95 143 
71 131 132 143 
0 11 119 138 
0 11 135 137 
0 23 24 143 
10 11 59 132 
0 11 12 59 
0 107 139 143 
6 11 119 132 
11 83 139 143 
0 11 95 108 
5 9 11 132 
0 3 5 132 
47 132 142 143 
3 132 140 143 
7 11 47 132 
2 95 132 143 
0 11 71 108 
2 96 132 143 
47 132 134 143 
10 132 136 143 
0 2 120 132 
11 60 95 132 
0 5 120 143 
7 84 132 143 
0 83 96 143 
5 12 132 143 
11 107 120 143 
131 132 135 143 
11 23 35 143 
0 131 132 138 
0 6 132 141 
3 11 142 143 
0 11 134 140 
0 48 95 143 
11 60 132 133 
9 11 60 132 
72 132 142 143 
0 23 132 142 
0 2 11 137 
0 96 138 143 
0 137 138 143 
0 10 72 143 
0 11 60 139 
0 8 132 135 
0 11 72 136 
0 6 11 60 
10 11 35 132 
11 84 108 143 
0 8 11 142 
2 71 132 143 
72 84 132 143 
36 132 133 143 
0 11 47 133 
11 71 132 140 
0 2 11 107 
23 47 132 143 
0 11 24 120 
83 132 142 143 
9 60 132 143 
0 11 134 142 
0 7 24 143 
8 11 142 143 
0 11 84 96 
11 83 131 143 
11 59 119 143 
0 6 11 141 
0 11 12 136 
0 108 134 143 
0 11 48 134 
9 11 23 132 
0 5 9 143 
1 11 24 132 
0 47 132 137 
0 119 135 143 
0 35 132 142 
10 11 141 143 
12 108 132 143 
0 7 10 132 
0 131 140 143 
0 59 136 143 
11 23 108 143 
0 11 60 108 
4 11 108 132 
9 11 83 143 
4 96 132 143 
9 10 11 143 
72 83 132 143 
0 2 132 135 
0 11 107 108 
0 10 108 132 
1 11 59 143 
11 138 140 143 
0 59 84 143 
0 4 11 131 
8 132 134 143 
0 132 138 142 
0 10 11 71 
0 9 132 136 
11 132 139 140 
9 11 72 132 
0 72 132 133 
0 60 83 132 
0 71 120 132 
0 3 10 132 
0 11 72 135 
0 10 24 143 
11 83 132 133 
0 6 96 132 
3 24 132 143 
11 23 132 141 
0 48 139 143 
0 11 96 131 
11 48 135 143 
11 132 140 142 
8 11 132 139 
0 83 95 132 
7 11 108 132 
1 11 95 132 
0 24 138 143 
0 9 11 83 
3 23 132 143 
8 72 132 143 
0 2 119 143 
4 10 11 143 
0 11 120 142 
0 6 11 71 
2 132 135 143 
0 8 11 71 
11 84 140 143 
84 132 136 143 
95 107 132 143 
0 4 119 143 
0 47 108 132 
9 132 134 143 
0 72 84 132 
11 12 108 132 
0 48 84 132 
0 36 60 132 
3 11 108 143 
0 48 132 134 
0 4 11 141 
132 133 139 143 
2 36 132 143 
0 2 7 143 
0 11 83 142 
0 3 11 60 
0 8 95 132 
11 23 83 132 
0 11 72 140 
7 11 107 143 
11 136 141 143 
0 2 132 142 
0 48 59 143 
0 71 133 143 
2 59 132 143 
10 11 108 132 
7 11 96 132 
7 8 132 143 
0 6 142 143 
0 59 108 143 
0 7 132 140 
4 11 135 143 
11 47 120 132 
11 72 132 134 
36 132 136 143 
59 95 132 143 
0 10 120 143 
132 133 137 143 
11 72 132 139 
0 35 132 137 
0 1 35 132 
0 83 108 132 
0 12 141 143 
59 96 132 143 
1 119 132 143 
0 6 71 143 
11 136 142 143 
0 84 141 143 
0 23 48 132 
11 60 107 143 
0 11 23 24 
0 5 84 132 
0 11 133 142 
0 11 23 107 
0 48 96 143 
11 48 141 143 
0 11 108 142 
11 12 60 143 
0 83 132 135 
11 96 120 132 
0 11 120 138 
0 108 132 134 
7 132 133 143 
0 10 11 138 
11 107 108 132 
11 108 136 143 
0 2 108 143 
0 8 132 134 
0 10 84 143 
0 3 11 141 
12 132 135 143 
0 7 84 143 
11 23 132 142 
0 9 24 143 
11 47 71 132 
0 11 47 95 
0 4 11 107 
0 11 47 131 
0 4 83 143 
8 96 132 143 
0 59 96 132 
0 11 36 60 
3 132 133 143 
0 11 35 47 
48 132 138 143 
0 11 23 139 
11 71 134 143 
132 139 140 143 
0 5 135 143 
11 96 132 137 
0 36 132 133 
0 4 140 143 
23 72 132 143 
0 8 140 143 
0 120 132 137 
11 47 131 132 
0 2 11 96 
0 11 35 141 
2 132 142 143 
6 10 132 143 
1 9 132 143 
0 11 24 48 
0 1 11 136 
4 72 132 143 
83 132 135 143 
0 4 133 143 
0 1 132 136 
11 83 119 143 
0 108 132 139 
11 84 108 132 
132 137 141 143 
11 35 142 143 
0 107 132 133 
4 132 140 143 
0 11 60 84 
0 83 131 143 
0 8 11 138 
0 11 36 135 
0 59 120 132 
0 11 72 96 
6 11 84 132 
11 12 83 143 
6 11 60 132 
7 11 23 143 
2 11 72 132 
6 11 72 132 
0 36 83 143 
0 12 47 143 
6 9 11 143 
3 7 132 143 
11 36 132 140 
0 9 11 142 
0 9 11 60 
131 132 142 143 
11 12 47 132 
10 11 132 135 
3 11 47 132 
7 132 136 143 
0 2 36 143 
11 48 132 140 
0 5 59 143 
0 12 140 143 
8 11 72 132 
0 8 23 143 
0 11 96 141 
0 3 47 132 
0 60 139 143 
11 83 134 143 
0 2 132 141 
0 11 23 36 
0 9 11 72 
0 36 108 143 
11 60 131 132 
0 35 133 143 
0 4 47 132 
11 47 84 132 
0 36 120 143 
48 120 132 143 
0 11 96 120 
0 95 132 140 
0 10 71 143 
0 8 24 143 
0 11 108 141 
0 95 96 143 
0 2 71 132 
0 11 60 142 
0 11 47 96 
4 11 12 143 
0 36 83 132 
0 3 11 107 
5 11 119 132 
10 11 137 143 
11 72 141 143 
0 23 135 143 
107 132 137 143 
0 137 140 143 
0 6 11 36 
2 11 36 132 
0 2 142 143 
0 5 48 132 
96 119 132 143 
0 5 6 143 
0 8 120 132 
11 48 72 132 
11 60 96 132 
0 11 136 138 
0 7 12 132 
0 11 71 135 
8 83 132 143 
131 132 133 143 
11 35 119 143 
3 119 132 143 
0 4 11 24 
35 132 134 143 
11 59 132 141 
0 108 139 143 
0 11 107 138 
0 11 59 133 
132 135 140 143 
0 1 59 143 
0 9 131 132 
0 59 71 132 
95 132 139 143 
71 132 139 143 
10 11 84 132 
0 5 71 132 
0 8 11 36 
0 11 141 142 
5 11 71 143 
0 95 132 137 
2 11 83 132 
0 5 138 143 
4 11 60 132 
0 95 107 143 
11 59 60 143 
11 47 48 132 
0 60 132 134 
7 9 132 143 
0 11 71 96 
0 83 108 143 
0 132 135 137 
0 7 84 132 
0 5 11 24 
0 1 141 143 
10 11 47 132 
132 133 136 143 
9 11 142 143 
0 2 35 143 
11 36 107 143 
11 137 138 143 
0 11 136 139 
0 47 59 143 
0 4 6 11 
11 12 133 143 
11 131 139 143 
11 36 131 143 
0 11 35 71 
0 24 139 143 
11 59 60 132 
6 11 95 132 
0 11 107 137 
0 83 132 139 
0 2 11 71 
11 12 131 132 
3 11 12 132 
0 2 8 132 
0 2 132 134 
11 35 141 143 
2 5 11 132 
35 36 132 143 
0 3 71 132 
0 48 108 143 
0 120 132 133 
9 71 132 143 
11 96 107 143 
0 95 120 132 
0 9 11 71 
11 12 48 143 
6 11 71 143 
0 9 11 96 
72 120 132 143 
0 7 11 48 
0 6 11 12 
0 84 132 135 
0 135 137 143 
0 11 59 138 
0 11 12 141 
0 59 132 139 
5 11 119 143 
0 107 120 132 
0 71 132 134 
11 48 84 132 
0 48 71 143 
0 2 47 132 
95 132 138 143 
0 2 11 119 
11 12 96 143 
0 72 107 143 
0 11 59 96 
0 5 11 96 
107 132 138 143 
11 35 108 132 
0 135 141 143 
0 1 12 132 
0 24 47 143 
0 96 134 143 
9 11 132 135 
23 132 135 143 
23 132 137 143 
12 60 132 143 
0 108 132 142 
0 2 107 132 
0 12 132 134 
4 5 11 143 
11 83 95 143 
84 132 142 143 
6 11 132 135 
0 11 108 135 
1 132 134 143 
0 8 96 143 
4 11 83 132 
0 95 132 142 
83 132 139 143 
0 11 59 95 
83 132 137 143 
95 132 135 143 
11 23 72 143 
0 11 35 142 
0 71 83 143 
11 23 132 136 
12 95 132 143 
5 132 136 143 
9 11 132 142 
0 35 132 140 
11 47 132 136 
0 2 11 135 
11 139 140 143 
0 7 137 143 
0 4 59 132 
0 60 132 139 
107 108 132 143 
0 134 142 143 
2 11 59 143 
47 48 132 143 
9 11 36 143 
0 23 140 143 
0 11 24 119 
0 48 60 132 
8 24 132 143 
0 8 48 132 
0 2 12 132 
11 36 132 134 
5 11 132 140 
11 59 107 143 
11 12 107 143 
2 11 60 143 
0 1 5 11 
0 11 138 140 
7 11 71 132 
12 132 138 143 
5 11 24 143 
0 132 137 142 
11 95 120 132 
0 23 132 136 
11 60 84 132 
0 24 107 143 
0 84 142 143 
11 23 96 132 
0 83 138 143 
0 107 134 143 
11 47 132 141 
11 23 135 143 
0 139 141 143 
0 9 137 143 
3 6 11 132 
0 4 11 119 
11 23 71 132 
11 131 132 138 
7 11 36 132 
11 23 132 139 
0 11 60 72 
11 71 72 132 
11 24 133 143 
0 4 11 139 
11 71 131 143 
0 4 35 132 
11 71 132 136 
0 71 96 132 
0 11 120 139 
11 48 131 143 
11 47 60 132 
0 2 9 11 
36 119 132 143 
0 7 11 131 
0 5 11 47 
8 11 139 143 
6 11 95 143 
7 107 132 143 
0 2 96 132 
8 95 132 143 
0 59 132 136 
0 11 23 131 
5 11 95 132 
132 137 138 143 
7 35 132 143 
11 12 132 140 
119 132 134 143 
11 132 135 138 
0 6 133 143 
