44 
115 
63 
126 
29 
114 
109 
32 
16 
13 
125 
112 
64 
122 
38 
28 
34 
22 
62 
103 
53 
81 
14 
31 
127 
102 
52 
104 
91 
76 
93 
42 
113 
82 
75 
56 
61 
117 
57 
20 
19 
50 
39 
26 
111 
43 
78 
37 
88 
69 
89 
129 
21 
92 
124 
123 
74 
130 
121 
110 
65 
97 
67 
87 
30 
86 
106 
58 
98 
90 
54 
116 
80 
128 
100 
33 
99 
40 
25 
49 
118 
77 
70 
68 
45 
85 
105 
79 
51 
41 
55 
18 
66 
101 
27 
73 
17 
46 
94 
15 
