0 11 119 132 143 
0 11 36 132 143 
0 11 131 132 143 
0 11 60 132 143 
0 11 23 132 143 
0 11 47 132 143 
0 6 11 132 143 
0 11 120 132 143 
0 11 132 135 143 
0 8 11 132 143 
0 11 84 132 143 
0 2 11 132 143 
0 11 108 132 143 
0 5 11 132 143 
0 1 11 132 143 
0 11 132 140 143 
0 11 59 132 143 
0 11 95 132 143 
0 9 11 132 143 
0 11 72 132 143 
0 11 96 132 143 
0 7 11 132 143 
0 11 107 132 143 
0 4 11 132 143 
0 11 132 133 143 
0 3 11 132 143 
0 11 71 132 143 
0 11 48 132 143 
0 10 11 132 143 
0 11 12 132 143 
0 11 83 132 143 
0 11 132 141 143 
0 11 132 139 143 
0 11 132 136 143 
0 11 132 138 143 
0 11 24 132 143 
0 11 132 137 143 
0 11 132 134 143 
0 11 35 132 143 
0 11 132 142 143 
