0 11 109 132 143 
0 11 21 132 143 
0 11 90 132 143 
0 11 65 132 143 
0 11 110 132 143 
0 11 85 132 143 
0 11 66 132 143 
0 11 55 132 143 
0 11 20 132 143 
0 11 100 132 143 
0 11 104 132 143 
0 11 115 132 143 
0 11 32 132 143 
0 11 77 132 143 
0 11 53 132 143 
0 11 42 132 143 
0 11 63 132 143 
0 11 29 132 143 
0 11 88 132 143 
0 11 82 132 143 
0 11 43 132 143 
0 11 27 132 143 
0 11 92 132 143 
0 11 79 132 143 
0 11 93 132 143 
0 11 94 132 143 
0 11 33 132 143 
0 11 37 132 143 
0 11 58 132 143 
0 11 130 132 143 
0 11 67 132 143 
0 11 25 132 143 
0 11 106 132 143 
0 11 51 132 143 
0 11 76 132 143 
0 11 114 132 143 
0 11 80 132 143 
0 11 28 132 143 
0 11 112 132 143 
0 11 97 132 143 
0 11 75 132 143 
0 11 56 132 143 
0 11 81 132 143 
0 11 39 132 143 
0 11 14 132 143 
0 11 121 132 143 
0 11 18 132 143 
0 11 103 132 143 
0 11 49 132 143 
0 11 68 132 143 
0 11 50 132 143 
0 11 34 132 143 
0 11 30 132 143 
0 11 124 132 143 
0 11 13 132 143 
0 11 69 132 143 
0 11 62 132 143 
0 11 46 132 143 
0 11 123 132 143 
0 11 102 132 143 
0 11 74 132 143 
0 11 122 132 143 
0 11 117 132 143 
0 11 70 132 143 
0 11 73 132 143 
0 11 52 132 143 
0 11 87 132 143 
0 11 113 132 143 
0 11 89 132 143 
0 11 126 132 143 
0 11 26 132 143 
0 11 22 132 143 
0 11 105 132 143 
0 11 98 132 143 
0 11 128 132 143 
0 11 91 132 143 
0 11 86 132 143 
0 11 99 132 143 
0 11 61 132 143 
0 11 116 132 143 
0 11 38 132 143 
0 11 19 132 143 
0 11 111 132 143 
0 11 45 132 143 
0 11 44 132 143 
0 11 125 132 143 
0 11 17 132 143 
0 11 118 132 143 
0 11 57 132 143 
0 11 101 132 143 
0 11 129 132 143 
0 11 40 132 143 
0 11 64 132 143 
0 11 127 132 143 
0 11 31 132 143 
0 11 54 132 143 
0 11 78 132 143 
0 11 41 132 143 
0 11 15 132 143 
0 11 16 132 143 
