0 2 83 132 143 
0 6 10 11 132 
3 11 119 132 143 
0 11 23 48 143 
0 11 72 120 143 
0 5 60 132 143 
0 3 11 83 143 
1 11 132 141 143 
0 11 71 95 143 
0 6 11 137 143 
0 11 23 47 132 
0 11 12 47 143 
0 9 72 132 143 
11 24 59 132 143 
1 11 119 132 143 
0 1 83 132 143 
0 8 11 132 138 
0 11 35 48 143 
0 5 84 132 143 
0 5 10 11 132 
11 131 132 134 143 
0 108 132 139 143 
0 11 84 120 143 
0 11 134 135 143 
0 1 11 83 132 
0 6 11 12 132 
11 36 83 132 143 
11 131 132 137 143 
0 11 120 132 141 
0 23 132 140 143 
0 11 137 141 143 
0 59 132 134 143 
11 23 71 132 143 
0 11 71 108 132 
0 3 9 11 132 
0 11 132 138 140 
10 11 132 133 143 
5 11 120 132 143 
0 5 120 132 143 
0 4 11 71 132 
0 11 120 133 143 
0 1 11 119 143 
0 47 96 132 143 
0 11 36 108 143 
0 7 132 136 143 
11 132 137 142 143 
0 11 107 140 143 
0 4 7 11 143 
0 11 24 72 132 
11 119 131 132 143 
0 5 11 132 141 
0 4 11 132 136 
0 8 11 60 132 
0 83 132 135 143 
4 11 131 132 143 
0 11 95 131 132 
0 36 83 132 143 
0 11 35 72 132 
0 6 24 132 143 
0 6 84 132 143 
11 59 132 133 143 
0 48 107 132 143 
0 11 24 35 132 
11 95 132 137 143 
0 59 107 132 143 
0 7 12 132 143 
0 11 95 107 143 
0 9 11 108 143 
0 11 119 132 133 
0 11 96 131 132 
11 23 83 132 143 
0 11 108 135 143 
11 60 72 132 143 
0 35 132 142 143 
11 35 60 132 143 
11 23 47 132 143 
0 11 12 95 132 
0 11 60 141 143 
0 11 24 95 143 
0 9 132 134 143 
0 7 11 59 132 
0 11 95 136 143 
0 11 83 96 132 
0 8 132 141 143 
0 9 11 141 143 
11 108 132 139 143 
11 59 132 137 143 
6 11 132 135 143 
0 10 47 132 143 
5 10 11 132 143 
0 11 35 84 143 
0 11 108 120 143 
0 7 11 139 143 
8 11 23 132 143 
0 60 132 136 143 
4 11 36 132 143 
0 11 12 108 143 
0 1 2 11 132 
0 8 132 140 143 
0 119 132 142 143 
3 9 11 132 143 
0 11 71 83 143 
0 11 107 132 137 
0 132 134 137 143 
7 11 132 138 143 
0 11 12 120 132 
0 7 95 132 143 
0 132 137 141 143 
0 7 11 138 143 
0 47 71 132 143 
0 8 9 132 143 
0 11 83 96 143 
0 5 11 120 132 
0 8 59 132 143 
4 11 35 132 143 
0 11 83 137 143 
0 11 83 132 133 
0 2 8 11 143 
0 1 11 60 132 
0 3 11 107 143 
0 11 96 141 143 
0 4 11 48 143 
0 7 11 72 132 
0 11 36 134 143 
1 11 132 133 143 
2 10 11 132 143 
0 7 11 132 134 
0 11 108 139 143 
8 11 132 137 143 
0 11 47 71 143 
0 8 10 132 143 
0 11 23 136 143 
0 132 134 136 143 
0 5 11 71 143 
0 3 4 11 143 
11 71 132 136 143 
0 6 11 120 143 
10 11 47 132 143 
0 120 132 140 143 
0 11 132 134 140 
0 2 108 132 143 
0 6 11 95 132 
0 11 47 133 143 
0 11 72 136 143 
0 2 132 138 143 
0 7 11 120 132 
0 7 11 24 143 
0 11 96 139 143 
0 11 36 132 133 
0 4 11 59 132 
0 4 132 135 143 
9 11 47 132 143 
0 11 108 136 143 
0 11 119 132 142 
0 11 83 84 132 
0 11 47 132 138 
11 96 132 142 143 
0 11 23 132 142 
0 11 108 119 132 
0 6 35 132 143 
0 10 11 140 143 
0 6 11 136 143 
11 12 23 132 143 
11 24 108 132 143 
0 24 60 132 143 
0 3 9 11 143 
0 24 95 132 143 
11 84 132 141 143 
0 10 11 141 143 
0 1 11 72 143 
0 5 11 24 132 
0 132 139 140 143 
0 4 11 108 143 
0 11 24 132 142 
0 3 11 36 143 
0 11 107 132 142 
0 2 11 131 143 
0 4 11 48 132 
0 36 120 132 143 
0 11 108 132 138 
0 11 132 133 136 
0 84 132 133 143 
0 72 108 132 143 
0 8 11 132 136 
0 2 3 132 143 
0 11 60 107 143 
11 48 71 132 143 
0 1 7 11 143 
0 11 35 132 141 
0 11 71 107 143 
0 7 11 136 143 
8 11 83 132 143 
11 119 132 138 143 
0 11 36 96 143 
0 35 83 132 143 
0 1 11 96 143 
0 96 132 133 143 
0 11 36 71 132 
0 11 60 71 143 
0 71 132 133 143 
11 107 132 139 143 
0 12 132 134 143 
0 1 4 11 132 
0 11 132 133 138 
6 11 36 132 143 
6 11 12 132 143 
11 96 132 138 143 
0 7 132 133 143 
0 11 59 120 132 
11 119 132 137 143 
0 11 35 132 137 
3 11 132 135 143 
0 6 11 35 132 
0 12 59 132 143 
8 11 132 139 143 
0 84 132 134 143 
0 3 71 132 143 
11 107 119 132 143 
0 9 11 47 143 
0 108 132 137 143 
0 10 131 132 143 
0 6 10 132 143 
0 11 84 120 132 
2 11 35 132 143 
0 23 107 132 143 
0 11 96 132 142 
0 4 7 132 143 
0 11 12 35 132 
0 95 132 134 143 
0 8 11 132 140 
0 11 24 108 132 
7 11 35 132 143 
0 11 48 142 143 
0 3 132 141 143 
0 6 11 23 143 
0 9 10 132 143 
0 10 11 119 132 
0 132 136 141 143 
0 11 72 95 143 
0 11 132 135 140 
0 11 135 139 143 
0 35 84 132 143 
0 47 108 132 143 
0 11 119 141 143 
0 11 23 132 138 
0 132 138 140 143 
0 11 96 107 132 
0 3 11 59 143 
0 9 11 134 143 
0 2 10 132 143 
0 11 72 135 143 
8 11 131 132 143 
5 11 132 138 143 
6 11 24 132 143 
0 7 11 134 143 
0 4 95 132 143 
0 23 48 132 143 
0 11 132 137 138 
0 48 119 132 143 
0 5 11 84 143 
11 84 132 133 143 
0 9 11 84 143 
6 11 132 137 143 
0 11 107 132 135 
0 6 59 132 143 
2 11 132 136 143 
0 11 132 139 141 
0 11 23 36 132 
0 1 120 132 143 
0 72 107 132 143 
0 96 119 132 143 
11 95 108 132 143 
0 3 7 11 143 
0 11 48 84 143 
0 11 95 108 132 
11 132 134 136 143 
7 9 11 132 143 
11 84 132 142 143 
0 11 119 132 135 
0 4 10 11 132 
0 8 95 132 143 
0 9 11 23 143 
11 72 132 140 143 
0 48 132 142 143 
0 3 11 139 143 
0 12 132 137 143 
0 119 132 136 143 
10 11 48 132 143 
0 4 11 12 143 
0 3 11 132 138 
11 36 132 137 143 
0 96 132 139 143 
0 7 132 141 143 
11 24 132 133 143 
8 11 95 132 143 
0 71 132 136 143 
0 11 96 133 143 
11 12 108 132 143 
0 2 11 36 143 
0 11 96 120 132 
0 6 11 59 132 
0 2 11 48 132 
0 60 132 134 143 
0 11 12 48 132 
0 3 11 135 143 
0 4 24 132 143 
9 11 120 132 143 
0 131 132 140 143 
5 11 24 132 143 
0 8 132 135 143 
11 23 72 132 143 
5 11 35 132 143 
11 60 132 142 143 
0 83 132 141 143 
0 11 72 132 138 
0 35 132 141 143 
0 11 47 72 143 
3 11 132 140 143 
0 11 23 141 143 
9 11 119 132 143 
0 10 83 132 143 
0 36 72 132 143 
0 11 23 24 132 
11 71 83 132 143 
0 2 5 11 143 
0 11 132 139 142 
0 6 95 132 143 
0 11 133 140 143 
0 8 11 60 143 
0 2 132 141 143 
0 10 11 119 143 
11 48 120 132 143 
0 8 108 132 143 
0 3 119 132 143 
0 5 9 11 143 
0 9 24 132 143 
0 11 36 95 132 
0 6 9 11 132 
0 10 132 141 143 
0 11 12 24 143 
0 1 8 11 143 
1 8 11 132 143 
0 11 72 120 132 
0 6 11 120 132 
0 24 131 132 143 
0 11 35 108 132 
11 35 132 138 143 
0 9 11 107 143 
0 8 11 140 143 
0 11 35 132 139 
0 83 131 132 143 
0 11 35 135 143 
8 11 132 141 143 
11 84 119 132 143 
0 11 48 84 132 
0 11 59 141 143 
0 11 35 120 143 
0 4 5 132 143 
0 11 23 59 143 
0 11 12 119 143 
0 2 10 11 143 
0 11 24 120 132 
10 11 95 132 143 
2 3 11 132 143 
0 23 132 141 143 
0 12 24 132 143 
11 24 132 142 143 
11 59 96 132 143 
0 1 11 135 143 
0 11 60 95 132 
11 107 132 136 143 
0 2 4 132 143 
11 96 120 132 143 
0 11 71 107 132 
0 11 108 133 143 
0 95 107 132 143 
0 107 132 137 143 
11 24 72 132 143 
2 11 60 132 143 
11 84 108 132 143 
0 10 11 23 143 
10 11 71 132 143 
0 2 11 132 137 
0 1 11 36 132 
0 11 23 48 132 
0 11 24 84 143 
11 23 107 132 143 
11 84 132 137 143 
0 11 60 119 132 
0 11 23 35 132 
11 23 132 134 143 
0 11 71 132 136 
0 11 84 132 137 
0 10 107 132 143 
0 3 72 132 143 
0 3 11 72 132 
0 11 95 132 133 
0 1 11 142 143 
11 72 84 132 143 
11 24 36 132 143 
0 11 120 142 143 
0 2 11 131 132 
0 5 7 132 143 
0 7 11 24 132 
0 11 60 140 143 
11 36 107 132 143 
0 11 12 72 132 
0 5 11 36 132 
0 47 48 132 143 
11 72 108 132 143 
11 71 132 137 143 
0 108 132 142 143 
0 2 11 138 143 
0 11 35 107 143 
0 107 132 136 143 
0 11 24 132 134 
0 11 132 134 141 
0 35 48 132 143 
0 24 36 132 143 
0 2 11 132 138 
0 1 132 135 143 
0 8 11 96 132 
0 1 11 120 132 
6 11 132 138 143 
0 11 47 137 143 
0 11 23 139 143 
2 11 132 134 143 
11 35 120 132 143 
0 11 132 134 135 
0 11 35 59 143 
0 108 131 132 143 
8 11 35 132 143 
10 11 72 132 143 
11 132 136 140 143 
9 11 12 132 143 
0 1 11 95 143 
0 11 84 132 136 
0 6 11 48 143 
3 6 11 132 143 
0 11 48 60 132 
0 12 120 132 143 
11 12 119 132 143 
11 71 132 135 143 
6 11 108 132 143 
0 11 12 132 142 
0 2 11 71 132 
0 5 132 136 143 
11 108 132 134 143 
0 11 137 138 143 
0 11 59 133 143 
0 47 132 137 143 
0 3 5 11 132 
0 11 35 141 143 
0 10 11 36 143 
0 11 36 72 132 
0 11 95 120 132 
11 132 140 141 143 
0 6 12 132 143 
0 1 7 11 132 
0 9 11 95 143 
0 11 23 83 143 
0 11 120 132 136 
0 3 108 132 143 
0 132 137 142 143 
0 8 120 132 143 
0 6 11 132 134 
0 1 36 132 143 
3 11 83 132 143 
0 11 107 135 143 
11 72 96 132 143 
3 11 120 132 143 
0 8 11 95 143 
0 59 71 132 143 
0 6 11 139 143 
11 119 132 142 143 
0 11 36 48 143 
0 107 132 135 143 
0 1 6 132 143 
11 108 132 140 143 
1 11 23 132 143 
0 2 107 132 143 
0 131 132 142 143 
0 8 132 134 143 
0 12 95 132 143 
7 11 59 132 143 
0 6 11 71 132 
0 11 132 136 137 
0 10 60 132 143 
0 3 4 11 132 
0 11 24 59 143 
5 11 72 132 143 
11 132 135 139 143 
0 11 72 84 132 
11 83 132 140 143 
0 11 60 132 134 
0 107 132 139 143 
0 10 11 107 132 
0 7 60 132 143 
0 5 11 71 132 
0 11 35 140 143 
0 5 11 47 143 
0 120 132 135 143 
0 2 11 95 143 
0 4 11 12 132 
5 11 107 132 143 
0 11 48 138 143 
0 2 11 60 143 
0 11 119 140 143 
0 7 11 108 143 
0 6 11 36 132 
0 11 119 132 141 
0 1 84 132 143 
11 71 131 132 143 
0 59 84 132 143 
0 84 132 140 143 
0 2 6 11 132 
0 11 120 137 143 
0 9 11 83 143 
0 83 95 132 143 
7 11 72 132 143 
11 24 132 136 143 
0 11 48 83 143 
0 11 83 120 132 
0 10 11 132 138 
2 11 132 135 143 
0 2 11 24 143 
11 35 132 136 143 
11 23 48 132 143 
0 6 107 132 143 
0 10 132 133 143 
0 6 11 47 143 
11 12 72 132 143 
11 12 132 138 143 
0 9 10 11 132 
8 11 71 132 143 
0 5 6 132 143 
0 132 133 140 143 
0 3 6 11 132 
0 11 12 83 143 
0 2 84 132 143 
0 11 60 132 135 
0 119 132 139 143 
0 11 23 135 143 
0 11 36 59 132 
0 47 84 132 143 
0 3 11 132 139 
0 11 12 95 143 
0 11 35 60 143 
0 95 132 133 143 
0 1 11 24 143 
0 8 11 107 132 
0 8 72 132 143 
0 1 4 11 143 
0 120 132 138 143 
3 8 11 132 143 
9 11 95 132 143 
0 11 23 107 143 
0 3 11 95 132 
0 95 131 132 143 
0 2 11 72 143 
0 10 132 135 143 
0 11 12 132 137 
0 11 36 72 143 
11 132 138 141 143 
0 6 132 134 143 
0 132 135 138 143 
0 4 11 71 143 
0 3 11 12 132 
0 11 47 48 132 
0 8 11 137 143 
0 3 11 132 142 
0 1 11 48 143 
0 11 36 142 143 
0 48 120 132 143 
0 11 135 136 143 
0 2 11 119 143 
1 11 120 132 143 
0 36 96 132 143 
0 11 48 132 136 
0 11 35 108 143 
0 11 72 96 132 
0 6 11 96 143 
7 11 84 132 143 
11 107 108 132 143 
0 12 132 135 143 
0 23 132 133 143 
0 72 132 140 143 
10 11 120 132 143 
0 3 95 132 143 
11 35 59 132 143 
0 95 132 142 143 
0 11 119 132 139 
6 11 132 140 143 
0 10 132 134 143 
4 11 12 132 143 
0 60 132 135 143 
0 3 12 132 143 
0 11 47 107 132 
0 107 132 141 143 
0 8 11 142 143 
0 9 60 132 143 
11 60 107 132 143 
11 48 83 132 143 
11 59 72 132 143 
0 48 96 132 143 
0 11 132 140 141 
0 4 11 47 143 
5 11 60 132 143 
0 9 59 132 143 
0 7 11 83 143 
11 23 132 139 143 
11 83 132 136 143 
11 132 134 141 143 
0 7 11 140 143 
0 9 35 132 143 
0 6 132 142 143 
0 11 23 95 143 
0 23 72 132 143 
3 11 47 132 143 
0 11 59 132 136 
0 2 11 12 143 
0 5 96 132 143 
0 11 84 108 132 
0 11 72 141 143 
11 72 120 132 143 
0 71 120 132 143 
0 23 132 137 143 
11 131 132 139 143 
0 24 132 139 143 
11 107 132 135 143 
11 132 135 137 143 
0 3 132 140 143 
0 11 23 132 134 
0 8 132 133 143 
0 11 84 136 143 
11 132 133 142 143 
0 11 48 132 140 
0 131 132 137 143 
0 11 119 138 143 
3 11 71 132 143 
0 8 83 132 143 
0 10 35 132 143 
0 11 24 132 140 
0 59 132 136 143 
0 11 132 135 137 
0 1 11 132 142 
0 7 11 96 143 
0 9 132 139 143 
10 11 23 132 143 
11 48 108 132 143 
11 23 84 132 143 
0 11 72 137 143 
0 11 107 132 133 
10 11 60 132 143 
11 24 35 132 143 
3 11 24 132 143 
0 11 120 132 139 
0 11 23 140 143 
0 2 11 107 132 
11 120 132 141 143 
9 11 24 132 143 
0 11 95 134 143 
11 48 132 134 143 
0 11 23 59 132 
11 132 136 137 143 
0 2 11 132 139 
0 9 11 72 143 
0 120 132 141 143 
8 11 132 134 143 
10 11 59 132 143 
0 9 11 71 132 
0 7 11 36 143 
0 11 23 108 132 
0 11 138 139 143 
0 35 132 139 143 
0 8 11 71 132 
0 5 11 134 143 
0 11 83 107 143 
0 4 11 108 132 
11 96 131 132 143 
0 11 35 84 132 
0 5 107 132 143 
0 6 11 12 143 
0 11 12 132 139 
0 4 60 132 143 
11 12 60 132 143 
0 6 71 132 143 
11 95 107 132 143 
0 1 3 11 143 
4 11 72 132 143 
11 120 132 138 143 
0 23 24 132 143 
0 3 11 134 143 
0 4 11 23 143 
0 47 132 136 143 
0 47 132 135 143 
0 60 132 142 143 
0 11 133 138 143 
0 5 71 132 143 
0 11 24 96 143 
0 11 107 141 143 
11 35 119 132 143 
0 11 131 132 142 
0 9 11 96 132 
0 11 60 142 143 
0 11 84 132 138 
0 1 96 132 143 
0 2 11 47 143 
0 9 131 132 143 
0 9 11 83 132 
0 10 84 132 143 
4 11 132 140 143 
0 11 24 132 139 
0 11 23 71 143 
0 1 71 132 143 
0 1 6 11 132 
0 6 11 132 135 
6 11 132 134 143 
0 9 11 96 143 
0 11 107 119 143 
0 9 71 132 143 
0 59 131 132 143 
0 11 108 132 137 
0 9 132 133 143 
0 3 11 24 143 
0 35 119 132 143 
0 11 71 84 132 
0 2 11 108 143 
0 5 6 11 143 
11 71 132 140 143 
0 2 132 136 143 
0 11 71 119 132 
6 11 23 132 143 
0 11 36 132 142 
0 12 60 132 143 
9 11 132 140 143 
0 132 133 142 143 
11 72 132 135 143 
6 11 35 132 143 
11 48 132 140 143 
0 84 96 132 143 
6 11 132 141 143 
0 84 108 132 143 
0 2 132 134 143 
6 11 120 132 143 
0 107 120 132 143 
0 11 48 136 143 
0 36 132 134 143 
0 9 11 132 133 
0 11 36 132 137 
0 11 83 132 142 
0 48 131 132 143 
0 8 11 36 143 
0 2 5 132 143 
0 9 11 48 143 
0 60 132 139 143 
11 36 71 132 143 
0 10 11 132 134 
0 3 11 132 134 
0 11 131 132 136 
0 11 107 108 143 
0 11 72 131 132 
0 11 35 95 143 
0 11 24 96 132 
0 6 72 132 143 
0 3 132 137 143 
3 11 132 133 143 
0 83 84 132 143 
0 12 107 132 143 
11 23 131 132 143 
8 11 24 132 143 
0 23 132 135 143 
0 1 5 11 143 
0 5 11 48 143 
0 5 11 12 143 
0 6 11 48 132 
0 2 7 11 132 
0 9 11 132 134 
0 11 36 84 132 
0 8 47 132 143 
0 7 11 119 132 
0 11 12 131 132 
0 4 83 132 143 
0 11 48 120 132 
3 11 72 132 143 
1 11 132 139 143 
0 11 72 132 140 
0 11 95 138 143 
0 96 132 142 143 
0 2 11 119 132 
0 4 132 142 143 
11 59 107 132 143 
0 6 11 132 136 
0 23 84 132 143 
0 11 59 132 139 
0 4 107 132 143 
0 11 120 132 142 
7 11 23 132 143 
0 11 36 131 143 
11 84 107 132 143 
9 11 132 142 143 
0 11 84 107 132 
0 132 135 142 143 
0 96 107 132 143 
3 11 48 132 143 
11 12 71 132 143 
0 11 59 119 132 
0 11 23 137 143 
2 11 132 142 143 
0 7 11 132 139 
5 11 48 132 143 
0 7 11 132 133 
0 5 8 11 143 
0 24 84 132 143 
11 131 132 135 143 
0 11 119 135 143 
0 11 24 47 132 
11 23 24 132 143 
11 23 119 132 143 
0 8 48 132 143 
0 11 35 83 143 
0 1 11 48 132 
0 12 35 132 143 
0 8 10 11 132 
11 107 131 132 143 
0 24 119 132 143 
0 9 11 133 143 
0 11 108 134 143 
0 1 11 96 132 
0 11 72 108 132 
0 11 12 132 138 
0 5 11 132 139 
0 8 11 136 143 
0 11 131 132 137 
0 11 59 132 140 
0 9 132 141 143 
0 11 83 134 143 
0 5 108 132 143 
0 4 11 23 132 
11 24 47 132 143 
0 11 96 120 143 
0 2 4 11 132 
2 11 132 137 143 
11 60 132 134 143 
11 132 134 139 143 
11 47 71 132 143 
0 5 11 23 143 
0 6 8 11 132 
0 11 35 71 143 
0 4 11 135 143 
11 35 72 132 143 
0 10 11 132 139 
0 11 23 95 132 
0 10 24 132 143 
0 11 96 132 134 
0 132 138 141 143 
0 9 11 84 132 
0 11 132 137 139 
0 10 132 140 143 
0 1 11 23 143 
0 11 35 119 143 
0 11 23 119 132 
0 10 71 132 143 
0 7 11 107 132 
0 1 11 132 134 
0 10 11 60 143 
0 5 6 11 132 
11 60 119 132 143 
0 11 95 141 143 
11 36 132 133 143 
0 11 71 132 142 
0 3 132 142 143 
0 11 95 108 143 
0 8 11 131 132 
0 11 107 132 138 
0 11 59 84 132 
11 132 139 142 143 
2 6 11 132 143 
0 11 12 137 143 
0 11 71 84 143 
0 1 11 131 132 
0 11 60 131 143 
0 6 23 132 143 
0 12 71 132 143 
0 11 133 136 143 
0 3 8 11 143 
0 132 139 141 143 
8 11 132 142 143 
0 108 120 132 143 
11 95 132 139 143 
7 11 120 132 143 
0 7 11 12 132 
9 11 60 132 143 
0 4 132 136 143 
0 5 11 84 132 
0 12 132 136 143 
0 107 132 138 143 
0 24 107 132 143 
11 12 132 137 143 
0 59 108 132 143 
7 11 107 132 143 
0 8 11 119 132 
0 23 132 136 143 
0 48 84 132 143 
0 24 35 132 143 
0 11 72 84 143 
9 11 108 132 143 
0 11 60 132 137 
0 11 133 139 143 
11 132 135 140 143 
10 11 132 136 143 
3 11 132 134 143 
0 11 60 133 143 
0 132 134 141 143 
0 11 23 120 132 
3 11 23 132 143 
0 2 132 137 143 
0 5 11 120 143 
0 11 132 135 139 
9 11 35 132 143 
11 24 132 141 143 
0 11 24 83 143 
0 11 71 72 132 
0 3 132 136 143 
0 11 36 135 143 
0 11 23 35 143 
0 36 132 133 143 
0 72 132 139 143 
0 11 84 135 143 
11 35 132 141 143 
0 11 135 142 143 
0 11 108 132 133 
0 11 12 140 143 
10 11 132 140 143 
8 11 96 132 143 
5 11 59 132 143 
0 12 47 132 143 
0 11 12 60 132 
0 48 132 136 143 
0 9 11 24 132 
11 132 139 140 143 
0 132 137 138 143 
8 11 120 132 143 
0 11 36 131 132 
0 3 11 35 132 
11 59 71 132 143 
0 11 35 60 132 
0 3 11 83 132 
0 36 132 141 143 
11 96 132 137 143 
0 11 35 132 134 
0 10 11 59 132 
11 59 132 138 143 
3 11 131 132 143 
0 132 137 140 143 
0 3 11 108 132 
0 12 83 132 143 
0 35 71 132 143 
8 11 108 132 143 
0 10 36 132 143 
0 4 11 119 143 
0 3 11 120 132 
11 132 136 139 143 
0 36 131 132 143 
0 60 132 137 143 
11 48 60 132 143 
0 96 131 132 143 
0 6 11 132 142 
11 131 132 142 143 
11 47 83 132 143 
0 83 132 133 143 
11 83 119 132 143 
0 11 12 134 143 
0 131 132 135 143 
0 11 84 139 143 
8 11 12 132 143 
0 10 11 132 133 
11 48 119 132 143 
0 11 36 107 132 
0 11 24 119 132 
0 59 132 135 143 
0 1 11 134 143 
11 35 132 139 143 
11 83 131 132 143 
0 11 47 72 132 
0 8 11 59 143 
0 4 11 132 140 
0 11 48 132 135 
0 11 23 47 143 
0 95 132 140 143 
11 24 132 139 143 
0 1 11 23 132 
0 107 131 132 143 
0 3 6 11 143 
11 84 132 135 143 
0 11 131 142 143 
8 11 60 132 143 
0 11 132 137 141 
0 4 8 132 143 
0 24 132 134 143 
0 11 132 136 140 
11 24 71 132 143 
0 8 11 72 143 
0 11 23 133 143 
0 10 11 23 132 
0 4 11 35 143 
0 1 10 11 143 
0 24 96 132 143 
0 3 11 108 143 
0 11 119 139 143 
0 10 119 132 143 
0 4 11 96 132 
0 4 5 11 143 
0 11 35 48 132 
0 10 11 71 143 
0 2 11 142 143 
4 11 71 132 143 
11 83 107 132 143 
0 11 12 24 132 
0 11 131 132 135 
11 96 132 133 143 
0 1 11 36 143 
0 5 11 59 143 
0 7 11 142 143 
0 11 72 132 139 
0 24 132 141 143 
0 11 48 108 132 
0 11 135 141 143 
0 11 35 142 143 
0 11 96 132 133 
0 24 83 132 143 
3 11 12 132 143 
0 4 11 132 135 
0 24 72 132 143 
0 11 23 119 143 
8 11 107 132 143 
0 8 11 120 143 
0 12 96 132 143 
0 11 135 140 143 
0 11 47 119 132 
0 9 23 132 143 
11 83 132 138 143 
0 5 11 83 143 
0 11 35 132 133 
0 10 132 142 143 
3 4 11 132 143 
0 11 24 60 143 
0 11 12 132 140 
3 11 132 142 143 
0 7 132 140 143 
0 9 11 12 143 
11 132 135 138 143 
11 48 132 138 143 
0 9 11 132 139 
11 132 133 139 143 
0 84 132 142 143 
0 11 12 142 143 
11 132 134 142 143 
0 7 11 48 132 
11 59 131 132 143 
0 11 23 72 132 
0 11 134 140 143 
7 8 11 132 143 
0 7 11 132 137 
0 11 72 119 143 
0 7 11 83 132 
0 3 131 132 143 
0 11 120 132 134 
11 108 132 137 143 
0 11 24 134 143 
0 11 60 72 143 
1 11 132 136 143 
0 11 72 132 133 
0 11 120 141 143 
11 95 131 132 143 
0 8 11 139 143 
0 11 47 119 143 
11 60 96 132 143 
6 11 132 142 143 
0 1 11 132 137 
0 11 35 95 132 
0 5 11 83 132 
11 119 132 141 143 
11 132 133 140 143 
0 12 119 132 143 
0 10 11 95 143 
0 11 24 137 143 
0 11 36 120 143 
0 5 11 95 143 
11 132 141 142 143 
11 48 132 137 143 
0 7 11 132 136 
1 11 60 132 143 
0 5 11 139 143 
11 47 132 137 143 
2 11 132 138 143 
0 11 108 132 141 
0 8 11 47 143 
0 11 12 132 134 
0 11 119 132 137 
0 4 119 132 143 
0 11 36 136 143 
3 10 11 132 143 
10 11 36 132 143 
0 2 11 135 143 
0 8 132 142 143 
0 11 131 132 133 
0 5 11 132 133 
0 9 36 132 143 
0 11 36 59 143 
0 3 11 84 143 
0 11 84 137 143 
11 47 132 140 143 
0 83 132 140 143 
0 6 11 132 139 
0 5 59 132 143 
6 11 47 132 143 
3 11 132 137 143 
0 3 10 11 132 
0 1 11 84 132 
0 9 107 132 143 
0 10 59 132 143 
4 6 11 132 143 
11 72 83 132 143 
0 2 9 11 132 
0 11 107 142 143 
0 11 72 133 143 
0 3 10 11 143 
0 6 132 137 143 
0 4 9 11 132 
0 108 132 135 143 
0 96 132 135 143 
11 23 60 132 143 
0 11 24 107 143 
0 12 132 133 143 
0 47 132 141 143 
0 1 4 132 143 
0 2 11 96 132 
0 132 133 137 143 
0 9 119 132 143 
11 132 134 140 143 
0 11 141 142 143 
0 84 132 141 143 
0 11 84 131 132 
0 4 11 132 141 
0 8 132 139 143 
0 36 132 139 143 
0 84 132 135 143 
5 11 132 134 143 
11 59 132 134 143 
0 11 23 108 143 
0 2 7 132 143 
11 120 131 132 143 
0 72 119 132 143 
0 11 48 132 142 
0 9 11 12 132 
0 59 119 132 143 
11 47 132 136 143 
0 11 96 132 138 
0 11 47 83 143 
0 11 83 138 143 
4 11 132 137 143 
7 11 131 132 143 
5 11 132 142 143 
0 9 11 132 140 
0 8 11 12 132 
0 8 11 108 143 
0 3 11 60 143 
0 11 119 132 140 
11 119 132 140 143 
0 9 11 35 132 
0 10 72 132 143 
0 3 11 138 143 
11 71 107 132 143 
11 48 132 141 143 
0 7 23 132 143 
0 11 60 132 140 
0 11 59 83 132 
0 11 60 131 132 
0 11 24 140 143 
0 11 48 132 141 
0 3 11 59 132 
6 11 132 133 143 
0 11 131 135 143 
11 71 72 132 143 
0 1 11 141 143 
11 23 132 140 143 
0 132 134 142 143 
5 11 36 132 143 
0 59 95 132 143 
2 11 23 132 143 
0 6 11 108 132 
0 3 11 96 143 
0 60 72 132 143 
0 9 11 132 137 
0 11 36 95 143 
11 60 132 140 143 
0 23 108 132 143 
0 6 10 11 143 
0 120 132 134 143 
0 11 24 47 143 
0 5 23 132 143 
0 10 11 83 132 
0 11 119 132 136 
0 11 120 135 143 
2 11 36 132 143 
11 132 133 134 143 
0 11 95 132 138 
0 11 120 132 135 
0 11 24 60 132 
9 11 107 132 143 
0 11 84 132 133 
11 72 132 138 143 
0 11 12 107 143 
0 11 12 135 143 
0 9 108 132 143 
0 5 24 132 143 
0 1 132 141 143 
11 24 132 135 143 
0 11 96 107 143 
0 7 132 135 143 
0 11 59 108 132 
0 7 11 132 135 
0 23 47 132 143 
0 11 119 131 132 
11 72 95 132 143 
0 11 96 142 143 
0 11 60 132 141 
0 11 35 131 132 
0 11 23 132 135 
0 11 23 96 132 
0 7 131 132 143 
0 11 133 135 143 
0 6 11 108 143 
0 83 132 136 143 
0 11 84 119 132 
0 5 132 134 143 
0 10 11 71 132 
0 6 132 133 143 
0 11 47 96 132 
0 2 48 132 143 
0 11 83 108 132 
0 3 4 132 143 
0 5 11 132 140 
0 59 83 132 143 
0 11 36 119 132 
0 23 132 142 143 
7 11 71 132 143 
0 11 12 36 143 
0 11 95 142 143 
0 3 11 24 132 
0 11 12 133 143 
0 132 134 138 143 
0 11 136 142 143 
0 107 108 132 143 
6 11 131 132 143 
0 10 11 24 143 
11 95 132 140 143 
0 8 11 23 143 
0 5 11 135 143 
0 5 48 132 143 
0 6 11 96 132 
0 7 11 133 143 
0 11 12 132 133 
0 11 132 137 140 
11 83 84 132 143 
0 36 132 137 143 
0 96 120 132 143 
5 11 83 132 143 
5 9 11 132 143 
0 11 120 139 143 
0 3 5 11 143 
0 132 134 135 143 
11 131 132 140 143 
0 6 11 36 143 
11 132 135 142 143 
0 11 131 141 143 
7 11 132 141 143 
0 1 11 138 143 
0 11 35 133 143 
11 12 132 134 143 
0 7 11 84 132 
7 10 11 132 143 
0 95 120 132 143 
11 132 137 139 143 
0 3 11 142 143 
11 71 96 132 143 
0 6 8 11 143 
0 11 137 139 143 
6 8 11 132 143 
0 2 23 132 143 
0 3 7 132 143 
0 11 136 137 143 
0 5 83 132 143 
0 9 11 71 143 
0 7 11 107 143 
0 8 11 131 143 
11 36 108 132 143 
0 72 95 132 143 
0 84 132 139 143 
0 36 132 138 143 
0 7 11 35 132 
0 11 59 132 133 
0 8 131 132 143 
0 3 11 132 141 
0 2 11 132 134 
0 132 136 138 143 
8 11 132 140 143 
0 108 119 132 143 
11 96 132 140 143 
0 72 96 132 143 
0 1 72 132 143 
11 35 48 132 143 
0 24 47 132 143 
0 132 136 139 143 
0 11 47 120 132 
0 2 11 59 132 
0 11 72 107 143 
11 23 132 138 143 
0 5 11 36 143 
0 8 11 132 134 
0 11 84 96 143 
0 8 107 132 143 
0 11 59 132 138 
0 8 11 132 135 
4 11 95 132 143 
11 35 132 134 143 
11 35 132 133 143 
0 11 23 36 143 
0 11 96 137 143 
0 11 72 95 132 
0 71 132 138 143 
3 11 84 132 143 
0 5 11 132 137 
0 8 11 47 132 
0 72 84 132 143 
5 11 95 132 143 
0 11 47 132 136 
0 2 11 134 143 
11 132 139 141 143 
0 11 96 132 136 
0 4 11 132 137 
0 11 24 135 143 
11 35 132 135 143 
0 11 138 140 143 
9 11 132 134 143 
11 47 60 132 143 
0 5 132 135 143 
0 11 133 141 143 
1 10 11 132 143 
11 47 119 132 143 
0 11 59 131 132 
11 84 95 132 143 
0 11 132 133 135 
6 11 71 132 143 
2 11 119 132 143 
11 132 137 138 143 
0 4 11 120 132 
0 7 8 11 143 
0 131 132 139 143 
0 2 11 139 143 
0 11 47 134 143 
0 11 24 71 143 
0 83 107 132 143 
0 120 131 132 143 
11 47 107 132 143 
0 10 11 36 132 
0 3 132 134 143 
11 23 59 132 143 
0 1 132 136 143 
0 2 96 132 143 
0 11 96 134 143 
0 11 48 71 143 
0 5 7 11 143 
0 2 5 11 132 
0 11 35 139 143 
0 6 11 142 143 
0 3 11 132 133 
0 8 11 59 132 
11 60 71 132 143 
0 47 132 133 143 
11 71 132 142 143 
0 11 107 137 143 
0 83 96 132 143 
0 11 107 120 132 
0 23 131 132 143 
0 3 120 132 143 
11 59 95 132 143 
0 8 11 132 137 
0 11 136 140 143 
0 35 132 135 143 
0 119 120 132 143 
0 23 132 139 143 
0 11 59 135 143 
11 24 83 132 143 
4 11 23 132 143 
0 9 11 136 143 
7 11 108 132 143 
0 11 36 71 143 
0 8 132 136 143 
11 132 138 139 143 
11 131 132 141 143 
0 131 132 133 143 
0 2 11 23 132 
0 11 71 138 143 
0 1 11 59 143 
0 1 11 131 143 
0 10 11 135 143 
0 3 11 132 137 
11 48 59 132 143 
0 35 132 137 143 
0 1 11 119 132 
11 95 132 134 143 
0 3 11 60 132 
0 6 7 11 132 
11 132 137 140 143 
0 9 11 23 132 
0 11 48 83 132 
0 10 11 12 143 
0 36 107 132 143 
0 11 96 108 132 
4 11 132 139 143 
0 5 11 108 143 
0 9 11 60 143 
0 4 11 131 132 
0 11 24 48 132 
0 11 132 136 139 
0 1 9 11 132 
0 11 60 132 138 
0 11 24 83 132 
0 11 83 141 143 
0 6 7 132 143 
0 3 11 47 143 
0 95 108 132 143 
0 6 11 138 143 
0 11 35 119 132 
0 6 11 23 132 
0 72 132 141 143 
0 47 120 132 143 
0 11 60 120 143 
0 5 11 131 143 
11 119 120 132 143 
0 4 84 132 143 
0 84 132 137 143 
0 11 24 132 141 
0 11 96 132 135 
0 5 11 35 132 
0 5 10 132 143 
11 12 95 132 143 
0 23 120 132 143 
0 11 95 119 132 
0 95 96 132 143 
1 11 35 132 143 
0 108 132 138 143 
0 23 35 132 143 
0 1 9 132 143 
0 6 132 138 143 
11 95 119 132 143 
11 35 96 132 143 
0 11 96 135 143 
0 7 11 131 143 
8 9 11 132 143 
0 11 84 132 134 
0 11 132 135 136 
0 6 11 60 132 
0 11 131 132 139 
0 59 132 137 143 
6 11 107 132 143 
0 11 23 84 143 
0 36 95 132 143 
11 132 136 138 143 
0 5 11 107 143 
0 11 84 142 143 
11 36 120 132 143 
0 11 137 142 143 
0 4 72 132 143 
0 11 12 96 132 
0 10 11 132 136 
0 3 11 23 143 
2 11 132 133 143 
0 6 11 84 132 
0 1 11 71 143 
0 11 24 84 132 
0 11 132 134 139 
0 11 48 71 132 
0 11 60 84 143 
0 11 23 24 143 
0 11 12 107 132 
0 83 120 132 143 
0 7 11 72 143 
0 11 107 132 141 
0 1 95 132 143 
0 11 24 107 132 
0 4 11 137 143 
1 11 83 132 143 
0 132 135 136 143 
8 11 59 132 143 
0 11 59 107 143 
0 11 83 95 143 
1 11 132 142 143 
0 11 131 132 134 
11 83 108 132 143 
11 48 95 132 143 
0 5 11 96 143 
0 11 108 131 132 
1 11 96 132 143 
0 12 132 140 143 
0 11 83 139 143 
0 24 132 142 143 
11 59 132 135 143 
9 11 132 133 143 
0 11 36 60 132 
11 24 120 132 143 
0 1 2 11 143 
0 11 119 120 132 
7 11 132 139 143 
0 96 132 136 143 
0 11 132 138 141 
0 11 72 132 142 
10 11 35 132 143 
0 11 119 133 143 
0 4 11 72 143 
0 5 36 132 143 
2 11 132 141 143 
11 59 132 141 143 
11 48 132 139 143 
0 7 11 120 143 
0 11 36 60 143 
0 96 132 137 143 
0 6 9 132 143 
0 5 11 140 143 
0 9 11 119 132 
0 4 11 36 143 
11 71 95 132 143 
0 132 133 136 143 
0 11 72 108 143 
0 11 132 136 142 
0 11 71 131 132 
0 11 95 135 143 
0 4 11 132 142 
0 11 134 141 143 
11 12 132 139 143 
0 107 132 133 143 
0 11 36 107 143 
0 11 107 132 139 
2 11 48 132 143 
0 11 71 132 133 
0 11 95 107 132 
0 6 11 135 143 
0 11 140 141 143 
0 5 132 141 143 
7 11 83 132 143 
0 11 23 96 143 
0 6 11 47 132 
0 11 48 107 143 
0 11 12 132 136 
0 4 11 120 143 
0 10 108 132 143 
11 71 84 132 143 
0 3 5 132 143 
0 11 84 140 143 
0 1 12 132 143 
0 60 107 132 143 
0 11 132 133 139 
0 3 11 47 132 
11 12 132 133 143 
0 11 108 132 135 
0 8 11 107 143 
0 11 24 36 132 
0 9 11 95 132 
0 1 5 132 143 
11 84 132 140 143 
11 36 48 132 143 
0 10 11 47 132 
11 108 119 132 143 
0 11 12 131 143 
0 11 47 132 134 
0 48 132 138 143 
0 7 11 95 132 
5 11 108 132 143 
0 11 95 119 143 
11 12 132 136 143 
0 11 48 95 132 
11 131 132 136 143 
0 11 71 137 143 
0 11 107 132 140 
0 2 3 11 143 
0 4 132 134 143 
0 7 84 132 143 
11 48 72 132 143 
0 11 72 119 132 
11 108 132 133 143 
0 60 132 133 143 
1 11 84 132 143 
1 11 108 132 143 
0 5 132 133 143 
0 11 132 141 142 
0 1 11 59 132 
0 11 35 72 143 
0 2 11 132 136 
4 11 132 138 143 
0 47 132 139 143 
0 5 11 48 132 
0 11 72 139 143 
5 11 131 132 143 
0 35 108 132 143 
0 24 132 138 143 
11 72 132 133 143 
0 8 11 138 143 
0 132 136 140 143 
0 11 47 84 143 
0 72 132 142 143 
0 11 59 132 134 
10 11 131 132 143 
0 11 59 108 143 
0 7 11 135 143 
0 96 132 134 143 
0 11 96 108 143 
11 120 132 142 143 
0 3 11 71 132 
0 11 36 84 143 
0 11 47 139 143 
0 11 131 136 143 
0 11 35 132 136 
0 1 23 132 143 
0 10 11 83 143 
11 12 131 132 143 
0 11 72 132 137 
0 11 60 72 132 
0 71 96 132 143 
11 60 132 141 143 
0 11 59 83 143 
5 11 132 135 143 
0 11 120 132 140 
0 11 48 135 143 
0 5 11 137 143 
0 6 11 83 132 
0 48 132 141 143 
0 11 72 96 143 
0 4 11 95 132 
0 11 36 96 132 
0 1 132 142 143 
0 11 48 72 143 
11 47 132 133 143 
0 11 12 47 132 
0 48 132 134 143 
0 9 11 36 143 
0 12 132 138 143 
11 95 120 132 143 
0 72 132 135 143 
0 11 120 138 143 
0 11 131 138 143 
0 11 47 131 143 
0 4 35 132 143 
11 47 132 141 143 
11 12 132 140 143 
0 6 48 132 143 
0 11 83 140 143 
0 2 11 84 132 
0 11 83 133 143 
0 11 95 96 132 
0 7 132 139 143 
0 2 60 132 143 
0 11 24 142 143 
0 11 83 132 141 
11 72 119 132 143 
0 132 141 142 143 
0 11 120 132 137 
0 2 11 83 143 
4 11 132 142 143 
0 11 12 132 141 
0 72 132 138 143 
0 11 47 138 143 
11 47 72 132 143 
0 1 11 133 143 
0 8 11 36 132 
4 11 119 132 143 
0 6 132 136 143 
11 120 132 137 143 
11 84 132 134 143 
0 9 11 132 141 
0 9 11 47 132 
0 2 11 107 143 
1 11 132 140 143 
0 3 11 107 132 
0 7 48 132 143 
0 7 9 11 132 
0 1 132 137 143 
0 8 12 132 143 
11 36 72 132 143 
0 7 11 84 143 
0 11 48 60 143 
11 95 132 135 143 
0 11 60 95 143 
11 59 60 132 143 
0 11 23 72 143 
0 4 11 134 143 
0 4 11 47 132 
11 108 132 142 143 
11 132 134 135 143 
0 11 48 95 143 
0 11 12 138 143 
0 11 60 138 143 
1 11 12 132 143 
4 11 107 132 143 
0 11 95 139 143 
0 3 11 131 132 
0 4 23 132 143 
0 11 60 132 133 
0 71 107 132 143 
1 11 59 132 143 
0 4 47 132 143 
0 10 11 60 132 
0 83 132 137 143 
0 9 11 59 143 
4 11 120 132 143 
7 11 132 137 143 
0 3 83 132 143 
0 4 11 132 134 
0 11 107 120 143 
0 119 132 137 143 
11 47 120 132 143 
0 132 135 139 143 
0 11 35 132 138 
0 2 132 140 143 
0 1 11 108 132 
0 7 10 11 132 
11 83 132 133 143 
2 11 107 132 143 
11 60 84 132 143 
0 4 11 142 143 
0 11 36 132 141 
0 11 36 133 143 
0 11 36 138 143 
4 8 11 132 143 
0 11 23 60 132 
0 6 11 83 143 
11 84 132 136 143 
4 11 48 132 143 
0 4 132 141 143 
0 4 11 60 143 
0 11 83 107 132 
0 11 119 137 143 
6 11 83 132 143 
0 11 48 120 143 
0 11 36 119 143 
0 11 59 84 143 
0 11 107 131 143 
7 11 132 133 143 
0 11 36 132 138 
0 5 12 132 143 
0 1 10 132 143 
0 8 119 132 143 
11 24 119 132 143 
1 3 11 132 143 
11 23 132 141 143 
0 3 47 132 143 
0 11 71 136 143 
0 11 84 107 143 
0 24 132 140 143 
4 11 132 136 143 
0 10 11 120 143 
0 11 95 96 143 
0 84 107 132 143 
10 11 132 134 143 
9 11 132 136 143 
11 120 132 136 143 
7 11 96 132 143 
11 35 132 140 143 
0 8 11 119 143 
0 11 36 132 136 
0 11 47 107 143 
0 11 35 107 132 
0 11 71 133 143 
11 72 107 132 143 
0 9 11 131 143 
0 11 48 59 143 
0 3 59 132 143 
11 24 48 132 143 
0 11 84 95 143 
2 8 11 132 143 
0 11 133 142 143 
0 10 11 132 137 
11 35 47 132 143 
1 6 11 132 143 
0 2 24 132 143 
0 1 11 83 143 
11 59 132 136 143 
0 1 132 140 143 
11 108 120 132 143 
2 11 84 132 143 
0 8 60 132 143 
0 11 48 132 137 
0 9 11 120 143 
1 11 132 138 143 
0 8 132 137 143 
0 11 132 134 136 
0 11 35 138 143 
0 83 119 132 143 
0 60 84 132 143 
0 11 71 131 143 
0 9 11 108 132 
0 11 47 141 143 
0 59 132 141 143 
0 11 137 140 143 
0 36 132 136 143 
11 12 48 132 143 
0 1 108 132 143 
11 36 132 140 143 
0 11 59 60 132 
0 47 132 142 143 
0 11 35 96 143 
0 4 11 59 143 
11 83 132 141 143 
0 3 11 140 143 
0 11 83 132 138 
0 11 59 120 143 
0 11 95 132 139 
0 3 11 23 132 
11 48 84 132 143 
6 11 72 132 143 
0 1 11 132 138 
0 24 120 132 143 
11 108 132 136 143 
0 10 120 132 143 
11 12 36 132 143 
0 8 23 132 143 
0 4 11 131 143 
0 11 47 60 143 
0 11 60 83 143 
0 2 11 83 132 
0 10 11 138 143 
0 11 72 83 143 
0 11 35 47 132 
0 9 10 11 143 
0 23 60 132 143 
0 8 9 11 132 
0 11 83 132 136 
0 3 11 131 143 
0 8 11 24 143 
0 7 11 108 132 
4 10 11 132 143 
0 11 140 142 143 
0 6 11 141 143 
11 132 140 142 143 
5 11 23 132 143 
0 11 23 107 132 
0 72 132 136 143 
0 11 12 83 132 
0 36 132 135 143 
0 3 11 72 143 
0 24 132 137 143 
0 4 6 132 143 
11 107 132 138 143 
0 11 84 95 132 
0 7 10 11 143 
0 11 12 132 135 
7 11 132 140 143 
0 4 9 11 143 
0 11 12 48 143 
0 9 11 132 135 
0 47 132 134 143 
0 4 11 36 132 
7 11 36 132 143 
0 5 132 142 143 
0 131 132 136 143 
0 10 11 95 132 
0 2 6 11 143 
0 5 11 136 143 
11 83 96 132 143 
0 5 132 140 143 
0 5 35 132 143 
0 84 132 136 143 
0 7 8 11 132 
4 11 132 141 143 
0 1 11 60 143 
11 120 132 133 143 
0 4 132 138 143 
0 120 132 139 143 
11 47 59 132 143 
3 11 60 132 143 
7 11 132 136 143 
11 23 96 132 143 
0 24 132 136 143 
3 11 95 132 143 
0 11 83 132 137 
11 108 132 138 143 
0 11 71 83 132 
0 11 131 132 140 
0 11 95 132 142 
0 8 11 83 143 
0 4 6 11 143 
0 2 11 132 135 
0 7 10 132 143 
0 11 60 132 142 
0 3 132 139 143 
4 11 132 134 143 
0 11 83 136 143 
0 11 83 119 143 
4 11 132 133 143 
11 96 119 132 143 
0 8 11 132 133 
0 2 4 11 143 
1 2 11 132 143 
0 1 11 24 132 
0 11 24 132 135 
0 11 136 138 143 
0 11 59 132 142 
0 6 11 107 132 
5 11 119 132 143 
0 10 11 84 143 
0 11 47 59 143 
0 11 132 133 141 
0 35 72 132 143 
0 60 132 138 143 
0 8 11 84 132 
5 11 96 132 143 
0 10 11 72 132 
11 47 132 134 143 
11 84 96 132 143 
0 5 11 35 143 
11 23 36 132 143 
0 8 84 132 143 
11 48 131 132 143 
0 6 11 59 143 
0 35 132 133 143 
0 72 132 134 143 
0 11 108 131 143 
0 11 60 139 143 
11 60 132 139 143 
0 9 48 132 143 
0 1 11 139 143 
0 4 11 24 132 
0 8 11 141 143 
0 1 60 132 143 
11 24 132 137 143 
0 11 96 119 143 
0 3 11 48 143 
0 11 132 136 138 
0 11 107 119 132 
0 11 71 132 137 
0 5 11 23 132 
0 23 71 132 143 
0 36 108 132 143 
0 11 59 71 143 
0 11 23 132 140 
0 11 131 132 141 
0 11 35 96 132 
0 2 11 132 142 
3 11 35 132 143 
0 11 138 141 143 
0 71 132 140 143 
11 131 132 133 143 
11 36 132 142 143 
0 11 108 138 143 
11 60 132 135 143 
7 11 132 142 143 
0 7 132 134 143 
11 12 132 135 143 
0 4 8 11 143 
0 107 132 140 143 
0 1 11 47 143 
0 1 11 140 143 
0 6 7 11 143 
0 11 84 138 143 
0 5 11 141 143 
0 8 11 71 143 
1 11 71 132 143 
11 83 132 142 143 
11 132 133 138 143 
0 1 11 12 143 
0 59 132 138 143 
0 11 96 132 141 
0 6 120 132 143 
0 71 132 134 143 
0 60 131 132 143 
11 72 132 142 143 
0 8 11 83 132 
0 11 48 132 138 
0 3 11 36 132 
11 24 96 132 143 
5 6 11 132 143 
0 24 59 132 143 
11 36 47 132 143 
0 4 11 132 138 
0 11 71 120 132 
0 6 11 119 143 
0 131 132 134 143 
0 119 132 135 143 
0 1 3 11 132 
0 7 83 132 143 
0 11 131 132 138 
0 35 47 132 143 
0 11 59 107 132 
0 96 132 140 143 
4 11 24 132 143 
0 1 131 132 143 
0 11 47 83 132 
0 3 8 132 143 
0 5 11 72 143 
0 10 11 48 132 
0 132 135 141 143 
0 2 132 135 143 
9 11 132 141 143 
0 3 11 132 135 
0 11 12 59 143 
0 11 107 136 143 
0 4 11 138 143 
0 83 132 134 143 
11 24 84 132 143 
0 11 60 108 143 
0 11 48 141 143 
0 11 59 131 143 
0 11 47 120 143 
0 119 132 138 143 
0 120 132 133 143 
11 48 132 135 143 
0 11 71 120 143 
0 9 132 138 143 
0 2 9 11 143 
0 5 9 11 132 
10 11 132 139 143 
0 11 48 140 143 
0 1 2 132 143 
0 11 23 132 136 
0 24 132 133 143 
11 83 132 135 143 
0 11 96 138 143 
0 6 11 131 132 
0 132 134 140 143 
0 1 11 132 140 
0 10 11 132 140 
0 6 132 141 143 
0 11 48 119 132 
0 5 72 132 143 
10 11 84 132 143 
4 11 60 132 143 
11 47 96 132 143 
0 11 24 48 143 
0 107 119 132 143 
0 11 36 47 132 
0 8 10 11 143 
0 11 83 132 134 
0 11 23 134 143 
0 59 72 132 143 
0 2 11 84 143 
0 11 84 141 143 
11 107 120 132 143 
0 2 131 132 143 
0 9 12 132 143 
0 11 71 132 140 
0 10 11 48 143 
0 7 11 141 143 
0 3 107 132 143 
0 5 119 132 143 
0 12 84 132 143 
0 3 132 133 143 
0 11 24 71 132 
0 6 132 135 143 
0 3 11 12 143 
0 11 47 96 143 
0 7 11 132 138 
0 132 135 137 143 
0 10 96 132 143 
0 11 84 96 132 
0 4 132 139 143 
7 11 132 135 143 
0 11 132 137 142 
0 7 11 137 143 
6 11 119 132 143 
1 5 11 132 143 
11 108 132 135 143 
0 11 35 71 132 
11 35 95 132 143 
0 4 11 60 132 
0 35 96 132 143 
11 48 96 132 143 
0 9 11 131 132 
0 1 11 132 141 
0 6 11 132 138 
0 10 11 134 143 
0 11 132 133 140 
0 9 11 132 142 
11 95 132 133 143 
11 132 138 140 143 
0 11 60 107 132 
11 60 120 132 143 
11 12 47 132 143 
0 10 11 133 143 
0 5 11 138 143 
0 11 12 71 132 
6 11 59 132 143 
0 4 11 83 132 
0 8 11 95 132 
0 11 12 36 132 
0 11 59 95 143 
0 8 132 138 143 
11 83 132 134 143 
11 36 84 132 143 
0 24 132 135 143 
0 11 48 107 132 
0 4 11 141 143 
0 95 132 135 143 
0 11 47 132 141 
9 11 72 132 143 
11 120 132 139 143 
0 7 59 132 143 
0 11 36 48 132 
0 6 11 60 143 
0 11 36 132 139 
0 11 120 131 132 
11 83 132 139 143 
0 11 132 134 138 
0 3 7 11 132 
0 2 11 140 143 
0 6 96 132 143 
11 120 132 134 143 
11 95 132 138 143 
0 4 12 132 143 
0 11 23 132 141 
0 8 11 35 132 
0 2 3 11 132 
0 11 47 132 137 
0 59 132 139 143 
0 1 10 11 132 
0 11 24 132 138 
0 2 11 95 132 
0 3 11 119 143 
0 11 107 139 143 
8 11 84 132 143 
0 11 60 132 139 
0 10 11 12 132 
0 10 132 136 143 
0 7 96 132 143 
0 6 11 24 132 
8 11 119 132 143 
0 11 48 131 132 
0 11 138 142 143 
11 35 71 132 143 
0 3 24 132 143 
9 11 132 137 143 
0 11 24 136 143 
11 59 108 132 143 
11 107 132 140 143 
0 11 60 96 143 
0 4 48 132 143 
0 36 60 132 143 
0 9 11 72 132 
0 60 95 132 143 
0 7 11 131 132 
0 11 83 120 143 
0 35 132 138 143 
0 11 84 108 143 
0 11 132 135 142 
3 11 36 132 143 
4 11 84 132 143 
0 5 7 11 132 
0 8 9 11 143 
11 71 132 139 143 
0 1 11 120 143 
0 11 108 132 142 
0 9 11 132 136 
0 11 59 119 143 
11 72 132 134 143 
0 7 11 95 143 
2 11 95 132 143 
0 1 11 132 133 
0 48 60 132 143 
0 11 132 135 138 
0 11 71 135 143 
0 1 11 107 143 
0 10 11 72 143 
1 11 48 132 143 
0 11 12 59 132 
0 1 132 139 143 
11 71 119 132 143 
0 1 8 132 143 
0 11 24 108 143 
1 11 72 132 143 
0 11 60 136 143 
0 7 36 132 143 
0 5 11 132 136 
11 47 95 132 143 
0 11 84 132 135 
0 36 132 140 143 
0 11 60 132 136 
11 108 131 132 143 
0 23 83 132 143 
0 11 132 135 141 
0 11 59 96 132 
11 36 132 136 143 
0 1 11 107 132 
5 11 132 133 143 
11 119 132 133 143 
0 5 11 12 132 
5 7 11 132 143 
0 1 132 138 143 
0 5 11 59 132 
0 23 132 134 143 
0 11 72 132 136 
11 96 132 136 143 
0 11 36 132 134 
0 9 11 137 143 
0 11 59 134 143 
7 11 47 132 143 
0 8 24 132 143 
0 11 84 119 143 
0 11 72 132 135 
0 7 35 132 143 
11 72 132 136 143 
11 132 138 142 143 
0 4 11 96 143 
0 7 11 60 143 
9 11 84 132 143 
11 132 134 138 143 
9 11 83 132 143 
0 47 59 132 143 
0 10 11 142 143 
7 11 132 134 143 
3 11 108 132 143 
9 11 132 138 143 
0 2 132 139 143 
11 12 132 142 143 
0 11 83 132 139 
0 71 84 132 143 
0 11 119 131 143 
0 11 95 132 137 
11 119 132 135 143 
2 11 120 132 143 
0 11 23 60 143 
0 7 132 137 143 
0 11 136 139 143 
0 2 11 120 132 
0 11 120 134 143 
0 7 132 138 143 
0 47 83 132 143 
11 71 132 141 143 
0 11 108 140 143 
5 11 132 136 143 
0 11 47 132 135 
0 7 9 132 143 
10 11 96 132 143 
0 4 36 132 143 
0 11 24 119 143 
0 11 135 138 143 
0 11 35 36 132 
11 48 132 142 143 
0 4 11 139 143 
3 11 96 132 143 
0 35 132 140 143 
4 11 83 132 143 
0 11 71 132 135 
6 11 84 132 143 
0 11 59 140 143 
11 72 132 141 143 
0 48 132 135 143 
0 36 59 132 143 
0 8 11 48 143 
0 11 48 96 143 
8 11 132 136 143 
0 11 120 132 133 
0 11 59 96 143 
0 8 11 12 143 
0 5 11 47 132 
0 11 72 138 143 
0 5 11 132 142 
0 48 72 132 143 
0 4 108 132 143 
0 11 24 132 136 
0 6 131 132 143 
0 11 95 132 135 
0 11 35 132 142 
0 7 11 36 132 
0 48 59 132 143 
11 36 131 132 143 
11 95 96 132 143 
4 11 47 132 143 
0 120 132 142 143 
11 47 132 138 143 
6 11 60 132 143 
8 11 132 138 143 
0 1 11 35 143 
0 11 60 120 132 
0 11 48 131 143 
11 35 132 142 143 
11 23 108 132 143 
0 5 132 139 143 
0 11 35 136 143 
0 60 132 140 143 
2 7 11 132 143 
0 35 107 132 143 
11 84 120 132 143 
0 12 72 132 143 
0 3 11 132 140 
0 11 133 134 143 
0 132 133 138 143 
0 11 36 108 132 
0 71 119 132 143 
0 4 11 84 143 
0 35 36 132 143 
0 132 134 139 143 
2 11 108 132 143 
0 95 132 138 143 
2 11 12 132 143 
0 4 120 132 143 
0 11 136 141 143 
0 95 132 137 143 
0 11 12 119 132 
0 6 11 95 143 
0 11 96 132 137 
0 132 133 135 143 
0 23 36 132 143 
0 5 11 24 143 
0 132 139 142 143 
0 12 132 142 143 
2 4 11 132 143 
0 108 132 133 143 
0 1 9 11 143 
0 8 11 132 142 
0 1 11 35 132 
0 9 11 35 143 
9 11 48 132 143 
0 10 11 139 143 
0 6 11 72 132 
0 95 132 139 143 
9 11 23 132 143 
6 7 11 132 143 
0 1 11 137 143 
3 5 11 132 143 
11 48 132 136 143 
1 11 24 132 143 
4 11 59 132 143 
0 5 11 119 132 
0 8 11 132 139 
0 10 11 132 142 
0 10 12 132 143 
0 36 47 132 143 
0 3 6 132 143 
0 11 24 72 143 
0 3 11 35 143 
0 11 47 136 143 
0 2 11 136 143 
0 4 59 132 143 
0 3 11 119 132 
0 132 136 137 143 
0 11 35 120 132 
0 2 6 132 143 
0 11 71 139 143 
0 3 84 132 143 
11 119 132 136 143 
0 9 132 135 143 
0 5 11 132 135 
0 11 119 134 143 
0 11 95 131 143 
0 120 132 137 143 
9 11 59 132 143 
0 11 47 132 133 
0 23 132 138 143 
0 6 108 132 143 
0 10 11 131 143 
0 6 9 11 143 
0 11 84 134 143 
0 9 95 132 143 
0 5 11 131 132 
0 11 96 136 143 
0 3 35 132 143 
0 11 71 108 143 
9 11 71 132 143 
0 71 83 132 143 
0 47 107 132 143 
0 5 131 132 143 
10 11 119 132 143 
0 1 11 71 132 
0 4 6 11 132 
0 5 8 11 132 
0 11 59 136 143 
11 60 132 133 143 
0 9 11 48 132 
11 23 120 132 143 
0 71 131 132 143 
0 11 48 139 143 
0 11 72 134 143 
0 11 132 136 141 
0 7 11 119 143 
0 11 133 137 143 
0 11 24 132 133 
0 72 131 132 143 
0 9 11 138 143 
0 6 8 132 143 
0 10 11 96 132 
0 5 11 132 138 
0 11 84 132 139 
6 11 96 132 143 
0 7 120 132 143 
0 48 132 140 143 
0 2 132 133 143 
0 10 132 138 143 
0 11 131 133 143 
0 11 23 132 137 
0 11 36 141 143 
0 11 12 35 143 
0 95 132 136 143 
0 11 47 132 142 
0 11 12 139 143 
0 48 132 137 143 
11 132 133 137 143 
0 11 95 140 143 
11 24 132 134 143 
0 132 137 139 143 
0 7 11 71 143 
0 47 60 132 143 
1 11 132 134 143 
0 3 60 132 143 
0 47 132 138 143 
0 1 35 132 143 
0 60 120 132 143 
11 132 135 141 143 
0 10 11 59 143 
0 5 132 138 143 
0 4 132 140 143 
0 11 47 142 143 
11 132 136 142 143 
6 11 95 132 143 
0 6 11 71 143 
11 59 132 139 143 
0 11 60 71 132 
0 36 84 132 143 
0 4 11 83 143 
11 36 59 132 143 
0 60 71 132 143 
10 11 132 137 143 
11 60 131 132 143 
0 7 9 11 143 
0 59 132 140 143 
0 11 95 137 143 
0 84 132 138 143 
0 6 11 132 140 
0 11 23 120 143 
11 72 131 132 143 
1 11 131 132 143 
0 11 12 72 143 
11 47 48 132 143 
0 1 48 132 143 
0 11 47 59 132 
4 9 11 132 143 
11 84 131 132 143 
11 12 96 132 143 
11 23 35 132 143 
11 71 120 132 143 
0 11 35 36 143 
5 11 12 132 143 
0 11 108 132 136 
11 107 132 142 143 
0 1 6 11 143 
0 10 11 24 132 
0 7 71 132 143 
0 4 11 35 132 
0 3 11 95 143 
0 35 59 132 143 
11 35 84 132 143 
11 60 132 136 143 
0 47 95 132 143 
0 11 83 142 143 
0 6 11 132 137 
0 47 131 132 143 
0 11 71 132 134 
0 11 132 134 137 
0 8 11 96 143 
0 11 48 132 133 
0 11 84 132 142 
0 9 132 137 143 
0 11 119 120 143 
0 11 132 133 142 
0 8 35 132 143 
8 11 132 133 143 
0 2 59 132 143 
0 11 35 47 143 
0 11 119 132 138 
0 36 48 132 143 
0 1 3 132 143 
11 107 132 137 143 
3 11 132 138 143 
0 11 108 132 140 
0 11 48 132 134 
0 24 108 132 143 
1 9 11 132 143 
7 11 24 132 143 
11 23 132 133 143 
5 11 132 141 143 
11 119 132 134 143 
1 11 36 132 143 
0 11 36 83 143 
0 5 47 132 143 
0 11 107 133 143 
0 83 132 142 143 
11 59 120 132 143 
0 10 11 120 132 
0 11 59 95 132 
0 95 132 141 143 
0 11 35 131 143 
0 11 48 132 139 
8 11 72 132 143 
0 11 23 131 132 
0 7 11 47 143 
0 11 108 120 132 
0 11 83 135 143 
0 2 11 24 132 
0 48 95 132 143 
0 119 132 134 143 
0 11 108 132 134 
0 3 11 84 132 
0 5 95 132 143 
0 71 95 132 143 
0 11 72 107 132 
11 12 24 132 143 
0 11 12 71 143 
0 11 23 131 143 
0 10 11 47 143 
0 7 11 23 143 
0 11 60 84 132 
0 11 119 132 134 
11 59 83 132 143 
0 10 132 137 143 
11 12 59 132 143 
0 2 35 132 143 
0 4 11 136 143 
0 11 96 132 140 
11 71 132 134 143 
0 11 47 135 143 
0 11 48 59 132 
0 4 7 11 132 
0 2 11 35 132 
0 1 11 72 132 
0 5 11 60 143 
0 6 11 84 143 
0 5 11 108 132 
10 11 132 138 143 
0 2 11 48 143 
0 10 11 136 143 
0 8 71 132 143 
11 132 133 136 143 
0 6 11 140 143 
0 11 12 84 132 
1 11 95 132 143 
11 23 132 136 143 
0 47 119 132 143 
0 11 83 119 132 
0 11 24 139 143 
11 95 132 141 143 
0 11 59 142 143 
11 107 132 134 143 
0 8 11 134 143 
0 71 132 137 143 
0 11 36 120 132 
0 11 71 132 138 
0 3 8 11 132 
0 11 72 142 143 
0 11 84 133 143 
0 11 83 132 140 
0 4 8 11 132 
0 84 120 132 143 
3 11 107 132 143 
0 11 83 95 132 
0 11 107 108 132 
0 2 47 132 143 
11 12 132 141 143 
0 11 71 132 141 
11 47 131 132 143 
0 12 132 139 143 
0 11 132 140 142 
0 6 36 132 143 
0 48 132 139 143 
1 4 11 132 143 
8 11 48 132 143 
11 120 132 135 143 
0 11 59 72 143 
0 2 11 71 143 
5 11 84 132 143 
0 2 36 132 143 
11 35 108 132 143 
2 11 24 132 143 
0 108 132 140 143 
0 11 60 96 132 
0 11 71 96 132 
0 48 83 132 143 
8 11 132 135 143 
0 11 71 95 132 
0 1 11 132 136 
0 132 133 139 143 
0 2 8 132 143 
0 10 95 132 143 
10 11 24 132 143 
11 48 132 133 143 
3 11 132 139 143 
0 71 132 142 143 
2 11 71 132 143 
0 11 24 131 132 
11 36 132 135 143 
11 12 107 132 143 
0 11 47 48 143 
0 36 119 132 143 
0 11 35 132 140 
0 11 132 138 139 
0 36 71 132 143 
0 11 95 132 140 
0 11 23 71 132 
11 59 132 140 143 
11 35 107 132 143 
0 2 11 35 143 
0 9 11 142 143 
0 2 10 11 132 
0 11 12 120 143 
0 132 136 142 143 
0 7 47 132 143 
0 11 59 138 143 
0 7 11 132 141 
0 6 47 132 143 
2 11 59 132 143 
0 11 59 132 135 
0 84 95 132 143 
0 59 96 132 143 
0 5 11 107 132 
11 24 132 140 143 
0 11 134 136 143 
0 4 11 133 143 
0 132 133 141 143 
0 11 47 140 143 
0 11 35 83 132 
0 2 7 11 143 
0 10 11 35 143 
0 84 131 132 143 
0 9 96 132 143 
0 8 11 72 132 
11 35 132 137 143 
10 11 132 141 143 
0 108 132 134 143 
0 6 60 132 143 
0 11 24 132 137 
0 11 47 71 132 
0 24 48 132 143 
0 11 71 140 143 
0 131 132 138 143 
0 11 24 133 143 
0 9 11 59 132 
0 11 132 139 140 
0 11 72 132 134 
0 3 132 135 143 
0 3 132 138 143 
11 96 132 134 143 
0 1 119 132 143 
11 35 36 132 143 
11 36 132 139 143 
0 1 11 132 135 
0 11 12 108 132 
0 9 83 132 143 
11 35 131 132 143 
0 83 132 139 143 
2 11 132 140 143 
0 3 10 132 143 
0 11 36 137 143 
11 83 120 132 143 
2 11 72 132 143 
11 24 60 132 143 
0 5 11 96 132 
0 3 11 137 143 
0 11 48 96 132 
0 1 11 47 132 
0 4 131 132 143 
0 71 132 141 143 
11 107 132 133 143 
0 11 47 132 140 
11 72 132 137 143 
0 1 11 136 143 
0 4 11 95 143 
0 11 24 120 143 
0 60 108 132 143 
0 11 119 142 143 
0 108 132 141 143 
0 119 132 133 143 
2 5 11 132 143 
0 6 11 132 141 
11 132 133 141 143 
0 11 134 137 143 
0 11 60 119 143 
0 119 132 141 143 
0 132 135 140 143 
11 23 132 135 143 
0 9 11 60 132 
11 95 132 142 143 
0 11 107 132 136 
11 36 95 132 143 
0 132 133 134 143 
0 8 11 135 143 
0 11 120 132 138 
0 2 11 133 143 
11 36 132 138 143 
0 11 132 138 142 
2 11 96 132 143 
11 24 95 132 143 
0 2 120 132 143 
7 11 12 132 143 
0 10 11 84 132 
0 10 132 139 143 
0 11 47 108 143 
0 6 11 35 143 
0 3 36 132 143 
0 12 108 132 143 
11 35 83 132 143 
0 11 59 132 137 
0 2 8 11 132 
0 120 132 136 143 
0 36 132 142 143 
11 36 119 132 143 
0 95 119 132 143 
0 131 132 141 143 
5 11 132 137 143 
11 23 132 142 143 
0 11 132 133 137 
0 96 108 132 143 
0 83 108 132 143 
0 11 35 137 143 
0 5 132 137 143 
0 132 138 139 143 
0 7 11 35 143 
0 6 11 134 143 
0 4 11 84 132 
0 11 24 36 143 
0 11 12 23 132 
5 11 71 132 143 
0 59 120 132 143 
6 11 48 132 143 
0 11 71 119 143 
0 1 11 108 143 
0 7 11 60 132 
0 9 11 24 143 
0 107 132 142 143 
11 12 84 132 143 
0 11 71 72 143 
0 4 96 132 143 
0 9 11 119 143 
0 11 24 35 143 
0 11 48 72 132 
0 11 107 134 143 
11 96 108 132 143 
0 60 83 132 143 
0 11 134 138 143 
7 11 119 132 143 
0 11 108 142 143 
0 4 11 132 133 
0 11 24 95 132 
0 11 23 83 132 
11 132 136 141 143 
0 4 9 132 143 
0 11 84 132 141 
0 1 11 132 139 
0 11 47 95 132 
0 11 95 120 143 
0 132 138 142 143 
0 6 83 132 143 
0 2 11 132 141 
11 96 132 139 143 
0 11 83 84 143 
0 72 132 137 143 
4 11 96 132 143 
0 5 11 132 134 
0 6 11 72 143 
0 47 72 132 143 
11 60 108 132 143 
7 11 60 132 143 
0 3 11 48 132 
0 107 132 134 143 
11 60 132 137 143 
0 7 11 48 143 
9 11 132 139 143 
0 9 11 36 132 
0 11 95 133 143 
11 36 132 141 143 
0 11 95 132 141 
0 9 84 132 143 
0 11 24 138 143 
1 11 107 132 143 
0 2 11 132 133 
0 83 132 138 143 
0 23 95 132 143 
0 11 95 132 136 
0 8 11 23 132 
11 120 132 140 143 
0 72 120 132 143 
0 5 11 142 143 
0 1 11 12 132 
0 9 132 140 143 
0 2 11 59 143 
0 1 11 84 143 
11 23 132 137 143 
11 47 108 132 143 
0 2 11 132 140 
0 11 59 132 141 
4 5 11 132 143 
0 9 11 132 138 
0 11 47 95 143 
0 11 60 83 132 
0 11 36 140 143 
4 11 132 135 143 
0 11 12 96 143 
0 1 8 11 132 
0 11 47 60 132 
0 11 107 138 143 
0 9 11 139 143 
0 11 107 132 134 
0 11 47 132 139 
0 10 11 131 132 
0 1 107 132 143 
0 11 108 141 143 
6 11 132 139 143 
0 47 132 140 143 
0 5 11 133 143 
0 8 11 120 132 
0 4 11 24 143 
0 7 72 132 143 
10 11 107 132 143 
0 10 11 132 135 
0 59 132 142 143 
0 1 5 11 132 
0 11 139 141 143 
9 11 132 135 143 
0 4 71 132 143 
0 11 134 142 143 
0 3 96 132 143 
0 3 11 132 136 
0 72 83 132 143 
0 7 132 142 143 
8 10 11 132 143 
0 12 36 132 143 
0 6 11 133 143 
11 71 108 132 143 
0 1 132 133 143 
0 108 132 136 143 
0 9 11 120 132 
9 10 11 132 143 
0 2 95 132 143 
0 11 47 108 132 
11 47 132 135 143 
0 3 11 71 143 
0 4 5 11 132 
3 11 132 136 143 
11 71 132 138 143 
0 11 23 132 133 
11 132 134 137 143 
0 7 107 132 143 
11 84 132 138 143 
11 72 132 139 143 
0 4 11 132 139 
1 11 132 137 143 
10 11 108 132 143 
0 3 23 132 143 
11 47 132 142 143 
1 7 11 132 143 
1 11 47 132 143 
0 2 11 137 143 
0 11 24 59 132 
11 96 107 132 143 
11 95 132 136 143 
0 11 24 141 143 
0 10 48 132 143 
0 2 11 96 143 
0 7 11 47 132 
0 11 24 131 143 
0 5 11 95 132 
0 11 59 60 143 
0 11 59 72 132 
11 48 107 132 143 
10 11 12 132 143 
4 7 11 132 143 
11 83 95 132 143 
7 11 48 132 143 
11 36 132 134 143 
0 7 11 59 143 
0 11 120 140 143 
0 11 72 131 143 
0 96 132 141 143 
4 11 108 132 143 
0 35 60 132 143 
0 11 48 137 143 
0 3 11 120 143 
0 11 12 141 143 
0 2 12 132 143 
0 11 96 119 132 
0 2 71 132 143 
0 1 59 132 143 
0 11 135 137 143 
0 11 131 137 143 
0 11 108 119 143 
11 107 132 141 143 
0 10 23 132 143 
0 9 47 132 143 
0 11 23 142 143 
9 11 131 132 143 
1 11 132 135 143 
0 11 12 84 143 
3 7 11 132 143 
0 8 11 24 132 
11 36 60 132 143 
0 11 36 83 132 
0 4 11 72 132 
0 11 120 131 143 
0 7 11 23 132 
11 131 132 138 143 
0 71 132 139 143 
0 7 108 132 143 
0 7 11 12 143 
0 3 11 136 143 
0 5 11 60 132 
0 11 72 83 132 
0 11 108 137 143 
6 9 11 132 143 
11 12 120 132 143 
0 2 11 72 132 
0 9 132 142 143 
0 8 11 35 143 
0 11 47 131 132 
5 11 47 132 143 
11 96 132 141 143 
0 1 24 132 143 
0 11 72 140 143 
11 24 132 138 143 
10 11 132 135 143 
11 132 133 135 143 
0 4 132 133 143 
0 11 36 139 143 
2 11 132 139 143 
0 10 11 108 132 
6 11 132 136 143 
0 119 132 140 143 
0 11 36 132 140 
0 11 48 133 143 
0 5 10 11 143 
2 11 131 132 143 
0 11 72 132 141 
0 60 132 141 143 
0 35 131 132 143 
0 6 132 139 143 
0 35 120 132 143 
0 11 71 134 143 
0 60 119 132 143 
0 11 60 134 143 
0 4 10 11 143 
0 71 132 135 143 
0 48 132 133 143 
0 11 83 131 143 
0 11 23 132 139 
0 2 11 12 132 
0 71 72 132 143 
0 6 11 24 143 
0 11 35 59 132 
0 71 108 132 143 
0 12 131 132 143 
5 8 11 132 143 
0 8 11 108 132 
11 36 96 132 143 
0 35 132 134 143 
9 11 96 132 143 
11 12 35 132 143 
0 7 24 132 143 
11 71 132 133 143 
0 59 60 132 143 
0 132 140 142 143 
0 3 11 133 143 
0 2 11 60 132 
11 24 107 132 143 
0 11 71 132 139 
0 10 11 107 143 
0 11 23 84 132 
0 7 11 71 132 
0 7 11 132 140 
0 8 11 48 132 
0 84 119 132 143 
11 132 137 141 143 
0 11 131 139 143 
0 11 23 138 143 
11 108 132 141 143 
0 11 108 132 139 
0 10 11 108 143 
0 59 132 133 143 
0 12 48 132 143 
11 60 132 138 143 
0 11 12 60 143 
0 10 11 96 143 
0 11 12 23 143 
0 6 119 132 143 
0 11 107 131 132 
0 2 11 36 132 
0 4 10 132 143 
0 9 11 135 143 
0 2 11 23 143 
0 11 47 84 132 
0 96 132 138 143 
0 7 11 132 142 
0 7 119 132 143 
0 7 8 132 143 
0 3 11 96 132 
0 7 11 96 132 
0 11 120 136 143 
0 3 48 132 143 
0 11 35 134 143 
0 11 60 137 143 
0 2 11 108 132 
11 132 135 136 143 
0 11 36 47 143 
0 11 48 134 143 
0 11 71 141 143 
11 24 131 132 143 
0 9 132 136 143 
3 11 59 132 143 
0 10 11 35 132 
0 2 132 142 143 
0 11 59 71 132 
0 8 96 132 143 
0 119 131 132 143 
0 8 11 84 143 
0 5 11 72 132 
0 4 11 140 143 
0 11 60 108 132 
0 1 7 132 143 
0 11 132 133 134 
0 4 11 119 132 
0 2 11 141 143 
0 11 96 140 143 
0 6 132 140 143 
0 1 11 95 132 
0 1 47 132 143 
0 11 139 142 143 
8 11 47 132 143 
11 47 132 139 143 
0 10 11 132 141 
0 11 59 137 143 
2 9 11 132 143 
0 3 11 141 143 
3 11 132 141 143 
8 11 36 132 143 
0 11 48 108 143 
6 10 11 132 143 
0 48 108 132 143 
0 12 132 141 143 
0 11 71 96 143 
0 8 36 132 143 
0 11 12 136 143 
0 5 8 132 143 
9 11 36 132 143 
11 59 119 132 143 
11 60 95 132 143 
0 11 71 142 143 
0 72 132 133 143 
10 11 83 132 143 
0 11 131 140 143 
11 12 83 132 143 
0 11 48 119 143 
0 9 11 140 143 
0 6 11 131 143 
0 11 119 136 143 
0 11 134 139 143 
0 2 72 132 143 
0 11 35 132 135 
5 11 132 139 143 
5 11 132 140 143 
0 35 95 132 143 
0 8 11 132 141 
0 12 23 132 143 
0 11 131 134 143 
0 11 60 135 143 
0 5 11 119 143 
0 2 11 120 143 
0 2 9 132 143 
0 11 96 132 139 
0 11 83 108 143 
11 96 132 135 143 
0 23 119 132 143 
0 11 83 131 132 
11 83 132 137 143 
0 2 119 132 143 
11 59 132 142 143 
0 11 84 132 140 
0 4 11 107 143 
0 1 132 134 143 
0 11 36 132 135 
0 23 96 132 143 
0 11 132 134 142 
0 9 11 107 132 
11 60 83 132 143 
0 35 132 136 143 
0 11 84 131 143 
0 6 11 132 133 
0 132 140 141 143 
0 3 9 132 143 
0 11 59 139 143 
11 23 95 132 143 
0 2 11 47 132 
0 11 83 132 135 
0 11 139 140 143 
11 84 132 139 143 
0 5 9 132 143 
0 6 11 107 143 
0 11 95 132 134 
7 11 95 132 143 
2 11 83 132 143 
0 4 11 107 132 
0 9 120 132 143 
0 23 59 132 143 
0 11 96 131 143 
0 6 11 119 132 
11 59 84 132 143 
11 47 84 132 143 
0 48 71 132 143 
0 10 11 137 143 
0 60 96 132 143 
0 4 132 137 143 
0 8 11 133 143 
11 119 132 139 143 
0 24 71 132 143 
10 11 132 142 143 
2 11 47 132 143 
