11 135 
0 138 
47 132 
136 143 
119 132 
96 143 
11 107 
4 11 
138 143 
11 72 
11 83 
0 1 
135 143 
9 11 
8 143 
120 143 
0 136 
2 132 
60 132 
11 131 
23 143 
0 107 
23 132 
11 60 
4 132 
5 132 
11 139 
48 132 
95 132 
120 132 
12 132 
0 35 
132 134 
0 84 
0 6 
6 132 
0 48 
11 137 
0 9 
11 133 
0 60 
71 143 
47 143 
2 11 
1 11 
119 143 
7 11 
11 48 
11 134 
0 83 
3 132 
0 141 
0 108 
132 140 
72 132 
0 3 
11 141 
59 143 
11 142 
131 132 
11 140 
11 120 
0 139 
0 7 
11 59 
134 143 
132 141 
132 133 
3 143 
0 5 
0 2 
8 11 
141 143 
0 134 
84 132 
0 24 
11 96 
10 11 
132 138 
0 71 
35 143 
4 143 
132 142 
0 135 
11 47 
0 131 
139 143 
0 12 
36 143 
0 137 
24 143 
3 11 
107 143 
9 143 
0 72 
8 132 
0 95 
0 10 
11 108 
108 143 
0 4 
107 132 
0 119 
11 136 
9 132 
0 23 
24 132 
71 132 
36 132 
11 84 
2 143 
11 12 
12 143 
7 132 
0 96 
132 139 
108 132 
11 71 
10 143 
10 132 
5 143 
0 142 
0 47 
11 23 
72 143 
6 11 
59 132 
11 36 
133 143 
0 36 
83 143 
11 95 
95 143 
0 59 
132 136 
132 137 
84 143 
0 140 
11 35 
137 143 
0 8 
0 120 
7 143 
1 143 
131 143 
142 143 
0 133 
11 119 
35 132 
6 143 
60 143 
48 143 
1 132 
132 135 
11 24 
96 132 
140 143 
11 138 
5 11 
83 132 
