0 11 48 83 132 143 
0 8 11 59 132 143 
0 3 11 132 134 143 
0 10 11 47 132 143 
0 11 59 72 132 143 
0 6 8 11 132 143 
0 4 11 132 141 143 
0 11 132 138 142 143 
0 11 72 132 137 143 
0 11 36 108 132 143 
0 11 12 24 132 143 
0 10 11 48 132 143 
0 8 11 23 132 143 
0 11 83 120 132 143 
0 11 60 132 133 143 
0 11 60 132 139 143 
0 11 48 132 140 143 
0 11 60 132 138 143 
0 6 11 132 136 143 
0 1 11 23 132 143 
0 11 35 107 132 143 
0 11 84 96 132 143 
0 6 11 35 132 143 
0 8 10 11 132 143 
0 11 72 132 135 143 
0 4 11 132 136 143 
0 11 84 119 132 143 
0 3 11 12 132 143 
0 11 35 36 132 143 
0 11 83 107 132 143 
0 3 11 107 132 143 
0 2 11 120 132 143 
0 11 108 132 134 143 
0 11 12 71 132 143 
0 11 24 132 138 143 
0 11 36 60 132 143 
0 7 10 11 132 143 
0 11 12 60 132 143 
0 11 12 132 139 143 
0 11 132 140 141 143 
0 11 72 84 132 143 
0 11 132 136 140 143 
0 11 132 134 138 143 
0 3 11 132 137 143 
0 11 71 120 132 143 
0 11 23 132 137 143 
0 4 11 119 132 143 
0 11 83 132 137 143 
0 10 11 35 132 143 
0 2 11 132 136 143 
0 10 11 72 132 143 
0 11 60 132 140 143 
0 1 11 132 135 143 
0 6 11 132 133 143 
0 11 35 95 132 143 
0 11 84 132 142 143 
0 1 11 83 132 143 
0 11 35 132 141 143 
0 3 11 132 141 143 
0 11 36 48 132 143 
0 11 12 132 134 143 
0 8 11 120 132 143 
0 11 36 47 132 143 
0 5 11 131 132 143 
0 5 11 120 132 143 
0 11 96 132 138 143 
0 11 60 132 141 143 
0 2 11 132 142 143 
0 11 83 95 132 143 
0 6 11 107 132 143 
0 2 11 60 132 143 
0 11 132 136 141 143 
0 2 11 132 137 143 
0 11 47 84 132 143 
0 11 48 132 133 143 
0 11 96 119 132 143 
0 3 11 60 132 143 
0 11 132 139 142 143 
0 11 107 131 132 143 
0 11 95 132 133 143 
0 11 59 60 132 143 
0 2 11 12 132 143 
0 2 11 96 132 143 
0 10 11 83 132 143 
0 8 11 132 137 143 
0 11 60 72 132 143 
0 11 108 132 133 143 
0 8 11 132 140 143 
0 4 11 120 132 143 
0 7 11 108 132 143 
0 11 47 107 132 143 
0 8 11 132 139 143 
0 9 11 12 132 143 
0 8 11 132 133 143 
0 11 12 119 132 143 
0 1 11 132 134 143 
0 1 11 132 139 143 
0 11 12 72 132 143 
0 11 96 132 134 143 
0 4 11 132 138 143 
0 11 36 107 132 143 
0 5 11 59 132 143 
0 11 24 132 135 143 
0 11 23 107 132 143 
0 11 12 132 137 143 
0 3 11 132 135 143 
0 2 10 11 132 143 
0 11 96 108 132 143 
0 1 11 132 133 143 
0 11 96 107 132 143 
0 4 11 84 132 143 
0 11 107 132 139 143 
0 10 11 132 138 143 
0 8 11 48 132 143 
0 4 11 47 132 143 
0 11 72 132 142 143 
0 3 8 11 132 143 
0 11 48 59 132 143 
0 6 11 132 140 143 
0 10 11 36 132 143 
0 11 24 132 136 143 
0 11 132 134 140 143 
0 7 11 59 132 143 
0 11 60 132 134 143 
0 6 7 11 132 143 
0 11 24 132 133 143 
0 11 83 132 141 143 
0 9 11 23 132 143 
0 11 119 132 139 143 
0 1 9 11 132 143 
0 8 11 132 142 143 
0 11 83 132 135 143 
0 11 132 139 141 143 
0 11 132 133 134 143 
0 11 23 120 132 143 
0 1 11 36 132 143 
0 11 132 137 139 143 
0 1 11 95 132 143 
0 11 72 107 132 143 
0 7 11 132 138 143 
0 9 11 119 132 143 
0 11 119 132 135 143 
0 11 119 132 137 143 
0 7 11 119 132 143 
0 11 95 120 132 143 
0 8 11 132 138 143 
0 7 11 12 132 143 
0 11 23 132 141 143 
0 11 83 132 142 143 
0 9 11 35 132 143 
0 11 96 120 132 143 
0 11 132 133 138 143 
0 11 36 132 137 143 
0 6 11 108 132 143 
0 9 11 47 132 143 
0 5 11 108 132 143 
0 3 11 132 136 143 
0 4 10 11 132 143 
0 5 6 11 132 143 
0 5 11 132 135 143 
0 1 11 24 132 143 
0 11 72 119 132 143 
0 10 11 131 132 143 
0 11 132 137 138 143 
0 11 107 132 133 143 
0 11 95 107 132 143 
0 11 36 71 132 143 
0 11 12 107 132 143 
0 5 10 11 132 143 
0 2 5 11 132 143 
0 11 24 132 137 143 
0 3 7 11 132 143 
0 4 11 71 132 143 
0 11 24 131 132 143 
0 11 108 132 141 143 
0 7 11 48 132 143 
0 11 132 134 136 143 
0 11 12 132 135 143 
0 11 47 132 134 143 
0 7 11 107 132 143 
0 1 11 96 132 143 
0 4 11 95 132 143 
0 11 59 108 132 143 
0 11 60 131 132 143 
0 10 11 107 132 143 
0 11 132 136 138 143 
0 11 71 119 132 143 
0 11 60 84 132 143 
0 1 11 119 132 143 
0 10 11 12 132 143 
0 9 11 132 139 143 
0 11 72 132 139 143 
0 1 11 132 140 143 
0 11 84 132 141 143 
0 5 11 132 139 143 
0 6 11 132 142 143 
0 11 12 132 138 143 
0 5 11 48 132 143 
0 11 131 132 142 143 
0 3 11 23 132 143 
0 11 59 83 132 143 
0 6 11 132 137 143 
0 11 35 119 132 143 
0 11 84 132 133 143 
0 11 12 95 132 143 
0 11 48 95 132 143 
0 11 36 132 133 143 
0 11 72 132 136 143 
0 6 11 48 132 143 
0 11 71 95 132 143 
0 9 11 36 132 143 
0 3 11 108 132 143 
0 2 11 132 134 143 
0 11 132 135 140 143 
0 11 132 135 138 143 
0 11 72 108 132 143 
0 11 12 131 132 143 
0 11 107 132 134 143 
0 11 108 132 135 143 
0 11 107 119 132 143 
0 4 11 48 132 143 
0 1 2 11 132 143 
0 11 132 138 139 143 
0 11 119 120 132 143 
0 9 10 11 132 143 
0 8 11 72 132 143 
0 3 11 48 132 143 
0 6 11 83 132 143 
0 11 12 23 132 143 
0 1 11 47 132 143 
0 1 11 71 132 143 
0 11 83 132 134 143 
0 11 120 132 139 143 
0 11 60 120 132 143 
0 11 72 132 138 143 
0 11 24 48 132 143 
0 11 71 132 135 143 
0 10 11 71 132 143 
0 4 11 12 132 143 
0 2 11 132 140 143 
0 11 48 132 142 143 
0 11 47 95 132 143 
0 11 23 132 138 143 
0 9 11 132 142 143 
0 2 11 132 139 143 
0 11 132 141 142 143 
0 11 131 132 138 143 
0 11 35 131 132 143 
0 11 24 84 132 143 
0 7 11 132 133 143 
0 11 132 135 142 143 
0 9 11 132 138 143 
0 2 8 11 132 143 
0 6 11 132 135 143 
0 11 12 47 132 143 
0 11 83 96 132 143 
0 11 48 84 132 143 
0 8 11 132 141 143 
0 11 108 132 140 143 
0 11 60 132 137 143 
0 3 6 11 132 143 
0 11 12 108 132 143 
0 11 23 132 135 143 
0 7 11 24 132 143 
0 11 24 47 132 143 
0 11 48 132 139 143 
0 11 60 83 132 143 
0 11 84 132 136 143 
0 9 11 132 135 143 
0 11 72 95 132 143 
0 4 11 83 132 143 
0 11 84 95 132 143 
0 1 11 59 132 143 
0 7 11 132 140 143 
0 11 95 132 135 143 
0 11 59 84 132 143 
0 11 36 132 141 143 
0 7 11 84 132 143 
0 11 24 35 132 143 
0 11 71 132 142 143 
0 11 60 132 136 143 
0 11 48 132 138 143 
0 2 3 11 132 143 
0 6 11 36 132 143 
0 11 96 132 141 143 
0 11 36 132 142 143 
0 11 71 132 134 143 
0 5 11 132 134 143 
0 11 47 132 139 143 
0 5 11 132 136 143 
0 11 12 132 133 143 
0 1 11 132 141 143 
0 11 60 96 132 143 
0 7 11 132 134 143 
0 11 23 132 139 143 
0 6 11 24 132 143 
0 4 8 11 132 143 
0 5 11 132 142 143 
0 11 36 132 134 143 
0 11 107 132 141 143 
0 11 131 132 139 143 
0 6 11 84 132 143 
0 8 11 108 132 143 
0 3 11 35 132 143 
0 11 23 84 132 143 
0 11 48 132 137 143 
0 11 84 132 134 143 
0 6 11 131 132 143 
0 11 108 131 132 143 
0 11 71 108 132 143 
0 11 96 132 137 143 
0 11 120 132 141 143 
0 11 120 132 142 143 
0 11 35 120 132 143 
0 7 8 11 132 143 
0 11 47 132 142 143 
0 11 35 132 139 143 
0 11 96 132 133 143 
0 3 10 11 132 143 
0 8 11 36 132 143 
0 11 84 108 132 143 
0 1 11 72 132 143 
0 11 59 132 136 143 
0 11 132 140 142 143 
0 6 11 71 132 143 
0 11 60 119 132 143 
0 11 132 134 141 143 
0 10 11 132 142 143 
0 8 11 60 132 143 
0 3 11 95 132 143 
0 3 11 83 132 143 
0 5 11 95 132 143 
0 11 120 132 135 143 
0 11 72 132 140 143 
0 11 23 47 132 143 
0 11 83 84 132 143 
0 6 11 12 132 143 
0 11 71 83 132 143 
0 11 24 132 139 143 
0 11 95 119 132 143 
0 11 59 96 132 143 
0 8 11 12 132 143 
0 2 11 83 132 143 
0 4 11 132 137 143 
0 5 11 47 132 143 
0 9 11 107 132 143 
0 7 11 132 137 143 
0 5 11 36 132 143 
0 8 11 132 136 143 
0 8 11 132 135 143 
0 3 11 59 132 143 
0 11 71 107 132 143 
0 11 47 83 132 143 
0 8 11 83 132 143 
0 11 120 132 137 143 
0 7 11 96 132 143 
0 11 71 96 132 143 
0 11 95 132 134 143 
0 11 119 132 142 143 
0 11 12 84 132 143 
0 10 11 132 133 143 
0 11 132 133 137 143 
0 11 36 132 140 143 
0 11 12 96 132 143 
0 7 11 132 136 143 
0 11 84 132 139 143 
0 11 24 95 132 143 
0 1 5 11 132 143 
0 11 131 132 136 143 
0 10 11 95 132 143 
0 11 47 72 132 143 
0 4 11 132 139 143 
0 11 23 60 132 143 
0 11 23 96 132 143 
0 11 24 60 132 143 
0 11 132 135 137 143 
0 5 8 11 132 143 
0 4 11 107 132 143 
0 5 11 12 132 143 
0 11 95 96 132 143 
0 11 12 132 136 143 
0 10 11 24 132 143 
0 11 47 108 132 143 
0 11 132 133 142 143 
0 11 96 132 140 143 
0 11 72 120 132 143 
0 1 11 12 132 143 
0 6 11 72 132 143 
0 11 36 119 132 143 
0 11 120 132 134 143 
0 9 11 132 141 143 
0 11 108 132 142 143 
0 4 6 11 132 143 
0 11 12 83 132 143 
0 2 11 36 132 143 
0 6 11 132 138 143 
0 11 107 120 132 143 
0 11 132 134 139 143 
0 11 48 96 132 143 
0 3 11 96 132 143 
0 11 131 132 137 143 
0 11 107 108 132 143 
0 11 71 132 141 143 
0 11 35 132 137 143 
0 11 47 119 132 143 
0 11 120 132 136 143 
0 11 71 132 139 143 
0 11 35 132 140 143 
0 7 11 132 139 143 
0 11 119 132 141 143 
0 11 95 132 137 143 
0 4 11 132 133 143 
0 11 47 132 133 143 
0 11 48 71 132 143 
0 11 23 48 132 143 
0 11 71 132 137 143 
0 11 23 36 132 143 
0 11 95 132 140 143 
0 11 35 83 132 143 
0 11 72 132 133 143 
0 11 59 132 140 143 
0 3 5 11 132 143 
0 11 108 132 139 143 
0 11 35 108 132 143 
0 11 35 132 138 143 
0 11 132 137 141 143 
0 11 47 120 132 143 
0 11 48 72 132 143 
0 8 11 107 132 143 
0 11 36 132 139 143 
0 11 83 108 132 143 
0 1 11 48 132 143 
0 11 23 59 132 143 
0 6 11 120 132 143 
0 8 11 96 132 143 
0 8 11 47 132 143 
0 11 71 131 132 143 
0 7 11 36 132 143 
0 11 83 131 132 143 
0 11 71 72 132 143 
0 10 11 60 132 143 
0 4 11 132 134 143 
0 11 132 138 141 143 
0 9 11 84 132 143 
0 1 11 120 132 143 
0 11 59 132 141 143 
0 11 36 132 136 143 
0 11 48 119 132 143 
0 11 119 132 133 143 
0 11 12 48 132 143 
0 11 35 132 134 143 
0 2 4 11 132 143 
0 6 11 119 132 143 
0 11 84 132 137 143 
0 10 11 120 132 143 
0 6 11 23 132 143 
0 11 35 96 132 143 
0 1 11 131 132 143 
0 11 48 132 135 143 
0 11 35 132 136 143 
0 11 108 120 132 143 
0 2 11 132 133 143 
0 7 11 132 141 143 
0 11 47 132 138 143 
0 11 48 120 132 143 
0 2 11 132 141 143 
0 1 8 11 132 143 
0 11 132 133 139 143 
0 11 119 132 140 143 
0 11 36 72 132 143 
0 6 11 132 134 143 
0 11 59 132 138 143 
0 5 11 119 132 143 
0 11 132 133 135 143 
0 11 132 137 142 143 
0 2 9 11 132 143 
0 1 3 11 132 143 
0 11 12 35 132 143 
0 1 11 84 132 143 
0 1 10 11 132 143 
0 11 47 132 140 143 
0 10 11 23 132 143 
0 11 23 131 132 143 
0 11 23 132 142 143 
0 10 11 59 132 143 
0 5 11 132 141 143 
0 10 11 132 136 143 
0 7 9 11 132 143 
0 11 60 71 132 143 
0 11 24 71 132 143 
0 11 132 134 135 143 
0 11 59 107 132 143 
0 10 11 132 141 143 
0 11 47 71 132 143 
0 6 11 60 132 143 
0 2 11 48 132 143 
0 11 35 60 132 143 
0 11 48 131 132 143 
0 11 71 132 133 143 
0 11 72 96 132 143 
0 2 11 23 132 143 
0 11 23 95 132 143 
0 11 59 132 142 143 
0 9 11 108 132 143 
0 2 11 107 132 143 
0 11 48 132 134 143 
0 11 72 83 132 143 
0 8 11 119 132 143 
0 6 11 96 132 143 
0 11 48 107 132 143 
0 11 35 132 133 143 
0 11 24 132 134 143 
0 9 11 132 136 143 
0 11 23 132 140 143 
0 11 12 59 132 143 
0 11 132 136 139 143 
0 10 11 96 132 143 
0 3 11 132 142 143 
0 11 60 132 142 143 
0 2 11 35 132 143 
0 4 7 11 132 143 
0 11 131 132 134 143 
0 4 11 132 142 143 
0 10 11 132 140 143 
0 11 71 132 136 143 
0 4 11 108 132 143 
0 11 95 132 136 143 
0 7 11 132 142 143 
0 5 11 24 132 143 
0 6 11 95 132 143 
0 9 11 132 137 143 
0 11 60 95 132 143 
0 7 11 35 132 143 
0 11 132 135 139 143 
0 11 23 83 132 143 
0 11 35 72 132 143 
0 3 11 47 132 143 
0 11 84 120 132 143 
0 11 131 132 141 143 
0 11 132 139 140 143 
0 11 48 108 132 143 
0 11 47 48 132 143 
0 11 107 132 135 143 
0 3 11 24 132 143 
0 11 36 132 135 143 
0 6 9 11 132 143 
0 8 11 71 132 143 
0 11 12 132 141 143 
0 4 11 72 132 143 
0 5 11 96 132 143 
0 11 36 59 132 143 
0 5 11 107 132 143 
0 1 6 11 132 143 
0 11 107 132 140 143 
0 11 47 132 141 143 
0 5 7 11 132 143 
0 11 12 120 132 143 
0 8 11 35 132 143 
0 11 24 36 132 143 
0 5 11 84 132 143 
0 4 11 36 132 143 
0 10 11 84 132 143 
0 11 47 132 135 143 
0 2 7 11 132 143 
0 3 11 132 133 143 
0 3 11 132 139 143 
0 2 11 59 132 143 
0 11 23 108 132 143 
0 11 47 132 136 143 
0 11 120 131 132 143 
0 11 24 132 140 143 
0 5 11 71 132 143 
0 5 11 35 132 143 
0 8 11 24 132 143 
0 11 12 36 132 143 
0 11 59 132 135 143 
0 11 131 132 133 143 
0 1 11 132 137 143 
0 1 4 11 132 143 
0 1 11 132 142 143 
0 2 6 11 132 143 
0 11 132 134 142 143 
0 7 11 71 132 143 
0 11 119 132 134 143 
0 11 83 132 136 143 
0 3 11 71 132 143 
0 11 132 134 137 143 
0 1 11 35 132 143 
0 11 71 84 132 143 
0 11 72 131 132 143 
0 2 11 132 138 143 
0 5 11 132 133 143 
0 11 119 132 136 143 
0 3 11 132 140 143 
0 2 11 108 132 143 
0 4 11 132 140 143 
0 11 96 132 139 143 
0 11 72 132 134 143 
0 11 119 132 138 143 
0 11 47 131 132 143 
0 11 96 132 135 143 
0 7 11 60 132 143 
0 3 11 119 132 143 
0 4 11 24 132 143 
0 4 11 59 132 143 
0 11 119 131 132 143 
0 11 132 135 136 143 
0 4 9 11 132 143 
0 11 36 95 132 143 
0 11 23 35 132 143 
0 11 132 133 140 143 
0 9 11 59 132 143 
0 9 11 83 132 143 
0 11 83 132 140 143 
0 11 132 136 142 143 
0 11 83 132 138 143 
0 2 11 24 132 143 
0 8 11 95 132 143 
0 11 60 132 135 143 
0 2 11 71 132 143 
0 4 11 35 132 143 
0 11 36 84 132 143 
0 11 84 107 132 143 
0 9 11 60 132 143 
0 11 84 132 135 143 
0 5 11 132 137 143 
0 11 47 96 132 143 
0 11 108 132 137 143 
0 11 95 131 132 143 
0 10 11 132 139 143 
0 11 59 95 132 143 
0 11 24 83 132 143 
0 3 11 36 132 143 
0 11 24 119 132 143 
0 3 11 72 132 143 
0 11 107 132 138 143 
0 11 84 132 138 143 
0 11 132 138 140 143 
0 3 4 11 132 143 
0 11 83 132 133 143 
0 11 36 131 132 143 
0 4 11 131 132 143 
0 2 11 84 132 143 
0 10 11 132 135 143 
0 1 11 132 136 143 
0 11 23 72 132 143 
0 7 11 72 132 143 
0 5 11 132 140 143 
0 7 11 23 132 143 
0 6 11 47 132 143 
0 4 11 60 132 143 
0 8 11 132 134 143 
0 11 107 132 136 143 
0 1 11 107 132 143 
0 11 131 132 135 143 
0 11 132 133 141 143 
0 11 59 132 137 143 
0 1 11 60 132 143 
0 11 83 119 132 143 
0 11 35 132 142 143 
0 11 23 132 134 143 
0 11 108 119 132 143 
0 7 11 131 132 143 
0 11 108 132 138 143 
0 9 11 132 140 143 
0 2 11 132 135 143 
0 11 24 96 132 143 
0 2 11 72 132 143 
0 11 59 132 139 143 
0 11 47 132 137 143 
0 9 11 24 132 143 
0 11 132 137 140 143 
0 7 11 95 132 143 
0 11 35 48 132 143 
0 11 120 132 138 143 
0 11 24 132 142 143 
0 11 23 132 136 143 
0 6 11 59 132 143 
0 11 59 131 132 143 
0 6 11 132 139 143 
0 11 23 24 132 143 
0 11 35 47 132 143 
0 4 5 11 132 143 
0 8 11 84 132 143 
0 11 48 60 132 143 
0 4 11 23 132 143 
0 11 132 135 141 143 
0 9 11 120 132 143 
0 11 71 132 140 143 
0 3 9 11 132 143 
0 2 11 131 132 143 
0 3 11 84 132 143 
0 5 11 72 132 143 
0 1 11 108 132 143 
0 11 23 71 132 143 
0 10 11 132 137 143 
0 9 11 71 132 143 
0 2 11 95 132 143 
0 7 11 132 135 143 
0 11 24 59 132 143 
0 8 11 131 132 143 
0 11 107 132 142 143 
0 11 95 132 141 143 
0 11 95 132 142 143 
0 5 11 60 132 143 
0 11 132 136 137 143 
0 11 47 59 132 143 
0 8 9 11 132 143 
0 3 11 131 132 143 
0 11 24 120 132 143 
0 11 59 132 133 143 
0 11 95 132 139 143 
0 2 11 119 132 143 
0 9 11 96 132 143 
0 4 11 132 135 143 
0 11 107 132 137 143 
0 4 11 96 132 143 
0 5 11 83 132 143 
0 11 24 108 132 143 
0 11 12 132 140 143 
0 7 11 47 132 143 
0 11 36 83 132 143 
0 11 36 120 132 143 
0 2 11 47 132 143 
0 11 84 131 132 143 
0 11 60 107 132 143 
0 1 7 11 132 143 
0 11 24 72 132 143 
0 11 96 132 136 143 
0 11 35 59 132 143 
0 9 11 95 132 143 
0 7 11 83 132 143 
0 9 11 132 133 143 
0 11 108 132 136 143 
0 10 11 108 132 143 
0 11 47 60 132 143 
0 3 11 132 138 143 
0 11 24 107 132 143 
0 11 96 131 132 143 
0 11 35 132 135 143 
0 6 11 132 141 143 
0 11 59 71 132 143 
0 11 36 132 138 143 
0 5 11 23 132 143 
0 11 95 108 132 143 
0 9 11 132 134 143 
0 11 48 132 141 143 
0 11 48 132 136 143 
0 5 9 11 132 143 
0 1 11 132 138 143 
0 11 59 132 134 143 
0 11 35 84 132 143 
0 11 12 132 142 143 
0 10 11 132 134 143 
0 11 132 133 136 143 
0 11 131 132 140 143 
0 11 59 119 132 143 
0 9 11 72 132 143 
0 11 120 132 133 143 
0 11 120 132 140 143 
0 6 10 11 132 143 
0 11 95 132 138 143 
0 10 11 119 132 143 
0 11 23 132 133 143 
0 11 72 132 141 143 
0 11 59 120 132 143 
0 3 11 120 132 143 
0 11 36 96 132 143 
0 9 11 131 132 143 
0 11 23 119 132 143 
0 11 83 132 139 143 
0 5 11 132 138 143 
0 9 11 48 132 143 
0 11 84 132 140 143 
0 11 71 132 138 143 
0 11 60 108 132 143 
0 11 96 132 142 143 
0 11 24 132 141 143 
0 7 11 120 132 143 
0 11 35 71 132 143 
