11 97 
90 143 
126 132 
33 132 
57 143 
100 132 
37 143 
73 143 
11 73 
30 132 
0 122 
11 14 
11 49 
0 125 
17 143 
87 143 
11 66 
70 132 
11 40 
0 19 
11 122 
56 132 
11 13 
11 17 
64 132 
0 105 
0 90 
0 85 
11 85 
11 87 
11 105 
101 143 
42 143 
102 132 
0 102 
65 143 
0 74 
0 29 
115 143 
45 132 
11 89 
46 132 
116 132 
0 30 
65 132 
44 143 
11 80 
56 143 
0 44 
0 113 
0 100 
45 143 
61 143 
11 92 
99 143 
21 143 
33 143 
77 132 
0 73 
76 143 
11 93 
32 132 
80 132 
11 111 
11 81 
0 82 
11 29 
11 106 
0 130 
11 124 
11 123 
100 143 
117 143 
0 68 
11 109 
70 143 
51 143 
92 132 
0 41 
11 113 
126 143 
0 26 
11 127 
0 16 
130 143 
127 143 
40 143 
128 132 
102 143 
11 67 
124 132 
0 61 
103 132 
123 132 
11 103 
39 132 
16 143 
130 132 
11 117 
53 143 
11 90 
75 132 
0 28 
125 143 
52 132 
82 143 
11 99 
49 132 
43 132 
114 143 
75 143 
91 132 
17 132 
87 132 
0 92 
11 31 
11 130 
11 16 
11 15 
0 54 
11 55 
29 132 
11 114 
11 121 
22 132 
37 132 
13 143 
121 143 
11 22 
11 78 
39 143 
25 143 
11 116 
94 143 
11 25 
11 41 
122 143 
11 52 
90 132 
18 143 
11 63 
0 42 
57 132 
31 132 
40 132 
31 143 
0 118 
0 93 
41 132 
11 61 
0 39 
0 79 
0 13 
0 104 
0 128 
0 49 
38 143 
0 112 
68 132 
11 91 
129 143 
50 132 
76 132 
11 58 
55 143 
11 53 
11 79 
93 143 
118 132 
62 143 
0 111 
14 143 
113 132 
66 132 
79 143 
11 39 
11 104 
11 70 
11 115 
64 143 
0 63 
0 81 
112 132 
27 132 
49 143 
14 132 
0 18 
0 32 
25 132 
52 143 
0 66 
74 132 
0 50 
97 132 
32 143 
0 15 
11 75 
11 118 
78 132 
0 33 
11 102 
0 127 
11 126 
0 17 
11 32 
0 124 
11 51 
117 132 
0 86 
94 132 
0 115 
0 123 
0 45 
54 143 
0 58 
13 132 
11 50 
11 125 
0 89 
0 98 
28 143 
85 132 
11 28 
0 129 
123 143 
42 132 
11 129 
11 37 
0 101 
0 114 
0 34 
0 37 
62 132 
0 40 
106 143 
88 132 
97 143 
78 143 
74 143 
29 143 
109 132 
46 143 
89 143 
0 91 
85 143 
112 143 
11 82 
21 132 
11 86 
0 52 
0 20 
0 70 
0 88 
69 143 
27 143 
88 143 
101 132 
124 143 
19 132 
11 74 
0 14 
0 31 
51 132 
26 143 
110 132 
0 103 
98 143 
11 19 
43 143 
11 38 
11 43 
53 132 
38 132 
11 101 
0 99 
11 88 
115 132 
30 143 
15 143 
127 132 
91 143 
0 56 
0 62 
11 65 
0 126 
11 20 
105 132 
82 132 
129 132 
0 75 
0 21 
69 132 
11 26 
0 116 
0 69 
0 25 
0 87 
0 121 
63 132 
92 143 
86 143 
55 132 
61 132 
68 143 
11 18 
54 132 
80 143 
114 132 
0 77 
11 42 
22 143 
89 132 
0 117 
11 46 
109 143 
128 143 
11 68 
11 94 
0 57 
0 53 
11 57 
11 45 
58 143 
0 80 
11 34 
93 132 
106 132 
104 132 
103 143 
11 21 
11 100 
0 64 
44 132 
67 132 
0 109 
111 132 
18 132 
81 132 
110 143 
11 44 
0 94 
113 143 
11 98 
26 132 
0 22 
86 132 
20 143 
0 78 
16 132 
0 106 
28 132 
73 132 
11 56 
15 132 
99 132 
11 54 
34 143 
116 143 
41 143 
0 55 
0 65 
11 27 
11 62 
11 64 
79 132 
58 132 
0 38 
11 33 
20 132 
111 143 
0 76 
121 132 
11 128 
77 143 
0 43 
0 110 
125 132 
66 143 
0 67 
34 132 
105 143 
98 132 
81 143 
11 76 
19 143 
0 97 
0 27 
11 112 
11 110 
63 143 
67 143 
50 143 
11 69 
122 132 
118 143 
11 30 
0 46 
11 77 
104 143 
0 51 
