48 96 
23 72 
8 59 
5 107 
96 136 
72 96 
7 72 
71 107 
48 59 
10 95 
35 134 
8 72 
5 84 
10 119 
7 136 
24 72 
36 135 
84 107 
4 60 
3 135 
71 96 
9 48 
108 135 
23 137 
59 134 
35 142 
5 36 
3 138 
10 135 
8 96 
5 48 
139 141 
108 142 
72 141 
3 120 
3 107 
1 119 
3 59 
23 141 
9 119 
5 83 
95 134 
5 35 
36 120 
47 134 
48 119 
35 138 
1 12 
5 47 
24 139 
10 137 
24 60 
2 24 
7 59 
5 8 
2 141 
1 84 
5 12 
7 84 
24 95 
10 12 
6 23 
3 142 
83 133 
60 134 
95 135 
7 48 
2 59 
9 95 
95 139 
84 119 
7 131 
35 59 
135 141 
36 137 
4 36 
133 140 
83 95 
48 107 
2 142 
134 139 
1 140 
36 72 
23 139 
71 134 
8 135 
9 71 
72 84 
48 120 
7 8 
23 59 
6 9 
9 60 
8 139 
10 120 
107 134 
9 138 
48 139 
3 71 
2 120 
136 137 
12 36 
3 35 
5 140 
60 140 
8 48 
2 23 
139 142 
10 59 
48 84 
136 139 
47 136 
133 136 
84 131 
6 35 
107 133 
3 47 
8 141 
95 138 
3 140 
47 137 
36 119 
83 119 
3 8 
134 138 
24 83 
35 107 
72 135 
119 136 
7 60 
59 141 
47 120 
133 138 
60 141 
72 131 
9 135 
3 83 
12 136 
7 23 
5 7 
35 139 
8 23 
3 108 
36 84 
47 133 
84 96 
1 4 
23 24 
47 96 
7 139 
5 95 
10 138 
107 137 
4 136 
2 9 
1 24 
4 139 
35 131 
71 119 
137 142 
23 120 
71 142 
95 108 
2 137 
12 140 
131 141 
7 10 
2 4 
5 60 
108 140 
5 71 
7 137 
4 107 
48 138 
5 9 
48 135 
120 136 
36 140 
2 138 
1 7 
9 136 
4 119 
84 95 
12 35 
2 131 
12 142 
60 138 
12 131 
96 119 
136 138 
5 72 
6 96 
12 60 
135 140 
24 120 
1 138 
96 108 
5 133 
48 60 
5 131 
6 84 
71 136 
2 3 
60 137 
36 131 
48 108 
4 120 
134 135 
47 60 
12 95 
7 140 
4 5 
8 137 
59 71 
60 95 
1 36 
36 96 
8 136 
47 95 
3 137 
59 96 
2 133 
83 120 
3 9 
72 95 
71 131 
36 134 
72 133 
1 3 
84 137 
23 140 
133 141 
6 136 
24 135 
96 139 
10 60 
4 134 
2 135 
24 131 
12 72 
2 134 
47 71 
10 139 
35 96 
71 84 
1 134 
5 96 
12 59 
120 140 
24 133 
71 83 
9 108 
131 134 
140 141 
107 131 
24 35 
24 59 
71 133 
10 133 
96 120 
96 131 
1 131 
60 133 
59 142 
1 95 
1 23 
47 131 
4 59 
36 83 
4 23 
72 120 
72 107 
59 140 
59 138 
8 120 
83 96 
4 8 
95 136 
9 36 
120 142 
35 133 
133 137 
96 133 
5 10 
131 136 
59 60 
1 8 
7 135 
3 141 
4 24 
24 96 
134 140 
48 136 
131 140 
83 141 
47 83 
12 71 
59 139 
84 139 
48 141 
4 7 
1 83 
9 35 
6 142 
8 12 
95 133 
5 24 
23 108 
23 48 
6 95 
83 84 
2 107 
47 135 
35 83 
8 138 
107 138 
108 136 
2 140 
138 142 
23 138 
107 136 
10 36 
9 47 
36 71 
71 140 
83 136 
95 137 
47 142 
48 133 
8 83 
35 95 
4 12 
35 119 
3 134 
35 140 
4 10 
60 71 
23 96 
12 84 
12 120 
10 140 
59 107 
72 140 
137 141 
119 135 
6 10 
9 10 
83 140 
120 133 
10 71 
12 137 
108 131 
133 142 
59 95 
6 140 
12 141 
83 107 
48 131 
6 12 
2 6 
36 138 
9 141 
2 96 
1 141 
24 142 
138 139 
6 83 
119 133 
1 72 
3 5 
48 134 
1 133 
95 120 
1 60 
24 119 
72 108 
23 95 
3 7 
8 71 
133 135 
108 119 
7 107 
35 135 
71 120 
24 48 
4 96 
36 59 
133 134 
7 119 
1 96 
10 142 
2 10 
35 48 
6 36 
60 119 
59 119 
60 96 
48 140 
84 142 
2 139 
108 141 
84 140 
6 107 
6 72 
1 48 
1 137 
108 133 
3 136 
36 95 
3 12 
47 72 
120 137 
131 139 
3 119 
60 139 
95 119 
8 119 
1 2 
12 107 
3 24 
7 138 
137 139 
8 10 
119 142 
2 83 
1 47 
134 142 
83 135 
119 137 
2 8 
5 142 
3 133 
2 119 
9 84 
10 108 
5 139 
35 137 
6 119 
84 120 
24 140 
71 141 
23 47 
4 48 
4 72 
83 131 
3 6 
1 135 
95 96 
83 142 
8 60 
137 140 
107 120 
12 134 
120 134 
8 140 
7 96 
36 133 
8 133 
6 24 
135 142 
7 12 
4 6 
136 142 
72 136 
36 141 
8 142 
135 137 
6 59 
84 141 
3 23 
23 71 
3 4 
12 133 
3 48 
96 137 
131 142 
59 108 
4 142 
4 95 
5 138 
2 12 
96 138 
5 135 
35 71 
8 24 
3 36 
10 23 
24 134 
119 134 
23 131 
1 107 
119 139 
120 135 
24 108 
10 107 
108 134 
4 137 
48 142 
5 59 
4 35 
2 108 
6 120 
71 138 
3 84 
131 138 
6 131 
6 7 
47 108 
9 83 
60 136 
8 131 
83 137 
83 139 
59 83 
47 59 
59 72 
59 136 
23 133 
6 48 
83 108 
4 47 
9 140 
3 60 
23 136 
95 140 
12 96 
10 47 
23 119 
71 137 
6 71 
84 108 
9 131 
60 131 
107 119 
10 72 
9 24 
8 108 
7 24 
95 141 
7 142 
8 134 
72 137 
2 35 
23 83 
23 134 
60 120 
36 60 
134 136 
72 119 
23 60 
141 142 
131 135 
131 133 
96 107 
135 138 
84 134 
137 138 
96 142 
133 139 
4 9 
48 72 
9 96 
2 47 
2 136 
3 95 
10 134 
24 71 
83 138 
4 131 
138 141 
47 138 
48 95 
138 140 
96 135 
3 10 
4 135 
2 36 
72 142 
10 24 
36 47 
23 84 
36 48 
1 10 
5 108 
24 107 
59 84 
140 142 
9 142 
3 139 
71 72 
72 134 
7 83 
9 107 
119 140 
2 5 
84 138 
107 141 
35 136 
10 84 
60 108 
1 120 
134 137 
23 135 
72 139 
59 135 
6 108 
6 137 
12 139 
60 142 
47 119 
36 139 
5 23 
10 131 
1 6 
95 142 
6 47 
7 47 
108 137 
24 36 
35 141 
4 84 
6 60 
5 141 
59 133 
24 137 
134 141 
24 136 
12 138 
47 84 
47 48 
9 23 
12 108 
71 135 
10 48 
6 139 
6 8 
1 71 
7 141 
83 134 
8 107 
7 95 
5 119 
96 140 
47 140 
71 108 
4 108 
1 5 
71 139 
12 47 
36 142 
59 120 
23 142 
3 72 
2 60 
84 135 
48 71 
60 135 
119 138 
139 140 
12 135 
8 84 
47 141 
1 9 
1 59 
7 133 
72 83 
107 139 
6 135 
35 72 
48 137 
2 7 
48 83 
35 47 
95 131 
107 108 
7 71 
24 47 
96 141 
131 137 
9 134 
36 107 
120 138 
7 134 
23 107 
107 140 
23 35 
7 108 
4 140 
8 9 
24 84 
136 141 
6 134 
60 83 
108 139 
107 135 
5 136 
59 137 
2 95 
12 119 
10 83 
10 35 
2 84 
6 141 
35 36 
84 136 
5 134 
1 139 
9 120 
8 36 
9 72 
4 141 
72 138 
4 83 
5 120 
35 108 
108 138 
6 138 
59 131 
12 23 
9 133 
10 141 
9 139 
12 24 
24 141 
36 108 
7 120 
1 35 
7 9 
6 133 
35 120 
4 138 
135 139 
8 95 
10 136 
120 139 
35 84 
1 108 
4 71 
119 120 
7 35 
1 142 
95 107 
12 83 
60 107 
2 72 
108 120 
3 96 
9 137 
135 136 
9 59 
119 141 
71 95 
84 133 
12 48 
7 36 
120 141 
136 140 
5 137 
4 133 
119 131 
120 131 
47 139 
23 36 
96 134 
60 72 
10 96 
9 12 
24 138 
2 48 
47 107 
1 136 
3 131 
8 47 
35 60 
8 35 
107 142 
2 71 
5 6 
60 84 
36 136 
