59 92 
24 76 
58 108 
20 139 
35 118 
71 88 
56 138 
3 94 
73 131 
16 120 
75 140 
26 35 
24 41 
2 117 
73 133 
63 141 
30 84 
35 123 
4 69 
22 96 
124 136 
65 139 
88 131 
41 133 
28 95 
73 139 
78 137 
8 90 
10 111 
84 88 
7 66 
48 79 
23 45 
88 135 
22 84 
36 101 
24 124 
72 99 
47 76 
60 98 
10 115 
32 72 
74 83 
1 115 
61 140 
47 80 
12 15 
24 27 
18 23 
1 52 
42 95 
47 110 
29 84 
61 139 
107 114 
6 58 
72 81 
83 86 
35 81 
55 119 
35 67 
70 95 
8 44 
4 46 
4 88 
9 38 
17 142 
115 141 
10 13 
3 39 
18 48 
55 136 
39 134 
16 59 
30 119 
27 84 
76 95 
61 83 
7 54 
4 54 
57 136 
60 61 
96 104 
113 119 
8 55 
50 133 
9 115 
102 134 
51 108 
1 33 
6 61 
2 46 
42 137 
10 20 
62 141 
7 102 
35 98 
67 139 
20 138 
60 73 
96 102 
86 120 
85 133 
3 65 
46 138 
19 95 
13 48 
108 109 
105 135 
1 81 
87 141 
5 15 
35 80 
91 141 
117 140 
10 61 
52 131 
32 138 
40 95 
13 136 
59 123 
72 123 
18 131 
6 15 
24 126 
9 90 
50 107 
7 106 
12 124 
1 124 
74 120 
43 72 
47 66 
129 134 
26 140 
8 26 
16 135 
10 87 
59 125 
91 137 
8 33 
13 142 
59 111 
3 62 
21 107 
5 65 
23 130 
28 134 
4 34 
50 72 
21 47 
24 103 
35 126 
84 97 
24 63 
84 126 
21 138 
82 95 
16 84 
126 134 
42 47 
59 90 
47 128 
1 38 
6 34 
8 63 
54 140 
35 46 
48 114 
43 134 
19 83 
24 28 
35 43 
36 70 
44 96 
16 137 
32 47 
12 27 
12 98 
5 93 
14 119 
47 112 
48 80 
57 140 
71 127 
108 115 
8 37 
36 111 
64 133 
14 59 
44 107 
5 122 
127 138 
113 131 
49 134 
90 142 
18 96 
54 83 
108 126 
7 100 
5 20 
93 134 
12 93 
33 108 
60 75 
71 80 
1 56 
25 48 
63 120 
17 48 
8 70 
1 75 
57 133 
127 133 
5 123 
96 123 
23 43 
93 95 
6 91 
105 140 
24 53 
87 120 
49 135 
74 96 
69 142 
45 140 
72 100 
102 138 
2 25 
12 19 
34 139 
6 62 
23 41 
5 79 
44 142 
75 120 
2 114 
4 114 
59 75 
103 139 
59 118 
84 123 
25 83 
1 13 
36 38 
43 141 
10 124 
7 33 
79 119 
43 83 
70 136 
7 115 
38 59 
71 91 
10 31 
9 37 
68 139 
19 59 
46 71 
109 142 
12 25 
106 108 
37 95 
123 135 
33 72 
52 83 
19 139 
36 65 
4 14 
100 142 
96 125 
104 135 
51 83 
80 135 
71 87 
12 65 
19 36 
70 120 
23 80 
40 59 
63 138 
44 133 
84 100 
5 90 
36 109 
79 96 
62 140 
2 50 
9 56 
40 48 
6 130 
25 137 
23 73 
27 107 
44 141 
3 127 
84 102 
50 84 
36 44 
16 139 
24 102 
12 42 
67 119 
32 141 
94 139 
114 135 
36 91 
57 71 
6 29 
46 120 
98 107 
3 45 
12 117 
12 100 
12 126 
32 136 
34 95 
1 123 
15 141 
5 94 
78 133 
52 139 
36 90 
130 142 
63 133 
76 136 
59 64 
52 142 
53 131 
8 17 
26 107 
86 141 
9 14 
38 107 
12 40 
28 119 
23 93 
8 61 
20 142 
9 66 
43 120 
9 78 
32 139 
69 108 
13 131 
106 107 
2 82 
32 59 
127 140 
52 140 
55 140 
79 134 
4 58 
40 131 
44 136 
47 98 
21 48 
9 82 
12 118 
60 89 
9 117 
39 47 
1 106 
90 135 
30 35 
39 141 
95 117 
23 51 
67 131 
95 127 
8 15 
59 91 
24 93 
10 18 
10 98 
1 40 
29 36 
108 125 
23 87 
71 97 
41 60 
46 108 
75 131 
102 140 
81 142 
21 95 
71 100 
24 46 
3 86 
59 81 
7 91 
6 122 
82 120 
96 110 
82 84 
9 99 
59 106 
123 139 
36 112 
20 136 
66 139 
116 119 
96 98 
57 137 
83 87 
74 135 
36 58 
38 48 
115 137 
22 83 
8 112 
82 141 
82 133 
57 119 
36 57 
55 72 
101 142 
86 136 
20 137 
53 138 
20 83 
3 28 
17 84 
84 114 
36 75 
35 50 
24 118 
59 66 
22 131 
103 135 
38 84 
40 134 
3 99 
5 115 
90 95 
37 108 
23 114 
23 69 
35 88 
42 71 
1 82 
27 134 
49 137 
129 137 
35 55 
89 119 
1 37 
81 84 
7 76 
34 48 
5 30 
14 142 
82 139 
93 137 
25 133 
6 37 
68 96 
66 131 
2 34 
116 142 
2 101 
71 125 
42 120 
23 58 
7 20 
32 134 
85 107 
23 38 
14 138 
112 137 
13 140 
112 135 
125 133 
8 113 
30 48 
39 142 
54 136 
59 124 
54 138 
10 19 
48 64 
6 41 
34 35 
7 85 
35 121 
66 84 
1 58 
64 139 
38 141 
120 126 
7 117 
60 79 
75 135 
8 81 
15 120 
13 141 
5 104 
92 138 
27 71 
35 104 
98 142 
9 106 
59 76 
60 86 
13 59 
83 102 
74 119 
44 131 
59 87 
114 137 
20 131 
77 142 
130 139 
72 124 
12 38 
93 120 
92 108 
19 72 
112 131 
68 135 
72 86 
101 136 
60 109 
20 59 
12 21 
83 130 
62 119 
126 139 
52 108 
96 103 
30 133 
48 53 
121 137 
18 84 
24 49 
98 133 
65 84 
34 134 
41 59 
95 113 
118 136 
104 133 
10 125 
16 119 
119 121 
105 107 
3 22 
18 60 
10 15 
85 137 
12 116 
7 82 
8 126 
99 131 
8 121 
36 117 
4 30 
23 37 
6 30 
54 84 
25 142 
29 60 
10 17 
72 126 
59 94 
57 84 
60 70 
30 83 
40 142 
8 74 
1 116 
6 28 
111 137 
1 16 
15 139 
54 131 
122 135 
12 130 
59 77 
13 135 
1 127 
92 140 
3 101 
72 110 
94 107 
18 140 
2 19 
4 75 
5 86 
37 119 
116 120 
107 124 
43 108 
9 110 
9 33 
3 75 
6 21 
2 22 
110 142 
114 140 
25 107 
28 138 
2 64 
76 96 
6 102 
40 140 
42 59 
86 96 
76 83 
7 43 
60 94 
72 114 
96 121 
47 121 
112 141 
36 78 
7 123 
53 136 
23 29 
81 96 
16 72 
58 119 
88 137 
4 82 
117 135 
23 97 
120 128 
35 74 
75 137 
82 136 
3 58 
47 52 
112 134 
15 48 
6 109 
119 126 
5 37 
6 87 
93 119 
78 95 
37 72 
12 91 
72 74 
108 124 
32 35 
66 95 
60 115 
17 108 
103 141 
5 82 
36 105 
71 123 
35 53 
108 112 
48 130 
65 108 
83 100 
91 138 
55 137 
18 95 
106 120 
75 96 
39 133 
106 133 
35 40 
22 107 
115 138 
45 107 
48 76 
10 65 
27 35 
44 119 
23 125 
71 105 
54 59 
12 102 
37 142 
43 48 
9 74 
57 141 
20 36 
28 137 
12 128 
19 71 
20 84 
35 69 
25 60 
59 129 
31 95 
47 125 
52 59 
3 63 
78 96 
66 107 
7 104 
18 71 
35 113 
13 71 
52 119 
1 43 
47 127 
4 18 
41 96 
43 142 
69 140 
23 116 
36 68 
27 133 
6 86 
15 119 
56 139 
47 118 
92 119 
66 137 
38 139 
12 22 
46 47 
65 140 
9 69 
19 48 
13 60 
50 96 
30 138 
48 109 
22 119 
97 137 
77 137 
35 75 
4 100 
47 77 
2 121 
60 68 
105 141 
8 69 
82 138 
59 99 
47 91 
118 138 
112 139 
30 95 
1 101 
95 102 
72 121 
118 133 
80 139 
50 139 
60 129 
32 96 
71 110 
35 61 
35 99 
71 101 
5 130 
4 110 
24 109 
35 103 
6 69 
5 101 
104 138 
8 52 
59 86 
111 135 
49 139 
17 141 
3 56 
60 101 
54 108 
26 137 
24 87 
24 73 
110 139 
1 51 
12 129 
12 74 
8 25 
47 79 
26 95 
70 133 
83 111 
78 84 
30 47 
36 97 
115 135 
30 142 
5 99 
53 95 
70 134 
2 57 
62 138 
83 114 
26 136 
5 61 
16 140 
71 115 
82 135 
63 137 
60 130 
5 127 
4 43 
55 141 
6 112 
19 96 
24 105 
24 110 
84 124 
8 19 
71 82 
24 58 
36 118 
36 37 
12 104 
9 19 
2 28 
5 81 
1 112 
116 136 
76 134 
12 75 
12 32 
6 14 
3 115 
46 95 
83 122 
35 89 
97 138 
39 136 
36 100 
89 133 
63 140 
54 120 
70 137 
63 95 
91 108 
31 131 
2 73 
8 100 
25 47 
4 116 
34 120 
48 77 
7 110 
40 138 
7 51 
26 47 
44 71 
98 138 
48 124 
37 107 
23 94 
99 137 
94 133 
20 71 
8 58 
95 100 
10 116 
45 142 
9 55 
49 140 
102 137 
8 99 
106 142 
2 61 
80 137 
6 38 
15 134 
2 94 
6 125 
21 60 
125 137 
62 108 
93 133 
129 138 
79 107 
54 119 
109 136 
62 120 
64 134 
23 30 
42 72 
127 135 
100 107 
9 45 
7 19 
78 119 
18 108 
86 131 
47 93 
6 52 
79 135 
106 137 
94 119 
95 111 
10 33 
35 115 
81 83 
69 135 
48 52 
4 85 
72 91 
15 136 
18 24 
44 134 
4 19 
100 137 
6 70 
21 131 
123 141 
25 71 
54 133 
2 100 
4 42 
23 42 
57 108 
36 42 
2 130 
40 83 
4 104 
94 96 
5 54 
2 124 
117 141 
55 120 
73 134 
57 131 
22 137 
12 76 
12 121 
56 140 
10 29 
84 111 
58 72 
69 139 
10 56 
42 131 
4 16 
105 136 
94 108 
5 67 
71 85 
72 89 
71 116 
2 42 
2 92 
81 95 
81 133 
36 43 
101 133 
29 138 
53 140 
60 114 
79 84 
24 50 
2 115 
5 49 
112 119 
58 139 
69 120 
20 107 
47 115 
4 56 
2 91 
105 142 
117 131 
6 126 
14 24 
28 139 
17 24 
90 119 
54 107 
93 141 
118 120 
22 136 
65 71 
4 128 
48 113 
6 100 
29 139 
48 129 
7 44 
47 103 
23 26 
5 19 
51 135 
23 112 
24 92 
48 118 
94 134 
3 81 
12 17 
24 75 
101 135 
62 83 
7 30 
8 97 
1 41 
116 139 
24 52 
3 105 
12 89 
111 134 
5 73 
49 120 
45 83 
115 119 
73 83 
36 98 
33 136 
1 68 
4 63 
13 139 
9 87 
59 63 
51 139 
7 29 
35 117 
3 126 
85 139 
83 112 
14 96 
73 120 
55 135 
88 133 
102 141 
124 138 
4 90 
87 96 
3 17 
15 36 
68 72 
96 113 
128 137 
36 115 
29 137 
74 138 
77 136 
14 134 
10 122 
60 65 
34 135 
10 41 
69 133 
105 120 
16 138 
42 60 
95 126 
23 56 
77 138 
120 122 
34 140 
83 92 
1 88 
28 60 
96 100 
2 30 
42 107 
123 142 
37 141 
37 83 
48 61 
54 71 
6 39 
94 95 
12 123 
115 134 
80 96 
31 59 
109 131 
3 55 
62 96 
6 111 
2 58 
12 46 
3 51 
103 142 
51 134 
1 29 
60 87 
50 60 
50 71 
35 78 
95 106 
12 45 
78 107 
57 138 
43 107 
63 83 
5 105 
60 123 
36 67 
130 137 
58 138 
9 39 
59 130 
19 84 
16 71 
5 114 
21 59 
49 71 
10 79 
44 83 
48 50 
124 140 
17 60 
21 140 
6 42 
58 141 
9 73 
71 111 
23 102 
72 109 
3 43 
7 70 
19 141 
102 107 
8 86 
8 29 
47 82 
19 23 
5 110 
23 62 
42 135 
5 126 
2 123 
12 41 
37 134 
85 136 
41 120 
67 84 
80 131 
39 72 
119 129 
71 92 
8 39 
20 141 
36 128 
101 131 
12 114 
121 141 
36 74 
86 142 
95 98 
12 87 
9 81 
28 108 
7 101 
3 77 
19 135 
1 66 
7 73 
3 18 
107 118 
28 120 
23 75 
9 17 
51 120 
6 128 
51 119 
49 136 
47 61 
7 98 
97 120 
73 142 
60 127 
16 134 
46 72 
59 79 
28 135 
68 137 
23 91 
117 137 
23 68 
44 120 
94 135 
16 60 
23 92 
50 59 
60 97 
2 52 
24 65 
41 84 
36 124 
3 88 
4 92 
110 140 
10 86 
115 120 
10 46 
24 30 
9 79 
77 141 
62 135 
3 112 
7 32 
107 130 
7 22 
7 46 
107 126 
100 138 
61 133 
122 137 
112 136 
35 57 
61 120 
84 117 
93 139 
101 119 
54 141 
13 137 
30 71 
60 102 
23 61 
68 83 
21 139 
7 77 
125 135 
5 97 
4 123 
12 63 
24 42 
35 91 
103 119 
7 21 
49 141 
35 82 
7 113 
5 66 
81 120 
5 39 
122 138 
75 142 
39 119 
6 26 
5 29 
4 20 
43 60 
91 140 
16 133 
10 76 
48 49 
13 23 
59 105 
20 134 
24 54 
84 103 
36 80 
114 142 
55 59 
32 108 
95 128 
7 122 
26 71 
4 29 
3 42 
108 122 
2 15 
129 131 
15 131 
9 53 
47 75 
85 108 
20 135 
4 103 
72 87 
60 92 
26 141 
75 136 
63 119 
39 59 
33 140 
7 81 
45 135 
9 89 
126 137 
33 84 
5 33 
4 39 
23 98 
9 104 
4 101 
113 138 
39 84 
4 102 
8 110 
33 141 
97 140 
2 110 
5 70 
10 68 
15 60 
3 98 
64 96 
29 136 
19 47 
35 125 
14 23 
3 102 
60 74 
23 67 
3 89 
62 131 
99 142 
10 66 
22 138 
61 142 
27 83 
8 32 
45 120 
77 135 
35 76 
117 133 
50 137 
130 134 
45 47 
32 133 
13 72 
4 118 
2 128 
51 95 
6 115 
121 134 
56 60 
6 46 
106 135 
56 108 
44 84 
32 71 
17 59 
2 17 
71 102 
38 83 
3 124 
2 63 
4 98 
5 44 
62 136 
57 83 
9 44 
90 139 
104 131 
68 140 
25 131 
101 137 
116 138 
20 120 
128 141 
114 139 
6 81 
8 125 
91 133 
8 129 
55 71 
66 135 
1 129 
71 77 
77 96 
93 108 
3 54 
46 142 
8 123 
4 121 
63 96 
4 77 
40 141 
126 142 
10 38 
23 63 
23 122 
22 59 
35 66 
58 59 
10 44 
70 140 
100 135 
34 138 
8 65 
83 113 
25 139 
1 118 
8 73 
55 139 
128 140 
8 85 
48 105 
47 73 
7 87 
23 39 
57 96 
55 138 
103 140 
4 89 
7 74 
4 26 
3 26 
113 141 
104 136 
87 131 
110 141 
5 27 
74 136 
65 142 
42 83 
7 67 
53 59 
34 84 
7 62 
74 84 
7 103 
7 121 
104 107 
47 51 
66 141 
83 121 
72 73 
18 134 
43 136 
24 81 
58 107 
6 80 
2 105 
101 139 
60 62 
43 119 
10 52 
4 52 
109 138 
45 131 
1 17 
12 73 
21 36 
37 140 
44 60 
24 69 
7 55 
6 22 
6 67 
96 129 
47 124 
59 128 
5 125 
29 83 
2 90 
15 137 
47 64 
80 142 
9 26 
24 56 
88 138 
71 114 
71 104 
24 123 
35 130 
60 64 
8 118 
99 120 
61 84 
7 28 
47 100 
129 140 
94 142 
49 108 
129 135 
110 134 
12 103 
8 92 
3 74 
3 76 
59 103 
23 32 
35 58 
2 118 
30 96 
40 136 
123 131 
4 130 
51 140 
128 142 
48 62 
45 84 
6 123 
97 139 
108 128 
48 51 
22 135 
60 66 
26 134 
34 47 
70 107 
12 90 
105 138 
5 103 
1 98 
86 138 
6 18 
75 107 
63 71 
66 96 
5 32 
8 98 
76 119 
33 107 
118 140 
7 50 
107 121 
32 83 
83 90 
101 107 
109 119 
6 50 
3 79 
71 89 
1 94 
37 135 
3 44 
34 71 
71 130 
83 104 
108 130 
12 61 
35 62 
60 76 
35 110 
16 95 
28 84 
120 124 
7 99 
35 45 
46 137 
99 140 
122 141 
53 120 
24 62 
60 121 
2 125 
9 100 
34 72 
8 38 
48 122 
86 140 
21 108 
26 131 
93 140 
9 126 
26 108 
104 120 
36 121 
125 134 
40 120 
96 105 
92 137 
62 134 
24 130 
73 136 
2 122 
80 120 
3 13 
130 138 
44 137 
126 131 
110 119 
84 101 
39 71 
7 14 
4 126 
59 74 
123 136 
3 110 
22 134 
8 75 
56 59 
12 64 
82 142 
26 138 
97 119 
25 136 
27 95 
97 108 
107 128 
128 134 
82 131 
87 136 
119 128 
3 52 
9 76 
24 64 
98 136 
78 131 
13 108 
70 138 
128 133 
45 108 
52 135 
25 35 
13 95 
9 16 
8 91 
7 65 
65 131 
46 133 
20 24 
45 134 
35 102 
33 135 
7 37 
102 120 
76 139 
29 71 
3 61 
59 122 
32 95 
48 116 
51 59 
64 136 
90 120 
40 60 
36 41 
35 38 
92 139 
39 83 
34 107 
4 105 
95 122 
12 37 
1 65 
48 54 
71 93 
24 80 
33 35 
8 78 
30 136 
5 98 
23 34 
85 138 
2 116 
19 35 
110 120 
32 36 
97 134 
7 94 
1 85 
38 95 
2 55 
28 140 
1 39 
8 105 
97 133 
21 133 
56 119 
72 125 
8 79 
12 109 
36 64 
34 133 
16 108 
48 103 
89 141 
12 49 
1 15 
22 71 
26 139 
15 138 
63 72 
119 122 
51 60 
41 134 
48 126 
5 25 
33 36 
25 84 
16 96 
43 59 
32 48 
9 102 
13 84 
117 120 
12 18 
62 95 
75 119 
35 37 
31 141 
67 134 
33 138 
61 95 
2 74 
89 120 
66 119 
17 96 
22 48 
64 142 
59 115 
122 139 
10 82 
124 135 
35 100 
12 26 
5 31 
8 67 
71 94 
57 135 
34 36 
26 72 
130 136 
5 74 
1 125 
85 131 
35 129 
47 62 
112 142 
47 63 
86 107 
12 101 
43 131 
83 88 
12 105 
83 98 
7 41 
31 138 
68 134 
41 137 
56 120 
89 137 
21 141 
121 133 
9 121 
18 83 
29 47 
117 119 
14 108 
64 131 
34 96 
83 85 
18 107 
18 119 
33 48 
45 133 
12 30 
118 142 
17 140 
43 71 
37 137 
89 140 
46 83 
76 107 
48 110 
61 131 
26 83 
22 108 
23 40 
33 96 
87 138 
2 81 
48 112 
37 84 
39 140 
7 129 
23 106 
5 26 
18 36 
2 79 
23 128 
23 101 
6 45 
82 96 
80 140 
71 79 
125 140 
84 94 
80 107 
24 85 
46 84 
76 84 
102 139 
83 93 
2 21 
59 98 
1 102 
10 92 
12 44 
48 86 
61 141 
46 96 
6 113 
104 134 
73 138 
83 129 
99 107 
6 51 
9 62 
8 115 
68 108 
95 129 
4 86 
18 72 
5 89 
29 131 
91 142 
123 133 
65 136 
35 116 
45 138 
98 119 
33 142 
108 113 
36 61 
49 96 
6 110 
9 63 
14 140 
116 134 
58 134 
42 119 
111 138 
10 123 
94 138 
107 122 
120 127 
17 120 
4 61 
7 45 
100 131 
3 50 
130 131 
10 39 
38 131 
9 57 
9 21 
3 116 
24 89 
71 126 
103 133 
6 93 
12 79 
3 68 
90 141 
67 136 
36 93 
1 20 
31 142 
24 122 
8 89 
41 95 
50 83 
47 114 
80 119 
65 137 
47 78 
8 50 
72 102 
8 80 
28 141 
54 137 
39 137 
73 107 
84 110 
80 136 
31 134 
39 96 
42 142 
57 59 
24 90 
19 24 
23 33 
77 139 
2 104 
129 139 
90 140 
60 106 
87 139 
73 95 
87 140 
46 136 
12 54 
4 45 
52 133 
22 24 
10 90 
25 108 
38 60 
13 24 
21 83 
117 142 
4 33 
51 138 
45 48 
47 129 
4 115 
95 97 
21 96 
25 72 
9 27 
48 87 
5 45 
9 103 
15 84 
48 68 
112 120 
49 84 
32 142 
12 94 
43 84 
66 138 
58 140 
7 63 
7 69 
2 62 
7 127 
8 53 
35 94 
27 60 
48 106 
30 139 
84 115 
72 85 
128 138 
1 55 
76 141 
104 137 
21 136 
93 96 
73 140 
100 119 
30 135 
40 139 
38 72 
20 48 
15 59 
9 114 
121 142 
100 141 
33 119 
16 107 
20 108 
82 140 
124 137 
23 90 
130 133 
12 127 
51 133 
12 14 
72 79 
23 77 
95 103 
77 120 
22 141 
49 133 
54 142 
47 122 
37 71 
4 32 
12 58 
45 95 
8 41 
14 141 
88 120 
2 54 
58 71 
85 134 
84 122 
124 131 
52 95 
8 18 
47 57 
62 72 
48 101 
15 135 
10 77 
56 131 
36 40 
24 128 
10 104 
66 134 
1 49 
114 136 
12 20 
54 60 
3 92 
59 102 
36 62 
70 141 
14 136 
40 107 
7 109 
29 48 
23 44 
24 45 
83 115 
35 63 
35 122 
23 74 
36 110 
12 81 
23 121 
107 127 
66 136 
51 136 
8 64 
7 118 
23 111 
7 75 
96 116 
46 60 
5 129 
7 92 
72 92 
53 141 
45 96 
42 140 
59 82 
43 96 
59 127 
12 67 
8 68 
6 88 
2 111 
60 110 
71 109 
7 42 
49 131 
35 44 
49 83 
35 70 
34 108 
80 108 
81 134 
8 40 
47 97 
32 120 
1 80 
60 90 
31 135 
19 136 
12 28 
10 106 
4 106 
24 33 
12 77 
7 130 
10 112 
122 133 
20 96 
99 139 
6 43 
4 17 
122 136 
70 131 
96 99 
8 124 
108 117 
5 58 
49 138 
111 131 
22 72 
75 134 
113 137 
47 126 
29 96 
3 49 
125 136 
38 108 
31 137 
40 119 
115 133 
96 124 
3 25 
79 136 
83 89 
66 140 
35 128 
7 112 
58 96 
123 137 
10 114 
39 131 
9 30 
39 120 
38 136 
4 44 
80 83 
41 140 
12 66 
89 107 
96 106 
5 52 
57 72 
1 128 
9 51 
60 122 
88 134 
54 135 
125 142 
21 84 
34 141 
49 119 
14 71 
10 21 
18 141 
114 138 
10 32 
14 47 
65 133 
9 77 
83 110 
6 121 
111 133 
9 125 
67 142 
36 125 
60 88 
1 27 
65 120 
84 90 
24 114 
19 142 
51 131 
129 136 
25 95 
77 83 
31 83 
92 142 
24 66 
98 134 
12 62 
25 120 
8 57 
79 142 
8 43 
9 130 
52 96 
10 127 
23 52 
69 71 
6 105 
10 100 
21 72 
40 108 
13 107 
27 96 
78 141 
47 58 
47 81 
84 109 
110 135 
99 119 
95 116 
21 134 
64 141 
49 142 
3 31 
74 133 
37 138 
2 44 
111 120 
53 108 
113 120 
3 125 
3 69 
75 84 
23 79 
10 88 
35 114 
67 96 
32 84 
36 63 
35 52 
12 112 
41 47 
4 80 
43 135 
35 56 
6 79 
12 78 
29 135 
2 51 
6 49 
65 141 
36 53 
91 135 
12 85 
20 119 
26 119 
81 138 
4 37 
16 24 
44 95 
86 139 
98 135 
33 83 
60 117 
9 31 
51 137 
75 108 
36 88 
59 113 
63 84 
3 30 
4 122 
27 72 
5 50 
64 83 
71 124 
110 138 
72 104 
15 24 
4 94 
121 131 
26 120 
87 133 
96 127 
44 139 
2 89 
58 137 
1 44 
50 120 
71 78 
99 135 
48 73 
91 134 
2 69 
35 85 
88 139 
10 70 
30 60 
87 134 
59 85 
6 77 
23 89 
101 134 
12 51 
6 27 
6 66 
4 87 
18 35 
48 104 
69 119 
13 120 
5 116 
19 140 
89 96 
72 90 
29 134 
107 112 
103 107 
102 136 
58 60 
17 71 
12 50 
31 71 
96 101 
2 40 
46 48 
105 119 
26 84 
8 109 
23 81 
21 135 
83 94 
44 72 
24 104 
61 136 
9 80 
3 91 
67 95 
28 48 
8 122 
4 25 
59 89 
36 129 
3 21 
4 15 
78 138 
18 59 
5 46 
4 97 
4 112 
70 71 
23 100 
24 25 
5 87 
33 137 
38 135 
120 121 
4 49 
31 140 
100 136 
47 87 
92 136 
71 112 
64 119 
15 71 
73 96 
1 22 
32 107 
59 117 
78 139 
114 131 
6 74 
113 134 
56 141 
101 140 
38 119 
12 115 
35 87 
55 84 
45 119 
24 68 
32 135 
23 110 
72 115 
74 140 
49 60 
1 28 
24 86 
108 127 
125 141 
62 133 
6 104 
9 122 
96 118 
19 134 
64 137 
87 108 
23 53 
4 81 
8 28 
36 89 
77 108 
21 23 
29 141 
8 22 
84 87 
42 141 
1 46 
9 105 
24 32 
5 63 
84 85 
3 106 
12 92 
12 80 
8 76 
125 138 
96 112 
19 131 
59 61 
57 139 
48 67 
81 141 
29 142 
23 25 
18 142 
110 137 
3 123 
24 39 
31 96 
89 95 
5 53 
96 115 
120 125 
83 125 
68 142 
5 80 
67 120 
7 26 
85 135 
9 22 
86 133 
18 135 
2 127 
73 141 
18 137 
50 131 
85 142 
9 50 
23 103 
101 141 
37 120 
87 135 
103 120 
35 77 
116 133 
43 95 
95 124 
93 107 
72 88 
89 139 
65 134 
7 116 
45 141 
90 96 
52 84 
118 119 
106 138 
10 118 
127 141 
102 108 
10 49 
27 136 
5 17 
69 136 
17 134 
2 29 
3 78 
6 64 
46 59 
85 140 
3 66 
1 92 
115 131 
22 95 
118 135 
42 84 
1 105 
23 104 
52 136 
69 96 
57 95 
9 97 
72 112 
37 136 
69 95 
26 133 
9 13 
5 40 
76 140 
23 64 
99 141 
59 88 
91 96 
71 73 
2 87 
84 130 
50 95 
16 136 
119 123 
72 75 
47 49 
68 71 
90 133 
35 97 
24 111 
30 141 
2 98 
23 65 
12 13 
10 58 
100 134 
6 114 
60 118 
41 72 
38 133 
85 119 
110 131 
17 135 
106 136 
120 129 
122 142 
7 124 
118 137 
109 134 
1 61 
25 119 
9 85 
31 60 
82 134 
27 119 
108 114 
60 112 
50 136 
68 141 
10 22 
89 136 
4 93 
24 100 
1 19 
23 86 
76 142 
88 107 
2 68 
23 127 
9 86 
9 43 
8 27 
6 97 
1 62 
34 131 
54 139 
84 121 
6 127 
1 54 
33 120 
9 124 
4 74 
80 95 
36 122 
1 42 
15 133 
6 103 
1 76 
66 133 
36 56 
4 41 
12 125 
71 81 
99 136 
35 111 
41 142 
50 142 
62 142 
98 137 
48 98 
6 94 
55 131 
35 105 
16 36 
115 139 
65 72 
95 99 
10 103 
70 84 
3 113 
107 110 
53 134 
9 28 
72 106 
52 138 
35 49 
104 142 
124 141 
82 119 
47 94 
29 72 
105 133 
88 96 
105 134 
14 48 
4 13 
24 116 
113 142 
23 123 
35 42 
6 116 
47 90 
103 108 
14 131 
36 77 
31 139 
91 107 
60 99 
27 141 
24 117 
95 115 
1 113 
48 90 
96 109 
88 136 
82 108 
10 73 
95 118 
57 142 
47 113 
40 71 
36 102 
41 139 
59 97 
36 127 
5 111 
127 134 
86 119 
6 89 
70 83 
5 13 
10 97 
112 133 
95 130 
9 46 
47 111 
6 56 
79 95 
2 112 
8 102 
48 93 
2 109 
36 76 
33 131 
4 67 
24 57 
10 43 
31 48 
59 69 
3 41 
71 117 
22 60 
32 131 
46 131 
84 106 
112 138 
8 66 
55 83 
29 133 
100 120 
40 133 
1 67 
128 135 
99 108 
51 141 
79 131 
2 45 
67 140 
15 107 
24 51 
79 140 
2 93 
35 64 
22 140 
64 107 
27 142 
9 67 
24 106 
3 97 
57 134 
71 118 
59 62 
61 138 
48 94 
17 83 
71 106 
68 95 
60 103 
10 130 
59 112 
56 134 
64 135 
8 49 
79 120 
71 128 
110 133 
15 35 
104 139 
108 123 
55 108 
59 65 
47 54 
72 76 
66 71 
8 103 
53 139 
58 142 
41 83 
1 70 
30 131 
5 112 
47 117 
27 131 
53 72 
10 102 
10 42 
5 118 
56 133 
21 35 
33 139 
7 17 
77 140 
23 54 
1 122 
126 141 
7 88 
9 118 
90 134 
9 54 
1 79 
9 127 
63 135 
10 63 
83 128 
109 137 
48 97 
2 49 
121 136 
7 34 
62 84 
70 139 
1 97 
9 109 
96 122 
92 131 
84 86 
33 47 
12 99 
104 141 
71 90 
3 118 
42 96 
24 67 
44 48 
46 141 
6 73 
97 136 
47 55 
93 142 
65 96 
9 94 
32 119 
117 136 
20 35 
56 142 
108 118 
8 31 
73 137 
76 133 
2 70 
26 135 
109 140 
66 142 
3 109 
63 139 
113 135 
84 93 
35 101 
46 139 
120 123 
64 140 
10 99 
22 133 
108 110 
6 85 
7 16 
75 83 
2 86 
23 27 
23 129 
58 83 
36 116 
119 124 
125 131 
7 57 
33 71 
69 84 
24 99 
86 137 
40 72 
3 33 
5 85 
53 142 
106 119 
38 142 
34 83 
124 133 
1 130 
97 135 
95 123 
30 137 
18 133 
48 102 
2 26 
25 36 
53 60 
88 140 
2 53 
23 85 
15 140 
6 92 
1 73 
1 89 
77 131 
48 89 
47 50 
5 124 
39 107 
74 137 
5 128 
114 119 
60 116 
35 54 
59 70 
36 39 
81 108 
35 51 
31 120 
6 63 
10 105 
52 71 
60 126 
122 131 
117 134 
56 71 
27 140 
48 127 
30 107 
35 93 
41 135 
16 48 
47 67 
51 96 
106 131 
26 142 
31 107 
1 117 
62 137 
7 90 
14 84 
40 84 
21 137 
35 124 
114 133 
69 134 
12 56 
43 138 
78 140 
3 32 
7 126 
60 77 
29 59 
66 72 
8 30 
48 56 
48 123 
83 103 
24 37 
50 134 
68 138 
7 64 
19 119 
96 97 
102 133 
108 111 
6 99 
40 47 
39 135 
8 101 
72 78 
76 108 
44 59 
4 57 
47 105 
3 53 
3 114 
12 88 
43 139 
35 127 
37 131 
5 64 
6 17 
67 108 
81 135 
2 13 
111 140 
36 123 
95 121 
52 120 
59 93 
48 78 
67 107 
118 134 
119 127 
58 135 
107 115 
66 83 
93 131 
64 72 
48 121 
5 22 
10 34 
102 131 
6 78 
2 75 
5 88 
60 82 
52 137 
33 59 
83 106 
36 92 
5 91 
9 58 
17 138 
55 60 
8 94 
100 108 
35 106 
59 68 
7 97 
13 96 
71 75 
72 105 
72 94 
24 26 
96 111 
108 121 
60 81 
50 135 
1 90 
73 135 
79 133 
46 135 
3 15 
129 141 
121 139 
35 79 
48 82 
36 66 
80 84 
15 142 
121 135 
91 95 
62 107 
71 129 
38 71 
72 82 
6 98 
94 136 
24 79 
45 72 
4 113 
61 107 
30 59 
23 117 
24 77 
15 96 
77 134 
128 139 
51 72 
3 37 
48 115 
98 120 
9 61 
115 140 
62 139 
3 64 
15 83 
9 42 
87 95 
7 15 
69 107 
27 120 
81 119 
1 87 
7 13 
72 130 
8 111 
28 71 
116 135 
67 138 
31 108 
98 108 
77 95 
46 119 
45 60 
24 70 
89 134 
14 95 
35 68 
84 129 
53 133 
1 69 
28 136 
2 16 
47 99 
60 128 
24 82 
53 96 
93 135 
130 140 
9 18 
129 133 
124 139 
88 119 
83 109 
29 120 
10 109 
6 25 
63 108 
84 91 
46 140 
3 103 
3 100 
101 108 
1 34 
13 133 
72 129 
16 131 
29 108 
73 84 
94 141 
2 41 
83 123 
17 23 
83 91 
123 138 
7 89 
56 84 
74 107 
23 66 
95 110 
4 27 
33 95 
3 38 
113 140 
31 133 
90 131 
23 76 
57 60 
10 126 
114 141 
105 131 
82 83 
9 64 
27 139 
79 138 
5 102 
111 136 
78 120 
4 50 
5 117 
7 58 
38 140 
65 107 
6 13 
37 59 
14 133 
38 137 
47 56 
15 108 
17 36 
124 134 
20 133 
13 47 
2 39 
17 139 
74 95 
59 104 
4 40 
31 72 
67 71 
2 33 
9 128 
84 89 
24 55 
121 140 
117 138 
7 40 
70 108 
84 113 
74 131 
23 28 
56 137 
96 128 
12 68 
126 133 
9 65 
36 114 
10 26 
48 63 
47 89 
92 95 
23 50 
4 31 
48 70 
4 129 
67 133 
66 120 
31 47 
106 141 
94 137 
53 137 
8 114 
48 66 
69 138 
63 107 
60 111 
18 138 
10 129 
20 95 
23 82 
69 131 
1 64 
109 141 
12 39 
20 140 
63 142 
22 23 
22 35 
87 107 
34 59 
5 56 
67 72 
2 65 
2 66 
14 36 
72 80 
26 59 
59 67 
5 121 
42 133 
36 52 
24 44 
77 119 
3 57 
5 16 
10 25 
23 88 
61 108 
103 137 
122 134 
59 100 
44 138 
91 136 
68 119 
34 60 
104 108 
95 105 
1 21 
36 82 
75 139 
24 127 
10 80 
47 74 
94 140 
17 137 
5 62 
114 134 
125 139 
42 136 
91 131 
51 142 
21 119 
105 108 
28 72 
41 131 
98 140 
43 137 
99 138 
21 24 
8 42 
35 65 
18 47 
8 88 
35 92 
6 75 
72 128 
82 137 
76 120 
22 36 
69 137 
107 109 
23 105 
6 118 
47 86 
106 139 
59 73 
107 123 
100 133 
1 77 
3 87 
47 85 
6 53 
77 84 
81 107 
104 140 
19 120 
47 109 
79 83 
90 138 
7 105 
27 137 
130 141 
5 38 
10 121 
126 135 
10 14 
12 34 
119 130 
52 72 
74 139 
10 89 
95 101 
3 80 
6 19 
22 47 
48 99 
8 45 
4 70 
103 136 
1 99 
21 120 
61 71 
12 55 
24 113 
35 86 
4 22 
8 34 
23 113 
8 128 
39 108 
115 136 
28 59 
58 133 
6 65 
48 85 
118 139 
53 71 
107 117 
4 117 
103 138 
25 96 
18 120 
60 78 
68 107 
9 112 
12 106 
44 108 
1 121 
1 86 
128 131 
26 36 
48 74 
70 142 
12 86 
25 140 
2 113 
36 126 
2 18 
12 70 
48 111 
9 52 
8 116 
36 106 
97 142 
32 140 
36 79 
10 81 
84 104 
72 116 
12 29 
52 60 
55 134 
43 47 
41 107 
36 69 
5 68 
17 136 
44 135 
6 101 
126 136 
67 83 
71 99 
28 107 
90 137 
72 93 
3 29 
70 119 
107 116 
128 136 
79 108 
1 103 
1 78 
76 131 
123 140 
114 120 
5 76 
5 43 
92 141 
51 84 
38 138 
98 141 
50 138 
65 119 
60 100 
27 48 
100 139 
87 137 
57 120 
84 99 
46 107 
74 141 
20 60 
10 53 
56 72 
1 31 
77 107 
59 121 
80 138 
79 137 
3 67 
93 136 
60 80 
10 67 
3 122 
23 49 
10 51 
23 118 
45 139 
92 96 
3 27 
113 139 
8 82 
2 56 
79 141 
23 46 
6 124 
81 131 
19 133 
37 133 
48 69 
64 84 
12 110 
4 21 
9 92 
117 139 
95 125 
6 32 
72 118 
17 35 
76 137 
4 28 
7 27 
60 69 
111 139 
12 16 
48 81 
42 134 
5 34 
59 80 
35 39 
9 129 
107 129 
20 72 
98 131 
116 140 
9 49 
7 39 
71 74 
80 141 
61 119 
72 113 
1 32 
10 37 
81 137 
59 101 
61 137 
127 142 
9 34 
71 103 
33 133 
27 36 
25 141 
90 107 
9 101 
1 30 
3 34 
41 141 
28 47 
68 136 
69 72 
78 136 
19 60 
10 28 
60 105 
50 108 
10 55 
36 103 
73 108 
41 119 
36 94 
83 117 
108 116 
105 137 
56 95 
41 136 
29 107 
95 109 
109 135 
116 141 
101 138 
4 68 
7 52 
75 138 
96 130 
86 134 
54 95 
31 36 
12 31 
118 141 
94 131 
59 110 
6 20 
10 128 
8 46 
58 120 
2 126 
1 104 
3 40 
7 61 
93 138 
8 106 
12 69 
58 84 
30 120 
23 70 
42 138 
2 43 
32 60 
2 67 
47 104 
72 111 
23 55 
36 51 
116 137 
4 109 
61 72 
127 136 
61 134 
6 57 
3 19 
2 80 
88 95 
78 134 
9 29 
5 75 
7 86 
7 18 
4 111 
62 71 
126 140 
113 136 
5 41 
58 131 
6 68 
12 33 
4 65 
23 99 
65 83 
81 139 
4 125 
10 93 
30 140 
31 119 
59 109 
89 135 
48 91 
17 131 
83 99 
24 101 
88 142 
47 68 
3 104 
21 71 
96 126 
24 29 
53 107 
4 78 
3 130 
68 133 
6 33 
9 68 
10 78 
100 140 
120 130 
39 95 
8 93 
36 54 
2 103 
24 34 
21 142 
72 117 
54 72 
8 127 
1 57 
73 119 
91 119 
8 117 
123 134 
115 142 
4 53 
24 115 
81 140 
6 16 
60 91 
36 87 
28 131 
24 43 
35 112 
4 91 
86 135 
1 14 
34 136 
5 55 
59 116 
37 48 
40 96 
90 108 
95 112 
12 82 
4 79 
23 57 
70 96 
13 134 
57 107 
37 139 
30 72 
42 48 
24 74 
75 133 
28 96 
10 45 
3 16 
14 107 
84 125 
23 31 
10 30 
96 114 
7 68 
54 134 
71 86 
80 134 
2 78 
2 106 
3 70 
72 122 
30 134 
3 128 
61 96 
61 135 
3 121 
8 77 
24 121 
48 92 
36 85 
95 104 
36 130 
28 83 
84 98 
38 47 
45 59 
30 36 
109 120 
83 124 
28 133 
24 91 
5 78 
1 18 
108 129 
111 119 
13 35 
4 51 
8 130 
10 27 
35 73 
59 126 
127 137 
12 122 
92 107 
8 14 
107 111 
5 57 
60 85 
43 140 
38 134 
6 54 
107 125 
58 95 
127 139 
12 43 
50 140 
91 139 
55 95 
1 109 
96 117 
1 111 
60 104 
56 136 
53 119 
92 135 
22 120 
24 97 
102 142 
47 106 
71 113 
17 107 
113 133 
121 138 
69 141 
7 125 
78 135 
104 119 
105 139 
84 112 
72 97 
24 78 
13 83 
3 20 
41 48 
45 137 
9 20 
52 134 
101 120 
92 133 
10 62 
49 107 
111 141 
67 135 
42 139 
2 27 
5 18 
83 127 
1 100 
97 141 
3 90 
54 96 
72 101 
26 48 
22 142 
56 96 
29 119 
47 53 
49 72 
41 108 
85 120 
7 25 
47 130 
82 107 
60 124 
10 69 
2 32 
10 117 
6 55 
1 91 
16 35 
33 60 
110 136 
24 98 
109 139 
55 142 
27 135 
52 107 
7 93 
24 61 
23 115 
95 114 
9 113 
64 71 
7 114 
47 92 
67 137 
16 23 
103 134 
24 31 
1 114 
5 42 
2 76 
74 108 
78 142 
38 96 
27 138 
129 142 
7 79 
53 84 
10 50 
112 140 
6 82 
1 126 
7 80 
25 134 
47 123 
36 55 
8 51 
51 107 
56 83 
12 113 
79 139 
111 142 
6 31 
64 95 
63 131 
9 88 
122 140 
31 136 
118 131 
8 13 
15 72 
15 47 
47 70 
50 141 
1 50 
4 127 
2 38 
60 63 
9 41 
39 48 
27 59 
103 131 
38 120 
84 127 
7 128 
89 131 
29 35 
77 133 
26 96 
20 23 
97 107 
10 85 
85 96 
1 26 
55 133 
56 107 
1 93 
9 40 
7 53 
17 95 
6 117 
109 133 
106 134 
27 47 
10 64 
24 94 
17 72 
36 50 
12 111 
65 95 
10 110 
9 70 
15 95 
64 108 
5 92 
42 108 
89 108 
41 138 
48 125 
3 117 
22 139 
10 75 
24 40 
68 120 
84 116 
48 128 
13 119 
64 120 
40 137 
9 93 
2 31 
49 95 
87 119 
9 32 
83 105 
36 99 
98 139 
48 57 
5 109 
99 134 
3 85 
24 112 
32 137 
36 113 
14 83 
28 36 
67 141 
10 94 
126 138 
9 111 
2 20 
14 135 
10 91 
2 102 
14 139 
24 88 
28 35 
6 90 
5 100 
84 128 
40 135 
4 76 
4 55 
5 106 
25 135 
1 53 
86 95 
56 135 
19 108 
86 108 
1 74 
36 81 
25 59 
6 40 
6 106 
8 21 
2 88 
92 134 
14 60 
7 49 
83 116 
47 116 
2 99 
6 76 
17 47 
7 56 
23 109 
37 47 
8 62 
47 65 
36 104 
29 95 
78 83 
35 41 
63 136 
10 74 
19 137 
36 46 
116 131 
16 141 
5 51 
8 104 
91 120 
92 120 
75 141 
9 98 
9 123 
14 35 
63 134 
65 138 
106 140 
1 25 
30 108 
9 15 
66 108 
23 126 
74 134 
10 16 
7 38 
3 93 
80 133 
12 53 
5 14 
83 126 
53 83 
70 72 
10 54 
10 57 
94 120 
3 14 
51 71 
75 95 
72 98 
2 85 
72 103 
4 38 
47 101 
69 83 
59 78 
24 125 
27 108 
48 65 
102 119 
55 96 
12 97 
99 133 
50 119 
81 136 
23 124 
16 142 
5 69 
29 140 
2 14 
5 21 
20 47 
71 122 
71 98 
130 135 
5 28 
89 138 
48 117 
53 135 
55 107 
14 72 
72 127 
37 96 
3 111 
2 129 
23 78 
97 131 
47 69 
85 141 
45 136 
5 113 
13 36 
65 135 
84 118 
14 120 
3 46 
31 35 
3 129 
26 60 
10 101 
58 136 
28 142 
36 49 
87 142 
12 52 
10 40 
18 139 
90 136 
36 45 
119 125 
8 16 
7 111 
34 137 
35 109 
48 75 
1 45 
48 55 
127 131 
16 47 
84 92 
88 141 
83 97 
39 60 
47 88 
68 84 
9 116 
3 73 
39 138 
85 95 
4 73 
102 135 
60 113 
36 73 
60 125 
84 105 
76 135 
44 140 
39 139 
59 114 
9 91 
48 58 
48 88 
31 84 
1 63 
2 97 
8 54 
52 141 
37 60 
4 64 
70 135 
12 57 
15 23 
19 138 
71 76 
13 138 
83 101 
78 108 
64 138 
10 113 
49 59 
25 138 
7 31 
36 86 
107 113 
9 75 
71 121 
72 77 
4 99 
6 129 
19 107 
35 90 
5 77 
43 133 
4 124 
46 134 
89 142 
14 137 
1 110 
83 118 
88 108 
16 83 
7 78 
3 82 
33 134 
41 71 
34 119 
47 102 
45 71 
60 93 
9 25 
4 62 
8 20 
8 56 
34 142 
2 37 
48 100 
68 131 
24 38 
74 142 
6 44 
18 136 
17 133 
8 87 
124 142 
17 119 
44 47 
4 66 
24 129 
76 138 
60 67 
2 77 
