124 125 
69 92 
73 86 
58 116 
41 81 
32 63 
42 103 
14 25 
87 111 
74 100 
13 15 
52 110 
42 45 
41 129 
126 127 
30 93 
20 111 
20 32 
62 121 
70 94 
58 126 
22 128 
13 67 
99 127 
114 117 
93 118 
26 86 
109 121 
123 129 
111 126 
99 102 
16 97 
31 122 
27 52 
75 128 
26 50 
27 113 
90 129 
86 130 
33 70 
101 117 
25 44 
15 16 
88 130 
57 68 
86 101 
46 99 
65 88 
63 109 
21 76 
52 112 
28 65 
20 38 
29 123 
54 115 
104 105 
81 92 
55 100 
43 50 
18 64 
86 129 
39 55 
17 30 
43 130 
41 69 
93 130 
22 78 
29 87 
78 113 
29 41 
65 113 
21 85 
112 121 
93 104 
116 118 
15 65 
106 122 
77 115 
43 79 
69 130 
28 103 
54 81 
66 89 
38 127 
104 118 
29 113 
45 92 
86 90 
43 81 
14 50 
90 101 
85 122 
58 80 
62 126 
18 87 
75 79 
31 67 
92 115 
82 89 
34 99 
99 101 
44 67 
15 121 
52 125 
31 102 
15 114 
15 129 
104 106 
61 69 
31 45 
66 104 
74 94 
45 111 
17 105 
44 69 
38 109 
70 118 
54 128 
25 58 
19 113 
18 56 
16 81 
25 106 
69 127 
22 30 
40 51 
43 105 
73 130 
38 73 
41 121 
97 114 
86 113 
87 109 
41 114 
50 124 
13 79 
34 116 
63 74 
20 128 
53 64 
62 85 
114 115 
27 46 
110 114 
27 79 
89 117 
74 89 
98 130 
63 118 
20 52 
16 29 
45 61 
51 102 
30 124 
80 114 
57 81 
28 123 
87 94 
40 130 
85 125 
17 21 
50 106 
85 124 
41 49 
54 98 
51 77 
18 75 
16 127 
53 112 
116 121 
88 94 
61 65 
46 124 
29 74 
44 52 
31 103 
21 122 
92 111 
89 114 
64 116 
16 78 
44 70 
75 115 
77 116 
55 62 
19 81 
55 106 
15 85 
63 70 
64 77 
61 73 
18 21 
90 115 
41 103 
103 123 
18 130 
37 73 
55 97 
79 86 
111 117 
15 38 
74 112 
67 102 
25 55 
20 29 
32 75 
33 100 
27 74 
39 80 
44 65 
34 86 
70 106 
63 123 
66 115 
49 50 
49 85 
98 109 
42 129 
25 57 
45 85 
75 82 
98 118 
22 57 
55 89 
15 31 
20 118 
38 40 
57 64 
37 50 
44 85 
22 85 
63 121 
21 52 
28 125 
32 78 
20 110 
74 93 
91 102 
53 88 
21 77 
78 85 
26 69 
19 115 
30 39 
39 88 
44 114 
13 124 
19 63 
61 78 
39 103 
111 130 
43 63 
52 61 
77 112 
13 105 
116 127 
19 87 
78 82 
64 117 
14 113 
65 109 
62 116 
33 125 
75 88 
13 99 
13 26 
56 73 
99 111 
90 125 
88 123 
77 100 
28 92 
76 122 
69 76 
90 130 
62 67 
20 22 
41 45 
29 100 
29 85 
13 104 
76 99 
18 37 
14 86 
17 31 
37 79 
87 129 
77 123 
19 20 
19 26 
33 66 
45 100 
20 99 
104 121 
14 115 
124 128 
30 97 
122 129 
102 106 
106 116 
15 100 
31 63 
18 30 
33 122 
57 112 
49 77 
21 66 
69 87 
102 124 
30 61 
16 62 
16 74 
31 86 
106 113 
25 29 
70 73 
85 127 
52 74 
78 118 
18 50 
21 69 
68 91 
21 91 
77 87 
22 82 
41 55 
81 110 
27 57 
30 121 
89 100 
29 81 
45 63 
34 43 
55 79 
27 65 
46 66 
99 123 
15 115 
16 45 
30 100 
51 126 
80 105 
16 49 
20 25 
40 122 
27 98 
45 46 
76 80 
44 99 
61 98 
14 117 
46 98 
25 124 
64 82 
74 125 
76 125 
58 110 
106 118 
58 109 
18 29 
25 75 
68 76 
63 117 
19 21 
54 129 
28 58 
55 118 
45 91 
40 43 
26 92 
89 123 
66 94 
44 106 
14 91 
32 46 
63 82 
63 67 
109 128 
27 55 
100 125 
85 118 
100 101 
64 76 
64 105 
44 45 
13 127 
81 112 
56 111 
66 88 
19 51 
74 91 
21 29 
28 43 
57 122 
64 91 
15 55 
62 87 
22 104 
39 99 
79 88 
13 49 
54 68 
41 58 
39 51 
92 124 
49 116 
103 104 
92 121 
82 121 
28 50 
98 99 
100 109 
33 77 
49 118 
76 78 
105 110 
73 80 
18 55 
62 78 
41 43 
66 70 
46 82 
50 74 
28 74 
61 94 
78 122 
30 89 
27 51 
52 67 
30 34 
15 76 
40 124 
55 66 
16 106 
28 73 
32 86 
27 87 
33 121 
80 91 
38 52 
57 97 
18 25 
78 91 
28 51 
22 90 
66 69 
53 124 
118 130 
21 87 
99 114 
45 124 
27 70 
14 61 
21 130 
76 87 
68 79 
63 65 
26 51 
45 58 
19 62 
28 45 
62 81 
75 110 
17 44 
25 34 
38 90 
20 82 
20 61 
32 115 
54 122 
77 78 
57 77 
125 127 
25 81 
16 43 
28 34 
76 105 
53 111 
13 87 
82 87 
18 65 
56 121 
25 92 
51 85 
13 37 
64 103 
43 117 
49 99 
61 67 
76 92 
42 118 
25 65 
27 88 
40 78 
45 78 
17 53 
21 104 
91 100 
15 56 
18 82 
75 87 
37 55 
80 126 
51 73 
46 111 
43 124 
125 129 
73 75 
93 124 
106 123 
45 54 
55 57 
41 113 
15 90 
34 40 
26 74 
40 70 
14 129 
33 75 
28 98 
20 62 
29 128 
32 114 
15 110 
17 128 
44 77 
52 111 
77 121 
67 79 
22 58 
27 31 
44 46 
69 78 
26 61 
17 46 
93 106 
61 81 
27 41 
34 58 
13 19 
26 85 
62 86 
16 33 
51 86 
53 105 
43 103 
14 85 
53 121 
112 125 
49 58 
25 77 
21 30 
63 128 
70 102 
42 76 
64 69 
46 118 
31 94 
116 130 
17 67 
44 50 
30 110 
63 69 
67 123 
67 98 
20 76 
15 130 
55 86 
29 114 
53 56 
76 104 
17 74 
62 115 
63 89 
31 57 
43 97 
45 56 
26 127 
64 112 
112 113 
77 129 
44 97 
68 126 
64 81 
70 92 
21 49 
91 125 
103 117 
49 105 
13 123 
45 128 
64 121 
43 93 
38 88 
45 94 
51 67 
46 123 
57 86 
15 93 
16 111 
42 65 
46 90 
22 97 
105 129 
78 114 
18 127 
43 122 
43 77 
40 101 
43 61 
54 73 
20 40 
40 50 
17 87 
18 67 
29 104 
33 98 
32 104 
50 92 
38 102 
69 106 
26 31 
105 113 
51 117 
19 30 
73 85 
90 117 
64 127 
41 61 
51 122 
76 93 
45 106 
29 80 
110 126 
40 42 
41 104 
66 82 
102 104 
34 130 
21 61 
86 97 
41 106 
55 113 
62 65 
106 114 
57 105 
30 111 
128 130 
26 39 
54 64 
37 46 
112 127 
21 99 
73 106 
98 127 
106 129 
13 92 
29 33 
55 67 
99 125 
87 121 
22 112 
29 38 
52 106 
27 30 
106 112 
56 126 
14 81 
57 93 
63 93 
31 114 
73 92 
93 114 
43 46 
18 121 
93 129 
42 98 
81 117 
25 122 
37 104 
74 101 
44 76 
56 61 
15 39 
33 106 
62 94 
32 93 
45 89 
73 82 
28 82 
61 100 
41 63 
64 111 
46 74 
19 127 
49 106 
94 103 
97 100 
90 92 
15 127 
77 92 
74 85 
34 52 
40 55 
30 126 
50 125 
20 124 
39 57 
18 40 
31 115 
68 94 
68 99 
91 94 
70 101 
55 76 
51 54 
22 117 
38 54 
45 76 
61 103 
13 66 
44 100 
55 65 
94 127 
39 49 
41 65 
26 76 
81 89 
14 93 
76 118 
18 106 
16 79 
100 127 
16 123 
15 27 
117 123 
22 40 
100 128 
13 16 
91 113 
53 73 
28 70 
21 40 
54 127 
74 104 
69 81 
78 106 
14 32 
40 53 
31 87 
20 103 
93 99 
82 128 
42 112 
33 109 
40 64 
38 53 
43 58 
53 70 
37 124 
81 123 
15 69 
19 67 
92 114 
33 94 
54 90 
55 81 
115 116 
27 103 
55 75 
101 123 
67 130 
102 113 
41 125 
37 69 
67 90 
30 37 
69 116 
113 126 
30 105 
65 77 
76 115 
16 89 
105 127 
27 28 
13 28 
52 89 
68 98 
100 124 
113 115 
22 69 
97 127 
25 116 
15 118 
14 75 
68 88 
30 129 
111 113 
20 121 
74 110 
70 93 
37 127 
28 39 
77 117 
74 121 
63 79 
65 99 
53 63 
20 127 
32 40 
89 94 
27 105 
52 115 
80 110 
44 91 
32 124 
25 104 
94 99 
93 122 
78 101 
102 125 
13 102 
29 51 
28 117 
37 75 
22 105 
19 89 
94 128 
50 100 
62 114 
45 75 
53 123 
77 97 
45 121 
37 68 
50 68 
45 103 
18 90 
73 104 
79 109 
28 56 
26 103 
13 86 
45 102 
89 127 
22 52 
44 86 
98 100 
32 105 
50 76 
40 86 
109 116 
110 130 
64 94 
19 27 
112 118 
73 115 
15 124 
109 124 
50 115 
100 111 
57 124 
14 122 
81 127 
40 85 
27 61 
21 50 
97 104 
109 126 
121 122 
43 110 
13 62 
55 127 
62 75 
19 54 
79 105 
66 100 
39 110 
58 73 
87 103 
25 125 
41 100 
41 80 
34 77 
93 113 
39 122 
18 110 
91 110 
30 86 
17 127 
43 56 
69 99 
43 87 
40 82 
68 125 
100 115 
51 98 
79 94 
58 82 
31 44 
46 125 
44 74 
19 101 
73 128 
103 105 
31 85 
13 41 
29 106 
18 42 
25 117 
70 87 
55 88 
39 65 
111 128 
16 98 
19 106 
67 114 
58 91 
68 86 
18 22 
38 77 
66 113 
106 125 
57 61 
25 128 
28 49 
110 115 
22 99 
31 127 
30 115 
32 106 
88 127 
50 58 
41 122 
67 81 
18 88 
14 101 
25 80 
16 99 
113 129 
32 70 
100 102 
75 78 
32 100 
64 125 
33 118 
14 77 
99 118 
49 123 
20 89 
34 125 
38 41 
25 32 
43 88 
85 115 
68 102 
19 32 
29 110 
51 111 
80 122 
29 79 
20 37 
31 68 
21 113 
78 99 
38 87 
44 73 
70 104 
38 82 
69 112 
58 104 
42 127 
90 111 
19 98 
19 116 
61 101 
17 56 
49 51 
117 126 
32 82 
18 76 
38 70 
43 76 
57 111 
88 122 
18 79 
70 98 
30 70 
92 122 
68 97 
22 125 
64 74 
19 93 
73 127 
85 88 
18 78 
92 128 
26 122 
21 112 
77 106 
43 51 
80 101 
68 113 
19 61 
81 105 
44 111 
20 31 
34 87 
81 126 
21 67 
29 73 
18 93 
45 52 
57 113 
89 111 
25 78 
67 99 
39 53 
34 66 
63 68 
68 130 
51 110 
74 103 
101 127 
51 93 
40 97 
20 130 
56 74 
22 43 
40 87 
85 116 
81 111 
27 63 
75 130 
68 116 
32 122 
29 75 
46 51 
91 92 
39 97 
88 126 
31 79 
101 130 
13 31 
56 81 
32 68 
92 106 
39 85 
104 113 
102 122 
28 89 
30 80 
20 106 
86 94 
32 76 
118 128 
29 130 
13 115 
109 113 
65 124 
55 105 
80 128 
49 101 
113 117 
100 130 
79 87 
110 111 
82 124 
46 62 
45 115 
92 127 
13 128 
31 42 
89 91 
43 98 
103 127 
20 39 
16 130 
92 117 
38 110 
14 29 
58 97 
19 37 
86 102 
92 103 
34 61 
37 93 
42 117 
34 78 
32 64 
80 82 
25 86 
26 109 
52 65 
90 110 
14 78 
37 62 
52 92 
39 61 
92 100 
31 112 
25 27 
57 104 
58 105 
38 49 
58 98 
86 91 
14 38 
52 58 
25 112 
67 76 
67 129 
39 63 
90 93 
16 69 
74 87 
22 88 
15 97 
79 124 
99 121 
68 117 
123 128 
53 129 
44 82 
62 104 
99 116 
55 77 
85 126 
53 87 
65 94 
52 76 
49 100 
55 124 
69 97 
34 41 
88 125 
32 43 
66 97 
52 122 
16 91 
33 41 
62 123 
89 122 
67 118 
52 87 
22 74 
88 91 
27 129 
17 81 
38 56 
105 111 
43 123 
66 112 
18 34 
43 129 
85 129 
16 66 
56 87 
30 41 
65 102 
46 121 
53 100 
113 121 
13 33 
62 76 
57 129 
54 70 
40 103 
73 91 
28 62 
38 69 
38 106 
18 62 
52 64 
16 40 
44 129 
30 62 
70 97 
37 121 
110 123 
43 74 
17 106 
25 123 
63 116 
33 101 
45 101 
13 43 
41 94 
26 62 
66 103 
94 116 
61 118 
65 97 
74 113 
117 128 
16 25 
13 29 
56 94 
38 101 
51 90 
29 126 
79 99 
19 130 
70 91 
122 125 
20 26 
57 74 
18 28 
26 63 
28 116 
65 118 
88 101 
68 101 
19 118 
49 103 
82 93 
16 18 
64 124 
28 77 
33 58 
33 123 
39 94 
109 111 
42 104 
115 123 
80 103 
38 39 
57 87 
29 55 
25 49 
40 65 
58 113 
22 26 
45 93 
64 98 
20 85 
46 70 
77 102 
15 91 
17 76 
13 52 
22 93 
13 85 
77 103 
65 126 
101 112 
113 130 
27 112 
16 27 
67 77 
53 77 
52 94 
46 130 
67 87 
64 118 
53 130 
69 100 
43 45 
53 74 
26 58 
70 113 
20 64 
68 77 
77 88 
25 40 
67 117 
45 65 
51 55 
65 76 
111 123 
43 91 
61 129 
21 123 
92 105 
55 73 
31 93 
55 90 
30 123 
70 127 
39 81 
13 122 
85 123 
99 113 
82 129 
56 105 
82 115 
46 109 
44 78 
49 70 
20 63 
53 117 
15 54 
46 78 
63 111 
80 89 
33 113 
56 113 
21 38 
58 63 
53 67 
29 66 
56 85 
26 27 
26 80 
22 28 
37 66 
58 117 
18 111 
21 55 
51 128 
18 125 
29 124 
54 92 
14 28 
80 121 
76 97 
69 110 
85 98 
67 69 
29 40 
65 104 
126 128 
65 87 
77 105 
20 116 
65 111 
67 89 
42 56 
91 118 
31 56 
56 130 
33 111 
20 115 
27 123 
50 127 
90 100 
28 33 
19 42 
19 49 
116 123 
79 82 
17 129 
17 29 
51 109 
33 80 
67 92 
21 115 
53 104 
50 114 
39 74 
65 130 
81 106 
86 117 
21 25 
42 58 
61 121 
29 93 
75 111 
34 80 
46 54 
33 67 
70 81 
54 89 
93 111 
17 25 
18 49 
39 93 
52 88 
39 121 
22 79 
89 124 
29 69 
46 49 
39 102 
37 78 
30 42 
34 91 
70 74 
20 68 
17 97 
115 125 
53 76 
41 115 
18 20 
17 111 
58 62 
40 128 
16 122 
42 44 
64 87 
58 92 
61 92 
42 62 
94 130 
104 117 
100 123 
67 128 
13 65 
15 98 
44 101 
19 103 
34 100 
50 126 
54 74 
13 73 
92 98 
16 28 
16 50 
51 101 
70 123 
78 127 
25 94 
31 46 
29 101 
81 91 
41 87 
75 112 
62 103 
78 89 
32 42 
106 127 
57 80 
42 102 
19 52 
16 21 
101 115 
57 65 
38 123 
14 79 
14 82 
33 86 
17 94 
49 125 
52 129 
88 110 
20 42 
27 99 
62 90 
37 125 
54 58 
40 63 
58 76 
62 117 
30 112 
124 129 
68 129 
112 122 
69 89 
17 78 
75 123 
16 57 
38 99 
61 82 
100 117 
40 126 
87 101 
26 105 
85 117 
15 20 
67 94 
21 86 
78 109 
54 78 
73 103 
53 110 
55 121 
39 114 
57 70 
40 93 
70 129 
18 70 
52 91 
63 115 
19 68 
32 97 
91 103 
66 79 
17 91 
41 90 
44 90 
109 127 
70 114 
70 128 
65 69 
17 27 
31 124 
113 118 
39 116 
33 54 
49 55 
30 40 
80 94 
43 111 
15 112 
66 68 
14 15 
76 111 
50 109 
42 86 
20 126 
75 106 
46 81 
19 109 
105 124 
22 45 
33 63 
45 57 
73 101 
63 110 
38 85 
53 99 
27 34 
42 85 
75 80 
15 105 
77 94 
16 110 
55 111 
13 93 
101 122 
15 45 
28 114 
38 128 
64 75 
50 112 
105 122 
74 80 
74 86 
113 123 
65 110 
51 76 
87 104 
79 81 
27 68 
21 124 
15 126 
14 109 
69 73 
39 87 
98 106 
29 64 
25 93 
68 110 
40 102 
55 63 
75 126 
86 105 
44 126 
102 110 
109 114 
42 43 
50 70 
20 41 
77 86 
19 124 
14 19 
86 122 
20 102 
38 103 
65 66 
77 85 
32 109 
75 98 
43 66 
40 112 
33 53 
52 55 
68 123 
62 69 
14 27 
32 41 
26 117 
56 66 
55 56 
16 38 
57 114 
69 121 
88 104 
61 113 
32 87 
40 121 
44 55 
103 111 
91 123 
16 124 
40 41 
65 81 
104 116 
25 45 
14 57 
80 129 
42 100 
81 129 
73 100 
87 89 
27 77 
40 94 
61 115 
14 63 
88 109 
26 87 
13 38 
81 124 
31 41 
13 20 
14 16 
51 68 
49 80 
26 56 
49 91 
22 127 
14 31 
65 92 
21 102 
67 70 
115 127 
104 128 
45 105 
18 85 
34 51 
37 87 
80 127 
21 114 
87 110 
28 130 
14 104 
87 91 
57 128 
22 68 
18 102 
15 77 
56 98 
66 86 
52 54 
18 81 
85 102 
28 129 
21 68 
70 124 
20 100 
42 121 
28 53 
31 105 
42 90 
15 75 
55 101 
30 109 
28 126 
77 101 
51 69 
25 87 
61 89 
16 42 
22 63 
64 129 
16 26 
20 105 
33 99 
39 126 
68 70 
69 115 
39 78 
92 109 
32 92 
56 77 
102 118 
79 114 
76 127 
53 80 
80 97 
37 40 
65 112 
52 101 
18 117 
104 112 
94 102 
27 92 
65 82 
55 74 
55 91 
18 31 
17 18 
40 116 
109 130 
53 68 
34 38 
54 63 
40 88 
76 110 
121 130 
97 103 
15 101 
70 89 
30 69 
57 73 
13 69 
98 102 
37 94 
39 129 
58 127 
50 64 
89 106 
69 74 
14 21 
16 58 
114 123 
43 85 
31 58 
19 85 
76 88 
98 101 
37 85 
19 86 
20 57 
102 116 
68 78 
123 124 
103 116 
52 121 
89 130 
62 73 
101 125 
63 103 
17 80 
27 126 
32 69 
63 125 
92 93 
51 63 
21 105 
56 103 
41 127 
88 100 
66 92 
16 94 
53 126 
110 117 
41 42 
16 115 
39 40 
56 91 
114 122 
91 126 
62 91 
56 82 
53 127 
68 112 
66 106 
51 64 
58 65 
33 114 
76 116 
79 103 
42 87 
78 88 
109 125 
43 89 
74 106 
37 103 
74 79 
39 92 
22 123 
81 93 
14 90 
92 104 
43 90 
34 81 
17 54 
29 70 
50 113 
43 75 
118 126 
77 104 
100 114 
37 64 
64 97 
40 100 
75 81 
41 101 
61 76 
88 112 
34 128 
26 41 
50 67 
77 81 
92 113 
56 97 
19 129 
27 89 
69 88 
68 103 
50 62 
34 97 
74 76 
68 109 
26 111 
40 62 
33 51 
51 114 
56 92 
39 91 
63 126 
66 125 
97 118 
87 125 
17 63 
44 104 
51 105 
34 56 
78 87 
112 126 
57 66 
45 68 
58 103 
27 49 
20 66 
78 100 
79 125 
49 54 
80 116 
50 69 
42 50 
75 92 
28 38 
45 123 
100 104 
66 101 
88 114 
97 122 
50 63 
26 64 
67 75 
20 65 
34 124 
32 88 
55 126 
54 124 
89 103 
94 106 
13 110 
42 124 
22 124 
105 130 
78 94 
50 78 
16 88 
65 67 
102 130 
62 82 
67 80 
86 127 
44 64 
104 127 
16 77 
32 117 
27 130 
13 77 
18 112 
99 126 
32 67 
19 45 
122 124 
127 130 
116 122 
79 111 
28 81 
66 91 
17 90 
27 124 
29 129 
49 92 
38 130 
14 69 
25 41 
27 86 
49 89 
50 87 
26 94 
21 62 
39 89 
79 80 
22 66 
91 122 
67 122 
25 70 
14 33 
51 66 
93 101 
86 106 
52 90 
30 63 
14 45 
45 70 
19 88 
90 127 
115 128 
22 130 
15 86 
14 80 
42 80 
49 121 
31 37 
57 126 
13 53 
27 91 
42 105 
53 78 
26 125 
21 27 
79 92 
14 44 
65 117 
61 106 
58 85 
103 115 
56 70 
75 116 
64 99 
14 65 
39 125 
38 121 
40 67 
20 46 
27 93 
75 122 
80 117 
52 86 
39 98 
18 68 
80 102 
52 99 
17 126 
32 53 
70 126 
55 123 
58 130 
55 109 
32 55 
42 109 
53 94 
87 127 
54 82 
100 118 
116 124 
42 91 
79 104 
27 73 
21 44 
85 86 
66 126 
28 66 
54 61 
80 99 
34 121 
32 45 
34 101 
15 64 
14 17 
41 74 
17 99 
28 105 
98 125 
51 61 
57 75 
26 34 
25 89 
21 129 
46 50 
57 67 
58 75 
20 67 
106 111 
54 69 
52 81 
39 127 
20 49 
15 73 
38 113 
28 115 
98 113 
74 99 
41 56 
15 78 
14 123 
14 67 
82 102 
46 87 
40 66 
114 124 
46 116 
93 109 
88 90 
15 53 
101 114 
94 115 
19 28 
94 105 
13 75 
27 97 
41 97 
123 130 
29 99 
81 128 
21 45 
16 67 
41 86 
38 93 
79 112 
38 61 
68 73 
46 127 
25 69 
29 52 
65 105 
62 70 
37 43 
70 109 
98 114 
18 26 
31 76 
22 61 
45 90 
80 85 
75 101 
45 69 
58 99 
33 110 
32 102 
38 129 
117 118 
58 79 
21 110 
45 125 
30 98 
42 116 
14 103 
18 69 
45 79 
52 63 
30 68 
70 115 
38 44 
39 117 
44 49 
111 127 
64 86 
30 99 
68 128 
99 103 
20 90 
82 91 
51 88 
85 93 
38 75 
53 57 
41 110 
56 76 
63 104 
121 125 
45 67 
30 64 
25 39 
39 50 
33 69 
19 79 
76 91 
128 129 
19 70 
43 53 
29 76 
75 124 
77 91 
49 74 
69 123 
28 69 
61 85 
118 121 
82 100 
51 124 
31 34 
75 114 
77 99 
18 94 
109 115 
30 113 
74 90 
40 104 
18 113 
37 105 
54 116 
29 54 
13 42 
61 68 
100 113 
63 100 
13 88 
51 56 
17 92 
58 93 
20 54 
31 33 
14 40 
74 127 
34 62 
61 130 
98 121 
18 86 
42 128 
76 123 
62 128 
93 100 
52 109 
41 92 
97 128 
56 89 
53 66 
82 123 
58 78 
112 128 
101 103 
109 110 
62 97 
55 94 
87 114 
62 109 
20 27 
28 90 
49 117 
44 51 
19 46 
16 70 
25 103 
79 102 
13 90 
22 113 
45 80 
34 112 
14 87 
37 128 
125 128 
29 61 
21 103 
22 126 
86 112 
78 105 
20 56 
33 46 
34 68 
32 99 
25 102 
45 49 
112 123 
53 115 
38 42 
34 85 
28 75 
52 103 
20 81 
78 116 
27 82 
122 128 
82 117 
13 125 
39 75 
40 118 
121 123 
30 82 
50 52 
32 49 
37 91 
42 81 
86 104 
26 45 
41 57 
121 129 
49 57 
22 98 
45 73 
38 65 
101 102 
56 65 
73 99 
38 43 
61 126 
46 53 
53 122 
30 125 
104 115 
25 46 
62 122 
15 25 
57 79 
42 68 
17 77 
45 118 
39 67 
66 98 
37 57 
57 98 
78 126 
81 82 
113 122 
29 77 
37 99 
49 93 
40 91 
20 94 
55 78 
73 87 
68 90 
78 92 
43 54 
15 26 
86 103 
14 66 
88 99 
27 50 
37 123 
17 68 
18 51 
51 121 
61 74 
38 68 
34 89 
20 104 
32 56 
33 39 
15 34 
73 114 
27 128 
22 109 
41 124 
13 45 
73 105 
31 80 
32 113 
19 78 
17 116 
89 92 
79 89 
39 45 
52 124 
39 105 
20 30 
30 122 
61 127 
75 105 
22 70 
21 125 
37 39 
122 126 
38 80 
26 89 
14 126 
28 67 
39 115 
53 125 
22 46 
39 56 
26 53 
122 130 
21 80 
26 118 
66 109 
80 112 
79 118 
69 80 
13 51 
17 37 
43 114 
15 109 
105 126 
46 128 
67 104 
94 111 
87 100 
32 111 
67 125 
124 130 
54 56 
52 56 
61 128 
14 128 
38 55 
55 92 
52 116 
79 85 
52 73 
91 97 
93 126 
42 130 
31 77 
74 82 
15 89 
53 109 
51 80 
30 104 
62 93 
34 109 
50 66 
18 41 
91 121 
25 85 
110 127 
39 52 
58 67 
29 46 
34 106 
86 118 
56 64 
33 61 
40 89 
25 90 
114 128 
14 46 
13 46 
21 32 
26 44 
15 58 
17 50 
21 98 
51 97 
20 74 
38 64 
91 98 
99 104 
14 98 
46 76 
21 78 
41 98 
40 58 
87 128 
105 114 
106 128 
28 112 
29 112 
81 100 
26 42 
52 102 
30 54 
91 111 
63 101 
65 93 
42 93 
68 121 
99 109 
61 125 
79 106 
79 98 
69 104 
53 118 
88 103 
50 53 
80 81 
25 130 
41 62 
17 123 
62 111 
31 82 
42 52 
97 106 
25 126 
40 81 
33 97 
27 81 
118 125 
54 66 
104 124 
42 70 
29 42 
13 64 
63 66 
18 54 
30 90 
17 88 
70 116 
105 121 
57 91 
16 90 
87 88 
30 58 
76 128 
29 34 
30 78 
33 124 
87 90 
34 64 
63 124 
51 62 
91 104 
17 32 
80 125 
17 125 
105 123 
77 79 
31 100 
38 97 
49 56 
110 122 
25 105 
62 63 
121 124 
19 105 
37 106 
101 129 
29 122 
16 118 
37 51 
26 40 
16 129 
58 69 
20 28 
40 109 
18 115 
103 114 
69 122 
16 75 
41 50 
43 52 
41 88 
99 110 
32 62 
38 112 
77 130 
74 102 
37 117 
61 79 
13 30 
67 112 
88 113 
77 90 
41 53 
46 65 
90 103 
92 101 
51 118 
28 102 
17 69 
25 30 
27 100 
30 67 
40 115 
54 112 
17 115 
26 110 
15 44 
20 70 
18 52 
70 121 
82 130 
64 113 
74 129 
89 109 
82 118 
54 87 
94 97 
78 102 
41 117 
44 94 
25 51 
42 89 
57 101 
49 81 
57 121 
101 113 
69 109 
61 117 
26 46 
18 89 
82 116 
31 66 
25 129 
39 69 
50 123 
86 116 
20 93 
33 55 
41 66 
26 123 
73 109 
30 31 
80 86 
26 30 
33 76 
61 90 
42 101 
40 123 
62 130 
18 43 
89 98 
13 63 
81 98 
33 74 
102 129 
76 109 
66 76 
19 25 
49 67 
70 76 
65 115 
34 114 
42 114 
34 111 
51 57 
30 74 
15 87 
46 75 
22 101 
19 66 
104 125 
29 118 
42 99 
44 118 
55 64 
61 109 
34 50 
50 81 
32 37 
28 78 
86 89 
70 80 
33 127 
39 42 
56 104 
101 105 
58 125 
50 130 
25 38 
50 82 
49 73 
22 92 
45 53 
56 86 
56 114 
91 106 
50 98 
40 79 
27 85 
41 126 
39 62 
21 57 
61 86 
17 85 
44 92 
75 113 
41 109 
44 127 
33 130 
79 101 
115 117 
117 125 
37 77 
66 116 
91 109 
44 98 
29 58 
89 125 
40 90 
74 117 
38 111 
57 106 
27 64 
45 77 
81 101 
41 78 
114 129 
65 114 
45 122 
67 101 
50 75 
29 116 
16 101 
86 109 
85 87 
41 51 
25 33 
63 77 
32 33 
51 99 
64 73 
99 105 
27 125 
19 29 
43 82 
110 116 
68 69 
44 57 
74 116 
58 70 
38 89 
25 31 
97 111 
19 111 
54 114 
82 112 
73 97 
16 105 
73 112 
42 49 
49 90 
20 125 
37 101 
31 89 
32 66 
62 77 
86 114 
62 88 
51 100 
98 111 
88 129 
91 115 
34 37 
16 102 
38 115 
33 92 
69 85 
29 125 
110 113 
13 14 
43 125 
14 127 
90 121 
22 111 
66 105 
82 85 
19 31 
26 97 
127 129 
52 104 
77 82 
31 97 
41 67 
18 39 
92 130 
102 103 
16 117 
66 102 
49 66 
22 116 
37 98 
78 117 
79 113 
54 93 
90 128 
69 114 
33 93 
89 113 
105 125 
64 70 
70 85 
14 92 
67 85 
104 109 
90 116 
19 90 
100 103 
37 54 
46 102 
85 106 
76 100 
76 114 
98 124 
25 99 
103 122 
102 128 
114 126 
89 101 
99 130 
43 109 
17 79 
94 123 
101 124 
39 106 
25 114 
87 116 
78 125 
63 91 
17 86 
25 64 
30 50 
20 21 
85 128 
32 81 
26 98 
37 65 
66 122 
67 73 
94 101 
79 121 
49 126 
91 101 
70 100 
19 41 
98 126 
32 54 
16 109 
27 118 
38 74 
17 70 
103 106 
15 111 
50 97 
28 111 
89 105 
34 123 
80 130 
52 75 
79 130 
41 52 
21 88 
14 100 
58 94 
85 105 
75 127 
28 113 
76 98 
30 44 
21 117 
63 75 
43 69 
87 115 
17 45 
55 93 
75 85 
33 128 
61 97 
85 99 
14 30 
18 91 
27 102 
65 103 
66 93 
26 90 
97 101 
76 126 
118 129 
19 122 
32 128 
37 118 
15 57 
16 68 
90 113 
25 97 
40 57 
26 101 
54 101 
26 113 
31 39 
90 98 
69 103 
68 80 
17 66 
29 121 
34 49 
42 78 
58 87 
91 128 
39 82 
114 127 
46 106 
65 89 
19 34 
54 88 
39 73 
51 91 
51 92 
44 56 
57 116 
104 129 
66 80 
64 123 
51 79 
46 73 
78 115 
53 58 
53 91 
34 67 
55 70 
43 94 
21 116 
34 90 
49 69 
14 111 
25 118 
13 103 
29 117 
54 121 
19 55 
46 114 
81 130 
123 127 
93 116 
31 54 
28 109 
76 112 
82 104 
27 127 
21 111 
57 89 
40 117 
94 109 
26 79 
26 29 
29 49 
27 32 
32 126 
40 113 
82 103 
69 82 
28 64 
22 121 
61 124 
13 32 
31 106 
54 80 
27 115 
90 122 
15 128 
58 129 
13 74 
46 112 
88 89 
51 87 
64 110 
76 89 
13 113 
94 122 
109 117 
31 125 
56 128 
14 70 
56 109 
21 31 
79 93 
33 64 
90 106 
17 121 
27 58 
97 105 
67 124 
18 105 
79 117 
20 117 
97 130 
58 122 
112 115 
57 127 
61 105 
113 124 
15 117 
65 101 
53 98 
112 117 
43 92 
28 68 
13 18 
64 68 
42 92 
25 53 
44 121 
55 104 
62 79 
27 121 
25 42 
46 89 
21 74 
17 20 
26 38 
18 45 
56 110 
113 116 
41 70 
37 122 
92 94 
31 75 
81 94 
68 85 
64 65 
117 127 
44 63 
27 62 
52 118 
78 110 
76 106 
70 99 
102 109 
112 130 
19 94 
43 78 
42 54 
21 34 
41 89 
13 68 
26 121 
14 20 
40 111 
33 112 
29 32 
52 93 
31 62 
106 115 
68 89 
22 32 
46 105 
16 31 
99 115 
54 117 
45 104 
74 92 
110 124 
14 53 
45 114 
19 73 
51 113 
34 98 
98 128 
37 97 
73 121 
39 41 
22 80 
20 33 
82 105 
38 79 
58 101 
25 66 
17 19 
103 126 
14 43 
62 102 
31 65 
79 115 
58 77 
32 50 
97 116 
89 99 
45 66 
37 41 
30 127 
44 112 
15 103 
31 49 
50 57 
50 88 
85 97 
93 98 
70 79 
20 98 
50 117 
28 37 
22 76 
62 98 
67 109 
43 106 
22 51 
62 92 
63 114 
51 123 
33 37 
17 33 
14 76 
28 79 
75 76 
55 129 
101 111 
101 118 
68 92 
57 63 
29 90 
54 97 
37 92 
56 90 
53 86 
58 118 
46 86 
22 87 
14 99 
121 127 
88 116 
22 42 
14 55 
98 116 
52 78 
50 118 
93 117 
46 77 
50 61 
61 110 
26 128 
21 101 
88 93 
38 116 
57 76 
53 97 
43 99 
18 80 
57 94 
13 82 
97 129 
21 41 
30 85 
58 64 
13 17 
66 73 
93 105 
42 46 
70 75 
54 65 
16 65 
81 116 
19 65 
104 114 
54 62 
80 118 
28 44 
69 90 
16 85 
13 21 
30 53 
30 76 
28 31 
93 94 
54 67 
64 89 
63 113 
101 109 
39 86 
34 57 
34 73 
73 76 
109 112 
32 123 
37 70 
66 74 
97 99 
54 57 
64 66 
31 90 
100 105 
21 126 
28 93 
49 128 
94 98 
26 100 
37 58 
32 112 
91 117 
31 121 
31 38 
75 89 
87 123 
77 113 
53 116 
65 91 
49 76 
17 65 
99 124 
29 65 
28 46 
31 117 
29 103 
33 117 
61 75 
46 52 
91 99 
14 22 
40 127 
14 118 
16 114 
97 102 
19 128 
56 118 
18 73 
76 130 
42 126 
115 122 
18 63 
44 87 
37 113 
26 91 
22 56 
17 39 
27 101 
86 123 
25 73 
17 89 
34 115 
49 53 
69 91 
54 91 
49 127 
44 62 
16 41 
99 106 
27 69 
91 93 
16 44 
30 87 
52 123 
20 79 
37 44 
51 127 
17 64 
31 43 
76 113 
15 41 
42 75 
98 112 
81 88 
28 86 
17 122 
37 116 
25 52 
58 114 
63 85 
29 50 
19 100 
39 90 
45 127 
101 106 
69 118 
65 80 
46 94 
31 88 
29 89 
111 115 
31 113 
50 89 
64 85 
25 50 
46 126 
44 128 
37 110 
75 90 
51 104 
88 98 
113 127 
65 129 
20 114 
29 57 
46 64 
42 55 
20 78 
87 118 
39 44 
22 39 
49 68 
51 116 
62 124 
27 43 
32 89 
67 110 
55 99 
104 126 
50 54 
57 102 
22 49 
40 49 
45 99 
46 88 
89 93 
34 69 
19 50 
82 90 
44 54 
56 78 
19 110 
13 118 
117 130 
14 89 
68 93 
58 111 
37 126 
104 122 
40 45 
55 110 
13 106 
31 104 
98 103 
49 122 
41 91 
64 128 
40 98 
13 100 
122 127 
17 104 
27 94 
16 17 
57 125 
105 109 
69 128 
18 19 
46 80 
41 102 
102 127 
32 65 
26 116 
22 91 
21 64 
25 43 
15 62 
45 86 
78 128 
15 52 
68 82 
15 61 
54 76 
22 33 
17 28 
62 68 
27 38 
90 94 
55 112 
29 111 
18 103 
21 56 
20 55 
31 70 
75 94 
58 102 
38 81 
42 82 
13 57 
62 99 
50 111 
13 80 
50 86 
69 129 
46 91 
88 115 
103 128 
52 82 
38 124 
17 42 
46 117 
41 118 
106 110 
69 93 
69 117 
16 56 
19 64 
87 130 
65 100 
110 128 
118 123 
31 81 
39 54 
109 122 
52 117 
55 115 
20 80 
75 99 
14 112 
102 117 
75 121 
15 50 
31 64 
50 128 
98 105 
37 112 
30 75 
21 82 
66 77 
44 130 
15 106 
87 92 
16 76 
66 121 
14 97 
116 126 
82 86 
62 80 
57 82 
38 45 
74 109 
40 114 
70 111 
114 125 
46 97 
33 105 
86 126 
34 94 
37 67 
29 68 
15 102 
13 89 
22 34 
89 104 
22 25 
106 109 
82 110 
32 80 
68 75 
25 98 
18 104 
53 69 
53 79 
39 124 
92 102 
54 105 
68 100 
34 118 
22 38 
61 62 
32 129 
49 65 
34 76 
30 56 
75 77 
31 123 
91 129 
33 38 
93 112 
53 103 
51 78 
53 92 
88 97 
81 99 
74 75 
98 123 
15 43 
18 33 
43 65 
66 130 
29 91 
50 103 
17 117 
61 122 
50 91 
52 77 
20 44 
34 42 
42 67 
18 97 
39 77 
45 81 
26 124 
17 55 
34 105 
123 126 
64 102 
14 34 
15 92 
58 112 
62 129 
118 122 
52 53 
56 122 
22 114 
89 128 
21 75 
22 77 
18 129 
63 90 
80 124 
16 116 
73 98 
57 117 
33 68 
14 88 
28 54 
105 116 
102 111 
26 67 
41 93 
40 61 
81 114 
20 87 
39 112 
15 33 
101 104 
112 129 
39 66 
73 117 
74 118 
82 122 
14 18 
64 115 
109 118 
41 54 
90 102 
41 85 
110 112 
50 79 
14 102 
33 43 
16 63 
92 129 
69 124 
65 121 
79 123 
25 79 
68 111 
19 91 
73 118 
57 118 
109 123 
87 99 
38 92 
31 111 
21 100 
56 79 
32 77 
33 62 
28 87 
49 64 
22 27 
90 124 
32 94 
75 103 
55 61 
106 121 
103 130 
16 128 
43 55 
37 76 
56 101 
46 58 
89 129 
68 124 
73 79 
89 112 
52 130 
25 74 
17 49 
65 98 
30 46 
65 79 
81 118 
16 82 
13 61 
102 115 
21 128 
26 55 
67 74 
21 51 
30 73 
43 80 
99 100 
34 39 
19 56 
67 106 
53 62 
53 89 
30 88 
82 127 
22 37 
21 65 
16 112 
91 105 
30 106 
62 64 
33 89 
113 114 
52 114 
14 52 
77 128 
74 126 
82 101 
111 125 
45 113 
19 80 
86 88 
56 62 
20 45 
39 70 
104 123 
74 122 
65 85 
70 90 
70 86 
75 100 
16 52 
66 128 
86 99 
37 88 
45 62 
61 93 
55 80 
55 87 
32 91 
14 64 
38 51 
27 78 
26 115 
31 101 
49 63 
26 65 
17 73 
66 87 
70 125 
40 54 
42 57 
74 78 
29 98 
13 70 
52 127 
76 102 
55 102 
31 130 
45 126 
102 123 
32 52 
78 129 
31 55 
53 65 
42 115 
13 56 
77 109 
66 67 
42 64 
56 57 
57 58 
20 92 
52 98 
28 121 
94 110 
80 123 
74 115 
88 121 
45 88 
91 114 
27 45 
17 57 
28 101 
82 92 
38 122 
19 74 
21 42 
42 69 
49 124 
82 126 
32 127 
65 73 
43 44 
50 85 
116 128 
15 40 
46 110 
64 80 
86 121 
51 70 
97 112 
64 100 
80 93 
63 112 
15 80 
99 122 
18 118 
41 99 
94 100 
22 75 
38 100 
77 114 
22 110 
94 125 
100 129 
41 79 
21 37 
18 27 
66 117 
40 52 
89 116 
18 38 
53 101 
33 56 
34 117 
16 53 
14 105 
67 121 
87 122 
20 97 
19 39 
63 97 
38 50 
20 50 
94 112 
13 50 
46 68 
64 90 
18 100 
43 100 
37 49 
21 58 
67 97 
91 116 
31 91 
117 121 
76 79 
70 88 
42 111 
22 102 
121 126 
42 113 
55 85 
55 68 
14 74 
21 26 
33 85 
43 73 
39 100 
27 90 
49 111 
49 102 
29 88 
49 88 
85 112 
20 86 
58 86 
64 78 
61 102 
43 112 
40 68 
28 128 
77 98 
16 51 
46 92 
126 130 
99 117 
15 51 
92 125 
86 115 
15 18 
124 126 
17 75 
56 80 
27 44 
38 67 
40 44 
19 99 
89 121 
31 53 
40 129 
50 121 
30 118 
26 57 
20 88 
86 87 
29 30 
65 75 
68 74 
21 53 
78 124 
49 110 
90 97 
81 97 
40 105 
16 55 
52 85 
73 90 
25 82 
100 112 
26 112 
64 104 
45 130 
56 88 
79 100 
49 114 
52 66 
45 51 
64 109 
77 118 
13 44 
69 105 
85 109 
15 67 
93 125 
27 80 
54 103 
16 113 
91 130 
54 113 
97 125 
19 77 
22 86 
31 99 
14 110 
81 113 
63 88 
39 118 
26 77 
14 49 
92 99 
93 128 
56 106 
13 116 
26 73 
104 130 
32 125 
31 109 
61 80 
15 81 
44 66 
54 99 
68 118 
41 111 
54 109 
100 106 
44 113 
126 129 
53 93 
74 124 
20 122 
32 98 
61 70 
13 117 
58 121 
92 112 
58 88 
13 111 
64 130 
32 57 
21 70 
34 54 
19 69 
39 123 
26 32 
66 114 
30 33 
30 130 
65 123 
46 55 
38 91 
44 115 
49 129 
63 94 
16 34 
97 124 
16 73 
33 129 
49 109 
15 68 
26 99 
28 122 
78 90 
19 57 
14 58 
19 40 
27 122 
14 37 
87 124 
44 58 
44 123 
26 70 
17 102 
73 93 
18 46 
39 101 
19 121 
25 115 
73 126 
43 128 
18 32 
78 80 
44 117 
44 61 
40 92 
38 104 
53 82 
58 123 
82 94 
21 92 
40 69 
15 21 
75 91 
52 57 
46 100 
100 110 
87 112 
19 112 
13 121 
58 61 
106 117 
19 44 
34 75 
14 39 
52 113 
41 82 
69 113 
17 100 
85 90 
61 87 
62 66 
13 76 
29 43 
49 86 
30 91 
45 97 
124 127 
74 77 
97 98 
16 37 
90 99 
31 69 
42 122 
73 116 
38 105 
44 102 
39 43 
17 98 
42 97 
81 102 
44 79 
105 128 
17 82 
67 88 
18 128 
16 93 
101 128 
25 68 
21 39 
19 102 
40 80 
27 117 
37 45 
88 92 
25 62 
30 79 
85 94 
43 70 
66 118 
33 115 
33 49 
52 128 
55 58 
125 126 
28 124 
115 124 
105 115 
19 53 
53 81 
111 116 
20 101 
49 62 
94 113 
75 118 
17 118 
54 75 
18 114 
28 61 
40 125 
26 93 
105 117 
30 57 
51 89 
116 125 
29 67 
54 102 
73 123 
27 37 
51 53 
77 80 
115 129 
70 77 
18 74 
19 33 
18 92 
41 123 
64 114 
17 130 
37 90 
46 104 
111 129 
63 129 
13 78 
97 113 
46 56 
44 75 
22 29 
65 68 
68 106 
70 78 
88 124 
74 111 
77 111 
19 114 
57 85 
86 124 
86 98 
15 32 
16 64 
45 117 
56 125 
41 77 
97 121 
66 81 
61 111 
27 40 
16 22 
64 92 
19 126 
98 110 
30 116 
32 130 
43 101 
52 80 
38 78 
31 126 
70 112 
13 22 
98 122 
14 94 
30 101 
73 122 
99 128 
15 74 
50 73 
41 116 
54 86 
56 67 
54 126 
49 104 
33 40 
70 103 
69 126 
30 43 
62 74 
50 104 
31 74 
94 114 
56 68 
50 99 
14 125 
17 34 
34 93 
28 55 
116 129 
31 116 
27 114 
18 44 
45 112 
33 103 
62 105 
82 125 
32 38 
42 61 
43 116 
15 66 
55 130 
46 67 
44 109 
21 106 
14 73 
76 81 
25 111 
75 109 
30 103 
63 86 
115 130 
39 46 
46 79 
22 106 
39 111 
87 126 
98 129 
87 98 
22 53 
42 53 
57 99 
38 125 
57 100 
76 94 
110 129 
39 113 
63 122 
14 41 
58 81 
53 75 
63 78 
13 54 
29 82 
28 30 
15 122 
76 103 
44 68 
43 49 
68 81 
67 126 
69 86 
16 86 
56 115 
28 118 
76 82 
33 91 
62 100 
34 126 
29 56 
74 97 
31 118 
88 117 
14 114 
89 118 
15 94 
54 55 
85 101 
29 115 
56 75 
82 99 
61 77 
79 116 
27 116 
63 80 
51 65 
29 45 
79 129 
79 97 
89 126 
41 112 
19 125 
74 123 
129 130 
105 118 
46 57 
94 129 
28 88 
79 127 
57 62 
42 63 
73 113 
99 112 
15 82 
58 90 
64 126 
45 64 
69 75 
19 104 
73 78 
88 105 
31 32 
56 63 
56 116 
41 128 
81 104 
77 110 
44 93 
40 106 
121 128 
17 26 
65 90 
18 124 
40 77 
94 117 
42 125 
33 87 
69 102 
55 122 
75 104 
39 79 
65 106 
37 42 
79 91 
18 98 
31 128 
64 101 
86 128 
33 88 
73 102 
55 125 
45 74 
34 53 
56 102 
13 101 
28 100 
22 122 
17 103 
22 44 
44 122 
53 85 
67 78 
20 91 
52 79 
46 69 
37 102 
97 110 
66 111 
20 73 
65 128 
67 91 
74 81 
28 91 
38 98 
22 118 
42 106 
46 129 
29 109 
18 58 
27 42 
37 111 
45 87 
17 22 
67 127 
46 115 
57 90 
25 28 
22 31 
32 39 
16 104 
43 113 
80 98 
85 113 
51 115 
117 129 
73 77 
51 129 
70 117 
46 113 
28 63 
54 130 
28 76 
46 85 
14 42 
17 114 
90 112 
21 79 
64 122 
22 100 
14 51 
78 121 
30 66 
90 91 
27 39 
85 103 
87 113 
90 109 
87 105 
40 75 
41 75 
34 63 
29 127 
14 121 
18 61 
15 70 
85 130 
45 98 
14 106 
26 43 
78 81 
17 43 
26 129 
115 118 
103 112 
63 130 
21 97 
57 88 
30 117 
25 113 
31 50 
16 32 
42 73 
82 88 
38 86 
44 89 
68 122 
68 87 
27 111 
46 63 
53 54 
81 90 
80 106 
75 93 
34 102 
28 127 
33 73 
26 104 
70 130 
40 110 
44 88 
37 80 
25 101 
85 89 
26 52 
16 121 
27 33 
33 50 
22 64 
110 121 
127 128 
63 87 
61 64 
26 37 
22 55 
32 90 
49 87 
56 93 
37 89 
19 123 
15 79 
81 125 
67 100 
41 64 
37 81 
76 77 
30 55 
17 38 
67 105 
90 126 
73 110 
38 46 
27 56 
97 109 
63 99 
113 128 
28 41 
20 75 
28 97 
39 128 
111 118 
28 80 
105 106 
58 74 
56 100 
34 55 
54 125 
20 51 
82 97 
15 30 
17 58 
97 115 
86 92 
53 128 
111 122 
34 45 
16 92 
21 54 
57 110 
55 117 
50 51 
50 55 
106 126 
74 128 
55 116 
101 121 
31 40 
22 129 
54 100 
89 102 
14 130 
28 40 
103 124 
33 116 
49 112 
21 121 
38 94 
32 110 
78 112 
29 94 
53 102 
100 121 
61 112 
58 68 
43 86 
85 111 
112 114 
26 66 
65 70 
77 89 
63 106 
74 88 
94 124 
44 80 
22 103 
81 103 
20 34 
19 92 
31 52 
38 114 
75 129 
41 130 
53 113 
74 114 
13 81 
16 125 
88 118 
19 22 
61 91 
32 51 
103 110 
106 124 
34 103 
79 110 
79 128 
67 113 
50 110 
118 124 
115 126 
42 94 
21 46 
65 122 
15 42 
14 26 
38 57 
90 105 
37 63 
34 44 
93 121 
104 110 
101 116 
16 80 
61 88 
61 116 
34 113 
74 105 
34 110 
22 62 
33 126 
61 99 
63 81 
111 112 
25 110 
17 124 
90 114 
49 52 
67 68 
57 103 
69 111 
114 121 
16 126 
78 111 
81 87 
80 115 
16 103 
53 55 
54 123 
73 94 
37 82 
94 104 
103 129 
73 124 
20 113 
100 116 
33 42 
98 115 
14 54 
16 30 
21 93 
37 53 
26 81 
25 88 
63 64 
91 124 
37 115 
117 124 
50 129 
80 87 
66 110 
69 101 
51 74 
51 125 
62 89 
62 118 
80 90 
34 122 
91 112 
17 51 
15 104 
55 82 
32 116 
66 129 
62 113 
26 102 
28 104 
15 28 
61 104 
92 97 
62 101 
13 91 
110 118 
52 126 
20 58 
40 46 
19 43 
57 92 
43 121 
99 129 
44 124 
22 115 
77 127 
115 121 
26 114 
44 116 
76 101 
13 27 
34 82 
29 31 
85 100 
43 64 
33 65 
57 115 
32 73 
86 111 
55 128 
51 106 
19 76 
82 114 
17 41 
58 106 
62 112 
41 68 
93 123 
66 127 
63 127 
20 77 
40 73 
92 116 
97 126 
56 123 
44 103 
21 73 
22 65 
18 101 
78 104 
102 121 
37 61 
32 79 
82 109 
34 70 
13 126 
43 102 
87 97 
50 101 
45 55 
56 99 
50 94 
81 86 
106 130 
76 129 
69 77 
78 93 
32 103 
66 75 
103 121 
30 81 
25 76 
57 109 
16 20 
51 94 
79 90 
111 121 
22 73 
77 93 
52 69 
56 127 
13 130 
56 124 
25 26 
81 121 
29 78 
102 126 
20 129 
76 90 
25 37 
18 116 
20 53 
33 90 
85 110 
102 112 
15 123 
85 91 
67 115 
26 68 
44 53 
42 51 
45 129 
51 130 
17 113 
38 63 
29 97 
13 55 
26 82 
109 129 
62 127 
49 115 
65 125 
21 63 
92 110 
111 124 
31 78 
87 93 
56 112 
42 123 
52 68 
81 109 
33 102 
30 92 
77 124 
103 113 
50 122 
70 82 
45 82 
62 110 
31 98 
67 116 
49 113 
74 98 
75 102 
52 62 
21 28 
94 118 
15 49 
44 110 
37 52 
57 123 
38 126 
75 86 
15 22 
26 126 
39 58 
97 123 
86 93 
32 34 
33 79 
73 81 
22 54 
80 88 
54 77 
42 88 
19 38 
30 49 
92 123 
50 116 
39 76 
21 22 
20 43 
21 90 
92 118 
78 98 
63 76 
38 118 
94 126 
61 123 
22 94 
105 112 
18 126 
40 56 
21 94 
40 76 
28 32 
69 79 
68 104 
80 109 
27 29 
58 100 
15 113 
20 112 
31 73 
17 61 
51 81 
125 130 
43 127 
33 78 
80 92 
15 37 
49 94 
52 105 
42 74 
28 99 
82 111 
89 90 
27 104 
46 122 
37 74 
39 64 
41 105 
73 125 
98 117 
26 28 
13 58 
51 103 
66 85 
37 56 
26 49 
44 125 
15 29 
63 105 
34 65 
42 66 
52 70 
18 53 
21 43 
82 106 
28 42 
41 73 
27 106 
13 34 
17 101 
15 99 
22 81 
13 94 
80 113 
45 109 
32 44 
70 110 
25 63 
117 122 
49 75 
52 97 
27 53 
45 116 
112 124 
49 82 
51 112 
40 99 
38 76 
93 127 
90 118 
16 46 
33 52 
69 94 
18 109 
17 109 
57 69 
50 93 
25 91 
37 86 
34 127 
26 106 
49 130 
51 52 
32 61 
58 128 
63 73 
30 45 
13 112 
22 50 
18 122 
56 58 
43 57 
78 130 
81 122 
33 82 
122 123 
69 98 
67 82 
50 102 
25 61 
30 94 
54 104 
85 121 
102 114 
29 53 
52 100 
76 124 
85 104 
22 41 
42 110 
65 74 
86 100 
38 62 
13 97 
50 77 
14 124 
21 127 
42 77 
32 74 
63 98 
114 116 
86 110 
21 81 
50 105 
68 114 
25 54 
66 124 
76 117 
33 44 
49 98 
90 123 
13 25 
19 117 
14 116 
14 68 
76 121 
53 61 
29 63 
43 67 
46 93 
118 127 
62 125 
21 118 
34 79 
87 106 
110 125 
29 62 
61 114 
67 103 
20 109 
17 110 
15 63 
54 110 
85 114 
18 99 
46 103 
98 104 
51 82 
104 111 
89 97 
41 46 
32 121 
49 78 
50 65 
31 61 
55 114 
25 121 
56 129 
101 110 
53 90 
26 54 
45 110 
79 122 
116 117 
86 125 
58 124 
16 100 
101 126 
22 67 
21 89 
34 92 
37 129 
54 118 
54 85 
30 102 
32 85 
39 68 
38 117 
78 86 
41 44 
73 129 
54 79 
16 87 
66 99 
76 85 
81 115 
15 46 
43 115 
89 115 
43 118 
58 115 
26 78 
33 34 
18 123 
33 104 
15 19 
15 116 
27 110 
31 92 
13 40 
19 75 
25 127 
18 66 
76 86 
100 122 
123 125 
64 93 
44 81 
41 76 
65 127 
66 123 
15 17 
28 85 
28 52 
75 125 
113 125 
22 89 
73 88 
114 130 
26 88 
32 118 
39 130 
13 114 
75 117 
17 52 
40 74 
54 106 
94 121 
51 75 
34 74 
33 81 
55 69 
66 90 
14 56 
55 103 
18 57 
27 75 
37 114 
28 57 
30 77 
29 105 
17 112 
67 111 
77 122 
51 58 
92 126 
37 109 
30 52 
38 66 
64 106 
27 66 
29 39 
19 82 
97 117 
16 39 
27 54 
89 110 
65 86 
16 61 
25 100 
103 109 
73 89 
80 104 
91 127 
64 79 
82 98 
56 69 
49 97 
13 98 
61 66 
14 62 
34 46 
62 106 
93 103 
28 29 
19 97 
68 127 
29 92 
70 105 
18 77 
43 68 
64 67 
66 78 
27 67 
63 102 
63 92 
100 126 
27 109 
54 94 
39 109 
50 56 
43 104 
31 110 
88 128 
19 58 
93 97 
30 51 
68 105 
26 33 
69 125 
25 109 
111 114 
75 97 
93 102 
27 76 
21 33 
64 88 
88 102 
30 114 
55 98 
29 102 
87 117 
90 104 
65 78 
46 101 
37 130 
82 113 
29 86 
78 97 
73 74 
17 62 
112 116 
53 114 
58 66 
29 44 
53 106 
30 65 
114 118 
28 106 
15 88 
26 130 
57 130 
44 105 
13 109 
88 106 
15 125 
77 125 
87 102 
38 58 
93 115 
54 111 
70 122 
93 110 
26 75 
31 129 
30 32 
77 126 
16 19 
29 37 
21 109 
61 63 
78 103 
79 126 
57 78 
43 126 
25 56 
78 123 
50 80 
28 94 
81 85 
25 67 
68 115 
42 79 
32 101 
17 93 
80 100 
73 111 
80 111 
67 86 
39 104 
49 79 
103 118 
74 130 
16 54 
13 39 
33 57 
65 116 
28 110 
67 93 
17 40 
85 92 
78 79 
30 38 
43 62 
32 58 
30 128 
34 88 
34 129 
37 38 
49 61 
56 117 
20 69 
69 70 
46 61 
33 45 
102 105 
45 50 
20 123 
103 125 
88 111 
37 100 
13 129 
31 51 
58 89 
50 90 
34 104 
