52 34 7 58 16 42
39 71 3 47 35 20
3 62 75 46 86 8
80 65 86 97 91 84
31 48 96 16 9 64
25 85 12 77 94 13
41 52 83 62 79 92
86 8 18 54 68 70
22 53 96 23 84 43
19 86 92 53 26 66
64 61 73 55 9 34
72 66 12 97 61 70
20 10 54 93 0 96
93 90 76 29 26 42
59 81 97 64 87 51
46 65 26 12 82 32
40 8 39 71 52 76
15 33 46 21 20 17
28 53 37 75 66 67
14 17 42 90 85 52
83 79 89 96 80 85
84 20 36 4 41 60
92 48 43 73 11 20
31 96 26 80 54 20
5 61 19 60 94 12
92 26 24 67 83 90
66 33 2 79 99 21
99 58 96 81 33 23
30 10 14 96 60 13
72 85 23 30 9 80
5 21 22 44 75 11
71 52 63 89 80 82
31 78 56 69 53 37
75 42 97 78 14 21
67 79 57 29 50 87
27 45 60 82 62 84
48 64 11 51 41 52
79 20 6 13 26 84
47 31 24 46 56 33
19 38 60 87 68 2
48 26 62 45 25 79
7 22 34 57 25 38
63 68 0 96 9 12
10 33 74 47 40 15
85 39 17 45 24 2
43 70 99 25 89 7
33 73 29 79 89 84
25 49 8 20 2 92
64 75 20 97 61 88
43 81 61 7 75 10
11 22 40 44 84 37
92 70 29 73 52 40
90 45 17 72 62 95
49 86 33 35 76 41
57 94 82 26 71 49
71 88 49 47 17 35
72 69 48 86 80 68
5 35 27 12 41 36
86 12 5 74 94 47
5 19 70 20 61 15
36 16 63 17 43 92
74 95 29 50 37 54
79 50 17 89 72 57
42 37 97 99 67 14
47 90 21 79 9 97
20 9 46 13 12 17
51 77 81 24 98 13
50 90 53 76 87 37
41 32 10 88 56 9
93 64 61 21 96 4
36 91 99 14 47 16
76 2 29 30 26 84
41 49 34 87 82 60
23 64 4 96 94 2
69 77 75 58 81 28
85 82 99 59 1 77
79 42 59 22 65 26
16 92 85 75 31 11
1 60 15 10 42 53
42 26 76 54 23 2
24 43 28 46 26 63
87 83 48 8 71 74
76 41 16 3 26 33
10 96 1 75 29 28
71 66 69 97 85 73
19 26 8 69 46 29
74 69 15 64 72 21
41 53 90 67 68 20
68 31 45 79 64 43
99 97 19 9 5 54
17 60 83 22 7 53
69 90 62 81 19 39
40 98 13 29 63 70
25 12 79 98 52 89
82 58 94 29 15 60
5 50 19 8 22 60
73 11 30 42 44 15
80 48 34 75 45 72
50 79 47 48 65 20
30 58 89 60 52 65
26 92 46 85 44 95
34 28 57 19 72 68
65 71 93 18 76 58
40 46 84 32 3 95
0 82 29 99 11 96
19 48 74 32 12 87
1 77 2 81 55 97
9 36 73 94 42 84
6 72 9 4 71 45
41 34 97 66 64 53
69 9 68 21 56 4
61 62 98 60 64 88
73 40 92 85 29 64
21 47 22 73 83 33
52 57 55 4 62 11
81 21 35 56 78 29
77 37 44 65 42 75
16 48 23 68 13 67
75 49 48 87 78 91
57 41 5 78 12 11
85 48 90 14 61 37
68 73 3 57 39 21
83 24 99 95 93 9
81 85 48 87 72 93
26 89 98 63 7 44
83 3 55 85 78 70
46 26 87 23 88 90
92 17 11 27 80 41
82 74 87 85 20 25
58 71 54 36 64 23
32 99 53 89 91 94
45 30 99 92 19 37
96 23 84 13 52 86
95 43 14 12 42 11
10 51 71 85 0 3
66 86 49 13 57 68
33 82 75 90 65 77
47 84 23 31 50 49
18 2 22 84 43 13
41 51 8 21 46 47
65 35 99 76 45 71
61 0 4 82 95 11
2 16 48 80 71 32
14 54 31 26 90 88
46 44 73 16 48 49
32 76 21 40 42 15
96 67 35 40 79 48
92 37 45 42 48 80
45 52 48 11 18 73
71 34 26 0 76 57
31 66 75 54 4 41
45 83 41 78 98 91
78 42 84 66 25 54
45 94 19 40 92 91
80 29 49 65 20 95
89 54 43 7 41 94
55 62 7 76 77 17
51 91 34 15 32 42
64 2 43 75 37 25
90 11 87 59 10 75
98 51 69 10 77 93
48 52 55 19 2 92
43 26 21 41 20 68
78 56 66 6 60 21
7 73 19 80 38 77
1 30 4 33 27 98
48 78 99 18 28 71
6 83 12 51 46 19
75 95 74 2 79 59
96 4 80 39 90 95
11 22 28 38 85 12
0 39 85 5 62 14
6 40 19 79 63 66
7 23 45 73 54 13
56 4 42 75 63 47
85 99 62 59 55 61
99 29 76 23 86 25
84 30 15 14 48 79
56 29 0 93 97 84
17 60 1 69 23 82
63 0 13 37 78 31
79 75 77 81 34 70
5 75 71 33 89 1
88 64 58 38 4 34
8 37 30 6 22 49
18 22 36 90 76 75
38 9 45 63 3 57
46 45 1 18 73 82
70 37 71 74 8 48
78 49 42 2 74 34
63 80 40 58 77 60
64 67 10 30 0 29
3 45 94 12 8 43
92 21 24 16 26 30
77 73 31 9 6 70
22 85 4 77 51 0
58 7 3 52 97 15
8 21 5 56 54 52
13 14 15 36 11 21
44 90 39 86 70 72
31 36 49 7 14 68
13 18 34 79 24 19
66 87 88 74 36 18
6 71 46 97 5 34
20 32 41 89 96 12
73 16 27 74 70 15
98 48 83 20 31 95
57 61 94 89 1 31
23 88 17 36 70 40
41 70 3 8 49 18
1 49 55 66 45 26
2 74 82 32 41 4
90 45 53 30 0 11
99 59 82 22 92 54
94 8 35 43 89 2
52 0 28 82 34 83
45 84 5 18 20 81
20 26 99 72 48 18
66 96 32 31 93 61
87 85 11 50 39 91
78 97 37 0 41 46
14 5 72 24 54 51
1 90 78 77 30 76
94 18 73 86 85 17
7 30 21 95 70 79
29 32 40 96 72 81
44 98 58 69 13 40
55 93 35 58 21 98
65 85 22 52 19 90
54 38 99 40 12 90
64 65 60 54 11 42
73 61 10 14 23 69
66 10 90 4 15 63
43 90 13 97 40 58
49 81 53 47 83 72
97 40 56 79 72 62
3 85 45 80 58 82
84 8 71 55 42 92
97 85 86 62 19 66
79 0 63 19 76 27
81 84 58 25 39 70
71 70 99 61 8 98
50 83 65 18 58 13
44 95 91 78 73 7
60 73 31 66 85 94
46 68 7 11 13 21
53 36 37 23 24 29
43 64 40 51 73 82
42 58 59 0 95 10
47 28 68 23 37 79
17 70 26 88 29 55
39 65 9 18 67 73
37 56 97 22 23 26
90 2 24 65 3 93
5 60 54 72 40 1
59 86 24 30 89 14
80 60 29 65 92 64
68 30 95 19 33 99
54 91 51 60 65 18
55 12 19 90 35 34
66 95 24 73 30 36
67 44 57 52 28 47
23 51 88 62 43 63
9 26 86 65 56 13
70 5 65 7 34 4
33 2 90 25 93 47
35 61 63 46 43 31
53 62 93 24 78 1
54 50 34 82 20 98
22 78 63 53 61 15
64 20 72 43 7 68
72 15 86 44 62 46
86 29 13 89 24 96
78 61 18 39 80 86
64 38 9 76 82 75
62 54 99 56 95 97
33 89 98 41 32 81
62 78 21 64 14 23
32 78 20 76 11 95
11 56 8 83 2 36
55 61 63 96 15 8
41 94 57 95 22 52
5 20 96 64 81 69
88 15 27 92 78 90
15 81 83 40 90 64
17 58 15 89 79 93
97 87 57 65 85 88
39 92 63 88 87 84
60 87 0 51 25 16
47 19 30 36 92 3
87 79 45 99 5 26
70 33 90 54 9 78
92 78 29 82 18 48
31 67 13 3 93 59
57 79 50 29 61 0
53 59 46 77 14 95
91 28 46 31 57 68
48 12 42 19 99 24
7 21 6 93 50 25
40 22 5 74 54 84
39 35 6 21 5 38
40 42 9 27 61 63
36 59 85 38 52 87
4 49 9 57 73 20
27 12 88 8 11 19
27 29 48 38 42 72
14 83 23 95 79 51
80 16 26 18 29 46
12 17 28 9 16 41
63 1 28 73 55 0
26 91 65 11 92 37
31 25 70 40 87 52
98 48 91 83 1 30
1 50 71 14 65 12
29 63 93 55 20 95
87 65 48 34 77 26
98 14 42 51 70 74
68 53 39 40 31 86
86 12 4 70 48 23
79 20 6 3 9 38
38 92 57 48 62 55
47 71 16 13 83 94
61 1 73 65 15 21
88 98 59 53 47 97
86 63 75 66 14 85
95 3 39 1 86 54
86 57 80 9 99 64
26 28 58 62 64 88
4 38 79 88 77 25
80 90 0 19 61 47
99 78 0 61 28 19
68 66 62 52 15 12
57 81 88 44 68 94
76 54 60 70 56 12
30 5 77 52 40 17
57 54 32 47 0 26
51 89 6 15 70 69
93 21 90 89 16 28
40 73 19 6 44 41
22 16 74 78 91 42
14 68 69 17 96 81
68 19 53 98 44 94
24 54 84 78 96 45
7 95 28 51 87 77
3 37 56 32 60 96
59 94 48 38 65 20
57 16 15 96 72 56
62 12 5 30 22 24
26 85 21 74 90 22
25 80 1 99 71 54
51 1 46 11 18 0
12 67 69 77 62 44
6 75 61 31 94 36
19 54 18 49 80 41
95 1 66 11 19 73
93 90 65 85 23 84
8 14 58 66 40 53
19 97 78 65 98 13
12 68 43 32 21 33
96 69 46 41 93 85
71 21 59 5 99 42
8 73 30 79 42 93
14 95 80 97 81 15
51 72 0 53 37 31
95 1 18 99 19 61
95 31 67 66 80 70
77 81 19 33 26 73
89 33 48 38 64 32
41 16 89 27 91 73
45 69 79 36 16 34
12 63 31 10 34 22
15 45 67 84 29 69
16 49 96 48 86 65
27 64 37 12 16 15
57 42 60 92 75 80
97 48 11 55 96 64
35 59 79 40 27 80
96 90 35 79 81 51
41 89 51 71 97 93
27 82 1 39 90 58
53 88 18 4 28 35
46 14 19 41 23 9
53 47 51 78 44 30
1 40 74 44 84 48
94 75 49 79 47 76
22 44 32 0 11 3
83 42 57 29 94 35
86 91 54 41 47 59
2 49 71 4 60 46
3 15 52 78 45 37
27 31 53 11 15 88
91 49 12 51 85 34
18 73 5 32 38 95
43 91 55 80 60 56
29 52 20 19 61 76
9 64 86 6 5 40
30 58 36 64 45 19
11 54 80 15 29 68
60 65 47 23 14 21
52 99 1 17 37 70
41 93 50 5 68 69
84 35 33 13 71 97
91 24 52 90 98 81
20 33 42 73 23 79
77 86 59 70 82 89
87 71 78 9 76 52
17 64 78 41 80 1
80 49 0 39 47 54
49 69 13 50 6 94
5 19 57 97 61 67
70 69 64 9 73 41
9 10 76 68 8 95
67 89 66 42 1 74
84 64 23 18 6 0
20 43 15 63 41 39
29 2 36 58 97 65
44 92 47 95 1 51
90 97 55 98 78 58
62 92 66 4 69 98
92 78 13 3 10 73
64 99 60 33 61 6
10 3 14 43 74 39
30 65 50 35 81 72
78 70 94 29 3 5
29 40 66 80 75 0
21 39 49 52 14 41
45 68 17 43 40 0
91 90 77 5 82 61
80 92 81 25 36 82
78 36 50 77 93 52
2 96 84 3 88 95
65 86 19 14 5 83
97 15 42 74 28 47
54 95 74 56 80 29
32 59 65 42 9 16
48 2 0 80 77 17
17 7 80 42 98 9
37 64 25 0 56 22
64 30 59 43 88 34
34 55 43 3 54 18
59 93 11 14 3 60
80 46 78 73 95 53
48 52 6 81 44 79
93 38 41 78 30 3
94 57 58 72 6 14
50 91 45 9 36 38
16 82 53 93 78 33
77 69 5 91 61 44
76 70 61 27 1 49
70 71 23 68 74 66
70 0 85 91 50 97
94 22 53 80 37 36
89 69 23 85 8 21
19 67 66 99 50 26
22 70 89 94 74 0
58 92 35 78 48 3
51 30 42 74 2 22
11 41 12 73 30 13
25 27 47 81 32 4
25 89 5 53 38 58
51 34 67 25 59 79
13 56 77 2 92 84
0 34 91 35 27 16
77 79 13 88 20 92
49 92 14 24 70 15
72 11 79 95 17 25
9 97 69 42 98 71
55 27 42 62 48 44
81 48 84 90 79 22
29 55 32 23 19 66
61 27 69 39 62 31
58 15 54 27 34 62
82 70 81 51 32 16
7 5 6 34 51 52
46 44 43 92 28 49
2 51 54 82 31 94
6 80 84 83 90 91
90 11 34 21 51 97
7 20 36 26 84 12
52 78 96 42 56 57
46 69 52 48 10 63
63 85 57 35 75 29
93 53 75 55 87 47
80 57 63 84 94 32
48 91 85 97 25 83
5 85 7 15 98 97
74 72 1 2 77 23
84 45 24 67 7 13
16 93 97 83 86 45
35 48 15 45 8 86
6 48 93 83 68 45
17 0 66 45 3 89
66 39 43 29 95 15
93 92 31 60 37 59
42 13 35 43 51 3
43 80 73 74 71 49
73 79 42 64 38 45
17 99 45 70 7 79
17 0 91 70 54 69
89 21 98 47 82 12
72 96 48 38 80 33
16 26 2 47 70 55
58 60 7 85 49 97
15 33 13 3 50 63
39 3 71 96 33 88
75 44 13 72 73 43
52 81 62 69 83 36
23 19 44 74 51 6
24 57 65 44 94 79
68 66 32 0 33 80
54 57 84 26 43 7
78 23 37 55 96 64
33 39 17 78 92 67
5 50 88 31 12 52
92 33 72 29 20 99
91 36 10 67 19 73
96 1 72 62 11 76
17 25 58 52 68 38
94 99 51 93 46 15
4 32 90 56 82 78
83 60 53 46 76 72
50 60 84 65 85 51
19 96 87 98 17 30
47 96 88 24 29 64
36 52 42 26 11 16
40 10 45 0 57 7
7 37 14 13 79 70
41 95 46 87 28 1
32 76 42 51 97 16
4 19 98 28 44 35
55 26 3 64 14 5
70 89 39 11 82 94
3 76 28 87 45 47
95 32 16 64 52 14
65 19 36 95 44 32
47 72 26 27 78 5
60 17 44 91 27 23
30 27 20 85 48 6
89 47 4 36 87 11
32 19 5 56 7 79
56 11 3 24 26 53
14 63 20 75 38 77
79 21 88 31 65 52
1 46 93 16 91 52
80 75 82 35 12 22
84 72 69 42 94 58
7 32 43 53 8 5
34 46 39 84 78 32
63 72 78 84 98 74
13 88 49 22 45 71
40 21 51 74 87 13
92 30 34 84 18 7
7 59 74 95 70 23
68 63 70 99 44 29
90 98 15 17 14 22
15 49 47 27 74 88
41 1 80 38 70 55
74 84 17 49 66 42
60 54 0 44 52 22
98 96 71 58 64 73
4 15 74 75 11 2
59 62 1 49 95 22
0 83 97 11 51 82
99 35 90 47 57 85
46 41 28 22 94 26
60 91 40 66 64 62
91 90 77 0 7 48
26 6 13 15 43 33
59 43 95 15 63 99
83 47 75 7 68 35
78 6 95 55 98 68
68 50 28 78 66 31
66 16 73 36 45 72
19 65 5 23 57 72
67 75 60 0 56 3
64 18 14 26 38 13
98 3 28 29 40 74
97 84 38 78 4 34
0 72 66 56 58 36
74 99 21 94 8 31
88 63 81 87 18 47
39 0 80 84 77 54
62 40 11 87 59 58
19 36 28 33 50 78
82 69 31 2 68 99
7 80 60 40 59 64
99 0 72 60 79 47
2 66 4 62 19 83
64 72 9 78 17 32
4 52 48 31 66 6
6 1 68 37 61 17
85 27 22 53 8 24
46 54 67 76 66 51
18 44 13 78 87 83
59 2 28 75 21 95
90 18 78 77 7 61
45 51 80 79 8 57
12 32 84 34 57 95
32 14 90 13 40 60
60 33 58 48 97 62
85 84 41 52 10 83
31 97 96 42 30 78
34 16 15 38 25 22
73 9 13 85 93 39
11 81 34 61 92 40
15 91 74 61 36 11
38 85 9 25 72 50
81 38 72 39 58 48
52 75 84 6 87 11
24 74 76 7 90 72
1 64 98 39 46 93
6 44 62 61 34 88
92 71 77 46 16 15
4 21 36 11 54 57
26 48 37 4 23 61
19 76 70 86 54 3
87 54 88 25 56 29
98 57 15 63 10 30
34 82 16 8 14 19
87 85 73 12 62 24
75 70 96 22 94 56
86 9 3 29 97 77
76 26 59 88 71 30
13 45 7 43 37 62
26 99 21 88 43 4
34 99 79 78 54 94
90 14 84 30 4 83
11 90 51 0 88 63
84 6 80 18 94 89
68 17 41 75 20 49
5 13 15 68 20 70
5 48 88 87 80 7
37 82 12 55 83 58
40 99 18 19 66 64
74 86 36 20 12 50
77 31 14 94 19 58
75 93 97 71 49 99
88 31 94 89 38 24
70 18 99 68 29 94
28 99 7 40 18 48
32 47 0 98 11 30
27 64 94 60 36 74
85 86 13 6 41 66
44 74 49 77 78 19
19 50 91 27 44 52
72 98 31 21 22 49
17 47 28 87 97 45
25 12 56 83 2 53
28 41 94 73 53 38
7 46 61 18 26 85
44 56 76 39 43 71
18 56 31 65 48 4
21 88 16 86 77 9
89 6 8 34 80 68
92 0 19 23 32 87
62 17 14 7 54 71
12 79 54 69 46 75
56 99 71 11 25 31
87 99 83 59 30 95
57 6 34 85 47 33
84 23 7 52 45 81
88 8 84 7 62 13
31 39 81 32 56 25
48 65 5 78 12 41
59 71 50 88 37 49
33 75 79 3 12 84
34 7 89 67 2 96
65 37 81 68 25 72
78 83 11 19 88 9
48 78 41 38 15 59
8 27 59 19 13 0
78 53 17 25 18 82
76 92 1 4 19 38
80 97 66 13 26 22
87 20 98 44 76 21
68 9 80 70 99 69
73 13 52 0 48 98
49 39 29 1 25 93
30 86 33 29 96 67
52 57 97 77 36 53
67 12 90 87 27 96
71 96 75 68 65 25
3 55 34 36 16 31
64 60 29 30 23 31
91 83 17 2 24 3
69 60 62 68 2 92
96 49 60 30 48 12
67 18 1 54 60 98
26 12 14 51 50 88
85 59 38 94 0 18
74 24 15 21 77 85
79 87 86 82 24 51
39 59 25 65 47 69
52 47 25 69 88 17
88 66 7 65 79 47
6 36 69 77 48 14
32 71 34 74 43 40
96 25 9 82 44 47
91 43 36 82 77 64
24 95 64 10 91 79
52 37 86 78 54 4
0 26 29 63 30 39
12 21 41 14 26 53
5 9 8 80 94 22
51 25 35 15 32 60
29 16 13 43 79 32
41 2 80 65 7 63
1 10 43 79 97 42
85 3 72 69 15 51
21 67 44 11 60 93
58 69 84 54 0 98
57 19 56 28 91 7
85 28 9 62 63 44
16 17 99 62 51 34
50 4 40 91 47 76
12 73 5 92 6 67
55 12 2 78 30 0
15 94 40 79 69 19
16 82 89 75 15 91
80 60 17 14 4 74
17 35 30 83 27 3
25 30 85 59 94 52
34 2 29 91 78 64
25 86 14 11 67 4
20 21 3 74 26 63
71 88 32 87 76 7
6 45 26 75 94 42
40 74 98 87 11 46
87 36 96 85 1 49
88 98 62 29 81 42
66 16 91 38 89 12
8 78 55 28 12 5
18 19 3 86 97 23
21 54 72 51 33 79
87 25 66 31 92 18
72 10 92 69 43 47
58 38 48 51 11 90
17 11 61 45 40 47
31 1 60 18 37 88
4 84 62 85 83 39
82 67 91 8 62 93
14 1 74 31 89 52
20 67 88 0 97 54
3 20 27 23 71 63
10 5 26 61 0 90
14 56 13 62 52 61
32 1 82 33 86 37
62 19 53 91 18 81
62 19 91 83 86 89
72 39 73 47 56 68
47 39 81 45 0 56
13 71 67 23 7 74
63 75 61 56 93 9
25 29 26 38 43 76
80 94 26 60 15 56
85 4 95 51 58 71
68 40 27 69 32 92
17 19 1 37 67 30
68 51 43 36 96 18
99 12 76 8 56 58
22 90 39 36 43 79
90 49 3 66 97 6
61 59 45 12 33 46
43 50 44 21 57 63
95 68 89 90 0 18
89 3 61 12 67 69
90 29 80 64 30 18
80 58 34 92 89 22
92 97 82 6 22 3
51 62 36 91 43 67
62 86 88 79 33 43
22 39 25 64 31 56
75 11 67 43 79 26
35 93 48 10 71 86
74 79 96 21 70 72
78 80 31 98 38 28
98 51 86 91 89 81
18 58 44 33 20 19
36 41 13 16 48 11
90 69 88 19 75 49
66 57 42 44 28 71
61 29 56 78 12 45
43 35 36 24 74 78
19 64 50 43 67 80
27 85 16 97 44 79
6 3 99 43 83 54
30 59 79 24 66 83
0 16 40 94 29 55
46 97 83 47 79 88
28 83 9 82 27 73
49 56 50 52 41 84
59 5 69 4 37 80
57 89 10 43 97 74
86 76 11 45 71 1
42 8 45 78 36 22
87 33 34 57 18 13
50 0 72 36 39 61
69 12 59 74 39 79
4 78 53 94 33 47
78 29 98 32 40 5
11 69 37 86 48 52
35 11 47 45 54 10
71 1 43 50 4 29
42 56 36 22 62 6
91 0 83 16 13 17
53 0 69 90 68 94
43 22 33 8 35 12
21 40 48 71 32 16
62 93 32 61 87 79
74 45 36 52 93 14
91 26 76 86 56 94
71 16 76 56 7 67
26 62 79 43 21 86
45 27 79 60 7 61
21 79 72 43 82 88
33 73 57 59 29 37
17 89 75 61 67 69
5 50 3 88 67 82
78 4 70 92 50 44
37 11 71 17 78 96
14 4 67 32 83 87
97 54 26 47 77 94
58 31 60 74 93 51
97 67 49 86 88 23
52 76 36 67 64 85
46 41 25 95 30 84
32 29 84 82 36 0
14 95 76 68 61 23
91 93 38 89 56 53
82 91 37 4 7 61
30 64 12 35 29 36
3 9 74 33 34 24
90 12 85 63 76 28
79 48 57 76 73 8
9 36 11 42 93 96
70 87 91 13 0 93
0 89 57 50 64 68
25 45 39 99 43 60
69 45 38 96 47 15
49 27 57 71 65 76
51 43 6 10 82 68
75 46 64 83 45 86
9 40 61 59 35 77
26 11 19 83 32 84
37 72 85 0 92 24
10 2 5 25 56 92
13 21 38 23 56 12
45 61 79 95 46 5
92 33 25 22 52 69
78 72 4 46 34 64
93 42 3 10 73 46
34 13 56 59 94 37
35 63 70 23 99 97
90 83 53 4 31 66
33 6 30 44 81 22
32 47 27 51 96 20
7 83 62 93 67 90
12 66 56 94 6 44
67 21 3 24 20 22
62 64 7 39 34 4
95 47 35 83 85 70
29 58 18 72 42 85
94 26 21 2 20 34
23 58 85 65 92 79
77 21 95 93 50 16
57 73 72 76 36 69
94 22 79 9 89 55
88 42 2 18 24 93
40 34 11 41 63 46
61 35 36 17 84 60
24 55 27 45 53 12
91 5 6 7 50 59
84 25 18 7 95 50
61 40 43 41 73 72
73 39 33 99 75 96
93 6 89 18 42 16
51 10 90 23 69 34
75 22 24 48 4 76
13 97 79 22 20 69
31 64 93 99 91 47
93 25 48 51 32 17
32 12 16 58 23 9
77 32 12 22 57 21
77 91 26 49 50 27
64 39 46 79 48 14
71 74 62 32 42 60
31 52 5 96 91 46
98 46 57 88 86 32
21 89 67 0 70 54
89 51 7 12 67 34
56 41 86 29 74 71
40 46 23 16 87 62
13 96 26 90 22 78
43 11 91 3 47 41
10 8 14 33 6 39
45 61 27 56 97 64
75 98 30 57 36 59
79 48 95 60 15 62
76 96 38 60 35 84
9 62 89 72 59 38
38 33 83 27 57 13
81 24 2 68 62 79
36 53 6 74 44 47
17 42 62 90 47 46
12 84 11 91 53 14
20 10 9 90 3 59
86 55 33 30 32 68
65 83 82 7 8 16
44 34 40 85 57 82
18 27 92 36 25 61
70 19 66 51 4 72
49 21 76 1 99 43
97 21 85 89 49 26
73 45 54 21 20 39
22 33 31 60 89 38
90 68 23 62 24 85
87 68 75 0 62 80
19 14 18 77 99 3
50 17 23 54 10 68
96 20 58 12 37 5
93 89 58 6 9 80
27 35 99 93 30 32
29 76 9 25 15 87
27 80 11 21 91 54
8 41 82 86 97 1
33 4 72 62 97 51
9 80 32 21 59 23
31 14 39 23 84 25
51 92 25 98 91 50
76 96 5 51 20 23
98 68 21 78 93 71
12 15 22 85 24 89
98 86 10 87 27 0
60 41 84 30 98 89
93 55 87 63 22 21
27 56 51 90 80 85
83 96 38 68 71 25
3 99 19 5 55 43
90 3 97 13 36 69
46 41 39 43 20 38
26 78 97 23 80 63
99 48 53 55 59 8
97 83 43 81 64 16
85 10 12 44 79 98
23 87 0 65 19 97
12 79 76 78 55 47
49 62 8 40 74 27
68 86 16 47 67 99
58 42 51 91 70 3
79 0 93 1 42 94
72 87 28 57 76 45
46 66 17 48 25 96
60 62 70 50 16 25
72 15 96 81 7 89
34 39 28 64 20 50
5 80 96 10 75 42
99 66 15 42 1 59
2 9 59 66 86 32
64 60 10 26 33 11
29 66 82 13 5 17
0 74 35 85 45 1
1 30 91 29 25 42
39 80 64 2 33 28
67 83 49 81 21 95
32 19 54 22 98 13
99 92 63 49 60 71
98 28 18 99 90 94
87 38 56 98 93 41
55 56 40 44 60 12
59 7 56 39 16 33
49 72 73 16 67 76
90 94 32 18 12 56
67 11 88 56 41 35
25 59 43 37 79 93
4 99 23 71 18 56
1 85 40 27 13 62
56 31 50 98 24 82
16 86 10 19 20 26
80 23 68 32 40 91
65 86 31 88 96 9
82 73 40 50 22 98
25 37 73 58 34 67
46 40 7 53 88 26
44 13 83 46 76 27
90 79 27 7 25 32
55 77 13 95 24 19
95 66 68 12 61 58
89 96 14 65 57 70
80 2 66 15 8 71
15 28 69 90 99 31
99 13 90 70 72 61
59 58 76 96 64 72
99 12 93 24 68 53
61 7 25 14 81 53
64 5 95 92 4 69
32 39 29 53 2 50
1 19 70 23 5 46
93 78 46 51 56 94
10 81 63 56 82 66
14 36 57 92 19 86
12 78 23 62 93 35
59 66 50 62 26 21
37 27 21 88 45 80
43 42 93 8 35 56
47 64 97 93 27 17
40 88 69 56 59 95
93 36 74 45 77 23
55 62 72 23 36 83
11 1 16 77 56 81
18 97 57 75 14 5
32 35 57 5 87 90
66 50 13 76 39 93
54 92 4 43 47 15
92 62 27 8 72 16
82 75 19 86 17 31
61 88 9 54 67 93
8 70 88 29 41 0
46 49 47 35 77 11
28 48 63 43 30 37
65 47 77 59 2 71
68 89 86 65 61 6
79 99 25 78 10 14
39 35 84 22 37 36
32 49 0 34 14 48
40 27 15 85 81 17
42 13 32 74 48 90
58 87 29 76 39 12
77 29 4 84 30 38
56 29 11 58 55 34
82 56 24 34 37 53
10 17 54 47 27 32
58 21 22 14 46 40
16 37 43 68 32 97
32 51 13 20 35 40
88 1 12 36 23 17
21 59 78 7 51 37
19 69 56 87 29 60
10 40 14 77 97 96
71 64 1 45 40 43
5 70 47 77 96 26
15 11 45 43 26 53
79 24 6 73 58 15
92 28 63 12 22 36
39 52 86 31 73 96
45 93 81 43 23 33
50 34 9 84 14 98
95 13 20 69 39 54
8 6 23 65 56 43
87 12 50 17 80 66
71 41 89 45 76 52
36 8 46 73 85 27
27 21 28 69 37 93
46 82 19 93 98 27
94 63 28 11 97 58
97 78 4 29 28 45
73 12 2 41 1 95
40 51 57 65 22 82
3 55 28 58 15 85
21 32 46 50 97 57
81 32 76 40 65 29
10 63 38 49 31 74
98 51 58 18 62 17
78 25 35 51 70 10
82 87 51 41 40 4
59 28 33 75 99 88
22 79 9 45 56 19
9 50 78 95 13 28
3 32 99 78 25 29
71 83 62 20 38 98
39 1 64 16 19 32
94 51 31 36 57 21
16 44 3 63 13 38
26 67 28 25 64 0
9 18 83 47 66 4
54 28 57 67 36 40
48 2 17 47 23 57
36 21 48 37 9 5
25 40 2 41 95 11
5 85 32 25 30 60
37 20 66 3 7 88
21 2 41 59 35 51
61 21 17 18 28 13
30 73 75 79 50 64
42 93 71 59 10 91
55 26 85 58 23 56
2 1 40 99 52 10
36 20 10 39 85 82
68 67 51 7 80 78
82 21 3 25 57 70
75 9 85 65 37 88
58 24 16 39 76 18
98 72 29 30 12 19
87 90 8 44 10 97
22 26 67 54 51 53
47 74 76 71 75 51
47 95 31 18 70 17
34 79 27 54 8 85
41 62 1 72 47 2
94 97 99 51 5 78
80 36 13 12 60 35
57 61 84 77 56 99
18 0 64 51 94 91
40 99 27 77 60 32
35 76 20 51 39 15
13 88 91 77 86 59
32 67 58 40 28 56
26 88 67 89 14 78
31 13 59 54 74 90
28 23 54 2 86 55
20 87 27 2 36 73
24 4 20 40 86 81
64 18 34 68 92 22
15 19 13 56 36 17
36 68 49 38 10 28
32 44 19 43 24 31
17 45 78 62 18 42
71 68 61 23 39 59
20 0 59 22 52 55
97 55 36 5 51 21
93 18 30 67 80 46
47 2 18 84 42 24
77 42 53 71 1 66
93 55 50 96 47 4
39 61 92 18 69 14
66 5 19 55 44 75
12 40 81 32 55 80
19 9 87 21 29 30
51 45 68 18 3 72
25 50 11 46 7 84
29 93 41 10 31 74
63 65 24 92 98 29
64 99 49 66 11 85
89 12 53 40 8 24
69 67 45 16 22 3
41 46 34 95 69 6
61 71 67 40 9 79
35 7 16 39 18 28
13 12 96 10 39 9
75 33 83 5 88 6
67 62 33 64 7 76
82 9 95 76 18 89
8 37 60 7 1 93
50 71 89 63 25 99
37 32 60 98 27 35
59 83 5 85 70 47
96 12 50 72 92 81
11 58 33 52 63 36
30 33 1 14 28 87
73 15 21 98 8 69
45 50 62 29 69 68
19 8 78 80 22 56
62 83 23 96 55 56
15 60 14 33 80 7
77 79 39 11 8 70
89 25 37 29 96 78
16 34 3 89 15 18
83 54 2 68 45 80
87 14 61 81 73 21
22 7 66 57 17 6
93 67 23 44 8 61
12 79 14 61 62 9
75 12 88 19 14 78
30 59 70 78 48 67
70 59 18 6 45 16
95 18 90 79 88 14
89 81 22 40 25 59
67 97 1 45 58 15
33 88 84 72 56 91
48 22 75 61 16 63
37 69 64 24 25 48
24 69 37 58 53 31
18 29 62 53 7 79
35 73 76 42 38 84
75 63 82 58 89 16
52 3 12 97 44 69
41 24 30 22 61 8
71 31 89 34 66 10
71 35 34 45 36 78
43 14 19 45 33 34
17 40 15 6 37 90
80 10 89 87 71 96
18 94 29 20 0 16
81 60 91 93 84 12
50 55 16 99 28 85
42 33 56 60 4 34
65 20 26 87 45 79
25 96 64 66 55 57
69 12 4 87 32 13
16 38 68 64 26 33
9 42 36 86 41 72
36 82 14 56 47 98
38 97 52 24 56 82
61 35 8 93 29 12
95 85 4 93 65 48
42 10 11 34 8 64
38 65 16 79 50 63
83 98 24 45 78 53
0 76 93 48 62 46
83 76 5 84 64 2
69 35 92 3 76 90
4 18 42 60 99 80
71 46 44 64 42 91
79 72 25 41 30 98
7 13 38 53 96 67
6 50 29 77 79 58
23 70 30 41 73 12
27 74 47 68 94 72
25 22 88 60 20 53
48 93 32 39 41 67
93 1 84 94 23 7
79 29 44 68 9 51
69 34 48 2 3 10
45 44 41 76 63 29
11 48 36 0 28 31
43 24 83 26 80 94
22 15 54 87 68 57
13 90 73 43 10 27
68 84 14 18 89 67
70 54 27 57 24 18
78 17 28 33 13 36
17 10 80 53 9 44
2 43 40 36 47 93
57 11 66 75 23 69
98 59 23 43 8 2
57 73 68 27 30 20
48 12 84 90 14 62
68 57 37 82 21 67
88 8 59 19 98 10
78 1 94 15 39 57
25 3 12 65 76 45
50 1 6 54 44 82
90 3 63 31 17 45
5 34 30 40 74 88
9 7 66 61 31 84
66 84 48 25 96 1
98 53 95 44 23 8
52 81 62 5 48 21
35 9 16 64 59 27
59 52 95 32 82 33
0 4 26 44 73 75
82 86 9 25 78 67
47 37 20 40 95 66
67 85 84 3 51 1
52 90 53 47 61 12
33 16 73 21 65 84
38 59 31 89 65 34
56 98 93 29 65 19
54 26 79 50 90 3
73 85 56 80 7 54
33 19 82 24 80 73
2 54 44 26 95 69
36 53 5 6 91 26
74 12 19 3 95 69
48 33 47 53 32 88
91 45 21 16 59 26
31 67 64 35 58 24
85 75 18 98 28 41
78 64 56 63 11 89
91 25 22 83 16 27
94 46 99 69 39 96
7 81 26 65 22 79
94 83 24 58 34 20
12 10 5 60 34 79
40 28 60 90 46 47
14 43 11 71 33 46
79 83 78 94 45 93
9 50 34 62 98 70
4 84 35 14 99 65
79 1 87 69 56 90
22 4 17 3 65 18
13 69 22 55 36 11
7 36 72 9 87 92
34 77 91 84 99 59
37 10 85 46 82 59
31 61 50 36 63 26
83 85 63 30 96 32
84 79 86 82 13 73
52 83 45 44 18 95
43 8 3 88 49 27
63 90 53 1 48 29
45 68 20 50 28 15
18 14 36 61 93 46
68 67 51 22 83 13
3 5 2 54 70 8
73 91 88 60 17 43
52 49 43 81 61 11
64 37 45 65 14 16
29 67 87 18 24 53
81 58 88 3 68 52
32 2 16 64 48 98
40 39 41 97 12 30
17 65 67 24 91 41
76 52 51 0 22 29
6 45 28 34 59 19
34 59 77 7 44 78
82 81 32 98 10 53
83 96 20 51 0 6
78 51 41 82 2 7
64 32 21 88 36 67
10 97 21 96 1 17
33 78 64 49 2 0
55 42 69 18 7 94
90 38 23 42 70 50
93 22 76 1 29 56
53 2 43 13 55 49
88 91 15 9 99 44
90 76 67 51 59 57
69 95 1 75 82 14
52 19 53 49 96 17
86 55 54 50 45 11
21 10 31 93 47 77
58 23 5 54 70 56
45 34 77 6 98 84
93 30 48 25 86 75
11 71 58 36 42 30
44 62 59 47 67 36
91 31 85 71 47 60
58 92 22 66 52 65
50 10 43 76 66 45
42 75 67 6 8 33
44 15 51 87 40 21
5 92 55 17 42 66
22 62 28 18 95 50
89 67 1 11 33 13
71 52 69 13 81 94
91 59 33 46 18 83
16 69 51 32 21 66
16 98 78 10 61 96
76 79 40 34 58 36
55 1 58 4 92 88
19 9 90 94 5 4
55 79 47 35 25 95
57 0 79 2 39 52
74 47 83 39 2 15
61 83 51 86 64 90
34 93 1 75 32 76
15 62 84 54 61 43
63 35 85 91 51 33
71 4 49 27 10 38
24 40 11 67 86 10
45 50 60 71 94 24
80 33 63 85 23 10
87 74 69 42 75 73
83 79 13 0 67 29
53 31 60 95 55 3
25 63 37 11 0 98
51 26 74 32 29 67
20 7 82 44 0 11
77 57 65 32 10 35
94 96 70 86 48 47
22 55 15 84 12 35
93 63 71 15 49 33
24 47 26 15 2 43
68 25 88 40 54 92
18 27 9 13 96 42
63 62 90 37 55 54
81 34 35 42 30 11
37 85 3 45 82 4
95 97 28 72 32 89
16 35 70 82 0 5
52 21 72 94 6 60
39 80 29 71 12 58
41 35 77 22 28 0
48 89 1 26 84 40
0 37 60 14 62 6
94 6 2 66 3 50
45 42 99 17 2 23
36 47 44 40 43 17
22 56 91 21 29 48
22 48 1 8 57 88
68 57 49 90 80 77
17 78 0 30 98 28
93 79 74 3 4 81
60 40 64 41 53 82
2 79 78 15 18 21
25 68 62 55 9 28
66 79 59 84 64 25
29 88 89 54 80 9
85 60 66 97 58 51
23 4 8 80 72 61
97 99 93 76 28 95
54 50 37 15 49 65
13 80 8 86 91 55
63 71 92 73 0 50
75 14 27 30 5 81
99 42 41 30 28 92
75 74 7 0 56 68
69 74 30 44 0 34
91 92 46 83 8 22
84 10 41 32 88 91
46 27 3 9 86 81
4 77 89 59 68 61
85 43 69 90 38 50
24 85 77 74 80 91
10 84 97 14 90 56
35 4 59 81 77 28
10 18 55 94 25 86
64 0 4 18 84 35
7 11 37 35 50 80
76 56 20 95 73 49
85 18 97 21 57 6
62 20 74 4 35 14
36 62 21 8 97 74
62 91 55 12 42 15
89 30 90 26 76 92
68 97 12 49 51 53
89 27 88 73 99 93
82 71 96 48 39 32
59 60 57 5 62 0
26 89 85 29 95 10
47 12 38 72 9 1
37 64 79 38 4 47
31 52 12 94 8 2
11 98 80 64 51 93
79 34 25 30 14 37
81 96 20 17 50 60
81 28 0 87 82 40
81 1 65 31 93 24
64 65 62 76 97 63
9 11 62 26 8 69
98 63 71 79 56 50
54 11 99 1 84 68
83 81 10 61 73 41
38 30 47 33 27 17
47 54 5 9 61 99
92 98 50 56 88 80
46 21 39 29 78 11
2 84 83 21 98 92
77 52 94 41 10 12
39 68 27 36 2 12
82 91 85 56 78 86
78 83 60 69 15 67
71 61 9 19 55 29
12 23 25 55 17 26
86 87 82 80 17 94
17 45 35 67 32 65
53 33 42 74 29 91
92 85 88 16 10 90
41 91 37 82 96 92
88 72 14 57 70 46
4 83 0 29 8 65
6 56 41 2 84 21
24 83 6 36 10 5
13 36 10 44 19 74
0 1 58 63 23 69
50 25 86 80 88 3
72 34 3 55 35 17
62 40 25 92 9 81
52 49 8 28 93 84
40 30 39 64 10 19
33 50 87 38 86 9
15 19 12 60 14 90
78 46 16 51 84 64
24 43 96 72 79 50
66 55 71 22 75 67
37 67 13 1 26 98
16 3 97 31 60 73
95 39 70 79 24 88
8 10 66 61 59 11
44 39 54 90 93 1
4 38 75 64 70 46
9 60 21 54 11 27
69 25 52 61 87 4
4 68 15 81 12 37
15 89 32 41 51 54
91 65 67 55 9 20
53 17 71 88 90 34
54 85 96 28 31 36
86 89 4 45 92 75
89 5 55 83 47 4
86 10 82 19 49 45
54 79 87 1 68 52
73 19 91 18 77 37
64 65 2 4 26 90
34 43 80 29 55 62
21 87 46 0 27 60
26 22 3 16 12 91
84 98 80 73 9 87
5 40 43 8 84 17
9 49 96 69 82 52
76 18 82 59 42 77
99 12 2 36 9 34
35 83 57 73 77 31
58 55 82 37 57 68
65 29 19 32 72 92
54 71 9 73 29 70
30 16 23 5 32 40
86 44 94 98 71 45
10 61 59 78 47 64
25 64 32 20 10 90
2 34 16 55 72 71
80 87 49 15 72 75
38 97 44 7 8 17
62 5 81 7 63 52
98 46 43 35 1 87
9 22 82 99 29 41
85 5 72 30 24 27
15 47 40 68 64 32
64 72 31 76 54 57
54 43 36 89 76 63
8 37 74 48 14 29
88 2 14 43 58 26
67 13 0 28 96 51
61 6 64 50 36 71
13 26 88 44 32 76
65 68 31 78 82 60
83 14 22 97 63 41
60 46 63 49 92 64
52 80 73 54 69 34
3 99 30 56 43 65
68 74 87 77 2 19
88 86 56 64 29 26
92 2 7 68 43 95
13 11 88 75 81 15
72 8 12 70 96 31
82 50 32 17 13 69
88 14 13 36 29 99
49 13 44 97 28 46
93 37 21 15 63 3
57 87 94 22 11 42
58 32 56 18 66 93
26 24 8 11 3 22
40 83 31 35 34 3
99 0 9 93 28 56
32 7 43 35 31 38
26 51 73 57 85 67
18 90 52 33 1 60
39 5 30 17 29 85
48 8 45 49 4 74
60 27 69 52 87 1
54 44 7 72 17 24
64 32 14 57 74 23
41 63 68 75 33 44
11 25 86 93 43 30
73 95 71 24 56 31
98 88 35 99 6 3
15 47 94 87 63 38
97 55 8 84 40 11
31 61 96 8 7 22
24 14 72 1 68 82
11 45 42 82 69 5
21 33 31 83 30 72
0 38 82 24 45 61
57 0 80 38 60 78
33 17 26 15 20 83
81 18 3 97 1 6
62 22 30 76 38 1
75 83 49 4 77 62
71 50 46 31 27 20
34 57 61 85 48 2
14 66 63 8 16 96
62 46 84 45 55 92
66 25 89 35 16 36
70 67 58 1 72 7
87 94 2 48 21 24
18 41 60 98 62 90
80 61 70 27 41 69
24 40 45 17 15 65
51 43 97 62 44 3
79 30 22 68 75 49
99 70 7 0 17 35
52 93 43 91 75 35
45 4 86 76 14 10
23 94 18 44 79 96
92 97 23 90 45 36
92 0 36 79 97 93
14 31 11 10 20 36
86 53 68 47 70 0
78 37 25 23 72 12
28 89 96 85 37 54
68 74 90 89 51 38
5 77 56 90 27 31
88 83 0 42 30 31
9 83 37 18 62 40
91 38 11 92 76 45
65 15 38 30 48 22
82 90 19 88 62 11
50 23 4 34 41 36
33 87 63 14 35 40
78 88 90 54 92 3
65 44 99 10 30 28
54 16 38 39 76 82
80 39 58 17 4 71
37 47 1 56 9 62
82 96 39 61 54 63
17 44 79 73 19 60
11 88 59 99 21 6
62 74 14 91 98 17
53 50 54 51 70 97
15 29 60 64 5 58
22 36 81 51 97 0
97 12 20 30 33 99
17 90 32 40 75 38
76 24 91 92 86 54
7 41 84 21 51 50
37 20 48 92 74 81
29 76 22 88 92 47
14 20 51 67 59 83
19 61 64 21 32 37
82 13 24 58 90 1
73 66 31 46 19 77
45 92 84 9 49 76
40 1 22 28 47 2
25 30 87 90 56 84
70 29 95 1 87 17
95 23 25 50 93 35
41 14 55 39 16 76
28 91 14 10 0 76
60 66 82 69 55 54
83 63 52 41 88 32
79 99 23 31 63 14
43 57 8 53 26 35
30 3 33 76 42 91
45 83 37 55 53 48
57 97 64 21 74 13
48 55 32 11 35 7
82 27 97 84 16 39
80 32 27 1 31 17
8 58 10 37 77 94
86 73 53 30 55 40
47 88 40 18 24 0
35 60 57 67 33 76
94 44 71 28 73 9
70 79 85 69 14 44
88 3 69 63 64 67
88 38 55 40 23 16
42 54 29 60 51 77
94 87 76 95 63 86
88 77 97 82 62 53
32 75 63 8 19 60
30 39 38 77 80 79
68 30 81 56 57 63
23 93 13 57 22 94
42 39 40 18 37 27
55 51 27 8 28 39
11 45 26 27 17 29
79 68 16 64 39 87
25 67 91 59 88 57
26 36 33 7 90 81
11 57 23 59 12 89
75 95 18 46 80 87
26 94 63 35 78 58
40 75 94 26 51 60
24 65 81 66 61 27
74 20 68 24 90 56
86 50 47 90 71 7
1 90 58 2 25 72
78 9 62 51 56 23
48 79 15 61 29 3
95 81 79 10 31 87
3 58 94 16 31 4
91 7 21 88 65 64
98 47 84 13 54 71
59 84 97 31 56 81
72 89 16 39 95 75
15 92 13 37 18 91
21 20 1 93 4 55
25 70 26 36 10 37
31 59 14 48 25 38
54 5 30 86 56 12
58 68 3 33 82 71
96 45 87 37 71 43
82 66 54 53 21 39
63 32 58 33 11 10
11 19 58 62 20 44
7 42 30 66 70 82
85 11 45 89 4 9
43 4 7 49 75 16
2 95 8 21 10 59
69 59 83 27 78 60
47 9 43 28 29 74
10 52 7 53 96 30
84 49 37 30 40 55
86 14 36 70 11 57
38 45 81 72 12 9
68 91 37 69 5 44
38 36 43 60 69 22
48 70 4 14 51 53
1 98 9 92 78 11
68 67 61 40 77 76
68 61 37 62 24 77
32 96 50 91 90 0
59 73 20 47 15 76
15 40 42 6 26 27
36 11 83 39 79 76
64 9 95 53 56 45
16 2 98 73 21 9
22 21 89 14 76 71
56 90 13 62 41 82
81 95 71 45 80 28
52 95 77 76 81 97
90 69 95 20 97 26
2 13 46 91 77 37
69 56 29 60 64 89
56 12 68 95 42 55
1 10 57 48 71 49
61 0 21 87 9 52
13 96 50 55 9 0
11 73 26 92 99 44
39 16 2 81 73 5
46 90 83 54 4 29
93 75 41 61 31 58
47 71 75 3 91 85
79 70 65 95 10 27
87 91 90 24 89 86
6 94 42 4 47 26
89 53 98 44 24 60
16 54 89 23 1 62
12 77 14 89 0 1
77 7 6 0 83 43
48 61 88 55 59 95
45 22 52 5 63 41
58 93 73 65 77 33
96 26 2 58 65 22
23 53 50 75 36 46
49 38 99 29 51 17
92 37 2 32 64 56
74 28 12 24 43 56
0 38 86 81 96 47
60 5 51 30 76 39
54 10 61 68 29 1
4 2 44 85 57 93
18 23 36 55 62 49
46 70 84 80 93 43
98 99 5 63 36 30
31 92 46 4 93 63
8 95 14 97 84 31
4 84 8 74 28 70
72 89 32 52 23 16
74 34 12 69 45 24
65 55 84 37 66 58
98 84 56 58 53 3
64 80 94 83 37 71
30 40 67 6 50 97
30 38 72 87 52 24
38 34 50 21 62 86
89 66 98 19 4 46
93 78 60 40 66 15
20 18 79 0 72 24
18 66 37 29 52 36
62 35 74 65 82 34
69 10 62 49 11 44
28 78 9 55 6 63
56 60 89 70 22 86
19 36 38 0 88 66
58 17 50 88 24 7
5 38 64 48 95 29
76 22 51 20 64 17
11 6 88 83 10 23
59 5 33 30 14 98
22 80 71 24 10 73
15 97 52 12 18 48
46 20 32 3 71 49
83 87 78 71 10 3
45 13 47 95 88 78
39 84 64 83 96 93
18 88 28 55 24 17
16 58 87 12 30 73
23 18 38 21 17 69
28 24 53 62 50 9
29 68 31 87 79 47
64 84 95 53 29 19
92 4 35 99 73 86
64 68 95 78 48 24
68 37 9 4 75 13
45 58 33 2 9 15
56 28 58 13 78 18
95 97 17 82 53 27
51 14 11 47 19 22
69 86 67 19 26 40
24 4 74 17 45 19
36 90 74 30 1 32
7 57 80 63 61 90
70 46 48 87 31 21
49 70 52 69 99 65
5 19 55 11 98 68
97 15 72 80 33 43
46 82 15 39 14 31
46 15 18 17 76 9
30 59 58 66 69 64
36 72 21 51 32 68
71 68 32 53 97 31
73 20 0 4 6 61
32 70 13 48 63 8
49 54 82 17 14 43
36 39 21 81 48 89
38 66 72 77 5 50
64 82 9 32 67 86
38 12 16 22 81 1
33 72 21 46 68 62
63 17 51 26 9 19
55 81 28 9 14 30
63 82 34 32 19 59
78 47 3 21 93 4
0 43 77 57 31 32
86 46 61 41 35 51
85 88 46 45 27 80
9 93 46 89 2 97
68 56 14 88 25 69
38 97 76 28 25 87
71 35 64 7 33 40
4 84 94 24 38 19
79 99 67 19 58 64
41 18 77 4 64 19
17 97 76 26 65 91
18 77 6 71 3 9
11 81 33 82 13 8
81 45 89 98 96 15
48 15 80 26 20 9
6 60 87 21 46 51
72 47 92 29 3 73
87 49 5 3 29 91
12 31 25 81 59 77
45 71 4 72 15 95
3 61 7 21 4 25
30 45 18 84 75 9
7 58 40 35 46 90
32 85 66 58 15 19
44 90 89 96 74 35
89 48 53 70 80 58
46 96 22 57 60 32
71 8 69 57 45 64
46 13 77 94 22 49
98 84 95 36 26 62
97 80 32 35 77 74
81 61 86 88 29 59
52 10 41 51 99 45
44 61 43 74 46 68
74 93 63 59 90 95
51 55 1 32 77 59
72 1 80 54 28 7
32 4 39 10 31 25
10 32 97 47 80 19
79 20 21 60 94 48
11 27 35 97 28 50
57 37 55 95 80 56
33 31 10 46 29 79
47 83 97 52 1 4
10 24 1 56 2 34
98 76 85 96 31 28
47 98 57 61 40 5
44 59 95 37 80 14
52 17 31 23 69 53
69 54 95 51 39 60
2 35 64 37 73 43
91 66 45 32 48 24
51 97 94 70 11 85
99 39 33 68 31 55
23 21 50 46 84 76
17 35 27 40 20 96
16 79 34 37 17 26
43 37 78 17 71 19
55 93 40 20 34 32
84 93 31 32 38 41
53 99 94 42 26 70
85 88 7 68 18 67
66 63 3 9 17 6
2 73 9 0 5 64
57 1 99 6 38 74
72 42 2 41 84 6
5 24 72 37 80 50
21 38 53 6 55 19
6 74 97 24 92 30
63 40 8 53 68 48
17 5 67 86 72 54
7 37 76 95 4 2
82 62 71 87 88 30
67 75 9 15 43 57
46 45 33 78 83 71
63 74 78 6 70 50
67 31 80 9 57 38
57 43 4 64 79 20
81 56 66 13 95 62
79 23 70 96 64 46
67 92 44 93 96 70
82 20 18 17 4 11
46 54 79 97 77 58
99 94 98 26 65 8
10 91 82 94 93 71
47 81 82 32 90 7
57 20 59 8 46 10
1 25 58 22 71 87
11 76 75 89 50 20
34 97 84 40 53 38
28 68 99 2 17 62
37 59 17 45 0 70
98 64 52 14 36 42
21 89 1 93 33 37
58 68 6 53 60 11
30 31 5 14 68 8
38 58 94 49 40 76
9 88 2 46 39 8
13 77 41 39 93 96
25 62 87 27 94 66
39 75 22 82 18 66
27 79 86 42 90 4
75 79 28 14 82 43
25 46 22 39 30 65
47 15 4 44 87 52
69 57 98 82 59 20
53 36 63 27 45 95
10 40 51 69 83 88
19 31 26 2 63 59
19 39 28 51 5 12
5 11 70 16 12 78
62 98 46 51 22 3
72 24 79 95 33 53
43 84 41 64 99 5
68 23 35 89 98 13
33 62 18 17 43 89
67 4 29 48 30 71
25 89 88 2 9 42
31 70 81 99 36 42
80 86 18 4 66 39
64 44 77 69 91 98
15 20 9 40 5 45
52 66 83 77 38 27
93 89 73 9 47 28
15 90 45 37 42 54
37 36 51 6 19 54
24 37 0 12 23 84
76 49 75 40 57 84
68 26 36 14 69 80
63 53 60 47 66 12
32 75 76 27 5 53
15 78 58 75 56 89
71 25 35 15 26 16
47 83 20 14 84 39
93 55 24 20 48 50
67 35 54 77 25 27
1 50 11 73 98 86
50 82 96 23 55 63
60 39 69 38 0 54
10 83 97 48 56 34
14 48 85 99 35 54
46 2 19 11 41 69
5 52 45 79 26 83
54 15 57 63 51 40
60 65 55 43 41 3
69 41 99 48 72 3
93 17 14 89 49 48
33 59 1 74 49 16
27 60 95 5 61 24
0 26 63 73 30 45
23 28 35 32 52 48
21 1 52 75 0 3
38 41 56 4 67 65
91 13 75 2 14 26
11 7 27 50 25 91
75 15 57 25 70 89
79 10 34 17 25 87
64 42 3 13 76 21
12 4 19 91 63 70
37 54 61 11 88 55
54 95 56 7 82 57
88 1 61 48 93 62
27 42 87 58 52 28
39 84 26 66 78 17
37 12 0 13 79 76
31 57 36 35 48 63
80 14 1 87 50 46
45 73 87 40 23 2
73 77 68 7 38 40
73 4 71 94 81 90
93 35 9 75 94 54
81 8 25 57 67 39
7 73 17 30 41 24
82 1 0 94 76 97
54 79 52 61 36 18
84 42 94 72 4 54
2 3 44 43 81 86
90 91 81 89 2 94
93 28 17 14 13 88
56 40 38 57 82 74
72 82 32 13 28 96
60 62 86 14 0 5
21 65 40 53 24 4
29 35 44 50 69 95
83 64 93 87 60 47
14 97 73 83 16 63
35 4 68 12 86 55
49 79 7 75 47 82
83 89 50 3 71 52
75 58 65 8 11 92
11 77 80 60 2 81
39 70 85 58 44 92
58 36 17 32 41 67
35 59 94 53 90 17
5 98 42 24 45 71
95 16 0 61 8 50
3 26 65 16 82 77
88 33 43 42 39 84
38 83 47 51 27 97
40 5 76 62 13 26
26 6 76 25 8 32
20 33 28 52 89 83
72 71 59 56 82 2
10 68 27 87 23 78
72 59 34 2 43 41
51 83 75 65 93 30
84 54 34 80 42 53
69 36 33 77 18 46
35 0 28 64 77 23
24 30 8 44 29 49
58 22 84 90 15 17
88 23 5 67 47 89
44 52 17 18 71 41
92 0 72 3 84 57
71 52 89 64 5 2
31 91 85 8 37 4
56 21 46 48 79 41
73 13 89 16 93 12
96 80 35 49 89 56
24 95 6 89 21 2
12 9 23 55 29 34
42 17 91 34 11 95
59 8 36 96 52 32
56 34 5 53 83 88
60 62 45 82 53 70
24 1 66 73 42 60
81 74 85 91 13 70
39 11 71 95 16 69
88 40 6 97 76 95
57 16 79 52 72 2
9 95 77 79 19 68
2 77 68 46 39 7
36 30 74 25 15 98
16 71 90 20 12 97
61 86 48 57 5 9
21 1 59 27 77 23
77 13 90 61 98 75
17 60 25 37 49 55
28 77 66 50 9 21
80 73 57 9 8 67
27 90 80 72 7 58
28 26 18 55 40 42
1 26 89 40 30 56
24 69 46 95 22 78
68 35 25 96 85 42
83 66 38 78 49 9
87 99 68 78 45 35
21 78 95 11 27 40
35 44 76 42 6 9
25 33 1 31 50 82
89 52 25 15 47 33
22 51 85 9 82 70
88 5 22 19 78 75
87 58 62 25 71 34
94 81 86 75 76 97
75 58 16 32 5 73
47 9 84 99 26 63
8 54 11 52 67 13
91 82 4 48 13 88
43 88 83 40 23 92
29 36 2 94 67 41
91 48 77 3 66 95
56 95 15 13 90 12
4 0 6 18 57 97
85 1 94 81 39 9
88 33 89 31 19 27
85 20 78 95 37 97
80 89 19 18 70 39
85 47 69 32 87 73
34 86 2 21 83 12
91 66 68 16 81 5
76 14 58 75 93 85
76 43 63 8 44 16
20 67 70 60 77 44
6 25 48 47 23 56
82 10 56 13 48 59
13 56 45 9 80 85
36 75 92 44 58 77
52 45 51 36 28 62
78 96 81 90 52 98
98 67 0 48 26 14
77 3 71 88 20 84
11 53 57 82 5 46
79 83 14 44 45 13
79 54 40 83 38 9
10 19 86 66 89 95
57 46 58 0 10 36
8 91 87 6 41 32
36 84 82 30 16 13
67 14 19 15 51 89
71 36 99 47 25 32
23 41 87 69 35 66
15 34 14 97 43 4
16 66 50 63 22 53
64 56 40 27 87 10
37 82 0 72 19 15
83 82 3 55 92 9
59 7 49 96 44 26
81 13 58 53 46 61
83 30 4 66 9 62
34 31 19 72 21 41
13 97 31 40 93 67
99 63 0 95 83 36
16 90 59 75 26 10
86 57 77 76 83 47
25 40 90 76 83 61
17 3 62 2 6 65
49 46 26 10 47 95
75 46 1 56 30 16
96 50 55 76 21 88
45 67 65 21 95 35
17 58 90 54 2 41
53 17 50 77 13 21
54 77 28 47 59 74
53 1 31 11 10 20
55 1 45 59 63 29
92 10 38 56 40 51
50 56 64 93 96 62
98 52 12 3 37 39
30 95 34 59 43 86
49 78 1 74 3 99
35 76 68 46 24 7
6 46 76 44 12 57
40 74 86 3 31 49
43 92 41 22 36 93
5 86 28 0 19 30
2 20 75 91 58 66
6 94 9 83 84 91
84 42 26 27 65 24
56 40 60 99 35 72
63 14 86 83 17 49
87 10 34 14 88 89
51 88 79 56 23 45
15 4 5 76 99 35
50 59 42 45 38 39
46 67 32 88 39 10
15 70 22 45 94 47
32 35 29 44 58 31
82 83 40 59 72 0
97 57 93 69 32 81
36 60 5 55 13 58
47 68 18 43 48 85
55 0 80 93 47 16
11 19 82 84 60 43
60 98 7 75 72 33
21 7 26 48 42 34
12 71 11 59 64 26
61 3 64 75 38 53
94 0 37 12 72 99
86 57 94 98 73 55
23 82 80 63 79 14
22 42 33 18 82 68
20 13 52 33 16 91
11 22 19 87 73 10
95 56 32 59 58 43
1 85 83 60 94 99
29 75 33 13 11 12
64 53 82 91 20 3
15 82 94 44 43 83
59 69 37 16 81 92
29 49 72 82 23 40
5 84 76 47 68 16
15 3 45 56 68 90
44 48 72 16 20 75
42 10 13 23 81 4
89 44 22 19 16 30
83 8 92 71 99 69
45 53 66 61 65 40
18 11 29 22 71 41
78 29 19 5 13 14
11 20 68 32 64 98
1 7 21 39 18 9
91 62 89 3 63 1
29 88 94 20 12 49
46 19 88 74 45 10
6 84 58 95 83 26
42 27 88 29 52 41
78 31 9 10 76 13
3 29 10 85 50 93
40 99 83 18 49 33
48 14 59 66 70 5
5 79 29 40 60 98
34 90 61 42 51 38
30 81 73 91 58 41
23 0 29 14 89 11
7 38 32 43 96 80
89 49 3 24 64 53
0 37 43 87 16 44
60 80 12 94 96 88
14 54 26 72 92 96
96 87 58 52 74 40
65 61 99 89 8 68
89 2 62 94 80 1
8 57 89 37 9 93
25 21 94 40 42 55
44 22 52 72 6 10
42 3 88 47 18 94
99 53 73 74 61 98
82 50 25 70 88 35
34 5 9 23 21 77
46 65 96 0 55 58
72 29 11 54 98 94
43 3 89 62 49 13
55 93 25 62 2 40
29 48 70 72 41 96
83 3 52 9 15 78
72 55 5 34 49 73
9 96 77 81 24 3
15 10 57 6 89 76
53 5 87 74 16 79
82 62 9 47 20 3
96 37 69 88 60 17
50 75 25 20 15 80
85 27 0 94 5 70
0 93 85 76 83 92
27 91 65 94 67 1
53 16 78 55 89 87
23 38 35 87 67 81
28 16 24 17 98 31
50 26 90 1 98 59
92 73 36 26 32 66
51 77 37 26 62 50
5 99 26 21 13 20
48 15 40 60 18 67
56 16 96 42 6 69
50 47 61 22 33 60
31 2 96 89 56 78
20 87 43 64 24 57
86 9 85 31 79 54
82 10 55 65 26 30
77 48 16 41 88 64
47 50 26 23 90 25
89 32 7 11 87 43
42 24 74 61 87 23
15 45 90 81 75 11
71 10 66 46 95 81
93 27 90 62 28 86
43 1 44 58 10 17
74 68 7 48 14 95
62 56 59 41 30 99
70 56 33 85 3 44
71 18 90 93 25 14
65 50 26 71 61 96
49 28 14 47 20 19
28 13 4 76 19 32
79 81 98 83 21 2
52 63 22 10 0 92
35 17 80 4 27 16
22 86 50 87 70 90
19 43 36 10 48 73
5 41 35 60 84 72
77 61 22 39 19 75
60 19 95 0 31 67
65 64 74 15 88 89
93 55 58 37 50 49
6 38 42 7 19 16
70 28 57 86 6 1
71 14 47 67 7 94
64 24 54 27 38 26
15 80 72 40 7 39
50 60 81 16 67 15
66 13 63 56 12 18
72 60 9 66 76 38
45 43 24 55 40 76
24 63 70 35 26 51
78 95 51 86 60 5
19 82 38 14 20 60
77 3 54 97 19 30
48 10 92 4 54 7
11 26 31 83 9 30
28 40 89 57 78 52
5 43 95 77 10 57
24 32 79 76 18 87
74 19 31 93 88 6
78 70 15 63 69 79
2 18 13 33 34 62
27 95 89 14 10 90
0 17 87 88 12 47
81 56 35 97 17 64
56 94 86 78 50 77
3 16 24 59 89 88
52 24 96 92 61 44
34 96 94 64 95 19
73 95 77 51 32 7
53 2 11 49 71 40
29 21 19 75 46 49
59 87 69 96 31 60
6 18 86 34 29 32
6 18 76 0 37 89
41 59 78 11 19 25
97 67 98 32 2 12
69 9 25 55 81 6
87 86 5 20 75 13
74 36 31 15 46 4
8 90 36 91 58 13
95 29 5 43 31 47
87 59 52 3 63 54
70 2 80 36 87 37
28 52 83 66 50 23
28 13 58 24 30 86
15 28 53 87 50 88
68 90 98 22 13 20
81 6 44 34 94 55
70 20 69 80 35 49
51 37 32 65 38 91
62 18 12 65 35 83
89 1 57 32 28 82
90 55 86 67 75 33
34 10 87 53 64 2
9 46 57 5 82 15
59 48 60 9 18 11
86 6 16 61 27 39
86 31 26 49 46 90
31 94 1 10 4 38
25 54 31 20 59 75
52 26 40 82 63 90
51 7 16 97 70 96
49 78 87 7 42 54
4 42 31 25 88 15
28 54 29 17 61 97
13 57 74 81 3 90
72 59 32 92 84 49
4 71 53 40 83 59
16 78 48 91 85 32
31 93 46 10 8 6
81 60 10 23 24 9
67 81 13 87 64 54
62 39 87 94 23 11
0 9 57 24 96 89
56 95 77 76 16 92
31 54 89 26 40 51
77 0 48 75 51 37
31 96 57 39 88 82
71 51 93 99 80 92
42 2 93 87 50 59
54 79 6 65 61 27
47 34 75 26 3 35
12 67 32 55 90 14
76 11 91 65 33 49
19 72 39 61 68 37
55 58 11 61 70 40
46 87 9 42 90 75
68 37 56 49 19 39
82 5 69 84 67 31
29 35 73 88 21 8
62 90 9 57 69 49
90 6 23 50 25 12
86 84 67 43 60 89
88 23 27 42 16 30
36 70 99 78 82 76
15 9 55 26 2 37
85 3 96 74 5 53
26 1 43 49 22 69
33 48 54 60 52 58
79 99 81 40 87 17
21 39 6 23 86 35
49 59 86 71 12 47
18 16 71 59 67 8
32 9 79 49 86 21
63 31 34 23 28 45
20 79 93 53 68 74
76 70 93 72 25 96
67 4 89 65 84 70
5 66 35 61 69 26
24 8 13 11 7 90
20 97 2 99 13 62
76 8 26 35 15 50
51 28 16 22 60 45
17 42 91 57 88 32
3 17 30 96 74 66
6 28 22 52 86 3
39 74 15 35 67 88
46 37 48 66 21 55
42 28 16 71 98 65
26 75 48 25 12 6
74 64 66 16 96 7
92 54 3 65 97 70
88 93 67 63 48 65
62 14 91 78 95 5
65 59 98 76 33 23
83 99 15 71 27 17
63 42 48 44 6 88
92 70 11 1 15 19
57 40 70 20 16 50
74 44 56 81 63 49
7 92 71 3 21 45
69 41 99 11 45 13
47 31 0 63 48 95
46 10 64 87 80 90
48 2 22 69 60 97
4 65 93 67 63 12
75 69 58 29 40 91
6 16 71 59 20 89
29 65 53 27 31 82
15 32 5 38 37 81
7 25 13 95 97 35
39 41 8 73 44 94
74 88 6 77 21 5
6 49 60 13 51 55
18 14 12 50 30 63
21 31 92 59 37 4
89 67 59 77 64 93
38 87 34 2 32 61
4 33 47 90 8 70
39 50 36 93 38 9
73 38 6 51 13 43
37 98 27 25 20 13
21 60 87 27 88 28
65 94 16 83 58 77
37 71 62 77 53 33
71 53 88 98 38 43
63 28 4 78 60 77
91 24 66 18 14 86
58 13 15 50 79 54
64 48 38 47 15 36
55 46 52 34 81 27
71 18 70 0 77 42
16 66 37 26 68 83
48 79 94 27 11 60
85 39 15 68 78 43
46 99 57 88 21 24
73 67 64 37 47 61
54 4 42 78 23 65
93 49 5 91 81 26
33 0 44 25 10 72
17 57 56 68 37 34
58 24 1 78 13 25
19 69 33 36 31 21
34 2 33 68 47 31
38 16 56 94 51 97
92 1 47 58 45 69
14 35 17 99 34 86
52 44 1 45 62 24
25 0 13 37 76 82
91 38 37 64 2 77
27 65 8 16 64 9
99 32 25 16 92 49
34 30 87 57 7 54
75 82 3 30 68 35
7 35 2 78 5 41
86 74 49 75 21 13
57 60 44 83 77 90
91 58 69 2 97 95
87 68 84 29 2 14
89 61 6 52 94 55
81 10 32 83 11 75
10 60 78 79 23 36
44 52 15 74 95 25
83 93 22 74 86 44
93 34 5 99 36 52
22 98 70 36 79 65
48 78 41 30 53 34
69 33 94 63 8 48
78 80 69 79 11 19
12 22 37 63 65 14
26 93 12 52 96 77
2 62 64 89 22 14
83 15 48 21 3 53
47 40 83 12 85 31
98 7 1 3 11 29
16 98 86 46 28 94
44 68 73 9 35 42
71 11 35 15 89 53
86 48 83 91 18 87
37 2 8 76 45 0
12 85 19 36 97 28
1 96 77 91 63 22
38 44 57 94 6 58
13 65 58 61 80 92
65 2 21 91 19 15
62 77 37 46 20 19
49 22 41 21 99 58
36 91 10 77 15 23
53 21 29 75 41 13
80 40 50 8 3 10
76 12 61 21 99 73
11 20 9 58 71 63
29 21 24 14 62 92
25 30 41 3 54 40
57 22 56 58 71 99
32 96 79 43 54 70
11 43 7 42 23 37
99 10 87 79 61 80
57 38 25 9 45 63
19 14 24 3 62 93
41 94 52 77 6 91
19 45 35 0 9 43
27 25 84 11 94 98
78 7 31 49 67 8
35 28 38 70 5 68
93 82 40 36 68 19
73 85 45 18 81 86
73 75 81 76 64 48
32 39 65 89 16 86
58 52 66 94 43 82
53 67 86 23 70 46
62 71 95 0 84 38
44 54 4 33 11 84
34 23 32 26 93 49
37 0 1 90 60 17
46 80 45 49 77 1
70 37 76 52 20 12
67 78 71 41 33 36
70 13 17 16 19 54
23 32 11 96 72 46
98 87 94 76 68 88
14 10 42 56 7 76
43 39 31 68 51 29
14 81 92 78 82 56
91 64 55 2 41 42
46 67 86 33 55 11
32 56 72 36 25 86
10 6 62 23 66 84
44 93 52 27 78 80
4 66 26 88 40 69
97 51 15 44 10 66
96 65 66 93 9 34
29 21 83 22 72 62
40 51 32 86 17 71
87 47 94 88 96 28
12 59 97 11 65 8
73 8 30 1 31 90
95 3 76 37 75 88
14 12 2 15 47 4
22 44 90 71 16 86
99 39 96 79 21 63
3 99 30 75 17 34
85 36 80 73 91 27
13 12 6 16 40 29
83 51 44 72 43 41
90 77 24 19 10 64
68 74 0 77 2 8
17 71 15 64 69 61
32 88 96 74 23 13
44 77 28 7 53 46
60 78 65 51 91 83
14 68 66 87 33 7
54 48 16 0 43 4
0 43 93 68 72 57
76 78 17 20 30 48
20 36 56 23 99 88
18 50 49 42 87 57
21 5 53 90 77 24
59 74 79 23 28 13
28 22 78 60 41 70
99 62 28 82 27 56
5 14 67 19 10 93
44 45 23 37 64 97
4 93 27 31 70 77
58 43 96 36 19 31
70 69 32 83 19 85
34 47 38 19 56 63
55 20 73 3 56 23
4 86 60 15 25 9
72 74 4 20 82 66
28 51 55 15 0 37
26 80 77 65 48 62
78 41 48 58 36 7
63 33 54 5 6 53
98 84 6 68 71 39
44 74 77 69 17 9
11 70 23 58 8 92
25 31 62 10 63 86
21 99 80 8 76 62
65 14 40 81 73 2
59 10 90 38 37 18
1 27 72 83 45 85
50 91 38 6 45 23
18 23 60 41 40 76
69 30 46 63 26 64
26 27 35 45 44 12
80 2 52 73 94 75
34 13 23 55 37 84
10 64 3 60 53 72
0 16 65 97 48 37
67 47 22 72 51 17
86 6 60 57 78 37
27 96 25 67 91 0
1 87 63 78 30 91
57 21 25 14 83 56
80 8 97 43 93 26
49 82 76 47 45 63
38 9 22 17 6 5
5 4 74 69 73 0
93 32 81 74 82 24
18 74 10 0 52 37
49 57 4 71 99 24
83 15 47 8 98 35
16 8 32 34 50 7
89 0 2 47 68 43
58 60 76 81 89 98
61 42 59 4 13 18
11 44 49 59 51 3
90 26 86 85 13 37
65 25 33 77 98 80
44 12 21 87 45 0
58 13 89 27 51 71
28 92 83 67 78 59
5 63 45 60 35 43
30 52 40 55 96 32
91 80 78 19 88 85
54 45 55 16 49 86
93 37 54 13 27 5
15 52 74 10 51 34
22 79 97 99 62 7
35 24 23 2 96 26
84 95 59 42 98 39
8 93 54 56 17 90
88 28 91 38 45 75
7 30 1 44 48 16
54 74 65 47 27 70
12 56 60 87 85 0
24 82 70 2 67 86
70 15 16 48 65 87
76 54 85 62 81 18
84 29 18 75 43 11
69 14 45 3 65 36
2 6 33 49 88 25
85 79 4 82 86 60
50 65 34 7 32 33
81 57 76 71 43 3
61 81 94 14 64 32
60 67 77 20 10 83
26 32 76 36 3 63
30 47 39 73 36 58
98 7 76 65 62 81
31 96 35 86 93 10
29 4 8 71 45 47
1 57 77 67 72 8
59 60 16 4 20 26
8 63 96 14 28 76
0 23 98 33 1 92
58 85 7 11 88 66
91 7 18 38 51 92
99 63 25 77 91 20
12 96 67 32 71 90
71 94 75 79 90 87
50 13 54 23 35 59
43 55 70 73 14 10
40 1 39 56 76 38
98 37 50 60 53 22
25 85 4 9 87 88
59 65 77 39 80 90
31 41 78 35 71 57
1 7 55 13 84 34
44 34 90 17 91 63
33 51 16 99 66 4
45 90 10 7 55 53
76 63 0 14 33 13
1 30 22 69 51 15
25 66 45 60 3 77
10 17 42 85 60 20
54 18 4 49 91 13
45 84 82 97 16 8
97 41 14 39 42 15
98 39 38 75 36 93
32 53 92 28 34 6
94 31 13 12 39 99
98 38 84 57 8 59
44 50 71 65 23 36
84 79 40 27 90 66
6 71 22 57 66 76
0 1 35 90 93 87
65 16 34 99 46 28
68 61 59 83 60 82
49 89 61 46 11 2
86 36 59 77 6 9
84 77 98 68 55 52
3 89 85 82 90 92
49 69 99 64 62 73
48 56 79 57 53 73
28 54 32 75 25 36
91 22 77 26 40 73
86 65 9 44 53 92
62 9 60 38 33 7
25 89 9 20 33 61
73 54 65 40 72 78
80 81 32 59 63 57
60 62 49 28 89 66
90 83 68 23 42 67
13 87 67 12 6 66
86 58 2 3 26 11
37 63 19 9 7 89
32 62 40 8 36 66
48 16 65 7 50 38
28 21 30 56 74 59
12 31 52 63 8 4
60 46 45 21 88 29
81 52 66 11 92 65
6 44 34 56 39 52
88 47 34 27 41 52
59 26 27 88 43 38
4 3 85 20 72 91
8 75 67 59 38 30
15 19 80 66 18 60
69 65 14 61 17 64
31 16 95 41 50 89
11 21 81 5 28 94
39 13 83 94 17 28
29 64 85 62 59 83
40 25 65 37 8 90
92 72 47 40 59 71
91 41 9 0 67 22
56 65 40 82 91 60
69 43 45 80 31 97
72 69 18 47 41 4
79 89 66 81 57 87
73 65 51 6 76 38
25 53 20 41 56 95
65 25 72 5 12 8
12 87 61 13 26 34
25 40 67 21 0 66
12 22 5 80 53 17
8 96 68 87 57 89
34 85 35 94 9 63
56 33 66 18 71 2
96 69 77 80 36 44
41 21 79 43 91 89
36 95 60 77 58 56
7 79 25 69 46 71
7 65 98 46 44 71
9 16 25 61 7 55
66 90 65 85 93 55
97 2 66 14 93 10
47 63 11 49 98 30
52 96 64 47 5 85
36 50 11 8 66 76
86 0 28 77 53 64
62 55 56 31 58 5
8 86 45 11 70 40
72 82 59 87 33 98
59 19 6 10 32 29
51 80 12 25 21 35
49 69 14 89 45 11
29 64 6 48 42 13
69 88 84 25 65 18
81 41 31 51 96 89
20 22 66 46 2 28
65 18 95 32 51 96
43 1 75 81 47 58
90 80 2 98 18 9
9 40 94 89 79 50
83 19 45 36 21 20
35 12 17 41 42 26
81 94 93 19 46 50
82 76 20 47 19 59
72 35 1 89 27 59
97 62 90 77 24 67
36 33 38 95 61 87
82 35 41 44 87 8
4 74 15 51 66 5
0 75 70 80 29 61
25 73 96 15 93 71
41 44 88 16 14 65
94 33 53 39 71 95
57 66 39 12 68 82
57 92 29 48 77 46
32 22 18 60 93 2
21 36 95 86 5 43
13 84 89 27 16 71
20 36 15 5 79 92
30 24 52 56 57 83
87 69 30 24 71 62
14 47 54 11 2 72
99 74 46 18 35 29
90 56 82 94 19 50
13 95 47 41 24 53
12 76 30 99 14 61
39 92 51 73 85 11
61 96 0 71 19 3
40 58 35 27 55 56
51 98 74 56 12 20
10 67 80 95 55 16
34 27 72 83 77 71
74 35 44 96 83 80
0 57 81 9 66 18
6 15 84 62 11 77
64 52 67 68 4 18
27 79 91 57 75 51
43 4 54 62 33 66
16 29 8 58 13 11
16 46 38 94 61 52
66 5 12 97 76 45
58 71 94 38 79 43
19 11 35 5 9 7
10 29 38 13 96 14
24 22 53 91 4 89
53 64 82 62 94 52
73 63 65 54 50 99
32 84 86 56 20 62
81 73 32 80 90 5
43 59 47 18 21 79
17 58 22 46 14 63
26 90 30 56 69 25
85 60 9 36 23 44
44 10 3 76 66 47
12 30 63 42 62 92
29 10 1 91 83 18
34 23 25 39 22 26
57 81 54 35 39 14
65 22 38 43 73 79
46 71 52 98 37 21
66 25 73 44 35 88
85 0 87 47 52 9
3 53 86 22 10 33
5 76 74 54 67 18
41 59 55 64 10 34
1 47 13 42 89 7
19 77 12 61 0 35
68 63 85 94 55 52
36 86 99 12 32 17
87 51 13 6 22 20
46 57 25 36 54 19
15 51 73 83 41 81
55 57 64 63 34 4
12 99 35 32 47 21
56 12 68 50 1 37
10 23 48 19 18 40
25 47 95 75 62 69
63 39 77 90 78 41
82 31 81 87 28 10
73 42 31 68 18 36
31 75 82 74 91 46
87 51 35 76 29 96
43 53 94 66 27 19
3 88 80 82 17 69
35 67 28 41 89 95
80 55 52 16 57 66
20 43 64 83 18 31
84 79 32 90 35 30
89 62 19 59 33 66
75 10 12 27 15 31
22 2 4 25 99 10
34 61 16 5 0 91
10 63 54 6 71 55
0 74 24 1 21 44
98 46 97 63 6 86
65 76 23 87 99 86
29 24 93 14 43 46
64 98 66 50 14 91
24 21 64 4 14 46
79 42 16 63 33 90
42 68 24 85 58 53
90 42 69 87 17 59
78 70 68 69 28 14
28 98 34 97 64 51
87 82 30 83 6 44
10 25 14 87 92 34
47 12 76 26 69 35
68 17 34 66 88 24
54 43 46 48 93 91
65 79 47 4 49 92
16 0 46 40 63 28
46 38 24 20 21 88
15 71 34 59 50 27
94 83 27 89 55 71
86 48 56 71 6 3
12 6 40 67 72 60
85 53 57 27 2 86
20 57 69 61 60 82
53 35 95 57 36 79
24 72 94 85 90 53
22 48 18 70 20 95
98 67 9 37 93 13
27 66 19 99 21 45
38 68 96 65 16 8
9 92 43 2 83 34
61 29 66 53 78 92
16 66 87 0 7 78
85 34 82 80 21 25
63 21 40 10 90 20
43 96 77 71 32 92
66 38 53 30 90 89
41 62 5 86 25 6
87 92 54 61 71 39
55 39 74 10 86 60
14 80 42 43 24 74
8 0 42 79 95 35
76 69 30 62 59 97
12 35 14 5 20 84
12 39 56 53 33 85
3 4 60 15 70 30
39 2 55 92 67 4
33 62 68 2 80 87
58 66 85 96 59 3
23 57 88 82 1 3
27 44 10 32 9 51
8 21 32 54 19 99
70 53 76 88 97 23
62 79 85 13 71 32
37 32 43 65 63 9
75 12 53 2 13 33
43 21 75 60 52 98
42 93 26 30 53 51
69 43 20 95 92 28
81 90 46 2 18 38
0 75 1 70 3 27
15 95 43 63 68 90
55 27 45 49 36 90
56 53 76 62 65 52
83 26 73 71 16 60
60 26 55 16 20 2
53 8 21 71 20 99
32 12 21 44 9 34
74 12 9 59 43 45
85 99 26 22 87 91
1 81 62 60 87 24
34 91 66 14 80 16
57 16 10 5 75 84
95 86 59 1 5 55
45 61 21 4 95 53
88 55 68 73 89 87
80 70 27 88 25 15
72 8 57 36 43 95
16 21 4 57 32 65
15 26 58 30 19 29
20 55 25 21 69 98
0 30 84 36 58 8
51 32 65 61 22 74
13 8 51 50 63 58
79 17 55 13 42 41
57 4 46 89 60 16
89 62 37 8 31 64
81 58 41 85 74 2
76 85 33 89 57 81
75 91 45 32 20 72
78 17 89 48 86 15
0 94 76 42 93 43
4 59 19 61 14 82
80 31 60 73 77 32
93 32 51 28 34 78
20 76 91 19 2 21
36 13 97 81 51 83
45 41 18 21 47 61
42 89 5 63 37 31
28 34 43 49 9 72
56 19 62 96 40 1
36 71 42 87 52 53
12 43 98 76 65 37
49 55 68 32 41 95
81 70 0 18 85 62
27 83 51 57 41 52
72 66 35 36 89 85
77 64 81 50 76 30
67 69 84 3 75 21
10 15 16 21 20 5
72 44 58 25 6 87
96 17 97 78 47 85
89 53 9 96 11 87
39 9 73 44 34 91
17 32 88 95 93 53
32 98 43 84 19 4
86 0 87 89 47 75
67 90 71 12 21 26
50 9 24 21 4 33
1 42 99 78 24 39
24 53 18 80 68 46
16 50 46 60 67 4
97 45 50 19 72 7
97 28 88 87 91 6
69 75 57 76 4 64
74 4 67 99 8 82
89 38 97 50 75 98
76 6 96 22 78 59
93 62 85 23 10 92
55 84 10 11 39 91
60 8 41 11 19 58
40 29 80 83 94 98
3 42 82 6 75 83
42 77 31 41 36 2
74 83 62 14 40 72
56 35 82 45 38 13
13 98 82 8 32 33
97 7 37 3 20 87
82 83 7 72 45 46
97 33 94 64 1 92
89 97 33 69 45 95
99 59 84 76 69 73
38 81 47 56 67 27
14 3 83 77 96 44
77 13 25 78 46 9
78 3 74 73 92 87
47 40 97 48 63 50
71 29 42 45 54 34
91 6 22 56 93 37
9 36 13 63 49 53
81 96 55 46 97 2
69 41 53 84 99 15
90 63 42 76 37 0
10 29 79 20 80 42
58 35 94 70 29 64
46 77 14 90 0 73
59 69 2 71 95 13
18 10 63 97 72 90
6 89 74 25 85 88
43 86 77 15 68 10
32 47 98 34 49 25
25 69 93 94 95 22
67 65 19 13 55 21
65 4 43 97 53 78
93 84 2 21 0 94
55 98 97 64 87 73
83 95 47 99 30 32
53 9 43 34 67 10
21 76 56 39 43 34
70 50 89 46 55 62
72 36 59 94 43 97
35 64 80 54 24 43
91 81 45 4 14 69
67 88 89 37 29 90
54 88 34 59 25 3
79 90 85 77 26 0
17 99 91 18 41 12
10 22 78 26 53 44
91 34 86 47 16 94
24 72 94 6 63 67
91 99 10 26 39 74
2 45 30 24 63 29
89 67 59 12 49 1
66 70 37 88 4 43
44 6 89 76 47 28
76 91 37 79 51 95
51 98 23 37 69 57
87 58 94 5 12 9
97 51 37 1 92 79
14 7 33 38 10 63
61 48 23 98 28 97
75 47 72 61 86 9
67 84 42 68 16 32
72 73 97 10 56 42
58 40 85 4 96 77
22 25 39 60 42 53
57 88 32 83 59 3
20 29 41 96 76 5
13 84 59 45 39 60
70 95 10 40 78 43
24 41 2 86 84 82
31 39 58 13 9 44
95 58 46 94 91 88
30 75 96 70 86 62
20 25 31 19 13 68
42 44 0 26 50 84
82 49 12 35 33 41
66 77 25 39 97 79
88 54 70 21 66 45
5 60 27 22 39 77
53 90 23 88 36 32
79 33 40 12 20 94
81 90 80 2 95 45
30 50 57 88 93 31
30 70 94 1 27 91
74 83 47 49 1 53
35 82 34 52 73 53
66 16 53 72 31 0
57 29 41 73 2 32
41 88 56 27 70 44
45 23 58 56 99 33
70 58 11 27 78 83
82 60 15 32 58 59
82 49 93 16 43 30
91 2 79 80 76 68
28 5 18 25 69 0
52 23 75 12 49 48
55 71 95 87 45 49
75 39 21 28 86 89
49 42 72 97 74 83
66 27 17 60 16 1
47 37 54 21 29 85
66 46 93 1 7 78
12 75 83 65 72 77
58 43 48 3 45 28
81 51 68 33 97 63
5 82 37 13 45 34
35 83 15 22 21 36
83 82 22 31 36 1
3 38 74 33 36 5
55 17 67 4 74 80
10 22 5 48 74 53
19 56 36 99 66 53
71 89 24 75 58 30
29 67 52 27 89 85
5 71 84 2 55 69
47 73 98 45 95 44
54 57 24 84 78 11
84 71 96 3 98 66
84 30 80 66 6 70
8 64 49 96 20 10
65 60 74 7 5 79
8 36 1 15 99 29
10 55 65 59 24 91
22 95 14 61 73 46
46 9 39 47 37 12
29 72 45 34 20 64
67 85 21 93 51 81
76 10 20 82 74 41
45 58 10 91 25 36
49 56 92 36 52 24
86 24 13 44 21 5
71 24 39 66 88 25
29 66 35 96 88 77
9 30 48 58 76 36
56 91 76 84 67 33
67 6 86 18 90 32
96 83 13 64 40 98
2 92 39 82 21 86
41 22 66 5 21 49
23 89 28 15 90 53
83 1 37 73 93 82
52 25 46 12 45 17
27 90 13 29 33 70
47 77 43 66 64 5
57 20 68 99 5 31
70 13 45 67 53 7
2 14 18 35 77 7
26 84 60 93 63 70
68 16 90 17 58 88
62 56 69 91 76 59
24 82 17 25 90 96
15 87 31 19 41 89
7 66 54 89 69 0
29 73 90 38 15 48
80 82 38 23 84 46
34 75 2 84 11 48
53 77 45 92 80 9
36 66 90 87 48 10
88 1 66 42 57 61
93 58 96 25 14 87
47 54 53 79 18 77
79 22 53 30 64 0
34 81 7 1 5 39
87 10 57 0 55 25
12 15 49 43 80 45
76 19 73 37 32 45
5 36 50 52 94 18
89 34 40 15 58 69
89 31 37 97 90 51
39 13 84 47 12 15
56 2 73 47 33 11
52 59 82 1 68 65
27 91 34 74 71 19
55 64 57 94 71 6
6 74 55 96 21 17
69 72 30 21 50 99
39 49 1 65 82 13
97 74 63 71 19 7
22 2 88 31 71 17
7 19 69 73 49 12
10 7 84 71 24 39
65 26 58 75 69 16
11 51 39 93 24 20
14 3 53 93 39 42
61 38 54 93 41 20
74 81 59 15 71 19
44 23 99 55 81 41
12 58 85 46 18 93
57 73 70 45 51 55
28 54 59 83 87 39
19 13 27 42 99 1
17 11 84 77 1 58
30 84 5 36 4 98
99 70 15 87 18 19
55 40 26 91 51 50
87 25 16 72 30 73
61 58 30 5 7 91
16 15 56 4 59 73
54 20 43 61 64 33
72 83 98 81 85 42
26 73 94 98 96 29
90 83 43 14 36 53
15 40 23 30 79 92
69 66 58 52 71 28
39 26 6 2 54 82
42 73 99 81 7 12
67 71 12 92 52 58
36 85 7 59 10 78
31 48 28 1 96 74
16 98 10 52 46 67
37 77 43 44 18 80
49 94 56 74 98 86
19 34 24 4 9 13
31 72 38 43 99 47
34 36 88 18 35 5
31 63 5 89 42 1
47 71 64 98 65 67
0 67 35 92 19 4
59 8 13 75 24 88
98 41 11 15 50 65
16 6 60 25 44 84
78 36 26 73 7 54
27 63 9 66 42 18
76 48 12 64 77 5
43 53 12 85 96 99
88 14 39 40 83 87
0 60 33 35 43 17
42 24 64 29 97 60
76 95 18 17 68 29
49 39 46 24 31 8
36 82 2 41 58 48
62 2 25 84 72 42
31 98 68 14 49 91
15 35 68 3 79 8
68 76 94 96 27 74
24 60 82 35 99 3
58 13 44 73 78 17
26 12 14 46 1 72
22 74 98 43 58 14
75 74 81 51 37 92
75 66 53 58 37 94
93 96 36 0 77 86
76 82 52 57 77 37
45 60 91 46 38 6
6 45 27 40 41 10
51 37 26 23 56 50
98 29 11 17 92 78
71 96 26 68 62 59
71 93 34 6 56 64
80 38 49 18 1 60
76 72 49 27 92 36
83 26 64 88 81 91
14 68 24 67 87 98
43 19 14 83 99 22
1 76 81 34 90 50
82 25 96 65 57 40
95 65 41 54 55 68
39 50 72 76 46 55
71 8 73 98 5 94
88 70 49 96 93 36
96 42 7 18 71 43
12 38 70 49 42 54
11 79 25 23 85 95
27 63 41 0 35 14
67 33 39 94 41 52
98 38 83 8 69 58
22 60 94 74 97 53
1 76 89 48 11 59
50 15 0 5 76 49
22 14 82 34 53 33
9 33 71 51 64 31
39 71 18 66 25 30
77 82 78 43 19 56
55 74 45 56 10 69
78 14 84 80 82 66
78 5 51 23 0 43
62 76 61 47 92 59
40 99 17 70 86 57
43 51 38 17 76 42
68 78 49 85 98 54
91 5 40 93 12 19
13 50 36 90 76 82
34 64 8 88 14 78
64 25 41 20 81 34
28 89 68 2 1 74
42 76 9 16 56 54
12 73 30 41 45 67
15 30 92 48 13 0
1 97 41 79 32 51
35 23 51 19 44 64
37 72 88 43 2 84
54 58 63 30 91 86
31 78 82 47 94 67
10 5 36 32 99 60
63 51 77 75 57 53
15 60 86 79 46 67
74 44 31 43 37 11
28 19 54 32 58 72
32 65 21 2 73 66
31 16 0 92 4 95
47 38 17 24 88 59
3 45 84 31 86 33
40 94 35 61 15 71
59 94 98 22 6 15
35 54 43 67 8 23
20 4 23 92 16 81
31 69 74 9 23 73
18 97 34 95 83 68
85 50 40 34 43 72
1 97 94 18 32 52
37 22 57 98 90 31
99 50 24 98 4 17
46 8 89 15 87 27
60 91 67 31 72 84
40 22 8 38 34 93
42 53 92 37 25 33
11 48 84 50 23 90
54 61 37 6 93 15
94 92 46 78 67 16
39 0 17 10 86 28
61 34 10 91 15 51
54 93 10 69 99 33
44 12 79 75 99 92
57 90 68 48 99 80
63 58 42 72 21 88
70 6 50 58 69 84
20 28 85 42 3 34
9 23 7 15 67 2
3 78 86 63 81 43
96 5 11 99 16 55
5 40 49 71 64 62
79 11 83 13 76 31
62 5 11 72 77 78
73 77 85 32 81 57
73 85 74 43 41 96
36 70 23 13 34 38
7 0 45 86 14 10
95 94 36 78 16 39
26 96 37 72 90 79
10 49 15 23 26 97
40 82 14 53 87 64
64 85 78 16 77 98
72 83 92 5 10 16
27 82 74 73 4 47
70 89 52 99 86 12
29 60 31 11 15 77
18 32 66 95 71 40
47 81 48 88 78 25
65 49 46 20 32 52
12 22 25 99 84 36
83 49 10 53 32 3
30 98 1 84 91 50
75 40 18 53 34 58
2 90 11 82 25 74
3 54 34 89 26 46
26 32 78 35 44 98
43 20 74 26 42 62
89 26 33 59 31 36
63 3 85 75 0 54
94 38 74 23 29 13
17 89 13 34 6 19
46 96 31 64 14 23
62 84 93 90 25 73
27 93 96 79 12 23
6 35 8 2 28 84
90 60 67 74 12 23
1 35 25 93 14 52
79 60 28 59 22 77
89 91 55 98 35 79
65 2 48 28 42 3
91 49 36 50 79 16
21 94 44 82 28 18
92 32 74 88 49 59
50 51 85 4 62 29
83 69 77 57 87 19
76 17 12 77 88 95
43 73 83 39 5 44
73 97 66 94 22 78
59 82 85 32 27 75
13 29 92 57 44 79
65 33 25 47 5 68
78 47 9 54 17 29
66 84 27 61 50 69
90 2 96 81 82 16
4 35 29 44 45 86
88 89 36 41 29 32
47 94 0 31 8 25
71 61 83 49 18 27
96 7 53 97 73 94
63 14 1 21 0 67
28 92 25 34 58 6
63 5 96 62 70 12
59 39 29 85 7 46
72 67 12 21 79 31
15 58 7 93 72 63
22 37 85 38 70 49
59 31 91 70 88 94
33 47 85 45 80 3
42 86 16 0 90 50
58 36 31 90 3 56
88 2 26 98 63 24
1 69 31 2 68 8
44 62 17 14 55 59
61 53 10 49 99 5
9 1 23 50 69 2
33 76 2 60 10 73
64 78 72 53 99 41
46 49 91 13 67 53
90 91 52 72 50 56
89 51 80 18 53 19
4 76 38 50 81 49
74 77 87 81 33 13
48 97 50 58 28 39
26 84 1 96 78 67
9 37 80 93 43 90
76 47 23 81 21 27
6 5 68 26 27 85
96 7 75 70 25 50
84 63 89 45 1 81
37 88 70 93 80 43
8 7 30 59 44 50
41 85 80 72 64 74
86 59 57 8 82 64
21 99 58 97 84 78
12 84 99 63 92 69
85 29 78 84 48 71
78 60 47 45 2 30
7 56 35 10 22 71
10 69 84 58 89 88
30 95 71 89 31 82
48 79 8 27 24 65
90 17 36 75 32 31
66 20 8 2 37 5
75 51 98 68 21 33
43 48 14 4 2 47
43 16 53 61 98 56
56 72 76 36 8 60
78 99 67 31 4 61
59 6 90 39 78 2
71 93 54 29 15 9
56 8 96 85 93 80
56 6 3 91 46 33
92 15 65 51 87 81
87 38 74 16 76 15
61 68 81 17 84 32
28 93 56 57 61 27
4 19 68 83 43 24
55 45 83 15 81 91
15 80 99 28 67 37
49 39 84 98 69 91
33 9 71 81 35 65
42 99 41 66 82 29
95 70 9 78 34 33
81 5 85 48 30 74
33 42 23 18 50 44
35 37 16 69 28 75
80 65 20 85 24 25
99 90 57 72 23 2
93 90 17 55 9 53
59 56 4 24 40 96
60 14 6 21 88 26
87 42 44 24 19 28
64 38 81 3 5 70
32 51 91 83 97 81
25 29 81 58 82 77
66 83 62 39 29 47
60 2 38 50 17 95
2 30 63 65 4 51
69 65 17 53 64 83
13 27 18 23 35 36
60 49 45 35 90 8
38 5 54 81 33 15
45 23 3 96 7 8
99 98 8 80 74 57
84 19 81 25 18 11
42 93 45 0 19 71
41 27 2 68 58 75
12 89 62 64 27 1
37 72 27 19 67 39
64 60 11 79 83 70
21 77 36 60 52 97
17 14 79 76 20 21
1 15 32 55 20 61
35 4 80 37 49 0
77 91 58 27 12 46
77 19 62 9 57 68
48 59 82 24 70 0
10 62 44 40 61 27
31 53 71 39 92 14
23 30 4 16 75 22
11 53 75 91 42 38
60 64 38 94 18 93
65 50 38 97 31 34
66 49 12 7 50 53
34 48 88 81 77 96
32 87 94 97 3 89
82 81 57 51 9 55
6 56 86 31 67 46
94 8 0 32 21 83
40 77 0 10 78 30
20 33 65 55 86 68
37 44 51 32 31 80
72 19 93 81 20 42
67 16 74 53 35 86
95 67 59 53 98 42
59 44 5 9 36 39
55 69 62 87 72 57
35 57 39 83 7 25
22 2 46 17 36 56
20 31 87 50 41 57
56 22 31 53 30 68
75 41 39 52 38 83
71 31 1 35 63 41
35 9 29 19 27 59
9 21 92 36 47 0
58 92 76 57 36 43
71 49 37 76 3 11
99 16 5 67 72 48
83 65 43 84 54 0
48 17 56 39 24 60
9 11 53 67 12 7
36 90 8 99 25 26
29 60 31 23 92 35
4 12 6 28 79 77
5 43 67 47 17 28
77 69 0 16 38 85
51 63 54 13 6 98
31 9 59 70 65 62
95 32 13 8 5 21
21 43 25 85 0 98
2 70 58 7 62 77
95 6 31 97 3 80
52 81 28 56 58 44
81 65 7 14 15 41
12 61 11 74 72 9
93 14 77 25 96 37
54 9 14 61 88 7
13 64 80 58 62 16
7 89 81 20 4 29
32 44 72 0 59 15
0 16 88 93 97 5
13 75 50 79 45 29
4 40 87 81 6 37
64 63 81 86 59 80
39 17 0 44 68 66
64 36 78 70 73 56
38 25 94 97 86 51
14 42 84 90 6 91
66 81 52 4 20 80
41 58 92 55 79 25
45 57 21 53 15 18
99 11 66 43 57 90
78 36 5 32 54 58
83 97 15 79 30 57
92 81 93 82 19 52
52 27 91 31 65 36
18 89 58 28 97 94
35 76 26 64 67 32
93 76 54 17 97 79
28 29 5 56 99 47
49 66 64 93 81 41
54 27 8 55 1 26
54 59 41 11 93 13
26 13 43 93 92 53
78 6 46 97 3 17
16 98 51 83 13 34
43 46 63 69 49 42
74 19 79 25 13 83
21 2 89 98 85 63
57 60 82 55 58 23
86 58 68 65 74 85
74 40 54 67 47 29
90 30 13 25 6 69
7 2 34 81 23 61
72 0 17 9 85 80
86 69 72 46 42 85
27 51 23 71 64 59
48 44 25 80 69 42
43 75 62 5 21 33
54 51 48 0 65 77
17 92 20 70 81 99
65 34 66 52 13 83
84 26 64 91 33 83
91 65 86 92 30 97
97 38 29 28 50 23
5 65 24 37 60 11
46 49 4 45 18 42
68 57 64 54 4 11
6 23 88 8 14 51
22 29 60 25 64 72
90 18 2 11 69 26
38 59 65 69 51 97
89 95 56 88 73 18
83 69 51 53 81 14
88 79 81 99 19 54
20 5 8 72 33 40
86 37 26 28 8 3
0 37 94 26 74 30
99 82 6 18 35 45
21 5 15 49 4 71
8 97 43 55 48 63
25 21 7 55 51 67
7 12 31 82 29 25
82 91 22 49 60 54
65 39 34 15 63 95
81 23 17 59 76 22
58 98 27 22 82 79
0 19 88 57 66 45
83 70 29 16 26 90
98 30 78 67 57 39
11 22 32 70 69 57
40 93 10 36 65 66
49 11 94 23 51 0
21 78 8 51 54 50
82 19 8 3 10 24
73 51 84 85 97 31
81 19 85 82 16 64
18 21 77 13 3 62
10 31 94 92 13 12
19 18 13 82 50 5
55 13 84 32 78 89
3 36 92 19 7 8
16 51 70 28 21 75
81 8 96 80 22 54
59 11 68 69 53 93
19 57 1 99 95 45
49 10 78 64 25 42
98 66 38 88 75 81
84 24 42 25 43 91
57 31 3 88 86 82
21 65 93 85 56 50
1 87 11 7 30 48
13 73 6 26 10 69
75 91 36 44 0 82
68 31 39 64 98 6
56 25 83 74 61 28
43 98 91 18 45 74
60 6 21 70 43 10
61 8 4 44 59 77
63 62 94 85 6 30
48 28 39 61 52 36
75 16 49 92 58 52
29 71 6 55 15 94
88 9 57 35 44 89
16 66 75 49 72 69
15 47 46 83 87 78
55 95 49 70 40 73
47 45 43 83 85 69
20 12 38 94 96 95
44 85 79 78 74 11
57 48 97 80 73 35
55 89 47 43 58 81
18 97 0 12 44 5
4 43 29 41 31 61
48 2 94 74 35 9
63 17 41 20 38 97
95 73 26 2 38 79
35 40 91 3 38 60
85 42 17 14 50 79
7 40 5 80 24 11
6 72 76 29 30 81
30 37 6 74 81 98
52 93 61 73 97 43
46 94 88 23 18 38
77 62 39 14 19 69
44 26 83 40 28 37
25 49 70 26 47 76
32 34 26 73 21 86
61 34 91 86 83 80
91 68 12 93 44 63
48 11 26 14 18 25
13 59 7 64 31 20
74 79 12 84 71 86
70 20 92 19 99 86
78 13 7 71 4 90
20 96 50 34 26 57
4 50 40 89 54 83
33 76 30 58 14 73
14 64 4 35 80 16
79 68 28 16 6 50
59 65 4 27 63 85
58 74 19 16 95 30
51 50 70 14 42 90
15 54 41 12 95 94
29 4 98 45 21 91
78 38 54 14 67 96
55 38 63 92 86 19
34 9 33 14 89 3
1 71 17 55 98 30
38 28 57 40 76 20
50 8 76 92 80 9
47 35 37 27 55 77
84 47 10 69 71 13
41 66 5 54 67 62
34 23 67 72 78 29
3 27 84 92 57 19
88 38 20 92 28 52
18 38 77 44 91 37
99 43 77 64 49 33
81 97 20 64 98 2
60 13 31 95 87 53
33 75 91 1 52 44
96 97 31 81 41 33
48 64 26 15 63 72
78 95 58 61 94 42
69 68 3 12 73 49
54 41 83 37 16 63
16 40 67 30 37 35
90 82 31 88 9 13
27 73 14 26 99 82
57 67 45 95 39 10
15 30 13 62 26 12
7 33 14 5 10 1
53 24 14 76 18 23
69 97 96 25 17 92
37 80 27 30 77 91
60 79 35 38 59 84
54 82 81 94 98 68
75 44 25 59 98 97
48 39 61 76 23 15
82 95 84 99 20 26
37 59 54 32 94 22
2 49 86 67 97 71
93 70 51 75 53 43
90 55 53 59 81 99
9 91 37 17 53 38
99 50 44 55 72 71
2 40 16 85 68 96
90 95 83 13 0 70
0 92 55 23 75 71
18 84 77 73 9 89
13 83 51 8 73 87
64 39 68 1 79 80
41 95 94 22 24 52
72 20 61 43 89 66
97 29 4 34 32 75
6 21 77 5 72 41
37 61 45 4 91 43
37 23 96 14 64 9
0 12 55 80 4 18
4 56 32 18 6 62
54 88 38 34 86 57
43 41 37 19 51 26
47 60 76 43 62 70
99 47 33 32 34 79
33 27 29 68 99 54
59 95 30 52 68 23
72 89 28 71 79 23
4 57 75 78 15 20
72 91 33 13 61 75
84 14 93 47 42 78
84 3 97 81 56 59
76 64 57 51 87 95
32 94 79 61 42 43
26 79 14 97 22 80
34 18 86 73 30 19
56 38 80 27 36 25
22 19 32 33 56 54
32 66 67 2 73 14
12 43 14 97 55 56
20 17 36 94 91 21
74 28 33 80 18 49
32 51 1 37 82 93
8 42 69 40 44 92
97 69 50 61 37 99
57 96 19 65 56 83
75 92 71 58 64 35
36 26 42 33 74 44
84 85 83 18 4 5
6 13 78 28 95 41
67 35 55 86 31 62
1 43 27 40 2 74
36 11 84 82 32 40
42 49 80 65 18 8
97 47 72 39 55 58
88 46 61 59 92 48
64 79 49 83 6 42
4 55 8 39 96 84
27 82 62 45 31 5
64 17 0 58 66 8
11 76 97 41 60 73
38 68 60 44 88 91
92 82 45 25 36 63
41 98 12 38 9 67
45 36 62 90 99 67
13 76 93 37 81 71
27 57 39 91 6 80
75 77 83 26 39 93
39 98 32 59 65 61
39 62 56 5 93 72
17 93 24 67 3 90
84 74 5 4 26 22
37 88 70 44 13 71
61 88 67 26 70 4
96 20 38 57 90 10
56 99 97 86 98 24
36 74 77 9 18 33
10 1 54 32 98 75
60 42 57 0 35 29
91 30 57 92 29 31
30 54 63 51 12 92
35 40 1 46 19 3
42 43 50 85 3 75
48 46 58 37 55 41
0 86 7 40 17 51
86 78 37 91 62 47
18 72 65 80 96 85
28 62 48 68 76 25
46 0 61 33 66 25
79 28 26 66 9 44
78 82 33 9 43 8
59 31 73 5 53 43
74 14 0 45 25 46
98 76 70 32 49 77
13 77 96 68 33 23
87 40 90 1 77 88
84 92 36 18 97 20
55 30 76 84 43 15
53 89 44 18 25 97
31 3 17 57 46 58
30 11 86 58 92 59
95 3 71 59 1 70
16 2 25 86 7 13
14 18 81 33 25 42
61 71 70 33 73 57
42 4 1 12 52 83
27 1 87 64 85 22
63 17 61 38 94 47
94 89 49 72 68 22
0 40 77 86 63 80
92 64 22 28 75 50
59 26 72 45 89 37
17 18 11 31 19 71
45 81 22 77 41 57
19 74 2 33 64 22
4 48 88 95 61 29
29 34 6 98 2 95
92 9 38 66 84 31
11 51 34 13 58 84
52 43 40 66 8 33
43 62 87 66 10 89
62 43 8 39 25 80
49 66 31 88 68 71
56 84 81 4 5 53
42 73 12 20 43 69
78 89 66 50 54 49
15 75 49 25 26 57
64 99 47 4 96 44
79 1 41 34 72 84
67 95 54 34 88 86
99 87 29 51 4 83
28 85 87 69 95 4
87 23 11 31 46 25
7 60 14 75 15 26
13 3 81 37 10 53
67 4 29 73 26 9
50 98 44 95 57 8
6 57 66 50 82 83
3 60 91 72 88 84
64 95 27 1 61 21
69 65 58 76 71 31
10 36 78 38 47 59
56 77 88 32 93 49
47 68 11 79 86 31
49 21 68 17 26 79
48 66 53 95 67 99
28 17 5 24 66 48
37 72 35 80 29 48
11 99 54 86 41 32
44 75 59 81 26 63
31 28 39 57 36 98
16 48 75 90 15 22
44 61 13 51 26 18
48 15 66 67 57 63
0 29 72 30 1 42
71 17 42 25 28 83
98 39 75 64 32 33
81 28 80 92 11 4
62 79 41 46 23 36
35 79 90 76 47 16
55 89 28 20 37 73
62 65 86 43 55 70
66 4 38 9 73 7
73 53 96 33 68 6
27 37 51 39 80 48
93 13 90 73 28 12
86 87 43 17 27 73
21 65 70 13 57 19
28 98 73 80 68 93
3 20 99 16 47 49
33 37 84 70 65 18
72 64 37 2 99 80
83 46 21 45 55 43
14 61 10 55 74 37
83 79 57 82 62 84
93 79 47 20 7 96
65 19 58 93 3 40
74 8 80 6 72 2
3 49 24 19 58 23
40 93 36 54 21 67
55 23 38 99 86 68
67 1 44 3 4 42
53 71 10 82 36 45
48 81 23 90 22 26
96 42 75 9 88 41
96 85 82 3 94 89
29 49 39 30 20 90
75 31 6 99 24 79
74 31 3 84 34 76
45 57 12 21 66 65
31 12 30 19 35 93
36 2 4 76 59 31
32 27 50 88 92 44
56 57 90 89 93 66
78 72 92 7 8 47
14 26 4 76 1 42
72 46 31 2 89 60
31 10 79 49 64 91
13 15 91 64 81 52
1 15 56 16 11 75
49 6 8 38 45 20
98 95 96 35 43 30
51 14 10 87 41 40
5 92 58 34 14 15
71 82 5 10 94 76
19 30 90 70 65 36
60 51 67 83 53 95
46 13 95 49 80 10
8 30 21 91 7 75
58 5 22 93 89 74
11 81 93 95 94 92
70 67 15 1 81 78
34 3 48 92 80 85
46 50 93 99 22 43
66 4 14 81 16 82
44 23 62 39 16 32
14 81 54 56 4 0
57 22 0 44 65 41
59 30 78 72 33 57
25 94 67 31 45 29
59 82 1 57 50 13
21 40 65 97 72 35
24 29 11 66 60 39
46 88 42 84 63 85
41 82 42 44 70 69
55 25 17 92 49 11
39 83 49 35 98 50
64 51 33 94 21 62
2 90 39 10 41 79
20 92 24 30 51 76
73 49 29 66 91 57
59 22 64 8 65 98
32 87 90 4 18 62
84 20 19 38 73 64
99 55 25 88 63 47
19 35 2 18 41 64
88 34 30 14 40 0
5 68 67 73 97 76
68 6 85 38 75 73
84 16 86 38 70 10
37 92 44 41 8 36
36 68 70 43 25 9
86 69 75 56 55 66
15 68 11 69 29 95
75 44 45 14 79 73
7 69 24 76 25 45
14 17 79 75 69 4
0 64 62 80 95 47
26 65 83 93 84 21
50 64 22 90 6 92
44 95 67 31 87 48
28 21 83 3 82 81
0 72 7 14 44 70
74 84 78 75 76 90
20 93 37 72 67 27
75 66 92 20 18 30
48 72 98 27 5 76
8 23 59 52 91 3
0 39 2 86 84 6
57 29 23 80 7 6
65 74 94 96 60 6
58 9 18 22 68 4
36 15 0 45 84 27
97 32 85 70 14 67
38 73 34 90 80 51
90 64 66 65 0 96
11 64 35 14 32 17
59 99 8 12 16 56
61 60 23 57 96 28
16 44 91 72 61 35
36 70 29 90 91 3
6 5 97 33 92 71
40 69 52 57 20 85
18 15 93 34 36 58
93 20 53 1 68 21
74 61 42 40 20 24
92 99 44 75 32 5
87 99 3 24 72 74
35 75 16 77 37 11
67 33 32 6 10 17
75 67 24 92 89 99
94 40 73 1 30 42
1 38 39 58 46 15
73 27 14 13 68 87
79 65 15 76 85 50
92 77 76 34 85 70
22 6 50 29 31 81
44 14 43 87 48 2
53 55 40 59 7 14
59 55 95 18 61 17
33 15 11 79 57 37
86 90 96 83 69 6
36 74 16 27 44 58
63 88 3 0 92 72
46 43 88 79 70 42
88 89 16 52 66 72
92 70 99 53 7 90
11 39 1 26 65 8
61 41 2 71 99 80
47 82 99 70 36 56
43 98 89 53 54 22
23 2 20 63 96 89
13 92 12 85 69 73
26 2 17 43 95 71
95 12 28 57 3 58
35 17 86 52 29 50
68 73 85 84 87 44
70 22 18 19 39 47
48 36 79 22 35 66
41 91 34 54 77 86
99 84 78 95 33 8
31 33 79 37 20 47
71 38 8 45 26 78
17 77 40 41 98 39
50 16 92 32 94 81
5 61 43 4 33 65
18 82 50 85 55 41
80 39 37 52 45 79
99 9 27 62 59 61
59 20 28 16 78 89
36 0 72 99 21 46
54 61 0 70 65 20
49 2 35 16 82 36
96 29 54 13 7 5
52 55 24 82 89 32
94 25 91 95 8 35
18 72 47 52 61 65
61 56 47 97 52 68
64 57 45 47 19 52
95 29 41 59 74 27
17 45 23 84 2 50
19 68 36 72 26 88
65 86 6 92 36 37
18 63 13 98 17 38
54 66 71 34 84 22
40 4 84 24 15 92
98 66 44 65 28 76
95 52 35 28 29 99
10 83 30 81 41 14
63 94 13 35 7 97
70 15 46 45 93 41
10 48 9 33 69 96
20 13 86 66 37 6
78 65 69 2 19 61
85 31 88 59 5 80
88 29 0 32 95 59
2 84 20 48 71 39
73 91 54 79 16 65
30 82 22 33 19 72
64 84 44 21 92 39
50 52 75 91 74 17
10 75 15 44 89 54
24 10 58 99 9 40
31 19 14 77 32 68
54 17 24 67 50 79
59 53 96 75 18 68
57 13 68 63 73 77
73 7 11 12 17 87
74 17 64 50 36 25
61 46 68 77 39 75
57 85 92 3 81 23
31 80 7 2 5 6
7 55 28 36 29 95
33 11 37 89 2 86
15 10 73 86 97 34
67 17 8 94 0 53
11 77 79 68 29 5
97 9 71 91 39 4
23 69 97 3 68 46
53 54 62 74 12 6
34 62 35 5 7 42
41 98 19 95 17 42
48 43 62 9 47 50
52 56 67 99 5 81
54 5 47 55 16 73
89 2 14 57 27 5
66 33 1 75 8 18
53 75 88 30 59 92
93 67 74 41 18 66
37 34 58 55 80 81
15 55 30 13 87 5
61 16 75 22 86 60
9 2 4 84 88 23
33 80 4 0 99 8
55 51 93 7 27 39
8 56 3 2 38 49
35 17 76 34 1 85
58 38 78 32 13 26
6 24 75 68 63 38
93 18 48 13 8 99
41 28 98 85 26 80
7 99 92 79 62 25
88 18 61 52 29 67
89 50 59 32 71 57
84 95 44 15 47 92
71 26 56 90 14 43
58 86 11 12 73 76
51 43 99 3 26 86
62 52 86 36 15 0
62 85 45 81 51 7
26 92 39 88 15 97
79 73 44 89 51 65
65 19 26 22 15 95
8 5 54 90 96 24
16 5 6 93 7 60
45 32 15 57 13 93
73 79 96 67 50 19
8 98 83 37 68 20
78 21 62 68 6 73
42 2 55 48 49 41
25 66 92 94 12 88
83 42 85 33 35 98
43 36 71 28 84 70
58 53 74 0 35 51
36 5 51 24 52 73
16 37 45 53 76 48
85 52 35 14 74 54
93 68 24 98 37 99
79 76 20 43 88 7
84 13 59 73 14 31
9 20 37 40 84 54
40 21 4 62 74 81
63 35 72 60 97 80
97 28 67 54 63 82
27 72 70 7 64 93
76 85 42 94 33 43
64 9 57 14 33 73
44 37 67 99 58 6
90 35 97 56 76 82
52 33 1 53 47 2
23 13 41 73 43 42
90 22 43 56 30 65
92 2 96 30 69 4
49 95 91 78 99 23
45 39 3 15 94 8
44 93 24 1 48 60
21 84 44 17 70 81
79 62 74 8 33 21
83 80 41 10 79 32
85 12 62 24 86 63
84 53 14 62 70 5
81 67 31 36 66 30
30 5 16 81 26 79
59 79 71 98 2 48
50 96 61 69 90 48
32 69 67 15 12 57
43 20 44 5 35 98
61 81 94 18 52 46
57 11 60 77 21 58
41 85 80 22 93 56
12 39 34 14 29 73
36 79 19 80 62 43
73 53 31 5 8 55
69 60 63 6 9 52
77 19 78 20 11 35
92 46 84 58 27 51
46 60 75 96 28 13
43 75 1 90 83 63
60 28 42 64 91 40
65 27 28 83 18 0
62 36 56 47 83 21
39 92 20 87 76 2
97 89 63 6 62 23
8 86 57 17 73 79
32 4 18 8 79 24
29 25 6 65 42 87
22 35 80 88 62 74
56 49 55 66 16 72
22 20 47 74 56 86
62 90 86 2 81 66
23 10 31 44 22 91
91 1 63 5 9 94
99 2 54 55 90 74
49 25 74 87 68 75
73 80 44 19 12 2
4 65 53 8 34 33
99 63 70 93 96 85
69 4 64 84 52 99
85 3 91 44 86 41
1 53 77 68 4 81
58 81 75 53 90 17
29 99 11 18 59 43
99 85 97 60 41 74
16 94 54 17 47 84
3 67 2 12 24 83
55 75 21 50 40 65
64 54 67 44 95 25
30 49 63 69 3 43
10 34 56 19 30 16
13 52 95 9 97 49
5 82 29 34 63 56
84 1 21 88 33 10
46 50 89 54 32 34
9 84 81 21 92 37
86 77 9 52 31 99
18 45 4 96 5 43
93 44 85 92 73 88
52 11 96 43 7 86
3 10 78 51 25 77
14 34 18 27 79 84
66 73 2 68 97 99
57 46 69 7 80 28
94 36 51 57 39 29
12 93 33 4 49 63
18 26 3 32 62 8
50 70 63 75 36 95
50 2 84 43 46 51
19 3 82 49 62 35
44 21 83 32 99 71
60 18 16 61 66 44
76 34 17 65 24 61
70 66 75 8 27 86
24 73 21 3 76 83
69 81 77 66 23 53
36 37 46 80 39 70
43 75 14 23 54 65
28 41 24 52 96 6
70 66 42 81 95 54
75 18 86 96 72 26
83 77 9 80 98 43
85 79 47 31 78 92
16 1 14 97 88 82
9 89 64 23 6 71
91 62 35 46 48 61
13 64 40 95 53 79
90 52 49 15 48 29
34 93 99 57 80 50
45 74 87 21 40 53
37 88 21 19 27 90
54 6 27 70 20 76
13 19 43 77 75 82
76 49 86 63 41 90
92 65 42 31 1 45
52 77 42 86 40 3
81 83 88 41 75 45
44 56 5 16 61 89
82 97 0 2 1 75
1 85 23 6 44 50
21 91 90 84 1 42
40 61 27 69 9 25
43 79 56 63 21 71
29 31 99 92 25 54
4 92 45 51 72 91
96 75 27 43 42 95
75 5 73 96 1 11
99 25 49 92 27 48
91 64 58 4 93 27
85 97 31 27 51 20
59 58 81 7 24 8
21 60 92 79 13 80
48 28 85 37 18 98
28 85 82 59 64 13
85 60 26 78 0 16
16 29 19 79 82 66
94 68 19 98 76 86
87 68 18 82 51 30
59 89 0 10 1 42
50 61 28 95 62 38
60 58 6 86 48 18
18 86 90 45 70 19
81 22 85 58 70 54
31 18 56 36 44 60
30 31 61 2 73 92
58 52 3 98 37 35
59 96 27 7 58 82
77 52 33 20 24 96
67 0 85 27 71 80
97 63 75 86 58 23
33 47 7 24 45 81
8 12 2 45 11 25
16 47 60 53 41 19
63 34 87 89 9 76
51 10 6 83 36 12
14 82 12 17 98 58
55 95 83 68 9 71
82 96 10 39 90 3
76 42 31 69 75 74
52 55 22 71 73 20
78 37 38 7 35 47
78 72 65 11 96 55
41 0 33 14 85 23
23 51 78 31 85 42
98 2 95 65 11 92
2 82 41 73 47 79
79 88 0 71 43 57
18 87 61 68 86 6
85 69 27 61 43 30
50 6 56 42 59 78
15 80 9 26 35 94
86 19 3 96 1 42
46 45 49 15 98 78
8 2 35 11 77 12
18 46 50 34 28 21
64 22 76 26 72 59
59 48 50 78 41 20
3 15 94 75 58 73
23 30 28 85 66 58
68 13 45 15 35 31
82 98 60 7 88 14
17 22 44 9 10 63
96 81 92 10 80 56
96 52 44 73 58 49
44 79 81 11 86 64
9 83 80 68 82 98
28 67 38 84 41 95
80 49 64 95 59 38
84 65 88 80 35 56
61 30 66 5 8 35
6 17 24 21 12 75
22 4 90 68 20 46
26 88 98 81 41 85
54 26 16 40 3 55
3 0 16 17 53 24
20 61 45 41 82 39
11 60 42 13 46 90
99 91 9 64 27 18
0 16 25 62 60 69
66 21 57 22 36 62
93 2 70 16 60 65
81 53 77 8 25 58
6 24 31 43 11 85
32 92 94 57 45 43
85 37 55 99 18 62
88 66 94 81 7 26
68 37 22 72 32 98
55 83 58 6 74 26
72 23 78 21 92 90
75 56 66 12 78 23
79 58 11 95 32 14
23 95 94 18 86 85
7 82 94 76 49 40
94 82 89 7 77 45
71 50 61 82 10 74
10 69 66 39 79 26
10 81 55 78 27 40
8 85 10 77 23 25
44 59 9 23 85 73
72 53 69 70 59 51
60 51 42 67 11 56
42 82 33 69 22 68
48 62 99 9 94 20
67 39 47 79 20 6
75 50 62 24 46 0
85 14 92 21 4 59
4 56 95 65 19 51
98 47 79 93 56 25
72 40 71 51 95 96
73 17 3 20 80 13
87 40 4 83 96 70
96 39 65 37 34 23
67 48 64 15 4 83
12 14 94 95 57 7
98 38 24 92 80 9
35 10 59 2 85 99
62 40 96 17 41 27
9 2 41 75 72 11
78 26 72 85 76 7
35 81 29 46 0 85
34 77 38 79 50 42
17 0 35 47 15 86
21 88 28 8 0 95
76 46 26 53 72 88
86 77 39 18 40 58
85 74 0 59 47 86
65 36 50 95 18 15
73 92 1 31 14 9
47 87 71 99 73 12
80 47 9 69 6 48
5 89 21 6 97 43
85 33 49 18 32 94
91 11 85 59 63 9
38 28 42 17 98 85
29 25 41 9 2 62
91 82 92 25 9 81
77 26 1 2 11 62
51 1 91 34 60 85
60 62 39 88 93 55
24 43 12 34 68 51
4 97 41 83 33 81
50 86 91 29 83 92
52 70 99 10 97 92
25 69 47 75 6 41
8 76 14 60 70 23
86 59 67 1 98 92
92 94 47 64 19 58
42 95 20 51 89 73
54 96 60 30 55 8
50 61 27 32 56 99
82 11 32 69 51 1
41 24 98 7 95 80
73 43 54 72 25 37
8 76 63 85 95 15
54 12 22 48 26 30
54 5 62 89 9 56
48 13 54 49 67 12
43 15 3 47 11 53
81 35 20 78 49 19
79 97 27 99 68 14
45 12 19 75 90 0
69 73 77 43 17 12
60 48 90 68 83 75
99 67 68 7 62 21
40 2 20 67 51 63
82 55 31 46 29 16
96 58 22 27 69 29
89 98 92 87 33 28
99 66 71 5 87 78
24 16 67 54 94 45
76 44 48 83 38 31
66 39 51 91 55 30
47 98 77 41 83 87
51 77 67 44 69 43
54 61 35 25 1 26
43 53 7 71 89 58
25 87 51 24 68 93
96 95 22 28 72 84
16 18 96 19 67 11
30 11 72 75 40 67
43 15 74 20 39 5
10 32 90 86 80 61
77 81 72 26 87 20
7 84 63 46 34 53
85 15 37 17 88 0
80 25 96 91 49 79
87 33 59 83 91 78
97 35 88 76 36 21
37 5 60 88 73 70
99 91 55 34 11 7
22 79 8 30 5 21
68 70 56 27 29 69
42 37 93 92 73 79
79 74 56 36 68 45
89 34 68 45 72 35
69 17 86 6 3 8
74 89 82 19 42 79
57 28 50 13 11 75
74 43 57 63 31 0
61 77 85 29 0 44
46 34 91 97 10 85
51 8 62 25 89 86
19 57 21 96 56 48
29 50 23 87 37 20
86 27 18 44 73 49
85 13 50 43 41 29
26 29 80 74 95 45
67 56 71 34 76 0
46 92 67 75 73 6
44 7 73 46 49 24
35 93 76 8 69 22
93 83 95 82 30 5
17 38 83 79 95 81
98 87 32 12 31 16
39 26 96 54 18 43
73 40 57 24 6 89
19 51 22 15 2 40
17 62 42 88 63 75
14 73 10 25 55 93
45 71 63 87 38 4
58 29 16 17 27 78
34 38 29 16 17 75
83 17 26 39 72 64
47 72 73 17 6 67
46 84 37 28 80 70
84 99 24 97 67 21
47 43 37 51 3 83
20 45 59 58 57 8
58 27 55 41 75 9
72 89 23 59 62 90
36 22 69 93 42 1
14 10 8 2 95 55
19 51 24 49 77 42
59 80 96 77 0 15
55 94 5 64 70 66
29 98 63 48 38 28
3 77 20 47 75 71
45 90 62 43 36 21
71 12 68 10 64 4
58 17 37 87 19 26
99 72 52 0 64 57
95 41 57 10 81 37
25 68 34 43 3 11
62 68 24 96 28 5
32 11 15 48 57 71
74 87 6 71 64 20
37 86 11 24 92 84
38 85 16 2 59 45
41 16 10 3 20 23
5 92 30 90 3 44
23 90 63 98 32 29
25 56 90 69 37 46
88 78 59 5 77 70
82 72 19 25 58 49
88 73 82 57 15 66
58 13 79 17 71 91
7 20 98 70 2 35
79 38 99 54 52 45
30 44 58 24 23 57
4 16 2 81 60 57
99 25 76 40 92 87
42 48 33 73 60 5
67 35 23 81 85 7
25 62 70 46 82 57
64 1 56 58 9 0
85 21 74 93 19 46
38 3 74 4 60 33
67 61 99 65 79 73
93 56 36 6 13 49
63 54 76 20 27 88
83 89 25 14 52 10
64 22 89 26 30 8
84 54 36 96 8 97
51 43 67 53 0 8
85 58 89 59 99 80
43 60 76 55 82 88
59 64 81 21 89 0
83 28 24 75 5 65
91 2 86 90 37 26
69 97 92 15 11 68
28 11 76 12 1 33
24 36 17 63 82 18
72 31 66 71 34 2
62 4 81 39 52 84
64 34 3 55 22 44
52 58 37 23 30 8
40 43 36 27 68 58
7 49 85 29 60 28
12 60 71 49 45 52
59 3 43 17 88 72
83 79 81 62 80 7
14 30 83 42 32 27
75 26 3 34 98 74
76 60 83 28 74 79
67 23 31 83 33 81
84 55 90 79 5 14
80 77 83 95 14 63
38 49 34 17 68 42
52 90 16 62 58 73
48 74 8 90 21 99
8 1 95 25 14 7
16 91 18 0 47 67
22 41 77 71 3 54
42 80 74 3 77 24
47 81 2 55 34 70
82 31 71 45 48 7
51 5 4 86 49 42
7 16 74 9 63 24
65 47 97 23 14 19
26 82 53 60 4 5
61 95 42 69 4 88
22 6 41 69 80 10
1 12 94 97 93 24
7 63 14 70 24 48
30 28 53 75 87 49
86 77 13 98 22 40
60 8 71 39 67 20
71 5 82 49 8 14
32 3 47 72 41 91
11 53 68 44 29 95
83 34 46 19 79 2
91 82 4 50 0 17
97 46 87 44 20 70
40 45 82 23 76 21
1 58 40 14 97 11
98 92 71 51 17 50
48 47 72 86 49 99
67 71 37 93 89 32
83 55 80 99 2 85
79 20 90 2 55 24
78 44 16 12 97 33
14 91 41 10 87 76
58 48 6 34 73 65
16 56 37 86 14 33
38 30 87 93 27 26
84 17 23 21 63 10
39 17 68 16 83 99
14 74 28 20 22 53
40 42 20 1 98 53
68 51 13 69 87 8
81 18 73 48 97 96
47 9 20 66 8 84
9 65 28 97 35 64
82 30 64 46 88 17
34 18 66 62 61 97
91 97 68 51 4 62
67 24 9 54 93 50
62 75 97 19 41 14
93 23 61 80 42 98
22 99 65 85 66 20
26 97 63 83 35 42
5 87 79 8 99 98
30 71 56 11 94 27
61 5 63 14 67 42
93 72 3 81 29 65
92 4 97 60 89 48
3 70 7 87 13 84
66 68 65 59 0 10
63 45 70 79 35 6
65 53 5 52 6 17
83 18 97 68 51 43
91 74 16 63 36 14
79 61 9 2 70 59
35 16 43 15 55 70
60 64 44 89 88 76
22 25 9 4 52 13
38 47 31 15 88 11
54 24 28 26 39 83
49 62 97 25 53 18
21 27 46 30 55 99
42 5 72 46 13 44
19 55 25 86 60 31
90 56 41 48 40 67
72 50 46 81 86 18
89 84 79 42 45 39
25 13 45 31 27 54
80 56 3 10 83 37
63 58 10 13 66 78
17 12 90 21 80 28
47 79 3 48 20 33
42 34 10 11 95 39
27 77 54 19 33 44
55 67 2 33 27 65
75 73 62 92 82 45
32 96 98 54 72 84
22 96 18 89 26 81
59 46 73 42 17 30
33 49 84 12 20 16
26 82 3 35 14 28
89 33 13 84 94 66
98 93 21 81 36 85
76 63 19 91 13 98
70 60 69 93 1 63
2 47 11 30 28 92
73 35 23 67 16 55
95 27 62 0 92 93
21 30 9 42 89 7
47 48 95 36 83 53
37 79 82 64 10 32
4 52 13 17 43 30
56 21 37 66 82 94
3 8 90 43 36 71
23 86 63 2 45 98
40 9 11 12 16 18
11 5 32 60 14 73
56 17 55 38 95 22
38 76 67 21 56 92
41 71 9 57 30 37
66 24 91 87 56 48
64 71 51 3 0 6
81 5 39 61 51 41
79 82 68 56 73 29
87 98 44 61 93 89
47 38 39 85 61 88
31 0 82 91 97 11
59 8 0 15 62 82
31 17 69 12 71 28
80 84 23 91 78 54
10 51 59 70 9 3
84 1 85 3 33 6
41 59 42 55 30 71
12 13 96 21 66 60
21 94 14 48 80 96
95 91 68 83 51 61
87 14 9 94 17 10
55 77 37 60 30 49
64 93 42 75 62 15
51 38 22 72 69 40
91 99 45 7 39 56
82 51 80 10 29 50
23 99 28 97 50 24
71 90 92 20 65 88
45 95 41 65 28 49
15 66 5 70 29 31
11 18 55 74 49 16
21 65 95 25 80 9
60 16 11 62 9 20
5 81 59 99 31 68
74 7 48 10 61 34
78 7 27 70 43 6
79 88 72 26 36 3
67 33 1 98 49 41
7 27 64 42 85 13
97 52 77 62 25 9
23 77 62 69 11 31
83 24 52 22 80 67
1 6 62 24 0 13
24 84 15 25 71 66
39 14 35 54 87 72
34 96 28 4 59 1
30 50 79 97 13 37
21 32 6 69 58 50
23 58 2 53 22 17
16 49 13 78 77 21
13 38 72 96 75 73
54 65 74 26 86 15
38 50 44 81 37 80
51 89 2 71 39 75
3 19 98 59 92 61
42 23 55 13 35 9
95 11 94 48 90 73
39 37 63 75 68 7
83 77 14 55 33 87
81 54 35 61 13 28
19 24 11 27 16 55
15 60 12 46 41 76
29 88 48 69 30 68
76 0 3 5 45 26
26 78 92 81 45 57
49 57 14 25 66 9
53 32 43 25 9 33
55 15 91 43 21 90
3 65 9 33 79 36
22 78 47 86 72 27
78 39 47 10 79 73
72 7 30 70 92 69
60 72 65 94 85 32
93 29 84 18 45 72
35 51 9 0 98 30
74 60 47 33 27 66
12 11 67 69 56 65
11 90 75 72 30 63
27 20 40 7 57 4
14 20 58 96 19 98
83 1 92 27 61 70
28 27 16 32 55 25
81 47 34 79 50 21
83 81 46 97 33 86
90 99 11 95 58 15
41 91 27 55 11 52
25 47 17 85 34 68
39 23 46 88 62 31
30 73 28 4 81 63
74 92 8 37 38 59
31 99 65 97 14 91
92 59 95 38 16 26
85 62 47 37 25 41
4 41 62 56 76 82
4 94 3 28 45 69
63 72 37 20 94 85
21 0 31 98 13 22
74 68 12 8 29 16
97 57 69 5 18 68
90 30 41 79 11 60
70 35 14 11 47 98
24 62 90 43 84 9
8 86 18 59 82 14
22 6 65 25 94 2
68 28 39 77 18 92
51 0 99 45 32 88
57 50 90 20 84 22
58 49 88 5 87 15
88 32 3 91 81 47
85 82 38 4 98 54
45 44 71 57 41 12
53 23 84 79 13 58
69 1 8 13 88 6
0 17 69 38 82 84
38 61 42 50 74 11
19 23 62 70 86 98
88 72 24 98 69 6
25 78 8 79 32 5
79 28 33 56 82 30
82 23 66 20 4 33
32 50 6 47 12 44
55 50 33 95 36 68
32 76 43 34 30 82
37 33 35 64 13 7
76 22 26 25 43 66
3 32 60 53 54 37
53 14 38 86 89 90
24 0 14 21 58 77
67 31 2 59 73 29
61 40 8 60 47 25
5 71 8 30 18 43
25 42 39 38 89 82
80 90 49 34 78 51
43 18 24 72 37 0
19 38 95 4 61 9
82 97 12 53 78 46
52 22 64 87 43 58
35 23 32 94 9 33
73 57 55 38 92 71
68 96 2 78 16 47
0 5 17 34 33 97
42 75 96 93 67 68
62 33 26 89 49 15
87 33 83 17 6 67
5 70 89 23 64 46
94 88 56 23 48 26
80 3 46 26 54 42
29 46 87 7 73 16
90 51 44 93 27 77
51 66 76 10 81 38
57 0 93 77 34 79
12 90 23 69 32 77
63 34 18 19 50 77
42 65 72 89 24 20
63 69 56 53 2 84
91 17 45 65 29 84
92 11 80 13 18 86
22 24 44 26 33 13
21 86 73 38 5 82
34 4 29 67 43 94
51 81 67 8 47 69
73 24 52 67 22 10
10 9 14 78 82 85
13 86 2 20 60 16
86 73 97 67 1 59
88 81 92 44 39 41
25 62 28 67 29 79
80 71 18 25 97 86
85 98 42 74 7 32
24 82 20 5 41 29
72 71 60 82 28 81
75 9 42 59 87 86
60 86 73 21 23 67
30 0 1 9 59 71
44 21 94 27 62 82
26 12 25 10 85 53
87 78 25 46 47 98
32 56 28 0 10 90
39 3 74 62 54 90
11 0 28 64 51 22
45 1 26 57 91 59
30 20 15 63 35 47
64 27 54 20 53 8
21 4 82 12 87 71
27 97 94 73 91 30
99 2 84 24 39 92
78 98 3 73 0 93
55 85 26 95 90 16
74 32 50 64 94 70
90 33 36 7 19 41
6 62 48 90 88 18
42 84 13 79 39 2
87 26 23 4 59 72
16 30 88 58 84 52
89 38 79 25 70 34
73 62 21 28 45 40
92 4 38 49 64 94
48 69 14 20 49 76
60 79 20 29 70 32
54 87 35 52 76 65
84 54 59 85 35 14
70 82 43 13 39 50
95 19 86 51 87 76
55 59 16 97 90 68
64 79 91 74 11 76
13 26 49 77 16 54
44 65 74 89 2 63
66 98 25 21 1 15
18 38 86 75 49 33
16 58 89 19 52 54
66 9 23 50 36 51
96 76 97 41 72 80
85 31 28 61 98 70
61 89 18 21 4 79
85 33 51 30 21 79
24 6 87 82 81 37
82 11 53 45 27 22
58 82 5 66 14 45
82 50 73 29 44 17
66 40 48 26 73 60
9 41 97 7 66 31
83 42 63 97 22 59
25 79 65 17 11 26
30 53 3 11 58 71
20 40 83 2 90 73
50 44 66 63 10 56
90 82 41 83 73 40
5 7 38 53 2 34
87 73 47 31 34 82
19 1 77 3 71 44
40 75 74 79 61 62
72 87 67 50 78 8
53 85 0 56 45 8
27 53 91 83 23 9
35 12 74 54 66 67
40 34 10 52 39 59
47 29 13 36 1 84
63 60 18 29 14 44
27 38 97 13 33 19
86 69 44 70 21 65
58 25 28 13 67 26
12 51 55 8 99 3
48 21 0 90 94 71
16 36 15 1 76 65
23 0 27 72 13 49
91 87 7 79 26 71
77 86 85 73 8 11
80 97 38 70 72 81
8 13 89 54 12 63
39 27 15 77 43 54
18 30 92 94 60 5
44 8 42 69 16 13
40 14 57 48 20 52
31 43 18 53 2 0
94 69 66 75 44 53
85 99 84 2 81 29
5 93 68 40 34 63
24 30 60 6 1 38
89 34 25 97 81 58
31 80 57 36 64 60
28 46 19 60 0 51
59 39 73 56 83 68
42 66 5 91 95 86
73 0 33 22 31 35
88 39 41 74 78 37
98 73 88 28 4 69
5 33 94 24 57 58
70 62 91 81 69 73
71 77 65 82 10 85
39 16 54 87 34 37
55 68 50 29 27 95
20 93 30 61 13 0
24 14 18 15 82 70
74 85 71 78 89 22
60 59 72 25 73 74
71 96 50 67 33 36
16 0 17 4 42 7
77 93 84 73 7 82
79 33 26 95 92 60
40 79 8 94 49 19
76 33 49 34 20 90
4 7 17 42 41 37
65 42 10 7 57 68
90 36 7 45 84 77
50 9 82 21 43 70
13 22 47 7 68 90
87 89 66 32 63 56
22 23 93 99 37 46
87 9 57 13 75 78
3 14 29 74 85 61
41 46 42 88 57 91
97 76 65 45 70 48
38 65 66 70 88 22
4 1 66 31 13 24
48 67 47 75 6 95
20 60 65 57 70 10
0 11 80 73 62 93
52 39 1 77 93 86
93 63 55 0 82 79
54 86 46 13 72 29
10 16 76 99 53 91
14 26 32 10 63 93
47 84 13 94 59 5
10 39 95 71 40 81
38 77 19 46 81 87
11 76 59 43 97 85
37 2 40 9 54 91
34 43 74 47 37 95
46 34 47 26 19 11
50 4 0 96 74 46
10 65 2 95 24 12
51 63 37 57 25 44
82 28 80 79 7 14
6 38 73 60 83 21
22 63 0 50 84 54
77 12 96 30 3 74
7 62 44 19 79 21
44 53 91 58 62 2
70 92 19 55 4 36
1 23 96 10 11 44
83 37 46 25 70 86
49 53 84 42 92 37
27 50 19 36 46 55
49 2 81 19 1 13
68 39 28 70 12 83
63 78 59 0 21 97
33 13 14 6 66 88
15 71 24 17 48 81
30 10 58 29 72 81
46 70 76 48 43 93
33 7 37 68 88 90
27 32 81 46 88 24
93 15 71 34 80 5
61 26 46 9 51 65
60 68 54 70 14 47
6 5 17 96 97 24
16 31 8 45 72 10
30 16 80 85 14 53
59 98 2 47 16 99
68 33 84 32 82 42
60 91 29 85 45 71
68 33 41 2 60 6
97 68 1 21 24 35
32 58 2 31 0 72
72 58 9 30 35 80
29 48 59 2 36 84
33 94 80 8 90 11
3 82 37 50 0 21
81 25 18 85 40 53
6 9 52 53 27 85
54 51 63 40 6 12
40 51 80 98 47 96
73 99 74 13 41 59
56 65 26 11 41 22
37 79 89 50 67 51
42 65 45 64 48 75
28 59 97 94 79 8
68 19 27 86 49 98
81 73 34 68 35 17
89 12 23 42 62 53
27 32 90 57 41 23
96 76 87 78 5 63
64 56 14 87 26 67
15 80 64 39 83 41
42 19 75 0 55 16
42 49 64 0 26 55
33 47 53 62 94 50
0 58 70 81 42 78
33 5 83 78 57 62
54 19 59 6 80 88
83 16 59 23 15 24
76 16 53 51 93 77
90 23 50 11 72 33
91 10 29 18 55 40
52 70 61 79 0 53
10 34 53 30 77 93
60 58 89 24 38 56
