77 40 53 85 43
62 33 25 3 42
47 37 29 31 65
94 45 16 19 98
61 94 86 32 59
24 17 43 78 3
62 20 25 28 77
73 45 7 77 52
6 78 19 93 33
70 48 6 1 85
83 66 64 15 2
23 89 15 48 71
30 25 56 83 55
76 53 82 56 1
56 97 1 32 88
36 40 35 67 3
55 31 4 98 25
22 80 51 10 77
72 83 80 42 11
61 22 31 36 0
18 23 67 11 76
70 19 67 1 32
71 40 55 22 87
36 82 41 70 95
20 81 67 25 83
1 40 38 11 8
76 64 13 72 79
40 58 39 30 25
80 19 95 55 38
72 21 49 86 54
11 72 33 52 19
48 51 57 50 33
88 74 35 27 57
36 56 4 40 13
87 43 60 30 15
29 25 21 81 82
26 49 90 67 84
28 43 70 10 16
97 44 99 32 45
46 65 43 71 19
55 71 50 29 32
42 59 65 1 56
38 99 18 81 12
71 1 61 52 57
73 71 48 27 42
71 2 24 95 68
82 16 96 11 69
75 30 36 67 83
43 24 89 12 76
77 65 4 60 7
69 59 16 46 77
82 58 14 0 65
56 99 66 51 14
59 36 25 51 92
77 73 81 52 91
80 33 64 50 37
89 74 62 63 99
11 17 26 98 9
88 84 75 29 87
46 78 51 69 28
8 3 32 94 36
29 12 2 66 76
28 4 88 71 33
9 64 69 92 32
64 30 17 25 87
33 1 83 59 65
84 32 31 88 67
18 14 3 40 51
61 71 51 44 38
66 36 67 20 44
18 42 90 16 60
84 30 41 54 49
2 89 77 19 20
48 56 84 92 99
6 36 88 15 52
58 38 59 24 78
65 22 72 64 34
78 71 96 43 8
59 6 5 0 82
53 51 73 71 64
50 87 56 57 68
75 62 96 70 58
24 85 43 7 12
42 63 58 20 7
73 64 99 14 35
63 51 20 15 49
63 32 64 51 95
92 48 38 51 76
72 98 49 10 21
98 8 55 48 26
21 76 70 80 75
11 88 16 56 82
78 93 0 85 70
84 76 72 13 88
90 9 97 38 71
42 19 91 4 23
87 44 59 35 20
17 28 43 10 76
85 87 20 43 88
90 26 12 22 91
33 48 18 56 26
73 38 8 90 14
42 53 90 83 78
97 76 46 36 64
72 44 3 28 38
79 83 71 3 18
82 78 11 85 1
77 46 43 36 24
29 93 2 8 78
53 48 2 63 67
34 65 27 29 72
55 74 93 44 25
86 56 81 14 8
48 26 61 74 85
48 70 21 13 25
56 38 59 87 68
42 20 88 7 75
78 65 32 52 45
55 26 8 7 46
84 63 58 92 11
49 70 73 85 53
34 50 49 65 25
16 75 60 14 48
42 87 53 6 24
59 66 83 40 24
49 63 59 20 81
62 33 68 12 91
21 33 44 13 88
60 71 75 81 12
34 97 36 25 53
47 81 22 33 30
73 93 31 49 29
18 99 80 22 4
25 2 16 31 93
21 22 14 29 24
65 21 94 12 58
26 91 17 87 82
7 86 55 15 24
87 71 26 49 35
65 67 58 87 75
77 64 12 56 17
39 79 20 2 4
44 68 73 31 36
34 54 33 0 86
12 30 76 7 98
68 51 23 6 92
51 56 32 24 4
24 95 56 91 67
97 17 54 83 25
41 69 37 32 23
77 1 44 15 38
47 90 52 6 89
53 33 78 18 70
17 13 52 47 37
96 9 26 72 84
48 64 26 81 90
5 24 83 28 44
91 57 60 99 6
62 81 43 26 33
61 33 18 57 16
11 75 65 22 73
67 63 14 53 98
29 7 13 15 74
11 57 92 28 79
84 95 78 19 16
97 12 50 94 14
63 99 16 39 65
58 6 90 12 19
53 32 59 87 65
57 93 50 72 18
53 59 31 24 98
25 85 94 35 95
52 63 80 6 84
72 96 6 73 70
5 83 16 8 15
69 94 61 78 81
34 51 70 27 79
20 52 51 32 89
44 19 11 88 0
68 66 57 79 1
54 17 56 74 80
63 97 17 79 22
40 92 28 81 69
45 19 21 99 82
87 2 9 7 99
40 75 2 72 19
75 69 38 96 79
81 55 1 62 56
33 45 17 28 35
22 42 12 67 7
41 55 15 53 33
42 70 17 45 86
26 32 19 97 77
57 85 47 39 44
82 96 80 43 27
88 10 8 31 64
91 62 0 96 5
30 66 88 64 10
81 79 20 68 82
0 79 29 38 25
14 81 71 80 34
63 15 46 39 32
42 26 9 47 64
27 38 81 78 72
41 4 13 72 2
57 53 26 37 31
81 33 74 66 16
67 69 20 82 60
47 21 62 6 66
14 7 39 98 34
87 93 82 84 21
56 42 47 63 5
40 98 3 15 20
45 82 20 15 14
11 49 32 52 84
65 89 18 80 63
21 92 66 81 60
23 32 44 49 61
78 92 39 62 20
24 87 63 40 95
49 69 36 61 38
77 39 21 55 71
22 15 38 81 77
55 60 63 33 43
46 65 41 98 11
17 91 24 61 41
3 98 9 71 21
8 68 62 44 53
34 64 88 20 28
94 27 58 0 81
37 90 73 12 44
5 42 49 10 32
24 19 71 10 0
17 30 73 15 52
24 79 14 3 25
7 41 53 15 45
64 68 31 44 6
24 43 42 11 29
41 11 82 18 4
36 44 11 12 93
42 92 64 81 89
48 82 97 98 56
57 69 32 2 84
8 62 87 67 79
78 89 10 21 66
84 64 93 26 96
98 35 3 45 57
76 73 79 8 52
78 35 54 11 16
22 30 86 40 91
52 53 87 68 14
13 71 84 68 36
30 47 14 91 45
93 14 33 7 82
56 58 31 64 65
54 35 92 21 68
20 61 92 90 14
59 45 8 28 1
9 27 80 67 4
25 60 45 42 18
58 95 24 20 2
71 77 50 75 74
99 98 63 78 9
22 48 19 97 36
89 13 24 59 20
82 36 84 54 78
91 23 52 58 26
61 15 95 27 71
48 73 5 25 90
18 81 96 98 86
43 14 99 26 16
17 89 66 40 54
60 44 82 39 35
96 46 11 1 91
19 60 64 32 88
29 72 18 54 64
79 80 8 81 4
3 61 63 41 76
28 86 18 92 36
74 29 6 34 20
93 69 58 73 2
60 87 70 13 19
83 53 39 22 62
22 31 39 73 47
96 52 91 6 65
14 67 49 81 70
82 20 5 12 72
60 51 30 66 5
86 34 37 58 57
0 61 77 81 84
30 29 95 54 97
16 10 25 97 26
46 98 17 89 18
18 88 35 40 22
60 82 80 83 13
46 86 53 75 3
87 35 97 57 4
19 46 6 76 7
63 49 36 50 57
11 55 99 89 33
2 33 12 50 25
19 11 84 8 51
33 93 62 94 92
37 28 73 58 67
83 58 49 5 3
73 49 5 56 3
67 8 31 28 70
12 71 25 24 27
47 46 97 98 76
49 67 85 34 76
15 89 31 69 54
25 79 52 40 11
69 44 29 88 83
0 91 2 57 39
41 47 26 27 20
42 48 4 50 9
61 17 43 65 97
37 51 69 77 62
51 43 46 23 29
13 93 75 68 51
40 19 5 16 59
72 81 73 76 41
76 77 73 66 23
18 21 83 43 53
70 38 84 33 86
33 26 48 5 56
29 15 89 68 73
23 49 75 90 6
87 45 65 1 72
0 36 96 9 65
25 69 62 76 46
24 4 56 83 59
37 7 63 22 24
17 86 95 42 19
74 61 36 37 79
85 64 68 15 95
90 85 63 40 43
1 73 4 75 44
94 49 55 90 93
74 18 43 8 45
25 69 1 12 97
10 36 77 91 79
38 56 30 33 76
8 48 86 69 79
78 15 63 87 43
47 68 16 41 83
72 74 59 60 45
72 65 66 28 41
33 8 69 59 32
82 3 92 56 37
12 78 7 82 89
22 50 33 89 38
79 73 39 15 9
1 2 23 66 65
72 24 52 79 96
50 48 37 12 19
68 15 25 37 12
57 43 95 73 90
80 67 49 10 99
43 52 21 77 95
6 98 90 49 21
58 56 16 87 50
5 58 29 20 8
25 51 30 54 13
32 30 24 72 96
23 97 68 62 49
47 99 10 73 9
39 28 18 0 40
4 56 71 86 25
57 8 38 11 2
89 42 86 13 34
13 19 87 94 85
88 36 38 39 98
32 67 89 58 61
21 37 95 3 14
0 98 62 7 71
96 62 50 33 24
87 90 75 28 68
47 91 99 20 93
52 28 90 61 9
92 24 96 72 41
59 30 72 63 43
50 68 70 7 72
44 4 12 99 57
19 78 71 92 86
43 29 28 77 69
94 92 1 2 16
77 97 5 81 89
9 22 32 17 14
55 61 19 88 85
94 12 26 32 70
78 45 2 42 73
89 76 60 20 68
38 96 82 23 79
90 43 0 13 55
85 57 97 93 68
25 88 34 54 79
49 81 45 3 19
89 24 86 80 40
58 94 6 99 41
63 76 41 90 91
18 76 46 91 2
55 83 58 74 44
95 93 15 44 18
28 31 18 45 30
70 44 78 20 53
21 7 87 29 33
3 74 84 91 32
98 25 10 75 64
75 46 93 44 16
18 62 77 31 50
46 25 44 73 6
52 87 74 50 28
75 1 52 2 32
44 31 22 16 38
47 49 54 94 6
16 17 46 83 90
26 20 49 51 1
62 94 26 60 15
65 90 61 35 7
82 58 6 77 20
22 78 52 66 15
0 29 59 20 70
18 48 51 62 58
67 92 7 71 69
69 68 77 62 64
75 11 68 81 8
99 16 64 21 43
0 52 83 82 19
61 93 4 94 31
90 38 37 27 73
36 85 8 53 84
59 36 22 10 35
80 47 21 19 96
37 48 65 69 75
82 89 70 76 18
79 24 34 30 51
28 99 14 23 97
20 26 99 94 27
60 16 67 96 64
68 2 56 78 72
43 95 10 97 52
82 61 51 73 36
57 19 40 65 44
44 80 52 73 70
86 11 4 15 98
36 46 95 69 60
30 9 2 65 99
16 38 42 45 99
53 64 16 30 71
47 6 23 82 79
70 80 88 38 35
28 84 19 44 58
3 58 89 7 36
13 38 45 21 53
58 50 29 77 92
72 83 78 16 21
35 71 2 28 26
12 88 60 43 81
97 80 90 96 87
10 18 25 8 16
96 77 5 62 35
89 30 62 8 35
24 46 61 63 85
85 3 83 40 9
67 76 94 34 16
12 83 28 11 36
87 80 40 99 92
12 30 86 65 67
76 42 38 41 69
1 11 45 85 62
9 6 58 5 30
37 21 86 66 83
7 48 35 62 72
78 62 2 63 25
35 57 96 75 39
56 98 45 34 31
83 53 76 43 19
4 21 16 44 23
67 44 28 73 52
62 33 12 36 40
77 79 84 4 30
99 95 68 28 97
17 24 60 4 15
61 39 34 32 54
41 37 17 91 6
58 61 93 80 74
27 14 48 67 80
42 3 32 23 31
74 93 42 41 9
94 29 39 63 45
37 27 74 73 5
31 22 72 96 21
94 20 92 13 87
68 29 10 72 95
48 28 83 76 74
58 42 45 59 25
67 54 50 39 70
46 20 77 51 92
14 49 32 87 41
85 63 39 11 19
1 22 55 15 51
88 7 99 50 87
94 92 6 38 81
13 61 43 40 97
98 49 58 73 77
86 9 96 27 55
69 82 71 32 66
78 77 17 37 56
39 52 44 57 34
46 75 93 50 81
79 26 13 33 59
77 40 45 66 67
46 30 1 91 42
58 29 33 14 44
16 7 4 28 76
2 86 11 64 10
9 45 74 29 61
93 63 6 69 92
92 11 4 66 76
85 18 32 94 24
87 47 97 32 93
26 23 53 15 77
97 2 17 3 28
82 50 45 90 41
63 66 0 30 76
82 17 64 33 92
57 6 33 85 89
40 69 34 8 93
40 18 51 42 25
80 41 53 27 65
66 75 13 35 82
91 84 10 76 37
54 49 21 13 89
96 46 65 50 82
93 97 61 5 44
74 38 14 95 7
81 9 27 26 50
10 26 47 55 77
12 72 6 24 70
87 40 83 27 89
15 46 64 66 18
64 49 19 8 31
29 33 13 94 71
62 24 93 81 59
37 91 79 84 28
29 85 54 20 6
30 91 79 71 18
5 85 93 50 82
0 84 67 87 24
38 71 8 55 46
38 40 56 84 66
89 55 99 97 49
54 48 9 70 62
62 53 72 18 23
39 87 8 10 4
57 16 37 9 7
0 40 70 31 51
16 39 13 6 9
80 16 41 52 74
61 60 69 25 88
31 99 87 50 13
25 82 3 36 15
47 89 48 67 22
47 72 92 70 87
5 26 30 84 52
89 23 2 92 33
80 73 1 37 31
5 72 1 48 67
64 2 23 74 68
52 29 41 69 47
86 62 31 65 66
91 25 23 87 63
75 4 61 40 55
14 5 6 58 38
39 15 1 41 44
13 15 75 31 69
99 90 26 7 0
61 4 76 39 54
86 98 22 89 13
14 97 31 75 56
39 36 1 50 53
87 2 66 83 46
51 64 60 2 16
46 9 89 35 52
9 95 25 47 29
50 13 3 81 27
87 82 38 97 55
12 53 48 89 74
42 96 34 57 10
98 92 50 97 53
81 6 94 66 77
73 45 27 29 84
98 28 22 32 0
35 33 85 59 30
81 50 57 62 19
42 53 56 29 37
9 80 31 34 96
66 31 65 30 55
28 91 92 89 37
60 57 93 97 54
64 84 60 12 75
51 96 32 10 62
43 72 51 59 55
18 68 79 27 6
87 65 7 67 18
74 12 16 72 45
39 74 46 89 33
81 28 82 45 16
70 95 68 22 81
4 93 60 30 6
99 40 54 20 4
2 22 40 91 27
15 28 2 83 1
53 43 55 3 75
90 49 47 29 28
33 42 50 55 71
52 20 58 32 16
7 28 41 64 26
64 63 24 19 27
63 28 51 75 27
51 88 85 32 25
89 37 64 31 19
27 82 29 98 62
59 77 4 53 63
47 28 41 36 99
49 4 69 7 12
24 41 12 75 74
17 18 89 14 23
46 49 6 20 36
86 67 99 48 95
42 17 22 67 63
73 31 69 44 62
45 59 16 39 60
12 85 31 88 9
41 27 84 81 4
27 28 60 52 23
75 47 28 64 50
74 21 20 61 25
90 66 98 77 1
27 55 54 56 20
18 51 93 34 28
83 51 48 3 45
25 12 96 9 51
64 6 5 4 90
55 47 29 41 44
72 66 76 71 68
25 18 41 72 56
2 74 98 33 3
53 91 13 33 64
78 41 66 82 27
13 87 95 96 98
72 82 7 32 8
14 27 2 94 43
58 42 62 87 14
16 73 20 60 97
12 52 70 26 24
79 2 29 58 53
70 92 57 15 5
34 92 3 13 69
59 61 6 13 67
8 99 3 35 90
53 75 76 60 79
16 44 99 39 24
22 42 31 98 32
56 53 65 62 54
17 77 37 51 71
86 98 17 55 52
85 99 59 63 91
72 66 65 50 35
95 37 30 60 20
95 19 88 69 15
19 5 94 96 64
59 26 58 1 96
3 78 70 68 1
52 26 6 40 91
35 60 81 76 51
77 72 57 56 75
74 94 65 47 51
79 15 47 67 49
18 90 48 34 39
36 63 39 76 0
14 55 43 61 91
37 83 86 38 57
0 3 65 63 28
11 45 22 29 68
4 65 8 1 87
39 92 32 61 89
29 50 73 59 84
21 93 52 33 59
10 63 19 26 70
23 54 86 45 47
20 32 94 86 75
37 73 10 66 78
57 98 97 0 13
6 16 5 50 85
25 39 51 85 66
41 47 22 97 8
55 13 75 58 38
92 1 51 39 75
33 42 82 98 66
4 70 23 19 56
3 89 6 30 81
76 25 41 64 12
50 41 34 82 0
84 57 31 50 52
50 60 12 11 1
6 33 36 5 87
52 15 19 33 49
27 16 34 55 38
20 7 38 17 28
73 36 94 93 48
80 34 69 29 41
88 43 80 14 44
85 19 28 30 83
91 16 67 31 56
86 47 21 75 49
68 86 47 75 72
92 91 18 85 38
48 69 90 82 19
15 47 90 88 75
66 7 88 16 54
40 60 4 30 35
10 55 37 63 85
55 90 84 69 50
53 18 67 15 23
18 47 7 51 26
94 41 40 89 99
30 89 64 18 59
22 2 15 60 7
93 69 42 25 43
89 49 95 68 76
22 24 28 25 67
70 10 61 46 87
13 47 50 16 66
64 71 40 34 90
24 11 32 13 92
17 54 49 4 14
99 15 82 1 70
86 34 92 77 6
62 2 60 77 33
27 95 17 72 99
9 31 12 48 72
19 9 12 64 79
17 9 86 54 29
96 65 70 85 78
52 20 48 22 18
77 3 68 20 23
64 49 85 31 10
34 13 35 78 45
7 62 94 71 67
68 15 95 82 2
5 96 88 36 72
22 82 63 52 12
5 86 18 91 93
19 62 59 63 98
45 62 19 32 22
80 0 52 28 91
19 41 91 33 2
6 60 22 85 72
41 39 50 20 38
26 65 70 0 96
23 84 37 28 19
24 94 88 49 29
74 62 18 52 68
8 45 89 15 5
99 45 36 13 40
77 26 39 78 50
17 46 22 42 3
35 71 89 54 66
98 7 45 10 44
11 74 92 36 29
86 68 84 15 88
69 21 88 68 35
87 36 10 12 24
80 96 46 28 44
55 47 66 36 97
36 2 39 47 21
0 61 17 32 29
24 35 62 7 64
53 4 65 29 1
93 6 73 69 29
56 15 29 16 33
21 81 63 88 13
63 81 71 99 82
18 27 13 90 0
9 2 19 70 87
19 99 93 57 86
38 56 42 39 3
97 96 10 12 35
53 13 29 31 0
90 65 56 58 53
44 59 42 13 24
94 38 76 12 47
63 60 17 22 50
16 10 6 90 73
37 33 67 32 27
99 81 3 65 21
4 69 51 96 9
58 66 61 67 55
17 16 2 43 26
57 13 0 71 78
16 32 33 77 39
49 74 47 6 9
93 96 43 51 59
6 3 1 7 34
96 56 26 88 47
98 25 96 89 93
36 87 68 15 93
96 29 10 67 79
80 0 40 70 89
94 13 77 98 68
0 6 10 67 80
83 33 72 2 76
56 51 90 40 49
58 94 46 60 82
91 94 57 16 9
52 91 89 8 11
44 9 21 8 0
13 16 22 51 79
45 34 23 13 3
92 66 97 83 5
47 79 36 7 67
99 92 30 5 70
28 89 45 47 76
73 18 45 48 57
13 23 64 14 37
27 42 96 61 2
59 54 15 2 20
71 97 7 32 72
0 81 29 4 86
50 79 20 62 94
6 12 8 43 22
5 35 30 25 37
48 49 10 12 56
86 40 3 18 78
99 80 53 26 69
57 71 5 1 10
6 28 81 16 13
81 41 26 65 20
25 7 73 85 64
88 47 10 52 82
16 29 45 94 74
25 82 3 50 66
64 68 47 16 2
58 11 38 76 30
7 95 24 68 87
22 1 72 6 61
19 91 35 97 52
42 56 35 62 15
60 83 5 24 56
90 5 78 9 61
22 58 48 62 0
16 99 85 29 70
7 15 32 41 82
29 43 44 78 83
18 63 81 54 91
43 74 30 22 78
91 81 69 52 76
27 14 8 49 85
4 1 24 30 98
7 19 73 15 13
17 67 69 50 53
90 84 24 12 94
38 68 74 11 36
80 48 7 40 46
4 68 57 81 77
17 97 33 94 32
65 10 88 52 6
82 87 96 19 58
39 98 15 38 42
17 36 78 83 1
91 36 64 46 57
63 45 15 44 3
96 13 49 61 90
38 16 56 83 77
39 49 81 47 65
82 0 97 2 26
98 39 65 14 35
12 1 29 13 2
57 16 65 96 9
91 97 88 79 8
37 91 29 95 55
84 9 63 94 92
42 48 65 80 67
56 94 6 93 99
26 72 25 94 31
98 68 51 87 13
59 18 57 36 23
61 60 32 95 65
30 64 57 55 78
37 54 28 78 48
38 99 16 64 31
17 93 56 89 66
8 16 58 2 96
37 93 53 94 77
54 6 81 19 72
38 23 10 44 84
80 97 67 68 12
88 9 4 85 83
38 24 47 79 84
85 84 51 3 55
53 94 0 60 6
40 0 19 2 52
87 24 36 88 78
17 15 24 8 34
96 34 85 55 58
91 86 12 44 30
55 64 24 75 81
22 62 68 9 93
66 53 4 27 22
75 1 66 3 4
30 93 63 72 82
36 10 39 51 49
39 60 48 5 81
75 76 41 80 66
29 71 84 93 81
39 29 12 67 0
0 31 7 30 23
7 67 75 31 14
56 52 7 29 82
5 52 94 35 47
74 31 0 1 25
83 90 12 40 75
43 4 84 54 9
63 35 93 94 4
31 14 64 26 51
4 20 78 61 22
56 87 25 54 68
42 5 62 12 50
45 54 95 29 70
83 58 67 24 50
79 46 3 65 11
99 9 26 0 89
14 5 98 56 50
11 78 8 48 25
57 74 76 28 25
50 78 58 68 69
37 32 84 53 98
70 37 64 6 74
73 78 82 93 69
23 33 81 43 32
11 13 68 81 0
49 24 6 89 58
99 76 60 88 61
3 20 62 65 44
76 30 72 37 51
59 37 35 53 25
52 36 85 81 60
71 40 33 78 45
64 62 65 74 69
38 29 19 51 97
92 27 2 13 61
0 87 26 69 51
98 73 23 49 69
36 20 52 8 10
67 14 66 37 1
56 15 58 28 80
97 22 62 34 41
80 69 28 73 68
22 64 92 30 60
6 68 20 70 9
11 9 84 38 97
43 59 23 61 83
90 56 41 33 60
16 34 62 88 9
24 97 17 69 88
83 12 3 66 59
85 33 78 82 35
9 66 23 25 5
93 2 35 58 56
70 8 10 80 83
60 72 13 81 43
31 30 52 45 6
98 45 93 3 12
57 95 43 53 44
17 10 38 11 26
53 70 97 60 45
11 90 31 71 22
48 4 47 1 51
79 59 3 16 63
63 94 26 75 9
91 68 20 76 29
37 49 99 70 80
38 1 58 80 99
61 22 55 99 38
1 87 9 35 85
80 28 78 56 77
9 15 80 72 17
82 49 81 5 56
4 43 19 94 9
66 48 12 33 61
70 84 58 72 54
27 26 83 66 34
2 29 63 59 72
93 51 6 30 77
75 69 78 22 98
76 70 4 31 36
97 49 0 38 1
39 5 9 63 3
80 25 31 69 35
29 65 28 96 23
36 33 64 92 0
25 68 8 38 41
26 65 92 10 77
39 61 71 81 1
37 84 71 16 77
9 43 28 99 84
68 54 4 8 80
56 30 98 25 93
44 90 83 56 55
58 2 43 4 26
63 80 44 37 81
70 49 87 69 41
83 64 32 94 59
17 38 48 46 9
5 28 9 51 8
51 99 7 32 31
10 94 85 44 33
9 69 99 49 40
0 44 86 32 94
84 25 10 81 76
5 54 85 26 8
56 23 80 3 72
46 93 50 28 33
41 89 81 20 57
20 45 90 39 24
71 23 0 52 14
54 18 96 20 67
99 57 45 55 29
79 40 20 83 1
10 68 28 78 43
47 44 41 18 90
90 52 8 17 9
97 87 35 63 75
91 55 9 67 93
31 50 74 93 2
88 35 27 93 11
66 14 48 59 86
14 95 39 45 56
10 43 0 38 35
64 44 62 66 82
76 58 7 26 17
98 83 21 81 10
44 20 77 11 48
42 90 45 80 96
12 91 84 86 75
45 3 86 48 72
21 77 35 61 83
24 65 97 83 56
94 50 46 34 33
18 44 26 52 13
78 21 43 40 55
14 57 6 31 4
72 64 57 81 8
2 14 79 84 12
76 24 19 77 16
45 56 48 44 4
78 60 66 4 73
81 99 8 66 45
13 19 94 25 40
84 35 13 1 41
96 55 10 53 29
26 56 21 70 35
63 61 0 53 62
70 42 35 75 1
53 68 12 57 72
89 84 7 34 38
3 45 39 72 86
10 61 84 97 42
43 62 15 68 64
70 36 52 84 2
23 61 89 14 78
83 60 76 74 90
49 64 48 32 40
15 12 95 10 3
76 78 62 7 9
98 40 21 54 74
91 63 29 25 83
82 33 61 4 6
71 58 20 85 99
43 81 34 42 53
76 89 94 97 99
42 46 76 40 19
53 87 96 17 16
34 13 95 92 43
79 60 40 14 97
61 48 66 30 80
79 29 96 86 8
61 53 80 35 5
77 49 81 38 39
58 48 62 25 83
17 39 77 35 96
18 94 35 37 2
93 39 68 55 56
95 86 23 5 80
44 87 86 79 22
1 30 37 36 73
20 43 42 23 88
55 65 74 2 89
41 85 67 90 48
73 44 20 23 47
23 36 0 33 51
62 37 31 86 43
57 33 38 95 72
59 75 14 67 55
22 96 0 36 30
6 53 67 61 87
65 96 73 66 60
62 59 1 90 63
11 35 85 29 99
7 42 38 18 36
82 81 12 68 83
88 81 33 0 84
11 40 54 5 28
62 87 47 57 82
52 88 73 29 36
28 26 44 82 47
35 6 52 56 4
15 46 12 98 72
54 31 48 24 98
87 97 43 75 10
49 30 35 61 15
4 15 82 24 79
85 43 65 56 68
43 97 95 77 52
97 52 94 87 75
25 1 5 38 65
76 13 8 58 92
87 99 52 18 67
79 19 92 62 74
54 98 74 66 48
77 53 9 69 34
29 45 63 26 16
20 18 94 86 29
11 48 8 41 57
34 95 54 31 69
48 92 67 34 42
49 94 55 38 93
96 50 64 1 7
20 89 95 35 94
62 2 67 21 46
84 80 93 1 22
51 12 43 15 39
8 62 83 18 42
9 69 81 33 54
2 83 80 55 3
87 98 64 66 14
25 31 35 0 60
79 21 19 18 2
21 74 59 37 87
31 87 81 42 71
73 45 29 76 96
32 66 10 37 34
91 19 50 92 47
71 12 97 29 75
18 65 2 9 46
40 44 41 3 16
88 41 62 57 6
2 15 70 10 62
62 42 25 17 65
2 12 88 1 16
59 41 35 88 6
93 64 18 99 32
55 42 56 81 13
28 60 58 87 80
76 70 14 47 4
43 61 59 28 25
31 63 26 82 14
75 30 22 84 34
52 24 32 36 49
15 45 78 73 39
86 87 8 35 36
82 2 9 37 81
6 76 84 17 40
93 5 6 79 28
39 20 2 7 14
5 62 87 16 89
71 79 93 14 39
13 37 30 92 86
37 26 42 30 31
21 95 22 37 13
70 91 45 55 34
4 16 2 45 83
4 1 79 59 19
51 41 18 37 43
30 79 42 39 11
78 91 52 50 83
69 31 48 16 57
56 63 0 35 77
13 43 39 21 51
71 51 57 52 54
21 34 93 97 44
81 33 59 64 72
96 24 27 62 35
33 52 65 57 87
95 13 20 83 62
94 59 3 84 89
48 68 78 58 72
61 18 34 40 32
30 3 9 85 98
45 80 26 38 42
13 88 87 72 40
92 44 13 41 22
96 64 57 83 72
30 68 81 32 44
1 73 66 4 63
37 43 34 30 81
48 49 87 80 21
31 93 82 50 26
54 55 3 6 5
60 98 83 92 30
46 5 47 41 4
8 28 80 48 91
35 68 15 16 6
61 92 64 74 6
8 78 29 84 73
2 26 46 63 52
86 9 8 85 13
24 96 76 71 6
9 8 56 95 51
35 62 19 70 99
24 2 23 31 19
94 14 66 25 65
12 90 39 69 60
13 30 42 31 9
25 35 87 90 43
33 98 76 15 70
25 44 90 86 88
1 74 91 80 96
96 30 88 87 18
69 24 63 5 56
16 66 77 15 29
8 49 78 0 67
68 77 44 39 42
68 29 16 51 7
58 69 83 21 71
35 45 17 9 81
64 3 67 14 98
40 52 63 68 30
7 67 13 16 64
15 22 14 57 55
46 74 85 81 89
75 32 16 99 37
98 61 74 46 29
80 58 64 50 94
24 92 83 77 52
26 80 92 32 55
99 15 85 4 94
73 24 82 28 74
64 24 9 54 41
6 2 98 53 43
35 78 88 82 68
68 39 8 75 71
49 37 27 78 33
57 16 41 6 7
8 43 51 95 41
46 27 53 6 44
13 76 49 2 61
67 30 19 93 48
53 84 8 90 13
37 44 16 95 20
97 71 78 73 76
25 59 61 28 62
63 11 55 48 7
81 5 38 97 64
82 85 68 91 23
75 67 42 99 12
46 20 82 37 41
64 61 75 19 57
82 94 33 40 68
9 99 77 3 24
78 92 76 43 80
24 36 74 95 94
57 31 89 70 14
8 29 36 43 94
13 27 24 4 97
27 78 11 74 42
36 21 85 45 40
80 7 86 64 27
69 34 62 92 88
18 70 98 14 41
40 87 31 74 86
30 49 78 95 91
89 53 68 57 34
41 34 42 37 43
89 12 5 8 41
70 89 37 17 52
20 40 90 5 76
45 50 54 5 44
76 71 57 63 12
82 18 66 6 93
51 36 37 14 68
50 71 92 48 2
58 82 74 23 40
52 14 47 3 27
55 79 0 97 10
15 57 3 28 89
97 3 17 16 49
98 45 58 16 34
38 18 61 89 74
50 6 78 57 52
71 52 1 92 47
53 21 99 80 48
68 72 90 64 82
24 31 26 75 55
68 1 78 2 79
56 64 83 89 70
29 26 27 23 62
89 79 28 72 86
25 65 55 41 96
35 47 14 95 27
63 37 96 70 86
21 38 78 75 50
75 51 95 50 94
86 70 44 79 92
9 98 87 51 83
88 49 60 19 64
22 39 25 26 62
48 68 20 77 22
74 13 11 54 8
88 8 10 33 59
74 49 50 65 37
67 93 73 35 54
96 1 91 89 59
49 34 77 58 82
36 28 62 0 73
26 64 83 43 24
86 72 57 97 79
49 97 88 82 63
7 63 9 12 45
18 44 73 91 92
99 71 63 28 5
99 47 39 55 96
86 52 99 0 89
67 39 40 68 83
66 73 10 67 52
6 91 86 10 72
66 82 19 33 55
9 43 46 66 13
88 33 52 5 98
63 12 29 11 70
4 94 33 54 42
14 38 74 26 10
32 64 58 43 71
94 24 23 78 82
13 31 61 17 30
7 60 89 81 4
42 62 49 6 67
62 78 2 44 67
90 73 72 82 18
68 73 63 17 77
59 65 16 55 3
96 85 39 77 66
88 8 26 46 89
24 99 50 30 88
98 34 40 54 86
93 85 16 39 65
20 41 3 19 35
93 29 25 17 73
53 79 80 27 77
59 26 14 87 18
48 33 70 5 67
62 69 55 4 50
58 4 44 67 47
25 35 48 6 57
7 97 31 49 36
52 93 96 5 60
18 52 28 13 68
22 52 54 94 24
58 63 27 30 11
34 79 48 35 96
18 94 73 5 14
71 51 7 22 36
95 39 36 21 63
75 43 36 5 27
22 42 43 16 46
26 58 59 46 27
40 51 99 83 41
10 56 95 80 96
91 28 15 92 84
69 85 60 47 36
92 47 13 97 2
16 42 35 28 5
67 8 27 46 52
83 84 26 32 81
77 69 13 46 7
91 13 97 71 58
65 86 98 91 67
75 91 1 70 42
60 11 66 31 61
54 69 72 40 42
39 8 45 78 19
87 52 72 83 65
32 24 29 2 57
32 35 15 95 41
3 70 82 99 9
82 12 93 68 61
96 78 2 98 22
94 90 96 0 27
46 39 40 16 52
31 20 97 93 83
43 60 44 71 18
80 25 27 2 37
40 44 9 20 60
28 6 60 84 70
53 0 41 94 46
78 0 2 19 35
86 47 77 48 19
97 3 18 80 78
12 25 60 68 63
70 75 63 11 35
67 91 12 79 51
57 25 44 93 5
19 1 82 50 92
92 30 80 85 88
68 1 89 60 33
80 3 79 96 69
65 57 10 46 28
81 88 38 79 68
91 97 45 71 3
43 6 76 15 3
47 74 82 69 43
37 35 72 84 11
37 20 94 64 82
69 99 51 96 64
16 13 39 91 77
72 82 74 77 47
30 62 15 70 2
68 99 76 80 91
19 23 54 65 28
0 62 77 43 37
85 2 70 81 37
70 74 14 26 5
63 23 80 81 16
18 23 13 0 94
31 49 34 20 36
61 82 4 28 40
18 36 66 67 93
51 26 86 52 0
91 65 1 60 70
55 10 18 31 36
13 84 53 39 81
24 40 82 45 38
46 11 55 94 52
79 96 94 76 87
65 56 61 49 86
50 48 80 33 34
44 30 92 42 4
27 6 13 59 80
10 43 79 27 98
73 24 84 36 11
29 22 63 19 41
39 80 74 8 84
6 15 64 33 57
45 90 61 96 3
53 51 85 67 23
92 21 71 68 90
55 15 44 38 66
84 48 85 5 19
37 98 25 26 97
71 57 54 52 31
19 7 68 74 89
37 58 42 41 26
39 95 36 7 70
93 89 99 78 68
9 98 52 50 95
88 80 39 18 3
15 26 22 87 39
49 68 98 53 82
89 10 73 49 8
2 60 8 77 46
40 29 57 21 43
56 27 92 79 6
9 44 60 70 37
88 81 26 52 94
25 87 75 57 0
33 18 3 5 41
36 64 30 32 25
57 1 37 40 54
29 95 77 59 33
44 57 25 33 43
38 14 13 86 41
43 16 0 66 73
58 83 2 34 19
43 66 62 35 97
90 85 39 24 52
41 44 70 32 28
28 6 45 15 78
3 80 23 22 67
3 51 94 78 49
2 76 25 12 9
65 70 88 28 67
51 60 57 65 0
12 25 5 39 42
86 54 14 24 21
72 89 53 35 21
65 78 55 75 45
15 56 46 36 21
14 51 16 96 76
91 84 66 44 14
6 94 60 21 54
36 92 56 87 95
55 78 53 61 90
5 66 55 21 41
44 12 74 71 26
52 90 25 61 53
24 32 98 57 45
11 82 53 18 92
7 49 36 13 74
99 48 56 27 51
58 88 31 17 51
30 73 97 6 67
57 50 89 35 90
90 68 95 63 11
48 63 65 51 47
55 85 65 7 82
79 13 33 92 52
25 68 87 79 28
2 52 84 48 11
86 36 6 9 60
63 57 60 8 89
37 99 0 65 68
2 97 33 32 7
48 32 34 25 4
82 64 27 69 98
1 62 82 38 5
45 29 9 3 13
27 80 76 65 18
4 17 55 41 74
31 51 50 80 3
92 39 33 64 37
87 85 61 90 31
51 34 49 46 21
52 45 50 7 32
53 87 94 95 70
79 62 21 15 37
95 7 80 17 29
19 74 18 88 82
74 35 89 47 93
29 55 21 98 15
3 6 57 58 27
95 34 5 77 16
8 78 48 43 12
80 61 47 72 37
66 47 28 53 31
11 14 87 91 80
37 22 90 32 77
54 47 79 91 36
26 6 80 82 70
59 81 62 30 72
42 10 58 79 23
52 45 69 15 21
35 54 33 85 92
88 40 29 12 76
45 83 31 22 43
0 54 79 35 75
29 19 21 30 0
85 19 42 94 53
68 28 53 85 95
54 42 13 52 67
67 12 30 89 66
11 78 15 83 70
1 36 56 7 43
84 45 70 52 97
73 28 38 51 43
6 10 64 23 57
65 69 3 17 67
81 34 96 26 29
71 66 34 91 52
65 36 87 14 68
34 10 35 95 40
37 72 83 50 19
39 36 70 38 43
52 28 44 27 68
62 99 83 52 93
89 73 45 92 12
16 29 2 91 86
68 12 46 95 38
39 63 6 14 64
37 68 88 87 84
21 43 91 95 63
37 38 34 94 42
47 82 70 86 76
17 6 88 0 75
30 91 72 20 10
10 0 31 40 49
98 48 82 17 85
36 22 17 71 83
6 44 26 7 79
47 31 29 52 80
19 43 58 80 29
61 64 14 95 36
19 56 70 25 95
50 37 59 53 13
0 41 88 43 24
63 32 12 82 93
90 16 43 53 87
77 87 23 19 64
33 81 68 17 65
73 60 94 85 44
42 91 15 40 24
30 81 2 22 76
99 2 82 71 66
85 80 76 20 10
12 13 43 2 8
98 44 6 79 5
93 23 67 40 31
26 46 90 4 25
80 16 44 88 24
21 69 46 93 37
15 43 59 52 16
91 49 54 86 83
19 3 87 70 63
81 89 84 5 63
5 13 24 42 96
4 44 37 66 77
90 60 92 99 0
32 1 22 57 84
44 89 59 69 95
64 37 1 74 61
29 0 94 51 92
61 59 11 12 78
96 27 22 59 98
55 10 33 41 36
5 43 35 86 95
66 49 30 97 41
50 88 19 96 61
64 9 6 68 77
29 1 17 74 19
97 13 66 77 35
25 94 76 49 47
39 48 7 89 60
51 16 50 57 75
49 72 42 10 26
74 78 70 17 69
55 70 50 18 20
51 8 19 87 50
19 61 62 90 68
59 22 88 55 30
4 1 51 55 86
49 57 15 26 16
87 54 21 72 59
9 81 4 73 25
72 61 17 43 81
89 65 4 44 92
24 88 21 1 20
16 96 92 80 47
18 28 35 26 55
79 41 96 78 63
83 88 14 69 80
95 89 65 97 20
93 95 4 19 6
94 88 68 27 95
49 72 37 85 51
73 0 97 77 82
38 48 59 65 82
61 81 1 83 48
35 3 25 62 10
61 95 17 82 52
59 33 11 39 9
47 42 9 41 70
50 99 21 16 19
58 56 14 51 52
92 42 49 99 50
99 21 35 9 24
73 43 9 81 69
27 75 18 99 45
45 88 93 31 16
23 45 20 16 83
72 8 24 83 30
74 55 22 18 6
81 97 60 75 10
12 14 85 30 32
0 13 79 88 93
2 30 50 90 28
45 30 79 85 97
71 22 86 44 72
39 28 44 31 23
46 53 1 70 77
41 57 72 93 21
5 55 51 41 27
93 61 10 78 99
11 6 34 37 27
43 30 90 18 32
31 98 30 16 32
84 69 15 65 29
10 76 97 15 96
96 68 31 94 28
27 77 46 97 64
65 86 45 44 27
58 95 38 82 50
32 64 78 84 7
2 63 68 1 18
27 35 55 83 71
1 8 57 84 78
6 70 59 78 20
56 76 54 82 58
12 35 99 49 70
32 2 46 62 48
64 59 12 83 1
28 39 35 31 49
12 76 16 21 98
26 4 75 88 24
52 30 92 55 85
83 24 7 29 54
32 30 90 51 71
4 32 30 9 35
23 48 30 37 11
72 23 99 29 28
46 50 54 39 37
57 88 35 4 0
52 18 3 85 97
8 64 91 6 51
47 8 32 5 39
80 69 87 79 97
80 4 26 89 48
90 12 64 7 78
34 85 24 92 63
82 26 46 80 93
49 45 88 85 33
19 67 94 25 22
29 10 73 82 4
93 8 18 70 4
21 53 39 84 32
47 41 32 77 76
12 48 97 32 24
27 14 64 30 4
8 47 62 44 16
35 68 39 61 33
53 20 73 91 22
52 12 34 89 29
5 3 29 51 27
83 45 44 87 6
92 21 14 25 77
75 88 70 31 4
57 60 70 84 47
18 24 38 94 27
80 21 96 14 31
28 40 8 27 43
95 76 54 68 41
43 39 62 61 33
20 35 47 99 25
53 87 46 98 81
11 48 84 23 1
7 1 58 44 23
65 10 19 13 82
70 23 39 94 1
30 69 18 3 49
24 43 12 52 56
52 6 18 62 41
82 12 64 98 32
48 39 82 52 9
63 11 34 37 21
18 42 86 66 84
3 42 76 32 41
9 63 72 94 54
36 99 60 57 63
78 34 80 92 66
88 59 12 45 10
13 65 9 95 56
57 85 18 92 76
53 10 63 49 72
65 89 4 61 13
56 80 9 47 24
66 80 96 53 48
94 63 40 90 36
91 62 86 8 61
3 86 30 0 82
33 37 71 13 72
89 80 94 95 50
91 96 12 41 4
99 57 61 86 63
2 61 81 26 42
56 55 44 83 42
22 8 5 47 21
6 25 47 79 95
7 54 68 16 29
48 51 85 92 75
15 53 29 79 94
39 95 33 75 69
98 82 1 29 87
27 26 17 90 43
70 57 19 42 52
57 78 3 83 50
43 48 14 89 69
93 7 37 86 26
90 41 54 69 80
61 7 58 18 69
97 67 18 85 99
69 70 30 6 26
69 6 96 15 4
84 92 11 32 96
70 57 32 31 85
85 95 51 17 26
14 67 43 41 72
34 60 94 45 44
83 25 33 26 3
30 20 99 45 96
61 90 13 88 66
72 89 73 0 84
42 57 43 37 74
84 37 76 58 93
15 66 3 70 90
48 43 38 46 96
16 61 17 0 90
26 78 86 89 61
33 49 99 35 6
22 13 28 62 91
48 77 33 80 70
6 60 30 73 3
17 79 68 76 73
17 20 82 96 1
84 53 75 79 0
77 64 33 69 43
65 48 11 35 98
46 64 96 98 30
5 47 1 6 11
48 99 53 82 36
9 4 64 93 59
65 8 52 58 72
63 60 62 42 43
44 20 77 35 99
62 43 89 29 13
79 31 99 91 45
46 45 19 4 66
1 29 94 77 63
84 64 7 28 20
84 99 89 48 52
45 89 11 17 13
22 67 43 60 0
23 20 56 26 43
56 88 35 9 30
3 69 72 98 18
72 40 39 53 55
7 56 88 82 98
71 77 21 79 59
65 96 83 16 82
1 89 53 38 84
30 2 26 23 97
24 61 99 90 48
96 6 32 91 5
16 81 38 8 10
7 56 87 39 8
35 73 44 17 93
70 13 80 77 9
91 38 65 54 55
21 55 89 91 16
23 1 48 37 93
8 89 13 9 40
59 50 87 31 39
40 28 23 69 6
19 90 79 88 87
97 14 49 27 7
93 78 32 84 47
5 66 78 21 10
91 87 29 73 86
39 4 91 21 88
51 98 78 16 82
12 97 76 89 77
2 44 3 17 52
23 66 5 16 14
99 92 51 4 57
68 17 36 6 65
88 47 99 93 0
10 9 20 91 86
55 36 99 61 23
70 91 64 92 73
24 15 73 43 14
38 35 46 30 97
75 77 54 44 64
5 70 84 31 93
62 30 9 63 20
34 12 47 77 15
42 47 7 14 97
96 68 71 14 4
81 42 4 79 88
90 77 8 78 98
8 84 64 46 99
72 32 89 48 50
62 88 42 4 12
35 86 58 14 2
57 55 83 94 47
73 53 93 89 9
86 70 39 55 73
53 19 79 89 91
33 31 51 1 87
40 90 65 11 53
81 64 1 60 20
25 60 94 85 4
21 16 87 14 27
92 8 81 13 91
76 75 60 10 69
81 20 29 43 72
78 65 92 1 35
2 76 99 62 49
93 61 36 3 49
18 60 56 47 92
39 96 21 49 5
33 67 37 83 13
46 5 84 59 94
26 12 95 30 62
98 52 54 92 17
11 1 93 8 17
5 72 21 59 90
1 88 42 84 37
26 1 0 23 71
31 32 74 35 97
24 2 23 95 77
77 39 1 73 76
73 84 66 58 24
47 15 8 88 56
40 58 30 62 35
77 87 78 39 4
48 27 38 2 14
2 37 44 80 59
70 50 57 31 91
92 2 72 26 13
24 82 1 5 98
20 98 94 34 36
2 33 19 29 61
33 65 18 69 52
82 34 98 88 50
89 38 51 24 68
96 9 8 16 74
9 93 18 68 39
59 95 76 85 18
46 29 16 18 49
93 77 96 13 67
98 94 54 68 74
27 71 59 91 44
71 12 72 63 86
54 68 75 34 70
77 65 50 61 69
3 48 2 23 26
66 75 31 94 32
5 55 60 20 28
70 9 86 30 98
15 6 83 32 41
3 69 88 56 91
32 88 29 38 80
6 40 66 86 41
5 88 40 56 92
83 85 80 95 17
75 45 11 34 73
71 6 84 54 78
53 27 32 86 98
17 98 87 8 82
37 55 51 38 73
77 84 66 76 56
18 72 25 84 38
60 86 54 94 16
68 3 49 73 63
49 98 35 88 76
30 29 91 59 83
16 31 33 45 37
42 1 35 39 96
90 32 18 55 22
6 28 19 38 9
41 81 49 73 71
99 49 11 71 21
97 68 81 75 99
46 42 78 23 28
40 66 50 41 94
16 31 34 77 42
55 33 7 61 85
20 27 19 14 61
69 50 90 38 58
50 16 95 6 10
40 96 35 77 89
69 28 3 47 0
27 63 81 31 32
86 48 41 39 75
69 70 0 42 98
37 71 94 84 47
26 98 66 61 2
42 33 60 75 17
19 75 77 4 79
59 10 26 40 77
78 23 90 27 89
39 41 67 78 81
11 88 53 4 34
60 21 91 39 77
45 69 46 41 64
24 84 93 71 54
31 57 94 5 25
65 89 91 63 4
21 46 8 59 13
73 12 81 84 31
10 85 71 47 2
53 49 27 78 48
81 11 33 53 65
58 99 79 67 24
53 54 50 78 44
7 5 92 54 12
26 73 87 3 62
39 8 45 24 80
53 77 17 94 22
13 27 43 17 85
44 83 13 47 7
49 43 12 16 67
74 22 25 27 83
26 39 11 34 6
83 94 77 43 26
86 65 42 71 45
57 12 82 98 84
87 28 76 44 23
4 22 79 70 26
7 25 83 1 89
34 19 24 38 47
75 29 45 92 4
88 19 31 98 46
48 19 56 22 91
44 55 99 6 72
1 0 13 15 82
73 32 8 58 28
81 78 4 48 35
52 24 77 78 88
34 29 80 72 81
8 30 67 0 14
7 68 24 42 17
21 6 68 1 23
23 97 92 33 11
45 94 18 34 22
80 58 52 6 0
40 32 23 66 19
97 52 36 40 58
21 28 72 52 31
28 17 16 15 89
30 0 9 37 10
89 6 86 76 25
82 64 21 91 26
7 70 62 98 14
19 36 45 1 56
64 29 60 80 41
25 62 9 47 56
80 74 17 4 70
19 70 18 49 78
82 15 20 65 76
10 21 69 45 76
73 39 69 84 98
35 41 31 62 39
2 40 70 3 39
42 27 66 45 81
94 71 64 48 78
12 10 80 77 76
7 76 82 73 12
7 81 51 96 89
31 37 92 23 2
79 82 65 5 54
37 71 79 83 62
36 56 41 18 31
84 74 76 58 36
88 59 42 31 8
5 13 36 38 71
77 82 40 66 63
32 12 37 84 95
25 54 51 12 58
14 86 99 96 87
63 3 53 85 13
75 46 57 2 76
20 70 34 28 91
11 98 85 69 17
76 20 2 1 27
89 58 86 23 53
45 34 99 3 44
27 64 78 31 4
99 97 43 44 1
97 8 53 30 38
44 4 41 18 80
70 82 90 4 91
53 41 2 17 35
82 33 23 73 62
62 27 68 5 75
3 95 87 62 7
53 95 41 87 37
22 13 49 88 60
85 93 22 41 95
58 36 33 50 28
89 45 2 96 93
78 83 42 8 29
70 30 37 20 5
74 18 51 69 89
21 71 77 19 3
39 16 22 51 49
89 58 94 18 63
86 27 68 89 73
32 65 23 57 68
51 44 13 96 89
42 34 49 43 59
88 56 6 1 55
86 94 45 57 70
4 51 12 6 70
26 59 40 75 14
98 77 93 76 30
9 36 10 47 58
73 77 16 65 75
16 91 64 70 49
75 72 40 82 61
34 73 63 49 70
70 39 6 96 55
41 99 80 94 54
76 24 38 9 25
70 98 90 50 59
18 62 68 53 51
68 76 30 94 84
76 21 9 22 84
98 33 22 2 61
67 52 48 88 3
72 68 47 8 80
11 93 24 85 84
35 39 91 78 4
74 4 25 52 67
10 24 61 6 69
43 64 39 55 1
63 5 18 34 52
58 87 50 64 67
77 0 63 32 91
9 33 44 25 85
32 37 3 33 38
11 64 45 85 91
30 41 37 66 89
76 29 17 8 71
41 96 98 94 52
12 30 57 83 24
70 2 47 51 6
82 27 35 61 77
32 53 47 77 87
68 29 78 23 67
73 80 1 38 62
83 59 34 41 33
72 48 88 30 36
7 88 46 29 58
13 61 37 42 6
77 5 51 92 56
10 39 6 46 0
29 64 31 0 24
59 98 20 29 60
50 96 56 24 63
2 16 86 11 42
67 42 89 81 97
83 30 66 7 47
86 20 30 1 35
75 77 10 70 49
31 63 14 92 70
10 37 89 97 35
4 76 24 38 87
93 13 59 77 21
65 76 26 83 17
13 87 84 82 95
32 64 43 24 29
25 17 28 81 8
88 61 40 9 50
74 98 37 19 3
80 23 19 30 75
85 28 6 66 10
98 1 64 96 76
13 79 2 67 64
48 64 98 19 39
95 5 14 1 19
31 84 53 2 46
96 51 17 88 55
33 20 11 24 73
52 70 54 85 88
57 53 30 2 44
21 2 66 18 22
6 44 1 18 57
66 76 63 81 1
16 17 75 14 68
28 4 21 25 34
1 13 43 39 47
24 96 14 54 89
93 26 77 60 27
51 44 79 18 61
1 47 79 73 67
84 56 14 17 47
18 81 92 82 34
4 0 8 11 40
56 43 72 31 8
40 39 87 48 62
92 99 5 26 29
35 89 42 17 15
70 21 91 92 37
52 33 12 46 63
40 55 58 1 47
49 50 81 97 68
78 80 50 10 26
54 99 73 74 65
46 21 69 16 41
9 77 80 6 8
79 47 85 92 42
87 95 4 19 44
45 25 41 20 48
71 46 2 17 59
67 79 63 97 74
97 27 0 4 41
34 43 93 73 61
86 30 43 10 69
15 81 40 52 76
63 80 88 46 78
56 32 69 33 49
87 84 18 88 57
52 99 72 53 58
97 37 26 35 66
9 27 59 92 81
3 15 11 49 50
45 2 34 52 44
44 2 7 98 50
62 43 0 6 59
45 62 60 99 72
74 38 73 41 33
49 14 77 69 93
54 90 16 72 49
47 83 66 73 54
68 18 49 88 50
62 90 91 50 97
65 7 50 13 81
55 76 84 1 32
29 78 38 88 7
77 9 58 92 40
18 99 89 40 83
3 47 54 98 14
18 51 24 81 16
77 11 75 92 82
80 25 2 0 62
69 45 84 29 33
77 55 10 36 12
18 28 75 9 36
91 86 51 77 99
66 35 19 40 87
17 61 44 29 5
49 31 29 24 38
2 3 61 96 24
38 62 20 27 52
10 7 3 29 4
17 3 39 50 66
21 54 96 17 3
60 17 71 54 23
1 78 61 5 51
26 76 49 84 17
57 0 18 14 63
30 80 6 8 17
41 19 38 70 15
16 81 86 89 8
92 27 7 87 54
22 24 67 60 99
69 65 70 21 68
10 57 7 95 27
78 21 37 85 18
69 93 20 62 34
83 19 23 63 18
63 90 37 94 80
76 4 63 93 67
3 2 95 83 90
92 40 85 1 94
38 15 54 66 35
99 6 51 96 41
55 19 7 24 70
80 41 66 20 36
79 40 58 9 71
57 61 77 27 98
21 63 92 56 28
84 37 44 32 82
37 70 40 27 11
95 27 25 28 29
15 94 29 84 9
73 50 31 95 4
71 39 65 61 10
87 41 3 55 96
99 17 71 77 84
80 6 67 3 60
78 17 31 38 13
51 0 29 93 48
18 36 30 84 21
43 29 64 15 37
66 55 13 49 80
78 83 43 91 65
91 2 77 44 36
61 88 67 70 81
69 17 10 8 60
93 62 42 7 98
96 78 57 67 24
69 66 63 78 62
84 73 85 50 55
71 70 73 21 60
45 32 10 79 75
81 23 63 35 51
10 56 2 76 70
93 59 29 21 62
62 20 40 96 27
32 6 83 35 70
76 80 77 92 19
72 64 59 89 80
15 0 70 9 4
33 65 31 38 1
70 8 73 22 47
23 3 54 85 84
65 60 38 86 75
39 63 53 58 78
36 8 43 33 24
67 24 51 37 62
70 45 30 82 68
66 22 47 19 44
23 59 97 8 44
54 26 81 50 11
54 36 99 72 30
47 70 32 48 2
82 20 75 44 89
87 23 7 9 98
74 53 87 97 84
94 78 57 43 56
25 79 64 41 9
31 11 79 15 3
76 26 8 62 55
52 28 8 42 48
93 83 82 30 91
36 11 66 35 67
89 33 75 13 7
47 27 40 33 89
84 40 71 17 99
74 92 61 35 63
54 0 88 16 21
79 7 78 86 13
27 23 15 67 61
52 72 37 78 22
6 84 83 1 0
93 34 58 75 92
99 14 64 57 33
94 50 41 36 87
72 52 6 70 88
96 79 1 53 65
20 16 19 99 0
77 91 95 56 27
86 40 1 75 25
48 43 90 62 15
21 28 8 4 78
38 70 69 88 89
4 98 84 59 12
50 78 26 23 39
73 31 79 85 86
31 87 29 78 65
20 21 72 64 9
90 92 30 43 56
86 61 36 83 94
48 18 10 4 86
18 20 65 3 64
40 42 39 8 0
19 80 83 57 40
81 4 32 82 95
73 52 45 7 86
82 95 1 49 98
88 42 55 40 26
22 86 4 78 10
20 62 44 32 92
89 11 10 37 19
65 28 37 76 7
77 62 16 97 72
80 82 17 7 81
72 49 20 77 7
49 24 66 58 63
23 94 8 93 71
82 59 12 65 39
36 1 64 97 78
39 83 85 73 29
80 97 46 94 28
62 32 64 72 81
55 90 20 6 39
48 70 60 81 52
9 95 57 30 89
36 64 32 1 97
45 27 87 62 49
25 51 89 60 41
84 42 25 10 71
90 18 44 19 80
56 84 14 29 68
9 65 2 61 87
26 38 93 97 34
84 64 6 15 98
7 71 22 96 14
57 47 81 0 66
70 33 96 67 0
25 62 72 8 88
95 88 43 75 18
45 65 15 12 36
2 58 37 15 96
87 40 55 3 78
53 79 94 91 45
51 49 11 19 97
30 27 52 50 3
15 32 72 86 27
7 87 52 77 6
13 29 67 74 71
69 74 77 63 13
64 33 27 86 55
58 29 26 39 62
75 23 92 8 64
93 79 83 17 38
83 45 23 46 14
19 17 40 78 74
23 57 17 66 61
44 35 28 37 22
93 7 47 48 6
5 68 26 24 4
37 59 90 74 47
25 86 54 10 40
15 65 71 63 98
40 59 21 75 3
74 46 5 51 64
17 12 42 97 24
90 93 92 94 56
27 21 42 96 36
78 33 63 24 51
66 77 52 59 45
34 21 91 2 62
25 49 56 82 32
38 61 36 75 91
37 82 13 10 86
61 72 10 94 62
78 77 12 84 28
45 93 10 14 95
87 23 47 18 72
10 16 45 51 30
44 20 38 74 98
86 93 62 52 20
56 33 88 15 43
19 39 88 52 18
87 54 97 66 30
0 95 21 36 33
10 54 41 67 75
88 58 82 85 59
30 14 33 51 27
88 74 93 41 6
8 22 48 88 63
42 86 97 52 41
76 96 72 1 0
7 79 66 11 58
34 89 79 4 66
34 3 31 0 48
3 35 7 95 30
94 57 3 87 37
90 75 80 44 64
66 81 73 78 51
33 46 2 45 68
64 1 99 61 82
4 98 58 90 63
33 20 67 88 1
45 32 61 47 44
91 65 11 36 1
30 90 17 1 69
94 91 64 43 62
29 31 46 13 82
8 76 96 0 34
19 40 84 83 82
89 90 41 75 32
97 49 95 99 74
97 94 99 54 67
67 89 49 99 11
62 99 14 43 82
97 25 14 85 37
61 42 67 56 7
60 13 37 24 91
33 32 71 63 65
8 13 28 4 54
77 29 66 61 24
48 33 44 82 41
73 77 11 82 63
86 62 97 39 20
35 48 50 20 81
0 25 61 64 81
56 51 81 41 10
12 63 85 73 67
17 35 7 11 29
66 37 76 50 70
53 21 68 40 79
42 7 55 40 65
10 16 81 63 87
71 51 26 15 17
48 87 72 76 5
87 34 38 11 1
61 75 89 55 14
42 68 82 25 33
27 84 73 34 88
97 24 48 13 66
94 73 72 42 97
61 40 98 56 63
91 16 10 11 96
62 90 91 61 31
22 94 4 75 12
73 13 28 66 91
91 50 68 34 20
17 49 24 74 44
89 48 54 36 60
2 62 1 4 22
3 72 6 29 77
1 0 31 15 3
41 55 38 2 87
77 89 21 44 20
26 12 48 82 32
31 49 95 97 25
33 48 53 34 72
87 18 78 97 11
90 31 78 89 46
78 58 6 59 24
95 21 31 16 4
45 50 52 74 17
40 55 21 54 48
88 27 97 12 76
57 19 12 46 6
0 61 19 68 12
27 66 35 37 8
10 5 24 3 82
88 70 5 94 44
15 31 67 9 59
45 68 72 37 21
73 93 72 10 38
16 62 55 12 67
39 40 6 11 98
10 99 28 96 51
24 35 88 48 55
3 20 92 57 88
93 4 12 32 29
76 82 50 47 22
34 0 14 32 98
25 89 67 45 24
6 40 52 67 48
46 55 69 67 11
58 16 68 9 26
70 38 17 73 6
25 42 63 98 38
14 67 11 98 97
95 1 65 56 85
2 59 98 18 47
22 60 56 87 40
4 38 89 71 74
13 17 35 26 73
85 80 68 27 59
13 0 90 24 25
98 36 4 29 19
85 79 19 70 21
30 29 38 88 5
6 18 60 19 33
68 22 18 45 97
48 84 12 42 76
78 56 44 49 7
63 94 53 24 99
42 91 21 51 68
64 77 41 65 18
0 12 2 88 80
74 78 34 64 93
44 17 25 24 38
14 5 0 96 31
2 67 37 70 98
12 33 14 13 30
66 26 83 86 10
90 62 55 58 20
34 97 90 40 32
93 51 44 13 8
5 79 68 8 16
87 27 15 40 57
99 22 19 60 41
8 22 12 16 66
87 17 96 11 94
78 64 37 29 73
28 25 50 36 37
33 95 42 31 88
38 9 58 61 25
53 63 68 96 36
46 27 54 62 48
87 76 89 3 26
60 86 82 29 83
74 23 66 67 32
58 39 60 33 77
97 23 18 12 56
49 25 11 15 17
59 54 48 35 16
37 62 14 73 5
49 29 14 70 79
64 0 37 57 12
43 76 71 30 62
35 66 37 0 19
33 48 34 89 51
77 79 76 26 33
83 20 17 31 76
39 98 70 72 79
70 44 37 34 6
52 68 3 12 35
90 36 87 85 20
92 9 47 18 85
53 31 99 60 12
44 76 73 20 64
84 25 3 71 19
59 68 20 30 56
68 94 2 71 59
51 56 57 5 76
95 77 43 44 36
65 3 14 5 62
33 75 40 38 97
48 46 39 72 63
12 23 13 59 27
9 80 46 26 81
23 26 18 49 4
81 27 54 41 68
12 1 76 18 10
5 18 33 42 10
85 43 46 64 81
81 82 46 80 60
17 74 63 21 30
27 48 60 26 97
16 0 75 84 76
72 83 75 71 43
59 17 8 94 19
98 75 19 34 4
26 14 83 7 67
69 78 77 86 48
94 66 70 18 64
7 93 56 22 35
68 95 36 12 24
42 15 68 32 66
10 9 32 87 62
19 31 53 16 63
70 67 36 62 75
84 98 83 46 8
77 54 15 88 10
43 36 48 26 71
92 1 23 74 0
29 5 13 33 41
16 2 33 24 5
90 20 61 13 22
51 63 92 95 37
67 36 26 87 55
19 95 50 78 25
64 93 70 14 38
88 66 41 14 85
74 52 27 62 24
35 91 70 13 12
30 20 50 59 14
67 82 28 39 47
30 92 22 66 80
1 50 2 5 71
51 65 66 76 12
58 51 45 26 35
38 58 89 25 39
59 56 0 66 70
55 31 65 95 56
44 50 25 4 84
60 32 8 15 21
28 67 80 42 64
57 72 84 51 17
93 95 45 12 88
53 16 46 52 18
52 47 79 92 73
64 8 11 73 50
38 8 5 77 28
9 23 35 5 59
50 66 45 74 41
74 66 89 11 57
21 98 43 37 7
19 74 14 40 98
5 40 79 85 36
47 27 81 95 54
30 19 64 32 57
10 66 65 75 43
28 31 49 76 73
16 20 5 82 42
64 68 40 34 95
0 27 9 43 72
61 69 15 70 30
18 74 89 73 30
22 51 77 68 2
50 10 57 60 47
61 89 20 42 97
42 93 71 74 81
75 45 15 98 8
75 80 51 49 24
35 77 90 96 29
24 41 46 65 28
88 41 61 37 31
12 16 38 93 26
91 41 2 9 25
26 78 35 63 50
42 50 82 94 67
65 81 47 50 56
15 78 75 34 98
57 16 39 85 48
94 66 43 64 11
44 28 36 34 20
66 37 59 43 54
2 63 79 26 80
84 71 38 43 79
2 40 78 8 31
70 4 1 72 46
41 58 90 6 71
90 82 58 26 72
30 62 18 29 40
97 37 84 75 17
49 30 76 24 13
20 43 23 82 21
25 41 77 50 24
4 48 97 24 63
3 53 74 42 27
51 55 1 73 27
0 16 70 27 65
62 39 43 44 9
15 1 54 14 35
96 38 41 88 64
74 6 68 35 64
92 44 95 88 75
20 51 65 81 62
17 78 70 49 98
37 47 82 34 3
13 93 29 82 64
94 28 21 33 52
12 94 45 40 86
95 37 40 15 20
60 3 48 21 41
2 35 1 38 73
91 50 16 2 90
50 65 44 36 69
26 47 89 7 70
48 52 49 50 30
74 34 85 78 22
56 84 12 51 43
60 34 1 57 53
88 80 39 79 17
18 10 13 81 11
5 10 23 1 0
25 93 58 10 77
65 13 87 43 74
65 8 3 32 22
69 8 41 25 81
67 90 57 45 75
24 55 68 53 71
82 29 28 46 88
89 51 19 72 26
52 35 31 66 34
77 60 41 95 21
25 73 42 95 85
1 85 96 87 26
98 45 59 93 6
83 84 50 5 85
76 94 55 28 91
66 74 64 31 15
74 12 33 46 19
97 88 42 87 15
4 54 57 60 77
96 47 46 42 83
46 8 97 25 40
31 54 92 32 72
4 49 6 47 78
16 0 63 53 56
64 19 3 17 34
83 27 8 60 85
88 80 58 87 25
73 18 24 63 62
59 97 77 45 55
47 90 81 78 56
42 34 25 9 71
75 19 23 77 44
62 5 29 6 98
12 6 4 8 46
96 21 57 26 49
95 60 12 74 39
15 77 91 70 28
99 68 70 67 10
44 89 95 58 90
12 37 62 2 56
92 39 88 60 1
65 86 42 12 36
80 5 27 35 94
63 68 28 60 73
60 27 12 97 63
8 70 97 79 28
91 54 81 71 79
64 27 19 97 82
85 87 80 19 21
82 92 91 43 21
35 15 47 81 21
95 45 57 17 40
94 12 83 17 29
89 43 70 4 29
67 91 66 86 2
43 31 14 94 10
84 51 33 83 52
34 6 96 2 53
10 73 87 89 97
15 0 87 63 22
48 64 40 25 67
65 28 53 51 63
32 26 58 1 29
31 40 74 7 8
97 66 9 37 60
24 96 54 35 4
22 69 46 50 37
94 33 58 29 37
14 87 29 70 39
85 18 75 96 51
8 57 61 78 90
21 41 25 57 86
61 18 31 67 83
22 90 98 27 97
40 10 70 71 43
11 88 72 55 49
91 1 94 86 12
71 55 36 77 25
79 23 94 16 69
7 28 15 97 89
72 88 50 29 83
77 29 14 91 11
1 6 32 43 70
19 17 28 43 29
37 93 75 66 79
36 1 91 64 52
87 60 8 33 38
39 78 91 68 6
65 21 92 52 17
6 67 39 61 73
65 51 18 27 96
60 53 83 61 5
88 25 64 24 76
66 48 83 10 57
80 78 83 33 27
94 23 16 27 2
70 22 29 89 60
90 94 78 29 92
94 90 80 22 83
95 49 85 22 83
44 41 36 50 51
38 90 35 6 82
6 97 59 26 68
9 82 24 68 69
77 9 93 15 95
68 63 75 10 93
6 73 15 39 78
39 7 18 57 37
64 59 76 50 8
49 70 94 29 98
74 18 62 93 37
98 86 99 74 35
14 48 50 24 66
48 94 17 12 80
0 87 17 30 7
17 38 48 95 47
4 17 15 21 54
18 44 58 42 90
58 67 79 44 90
42 11 91 95 77
10 1 79 83 69
24 31 36 16 92
68 91 33 24 57
76 22 81 78 46
16 98 80 66 11
14 18 21 77 42
53 15 66 7 46
46 88 62 20 73
1 58 65 21 55
0 28 42 95 66
18 14 5 8 64
25 55 89 24 61
76 63 74 62 43
31 59 38 42 21
30 39 75 93 12
63 90 65 73 31
37 76 6 30 42
14 29 58 5 33
63 72 46 92 62
68 82 5 72 35
31 68 44 54 58
10 43 39 62 11
49 97 66 56 54
62 33 17 12 84
13 17 18 63 73
83 28 85 59 22
5 80 8 85 28
26 28 23 36 66
31 5 77 34 47
22 35 31 3 9
9 87 25 35 66
45 48 92 49 97
25 54 36 19 91
8 74 21 26 43
94 35 85 47 79
66 77 28 79 30
68 59 45 36 96
93 8 84 34 11
83 8 39 81 44
38 93 58 18 78
23 42 97 6 75
7 27 79 14 48
47 64 59 57 28
46 98 36 26 49
62 27 22 63 36
41 83 77 90 60
86 96 70 83 55
84 16 34 92 62
7 57 24 0 65
47 10 9 89 7
64 34 79 57 74
57 20 95 29 33
77 22 44 71 59
72 38 40 71 73
90 94 42 49 56
2 15 4 9 59
7 74 26 94 4
18 85 92 9 59
55 67 97 34 47
15 5 19 53 85
39 14 32 82 12
38 12 6 75 42
13 52 24 1 95
39 79 35 0 56
35 6 87 38 37
19 90 18 69 64
20 31 58 82 21
40 24 73 76 30
86 53 27 36 34
96 57 70 78 85
33 27 34 53 93
60 29 20 4 48
62 81 50 87 39
56 93 60 90 86
75 1 51 64 67
77 94 51 89 64
98 16 17 8 37
31 37 92 36 48
32 58 31 22 47
57 69 22 2 46
5 72 11 27 18
91 64 57 21 67
29 40 32 98 1
67 69 92 2 43
38 22 54 42 64
24 30 87 7 66
29 28 93 77 62
28 30 35 2 34
22 95 42 21 35
60 42 94 45 26
57 73 87 51 15
22 53 36 27 1
96 75 27 56 70
0 63 1 3 73
89 76 12 57 56
88 5 77 22 27
16 23 20 3 49
14 10 15 75 99
93 99 67 8 5
28 78 16 91 96
80 75 28 97 66
90 31 13 66 93
53 32 38 50 0
15 66 78 20 55
40 44 61 7 39
30 2 27 40 58
11 28 71 78 73
79 49 61 13 29
8 49 64 50 0
24 58 21 76 42
63 46 16 23 31
52 38 7 88 6
82 63 31 96 32
88 96 85 5 95
83 75 40 95 2
24 62 6 82 3
12 1 90 35 67
52 18 29 23 83
71 63 20 38 9
74 79 80 70 78
7 81 20 64 55
72 69 7 18 49
18 87 57 85 9
39 18 57 6 34
14 10 90 72 78
44 39 59 12 13
36 41 1 17 72
40 12 79 19 87
99 77 78 27 14
16 26 33 6 89
98 41 44 10 9
70 9 93 91 44
70 87 71 86 45
65 32 8 71 40
56 25 20 78 40
98 67 15 2 9
77 14 86 19 99
96 72 15 33 53
36 41 54 95 29
6 71 39 95 68
33 90 95 5 81
2 83 28 97 20
38 52 51 17 48
83 1 91 86 30
9 61 15 10 11
31 26 43 10 72
97 89 29 8 46
46 63 47 31 93
64 98 5 15 24
67 51 57 42 84
6 97 5 16 20
11 76 57 29 30
41 75 44 24 60
74 18 27 73 85
38 9 93 85 17
38 24 84 57 13
22 67 75 6 65
61 90 79 40 92
54 45 84 53 41
71 93 72 25 53
12 3 5 2 80
42 80 70 60 65
0 4 66 79 17
92 22 15 80 26
27 36 98 41 92
11 26 69 45 20
21 99 89 95 65
39 5 91 94 43
47 29 23 77 69
46 43 85 15 90
65 50 47 88 78
30 53 62 70 24
96 5 69 49 12
19 56 98 48 64
24 70 28 14 92
7 59 89 71 91
72 56 95 0 36
86 6 1 0 57
99 36 47 20 83
91 51 26 3 83
29 79 77 1 96
61 27 65 11 74
5 75 13 63 62
38 62 0 68 6
68 14 0 82 77
16 74 32 86 70
35 85 10 83 4
37 36 58 78 81
58 82 15 9 37
35 84 89 63 92
98 24 63 60 6
66 75 71 80 60
1 26 12 71 23
1 10 80 15 37
16 46 7 34 70
41 4 25 67 81
75 6 84 18 10
64 25 34 73 80
27 52 38 58 67
90 45 13 50 56
11 40 41 76 57
30 40 20 29 41
16 60 95 89 79
74 16 3 57 99
57 13 66 60 18
43 31 63 40 93
33 58 81 13 16
84 90 92 45 55
24 33 98 35 37
56 40 3 78 64
93 34 5 12 54
59 55 89 36 6
90 41 17 1 32
65 91 83 82 79
54 44 57 7 9
5 8 79 72 83
60 42 29 55 58
76 41 40 52 58
79 6 7 27 46
45 91 3 28 41
54 7 35 99 59
27 74 37 67 66
7 41 84 61 8
56 29 46 45 80
45 80 73 40 88
81 94 3 57 40
70 58 91 3 95
28 10 50 7 84
13 21 19 47 70
55 17 64 35 51
36 10 23 21 72
75 63 60 28 73
49 59 98 55 67
79 42 89 58 11
93 50 72 48 92
6 67 58 82 30
45 57 73 59 90
61 57 15 28 27
13 89 19 15 11
53 50 67 79 38
18 32 82 77 13
22 60 8 34 9
57 49 65 84 58
17 21 15 91 36
50 71 26 1 31
31 95 89 64 15
58 16 66 82 74
12 40 39 1 66
17 99 8 28 63
86 29 12 1 15
68 24 84 1 3
63 22 13 30 82
2 68 62 41 38
48 88 97 53 68
64 88 37 42 12
7 92 57 25 70
63 40 22 93 97
99 78 53 1 64
53 79 38 36 87
27 73 54 96 61
54 13 3 1 85
55 64 88 58 38
34 85 62 14 48
80 19 26 84 87
97 21 44 47 5
14 5 6 86 39
94 49 47 78 75
35 5 83 32 29
28 50 56 64 40
89 9 2 62 8
65 32 30 42 15
17 94 84 45 15
89 0 37 82 8
19 27 59 6 63
60 74 66 8 15
75 48 96 78 98
19 94 39 54 30
73 14 52 59 23
8 85 10 22 79
76 99 39 31 47
89 56 39 44 77
81 91 76 5 22
9 10 75 83 72
29 42 48 21 14
92 34 18 71 40
52 99 73 5 94
65 93 42 97 84
13 93 82 33 38
43 35 26 33 54
4 71 96 32 76
1 46 13 43 85
15 30 36 96 72
0 29 21 90 33
56 51 61 65 30
68 97 90 67 6
85 69 0 54 56
39 96 59 4 53
44 18 91 43 36
81 34 25 82 23
2 9 10 93 18
24 59 74 28 15
10 25 69 19 63
67 70 57 61 20
50 57 87 70 44
92 55 42 7 53
71 67 64 75 62
38 65 82 69 60
6 98 24 20 5
95 85 92 56 10
27 19 47 20 83
41 79 6 64 65
47 95 15 18 55
4 29 74 31 91
52 58 39 26 25
68 4 23 96 56
27 88 45 5 31
42 26 64 7 31
70 9 46 99 76
84 38 82 31 39
69 22 53 13 93
81 32 79 33 72
20 99 62 29 85
1 48 14 73 6
54 7 86 14 3
23 28 27 18 65
83 35 81 76 17
5 15 85 64 49
42 88 62 23 43
98 1 44 0 9
67 25 45 70 46
9 58 14 66 63
54 17 33 48 28
64 51 84 53 79
57 60 17 44 31
50 93 71 44 88
90 23 76 36 38
57 78 73 30 52
65 26 38 86 25
1 64 6 87 69
46 50 57 25 66
83 90 64 15 93
34 88 73 85 86
92 8 35 55 63
46 40 29 5 14
57 20 90 98 52
51 42 98 68 11
38 52 22 25 88
90 69 47 20 88
95 14 7 31 59
60 45 3 93 59
36 66 38 49 44
97 32 51 36 49
10 61 48 57 2
37 27 80 38 28
75 30 72 62 51
67 92 34 39 30
85 49 29 40 54
64 40 42 19 7
35 18 5 69 82
52 71 96 69 56
5 38 47 98 12
72 39 84 88 76
1 89 33 30 27
35 39 5 81 32
41 53 42 3 90
67 47 0 56 85
15 63 38 73 8
15 82 57 93 43
90 0 37 41 46
61 42 78 58 39
13 78 18 37 96
54 16 18 70 85
70 65 58 93 46
76 82 70 51 28
41 16 8 19 42
33 86 87 30 60
70 40 64 60 27
88 26 84 83 53
77 15 41 31 63
41 55 33 34 91
17 23 11 42 24
26 14 12 9 87
95 52 3 98 8
28 89 33 71 69
86 19 60 35 64
93 59 97 33 58
12 92 6 55 72
79 65 32 85 91
79 76 15 65 60
94 6 33 28 79
77 97 92 55 35
60 29 95 10 18
91 2 57 82 18
63 77 40 24 0
47 52 54 41 46
42 12 1 5 59
22 95 51 24 86
71 91 52 40 11
57 72 40 2 22
31 77 95 45 57
17 86 75 87 76
13 12 5 85 14
49 54 52 93 86
21 49 9 41 14
90 31 89 30 2
14 17 64 33 0
91 58 44 36 25
37 6 86 52 63
78 52 38 80 69
28 21 98 8 77
68 10 32 46 39
79 96 46 87 14
66 92 59 25 39
25 8 85 67 88
4 2 9 18 72
36 39 6 70 64
69 81 85 13 97
39 70 47 35 10
98 21 61 99 25
3 49 16 41 36
94 35 85 41 96
8 89 52 7 33
73 97 98 67 22
33 87 81 23 15
55 34 14 42 63
41 7 94 68 28
29 76 52 95 92
41 2 24 88 71
70 31 34 90 50
98 86 65 40 35
54 1 12 66 79
97 30 51 59 34
49 46 37 75 67
8 89 85 15 87
78 9 18 32 35
35 18 19 15 58
61 49 42 27 64
34 26 46 65 79
38 58 5 82 73
49 28 3 63 59
64 33 28 88 18
54 28 39 18 57
55 81 90 39 65
35 23 59 3 71
31 90 33 79 41
5 43 20 71 39
23 32 50 88 91
65 60 24 25 52
71 68 24 4 86
97 50 47 51 14
99 51 88 72 31
76 41 49 42 4
97 17 4 26 99
22 77 13 90 1
18 92 39 23 72
76 25 95 74 64
7 36 64 62 29
38 65 72 95 7
35 22 38 74 95
60 45 48 82 62
56 96 25 93 16
66 82 7 73 97
1 51 25 97 74
30 96 68 10 33
48 72 97 11 88
94 6 70 53 4
24 17 10 8 6
46 93 76 60 73
40 1 38 69 72
90 72 15 64 33
27 45 83 1 4
72 75 60 77 45
64 46 28 73 94
96 0 28 70 23
38 80 88 22 65
75 84 38 66 20
31 36 45 39 96
19 84 45 90 61
73 81 7 61 66
46 1 81 33 53
94 43 16 23 29
35 77 16 66 78
69 87 2 91 77
83 9 74 90 6
20 6 94 24 9
79 72 18 37 57
83 15 86 57 1
5 42 63 69 6
5 47 16 17 20
76 13 15 71 77
27 73 44 36 94
74 52 18 61 35
69 64 85 32 56
59 49 86 94 2
78 15 75 33 11
5 78 36 71 19
33 71 79 66 85
77 93 98 48 76
43 38 57 18 95
74 66 80 68 8
16 94 18 74 2
14 98 73 69 70
98 16 49 64 91
91 29 55 98 56
5 98 20 1 58
84 80 37 59 94
72 15 46 54 64
85 23 48 54 35
42 61 14 25 97
22 66 50 23 44
73 14 89 63 30
12 30 83 2 23
45 59 50 98 82
93 68 51 35 53
85 90 0 18 38
65 91 0 64 6
26 16 58 22 64
98 48 23 47 41
90 33 87 51 15
73 41 40 48 76
20 12 71 16 87
50 97 8 25 45
77 19 67 32 50
16 61 22 82 34
57 13 25 10 43
8 85 37 93 18
16 39 9 50 78
40 67 78 69 81
90 96 43 75 41
73 56 30 57 65
13 70 50 51 20
77 85 98 54 19
31 44 7 17 26
83 87 24 1 85
67 19 37 90 69
36 3 61 53 44
28 43 21 23 66
50 77 53 37 45
70 88 24 44 98
91 59 46 88 77
59 39 93 97 43
2 48 39 14 42
77 68 94 52 32
9 75 96 19 8
42 58 92 84 32
79 53 96 29 4
46 69 35 80 96
43 51 54 62 91
58 71 89 44 65
73 93 11 99 10
65 73 18 97 31
16 14 64 17 56
56 80 2 0 4
74 96 98 64 33
80 43 70 29 8
14 31 39 53 68
74 97 61 51 86
43 16 65 28 37
62 23 12 82 83
4 21 5 16 42
22 91 42 32 43
19 88 90 37 73
63 4 8 40 58
99 93 59 97 54
71 77 5 64 11
3 55 40 59 13
79 31 14 52 83
18 53 83 67 13
92 52 58 65 38
5 72 32 92 68
58 98 66 67 83
41 20 40 80 30
26 25 95 98 96
53 44 96 59 98
83 31 71 33 56
12 6 44 87 28
99 94 58 33 46
85 56 61 26 55
63 80 21 68 81
77 4 14 9 96
61 89 55 91 12
21 23 68 48 51
63 13 83 72 53
27 64 1 25 33
21 97 6 81 12
50 92 14 83 25
41 0 60 65 71
90 6 59 13 60
57 15 72 27 89
34 48 95 23 30
0 31 32 20 27
65 1 32 7 56
70 29 72 85 59
41 43 80 35 3
0 75 25 44 45
4 47 57 87 0
85 78 61 35 95
84 79 23 13 54
60 61 15 5 40
73 33 79 1 72
67 9 42 53 35
98 65 21 79 32
62 91 43 29 54
22 80 13 25 39
85 57 84 50 40
85 11 50 88 0
15 89 33 27 86
42 32 25 50 24
77 18 43 79 29
88 63 66 16 72
67 53 18 84 11
52 12 56 86 85
80 41 15 86 85
8 66 45 57 72
97 75 25 36 16
77 56 98 27 61
82 29 53 92 72
72 57 8 45 66
94 10 70 68 30
41 1 75 62 11
75 90 50 11 80
58 50 57 69 11
36 64 57 69 38
35 32 59 56 51
34 79 52 55 96
21 31 45 28 40
62 45 39 28 26
96 95 38 34 70
24 58 63 19 12
73 70 89 45 84
47 24 35 80 0
74 61 68 99 96
58 48 91 23 8
25 0 47 4 22
18 84 40 2 25
11 12 49 60 54
97 62 91 50 25
80 10 38 83 39
60 80 20 40 35
40 59 52 85 57
2 58 74 93 0
23 72 47 27 17
16 26 85 67 23
78 32 50 70 99
45 95 82 88 65
74 75 57 27 5
99 92 12 20 84
88 87 6 15 29
24 67 74 37 95
44 61 54 30 24
32 2 55 85 95
62 76 96 75 81
96 3 14 10 40
23 5 50 95 76
50 60 37 19 9
40 77 4 65 41
24 64 4 89 86
52 53 43 15 1
33 99 56 89 38
73 1 51 16 3
78 96 85 29 0
0 23 71 74 4
5 95 35 23 36
97 37 34 32 6
90 92 59 74 78
76 50 91 63 17
62 8 28 18 87
79 3 35 56 0
81 47 80 82 40
61 60 48 13 82
37 3 26 87 84
86 20 27 99 44
9 38 47 68 56
53 56 80 35 71
32 58 91 72 28
51 86 19 93 84
36 52 2 93 95
51 54 15 24 13
86 31 68 80 62
80 87 10 65 4
77 61 11 5 54
23 48 67 58 65
72 89 22 71 85
17 63 56 98 85
11 88 83 62 34
52 79 59 67 38
56 53 22 17 46
21 23 38 64 57
14 81 11 20 7
79 23 12 68 92
73 24 80 68 74
61 25 57 77 11
28 91 2 96 67
2 24 73 38 51
89 60 69 72 13
96 21 15 14 56
47 33 62 79 11
50 54 86 91 51
24 66 99 73 1
63 7 23 60 14
97 25 87 17 61
90 98 64 72 99
75 39 41 23 42
10 14 89 27 43
89 42 78 47 50
14 21 2 85 91
27 98 24 39 18
74 50 1 69 64
58 25 28 37 99
78 7 47 8 4
38 2 77 16 52
62 65 12 60 89
53 79 98 73 55
81 53 36 93 60
51 57 83 85 24
77 22 55 90 25
4 95 22 7 77
26 29 22 4 71
88 74 39 63 92
97 95 50 26 11
71 96 56 74 23
34 3 20 45 70
95 94 64 60 85
62 32 90 38 89
86 32 40 94 14
92 7 25 30 78
25 29 54 69 2
5 52 27 73 38
84 48 43 82 32
76 70 30 42 59
25 60 82 90 32
85 51 31 62 10
81 80 90 11 79
18 29 23 72 66
91 6 90 31 61
21 46 98 43 47
13 71 21 79 97
43 80 45 92 53
22 41 50 23 86
89 13 97 65 4
84 82 74 10 55
29 2 26 81 1
4 15 46 36 37
52 57 98 3 4
9 44 83 97 99
20 65 59 28 37
44 89 35 5 98
77 7 97 38 19
25 77 48 19 33
28 68 39 5 21
24 36 86 58 76
53 91 57 33 24
29 7 12 9 87
1 90 86 70 33
18 31 39 29 88
21 84 46 55 35
39 26 84 27 59
29 26 52 74 32
52 8 35 28 26
41 37 98 8 60
75 3 56 34 33
15 12 62 98 60
65 36 11 55 6
41 37 14 43 26
9 39 4 58 0
35 25 11 79 43
0 56 1 25 66
57 84 23 41 9
39 64 75 87 72
9 47 89 2 75
75 96 62 42 89
43 50 85 36 4
96 23 93 67 64
27 82 57 61 55
92 55 42 83 44
7 72 78 74 29
12 86 70 99 58
55 18 40 93 30
89 60 50 69 44
63 71 72 10 88
13 21 53 74 23
30 75 17 94 60
95 17 97 49 64
81 74 23 64 34
61 32 34 89 98
74 63 91 76 3
38 22 59 5 1
19 72 5 74 52
9 80 90 24 8
14 90 13 7 38
28 54 63 59 26
66 95 25 97 9
92 0 79 8 90
69 12 30 7 48
89 54 12 87 55
98 8 52 27 36
55 25 76 89 18
83 60 58 74 61
29 40 30 61 91
98 30 56 62 9
99 30 89 46 83
62 10 65 31 92
22 12 20 60 63
84 97 89 96 62
80 35 93 43 49
20 10 22 40 61
4 35 47 61 51
76 78 4 91 66
3 48 84 74 95
22 94 95 65 46
21 23 72 61 49
24 78 58 93 0
44 76 84 39 74
65 51 53 14 82
13 94 3 30 78
89 92 39 47 95
86 9 79 52 65
71 87 43 23 91
53 56 68 55 73
38 50 73 10 4
48 42 18 17 63
29 64 43 67 5
82 96 53 28 4
18 93 28 76 0
23 54 48 78 29
9 79 86 21 74
35 62 63 76 9
29 54 37 68 51
94 95 58 51 70
36 43 97 32 16
7 89 32 58 31
60 90 56 64 58
3 42 6 77 35
33 41 98 99 57
80 81 55 16 53
83 14 3 6 43
61 72 9 19 49
69 6 1 21 57
31 11 97 69 89
84 8 94 79 98
27 13 81 63 33
74 4 92 32 7
68 88 89 10 97
98 57 51 45 74
92 52 91 38 28
89 5 72 66 17
11 4 16 63 17
5 85 21 77 50
87 58 42 66 9
16 67 73 34 85
66 86 57 34 85
55 84 53 9 57
6 91 10 60 70
23 24 60 94 39
5 95 9 32 3
14 9 16 2 25
62 28 80 45 94
70 99 88 68 85
79 23 61 37 53
33 63 57 24 5
8 66 47 40 71
54 30 86 63 42
87 7 17 72 98
13 72 86 78 21
92 99 54 88 37
31 56 58 86 1
51 41 91 72 47
42 2 27 77 63
4 83 82 39 34
59 60 83 23 78
6 27 62 13 57
29 57 18 7 82
16 68 60 15 74
75 49 60 81 69
66 61 34 77 45
13 76 19 85 52
39 48 6 75 67
91 1 87 37 80
89 93 0 32 11
65 99 89 10 16
28 50 43 22 64
40 87 29 65 69
17 36 19 83 65
40 78 79 61 29
45 44 5 19 47
51 60 92 43 26
66 60 44 27 21
70 42 58 11 9
71 68 51 6 73
91 99 86 18 97
43 76 26 28 88
95 71 51 82 43
96 52 3 26 55
54 13 46 79 93
38 4 60 8 44
88 68 21 32 16
16 78 19 20 84
10 21 60 15 66
74 22 21 83 82
53 25 61 93 73
78 61 54 16 44
66 95 54 84 8
8 44 38 57 9
48 88 91 63 5
67 12 7 31 99
39 7 70 32 17
9 60 1 50 68
29 4 3 20 71
18 16 74 64 43
2 74 88 16 5
44 17 90 65 61
85 56 77 44 45
37 9 29 85 26
13 5 4 77 78
70 48 27 7 51
71 64 1 60 2
74 24 68 16 72
45 71 50 42 27
5 32 78 91 16
42 70 12 30 71
69 24 50 84 27
66 31 88 56 63
24 89 5 9 6
82 40 26 88 78
36 82 86 51 71
12 10 36 90 59
47 29 26 19 77
36 57 88 64 45
62 24 44 20 98
85 95 70 24 78
18 2 32 12 58
27 6 15 61 70
93 63 49 59 71
42 55 67 6 9
13 26 23 84 15
28 56 55 27 77
26 91 3 73 84
47 52 71 45 50
71 10 35 98 59
91 21 89 19 65
94 98 77 25 4
18 53 98 97 68
84 15 88 16 24
3 33 41 29 76
42 75 32 93 72
82 95 15 17 19
41 66 89 21 74
17 43 11 84 30
82 98 99 47 17
65 82 72 18 92
3 74 9 87 80
54 65 58 66 4
83 32 19 95 80
93 45 9 95 48
41 9 33 65 60
34 8 5 66 4
1 50 63 19 10
47 0 6 77 69
12 30 40 47 74
59 64 99 81 14
41 55 48 59 14
95 13 87 65 67
52 2 61 30 12
92 84 21 70 95
20 28 75 37 70
57 96 95 31 50
30 86 81 60 9
60 25 6 23 95
46 17 65 49 19
94 87 6 20 27
38 53 20 2 1
95 34 69 36 30
18 10 85 83 97
99 66 89 72 80
66 9 98 44 15
89 65 21 53 42
94 44 23 66 1
94 7 36 91 8
2 30 49 61 45
10 13 88 8 18
86 71 21 11 34
35 10 43 79 97
82 66 17 86 60
83 72 43 28 58
71 33 25 59 48
58 77 91 83 97
94 53 37 46 2
26 33 87 72 5
90 93 27 47 32
23 49 57 2 74
37 51 22 55 14
80 18 3 95 81
62 38 2 12 24
65 41 13 45 53
12 81 79 54 1
20 3 58 71 80
40 37 85 90 88
86 76 30 23 0
34 32 35 3 2
99 73 22 95 36
51 10 55 5 78
82 44 43 62 0
90 57 69 28 13
95 29 56 48 15
30 50 47 58 63
33 75 96 52 58
66 40 35 72 33
26 45 97 98 51
95 49 98 74 36
39 37 68 42 19
61 6 96 0 48
24 97 18 12 35
32 12 42 89 11
25 45 2 84 18
2 17 24 76 65
4 77 52 9 8
3 1 8 53 14
99 69 21 30 96
65 43 90 9 55
84 52 77 30 24
17 64 50 73 39
55 29 86 47 79
58 34 8 73 63
52 38 56 63 11
33 53 6 95 46
6 9 51 65 16
83 41 25 93 91
5 18 72 13 24
37 6 28 39 34
18 85 81 86 44
10 63 65 85 49
2 44 76 49 52
18 4 21 47 58
65 99 81 50 12
22 11 93 80 39
42 49 72 94 39
48 37 86 74 73
10 9 67 94 91
95 66 37 89 25
22 73 86 83 90
78 31 52 71 33
18 34 61 82 37
20 50 58 79 91
3 56 97 25 77
5 91 31 71 1
94 83 89 38 47
33 61 85 14 91
3 71 26 25 32
79 82 21 89 16
39 89 84 52 88
40 73 5 32 1
39 28 64 77 2
97 47 71 4 20
43 9 71 50 19
19 57 5 4 26
17 19 59 7 85
6 22 70 64 68
49 3 46 47 81
21 33 20 11 31
66 88 20 95 94
9 15 68 86 30
73 52 64 82 23
70 40 4 97 93
62 47 38 12 74
32 62 30 80 18
55 16 71 48 35
43 24 38 21 44
24 96 91 44 56
52 10 36 17 83
10 80 79 11 59
61 99 31 24 38
94 13 87 44 92
34 5 26 39 43
59 57 17 84 41
64 60 31 22 38
39 77 97 58 9
27 36 52 77 38
91 96 88 99 69
54 22 15 2 67
10 87 6 55 23
50 92 57 93 60
10 45 87 14 37
78 70 9 96 92
86 18 41 35 90
45 83 34 88 85
5 21 82 19 42
57 70 14 56 67
39 91 57 4 52
3 88 48 90 63
0 9 96 16 5
34 13 11 24 68
92 73 34 84 30
0 83 41 52 88
84 75 79 44 43
32 46 94 68 89
10 75 18 43 90
96 74 75 57 78
84 81 75 4 56
40 7 88 5 97
22 76 58 93 90
72 25 28 32 23
9 7 87 60 84
94 59 64 82 27
41 36 54 31 94
47 30 42 55 56
14 70 98 44 96
56 41 60 95 0
32 55 49 40 0
19 84 30 43 68
26 61 62 11 2
67 62 32 82 38
0 81 20 57 72
9 42 62 40 46
40 67 5 49 11
58 88 6 3 93
34 25 42 4 21
79 18 10 59 71
30 53 85 26 17
32 96 65 8 54
40 29 76 10 31
97 67 13 71 75
68 2 9 73 76
31 37 64 50 26
51 83 6 66 18
89 2 59 26 28
65 67 60 7 13
7 17 71 82 62
51 95 0 36 99
2 79 78 41 73
60 36 31 79 84
39 40 49 61 37
41 57 21 71 51
24 52 72 5 90
14 31 38 0 87
96 82 72 91 23
11 52 59 72 58
77 11 36 99 53
23 26 15 45 98
21 70 93 99 24
42 82 21 35 55
19 69 8 81 39
50 2 27 43 83
18 92 72 44 55
3 60 72 74 5
3 82 54 21 87
2 71 44 28 56
48 15 95 4 86
64 37 97 49 31
46 89 67 74 69
63 57 55 24 40
82 31 78 25 36
88 70 55 36 59
0 18 17 2 20
40 54 5 28 55
59 39 57 91 9
72 38 11 68 29
14 21 52 78 72
31 96 53 21 55
85 21 31 61 91
3 38 52 65 6
66 48 25 26 68
68 0 19 84 64
22 28 23 59 60
77 74 48 22 73
8 76 23 58 70
65 60 8 36 23
90 38 79 58 45
25 33 72 45 84
94 91 53 76 69
35 55 69 13 56
84 67 40 49 16
90 42 45 46 69
12 17 0 55 92
23 62 73 48 98
88 8 77 70 54
37 56 50 24 57
31 1 14 33 65
69 22 19 21 57
28 86 7 89 19
89 6 21 74 26
14 21 56 34 44
52 83 56 4 53
47 40 37 89 12
56 45 27 91 57
31 43 85 74 94
30 26 44 48 25
50 47 27 53 12
51 48 94 6 78
86 31 41 38 25
72 76 19 53 67
22 19 93 81 57
95 61 66 52 29
18 9 25 54 63
8 12 71 4 11
16 98 38 33 88
89 51 60 33 96
44 15 72 35 30
58 15 6 95 57
67 78 87 13 91
75 15 98 20 21
0 22 40 58 15
17 65 71 89 0
31 41 85 59 84
81 68 9 44 7
38 57 61 80 76
11 0 32 81 25
60 37 13 74 66
10 41 23 64 48
93 21 97 30 1
39 1 48 68 28
47 91 52 56 8
90 42 19 58 26
7 33 68 40 37
54 46 6 32 95
11 19 26 63 57
29 99 1 62 5
29 36 87 37 55
30 31 8 7 72
5 61 71 50 68
25 30 5 27 88
97 39 12 44 87
12 51 63 68 0
46 78 94 53 59
14 84 44 89 72
81 84 17 54 63
83 7 58 85 46
11 22 31 97 85
25 43 89 65 50
26 4 15 56 9
81 91 64 85 83
38 12 76 64 89
36 63 23 75 62
99 51 22 64 80
75 70 18 60 83
7 5 43 34 62
23 79 34 59 27
67 19 38 35 44
80 44 43 99 9
82 60 73 77 15
23 26 15 80 65
62 78 42 84 87
72 19 24 47 70
90 49 9 85 2
98 79 74 33 49
27 53 83 77 9
9 92 22 31 79
89 76 77 52 70
47 75 0 95 59
90 94 53 80 70
3 17 56 94 4
80 55 14 50 57
34 35 40 66 72
86 75 57 96 12
52 38 2 22 62
33 18 46 8 85
89 17 3 58 87
21 91 54 40 16
55 13 59 30 17
47 77 50 84 75
76 99 30 18 56
93 77 3 52 58
79 92 31 95 76
69 20 96 5 56
90 4 55 9 63
82 49 64 74 57
27 46 20 72 56
70 37 76 7 22
37 47 41 60 83
85 79 28 81 64
38 92 33 51 65
6 17 3 34 73
15 16 31 33 62
39 26 43 62 13
54 14 18 48 5
34 19 85 80 36
33 71 11 40 52
98 58 89 30 28
92 33 24 84 70
63 14 93 57 41
63 22 5 28 97
98 36 34 20 94
76 93 34 40 68
11 95 60 81 93
24 85 90 23 77
10 88 69 21 71
34 54 72 46 24
0 19 52 25 65
82 94 71 83 12
25 74 50 42 65
30 37 90 76 8
80 78 87 96 52
4 84 61 7 83
75 88 20 26 14
69 58 71 88 54
3 65 56 57 46
82 14 65 94 30
96 33 3 76 92
64 40 48 24 79
65 49 81 80 24
69 44 4 28 68
4 51 61 27 10
48 25 47 46 84
8 95 80 40 29
32 93 88 1 30
19 39 20 72 54
63 5 66 22 4
88 28 39 73 62
36 63 95 21 90
5 54 83 3 53
80 56 99 0 9
25 28 56 85 94
33 53 44 98 73
75 96 86 32 67
73 97 19 86 8
42 61 45 58 31
75 14 59 68 1
3 37 26 96 62
33 82 66 30 90
53 73 61 1 74
12 37 14 5 89
97 69 32 88 25
1 58 56 17 2
77 41 18 7 99
1 76 28 89 36
82 38 15 2 87
19 0 51 26 99
28 58 13 43 63
51 4 42 31 46
86 50 9 75 51
10 17 26 65 44
15 95 12 56 36
76 37 96 30 42
39 72 17 45 65
54 21 68 75 70
92 78 99 58 54
27 11 70 65 19
56 62 8 50 99
77 21 18 73 48
23 31 91 19 27
15 77 74 23 37
90 39 98 18 99
48 61 55 94 12
63 38 58 43 6
88 69 11 23 32
74 24 77 87 68
70 78 20 63 91
37 36 54 71 79
29 46 76 3 27
12 21 81 90 35
93 84 60 97 65
38 83 27 89 79
95 33 64 55 25
78 68 37 49 72
36 65 35 75 67
89 61 0 51 70
76 49 4 13 94
85 79 71 80 1
2 58 34 19 39
50 62 85 37 32
72 53 2 91 23
10 60 78 64 13
61 5 42 49 51
11 18 46 68 45
19 93 49 28 70
27 75 89 47 14
12 58 55 87 43
80 95 33 75 96
22 71 11 77 85
15 19 97 22 77
94 45 68 25 73
43 55 94 66 13
37 4 5 63 14
77 1 87 2 71
88 35 95 28 2
29 88 86 37 67
41 74 96 61 15
88 28 27 89 64
53 19 38 75 95
32 11 74 86 33
97 17 4 65 24
12 66 36 45 32
70 51 7 5 2
29 8 15 37 20
63 21 36 14 85
61 47 18 93 1
99 72 84 71 59
93 73 70 61 75
5 61 9 16 14
36 83 34 81 64
52 1 27 85 31
57 84 90 29 6
37 8 57 92 67
55 45 68 19 1
74 79 76 23 33
31 99 39 21 18
22 87 84 21 15
49 25 1 64 28
97 67 36 50 0
57 87 93 12 43
22 13 33 81 44
11 56 94 84 54
51 69 37 71 55
38 49 82 2 85
30 92 77 60 18
45 53 47 26 3
71 94 56 10 43
85 96 90 3 47
40 47 87 96 79
69 57 63 41 94
66 89 70 63 10
51 84 95 91 43
41 42 13 9 81
5 87 61 37 62
16 55 19 24 21
28 89 74 87 84
75 0 42 89 27
7 94 0 49 35
38 34 17 26 33
57 39 56 66 91
30 45 21 15 14
72 30 25 85 16
90 84 42 55 86
14 70 77 85 93
33 23 96 45 50
81 64 92 22 35
86 16 84 8 64
54 10 46 40 17
5 89 56 43 25
82 94 56 33 41
90 76 73 18 92
24 55 28 94 25
40 85 27 75 23
27 95 52 0 9
64 79 25 86 21
24 18 57 67 92
1 98 51 36 87
12 63 5 23 24
22 20 83 70 48
14 80 60 65 17
62 50 21 88 63
1 4 67 54 33
83 88 39 3 6
97 38 44 98 78
44 33 57 10 5
16 88 8 87 89
47 40 60 12 16
54 58 37 99 89
54 63 87 32 39
88 73 14 53 71
46 9 83 64 4
75 96 76 36 79
45 82 10 72 63
76 60 29 9 74
31 60 43 87 32
87 12 90 29 65
39 37 41 85 26
10 56 12 4 17
17 16 32 35 73
10 67 77 28 93
95 91 37 99 42
47 74 72 31 36
38 13 71 55 77
25 77 46 42 52
40 95 19 48 11
74 83 5 31 51
36 82 93 9 85
59 52 70 67 19
88 80 33 26 5
5 50 56 59 25
59 45 82 50 69
0 34 77 29 90
71 82 30 3 69
39 45 18 15 51
79 61 35 56 18
5 29 70 72 87
15 83 73 58 2
53 58 78 13 51
42 65 26 20 28
32 60 28 9 94
20 19 53 65 34
41 58 31 80 13
26 39 2 18 56
31 55 14 50 67
64 2 84 63 44
91 38 54 71 41
85 27 22 71 86
33 27 41 31 80
34 62 81 56 36
46 70 39 49 80
57 7 37 11 29
62 92 1 50 17
25 62 52 57 41
63 6 10 74 71
70 38 62 59 37
36 28 77 14 41
62 22 51 74 12
56 6 51 41 60
81 11 62 15 71
62 77 7 92 3
60 47 19 40 39
27 86 41 50 33
64 1 32 21 62
69 13 5 3 93
73 42 55 29 8
84 11 75 76 36
17 87 31 2 35
32 0 43 55 28
58 0 50 68 78
18 21 44 51 23
22 86 24 49 41
85 75 36 16 61
8 59 36 38 90
62 84 90 77 2
35 80 22 86 52
3 88 6 17 87
34 2 0 90 27
0 14 88 90 12
38 47 17 11 57
97 27 26 85 92
99 9 75 41 16
71 80 90 25 94
32 44 11 83 78
87 1 17 62 79
60 29 30 93 54
69 37 62 85 52
35 30 28 63 99
64 2 92 56 23
59 4 88 81 27
12 90 53 2 18
76 75 39 72 67
33 44 75 15 16
42 17 12 60 92
47 76 72 66 87
13 72 75 76 83
82 73 22 17 45
1 42 65 29 84
70 94 86 84 3
3 16 79 76 67
8 3 53 48 15
65 50 10 62 75
78 84 57 6 88
65 53 33 92 17
61 53 10 7 15
17 41 84 97 74
71 86 0 97 72
7 27 99 10 16
12 98 33 65 79
48 16 96 90 75
98 87 56 36 5
94 51 86 39 82
78 89 61 47 69
29 0 14 80 45
13 17 16 88 36
78 52 24 37 40
96 91 6 72 52
10 91 35 14 94
85 41 50 24 32
69 64 62 29 42
54 30 26 38 39
44 4 59 82 98
57 58 44 88 96
93 14 17 8 21
95 16 65 69 83
99 64 44 94 15
35 16 53 74 11
89 88 3 32 87
27 87 81 7 73
3 36 84 71 59
84 32 27 9 95
90 93 26 91 60
48 42 33 36 72
8 86 41 88 67
17 37 14 20 19
30 38 87 84 14
84 67 26 22 91
83 23 7 87 80
19 76 96 4 49
85 72 26 73 88
34 23 80 91 60
33 11 55 12 89
67 79 3 81 1
98 46 13 77 67
83 13 0 38 94
11 76 81 55 63
18 52 58 25 21
6 37 54 89 72
73 33 4 71 3
82 4 79 54 96
11 73 37 47 77
14 3 85 67 80
96 26 22 10 90
15 59 38 92 86
55 99 98 74 57
24 23 58 72 38
90 89 78 71 30
86 62 48 32 41
3 55 76 24 82
49 45 33 43 91
74 71 12 90 19
29 18 76 74 35
67 22 43 5 26
44 94 10 84 76
69 24 29 23 12
63 31 13 70 55
33 19 51 66 8
1 78 50 28 62
94 33 22 71 28
21 3 56 28 60
72 1 8 52 43
56 74 30 87 99
8 67 58 49 93
48 53 65 43 85
19 40 82 18 62
57 56 44 62 52
15 95 62 88 53
57 15 58 53 9
72 10 44 6 17
50 89 78 22 37
27 66 57 52 76
21 81 66 1 30
21 47 30 88 11
80 6 4 7 54
55 19 89 57 37
62 13 67 23 56
25 94 10 26 93
10 51 75 80 79
82 65 70 46 60
5 43 54 50 20
95 1 88 50 93
49 0 85 35 40
29 24 96 98 38
93 91 39 59 33
18 58 66 24 93
92 46 22 60 19
4 52 47 81 37
30 83 94 70 51
59 75 84 67 89
22 95 44 9 73
64 51 85 12 90
19 97 92 85 54
59 35 32 46 10
19 37 20 72 24
83 45 49 12 3
22 51 69 56 17
17 20 50 43 51
34 18 2 37 70
80 47 16 44 20
33 22 16 40 53
62 55 15 76 86
31 42 33 23 8
20 77 85 90 64
78 94 43 50 64
79 5 78 93 58
91 52 20 11 82
40 23 26 64 72
58 54 98 84 68
13 8 84 43 48
59 84 23 99 64
20 60 75 45 32
57 18 93 80 14
92 62 71 16 34
26 58 0 38 88
87 26 53 7 93
99 96 36 75 31
58 29 66 5 96
27 18 25 51 21
49 67 92 41 55
54 97 47 29 36
13 99 71 45 57
75 77 3 8 93
25 9 91 61 33
71 66 90 83 41
33 93 54 2 14
63 28 46 90 88
88 18 36 44 19
69 3 68 71 32
42 90 82 72 76
87 89 21 33 63
79 71 22 47 36
64 23 5 69 96
63 81 35 64 36
91 57 12 33 17
69 78 56 28 38
65 84 4 94 33
25 63 68 31 20
17 24 98 78 40
6 81 63 27 71
56 64 75 97 79
82 38 40 70 53
70 94 45 12 72
7 25 92 54 40
13 58 22 78 0
53 41 80 0 33
62 91 12 76 30
3 82 31 13 28
95 12 45 99 71
6 23 69 44 5
45 30 39 7 85
31 36 3 11 4
38 86 48 60 91
9 73 68 25 86
78 68 1 88 51
94 21 26 2 8
47 78 84 9 17
68 71 54 50 70
25 60 11 76 2
6 67 39 75 52
59 86 21 51 36
67 22 70 53 81
24 68 1 45 62
27 59 71 91 5
19 54 37 16 46
24 90 29 94 39
5 12 50 38 43
51 84 99 56 29
40 69 43 78 60
16 35 14 31 62
58 77 39 84 47
39 31 82 78 15
21 37 72 15 22
65 2 11 33 21
12 5 0 84 28
6 63 75 9 65
73 21 68 29 34
52 3 71 15 61
57 32 5 95 33
39 85 96 32 73
73 40 47 7 12
86 84 77 29 74
81 7 77 97 20
98 7 22 15 21
73 65 47 92 35
85 10 98 30 70
81 48 71 22 76
36 79 39 9 48
19 27 74 75 34
22 36 57 11 83
5 87 58 73 83
71 28 33 1 15
29 16 34 95 11
53 9 69 74 85
59 19 41 96 97
5 90 29 11 3
48 47 40 81 86
87 9 3 7 79
49 22 56 71 8
57 6 93 45 28
80 89 65 79 46
83 94 58 13 80
32 57 3 47 49
28 92 95 52 26
48 3 53 96 59
72 11 62 35 89
21 23 24 96 74
66 42 67 51 22
51 52 34 64 47
74 53 10 68 41
80 99 64 91 70
24 27 4 77 84
26 85 36 42 9
9 82 92 96 36
37 14 2 42 84
30 60 23 34 29
0 36 78 65 48
1 25 38 89 80
25 95 8 79 22
33 78 14 1 22
77 16 70 55 95
78 79 25 0 55
76 89 59 88 15
37 99 23 35 66
11 85 26 53 4
18 42 44 36 98
19 85 23 13 27
22 28 21 66 45
72 69 41 29 6
37 51 98 32 22
40 22 43 70 83
73 97 51 1 31
33 98 22 43 79
32 87 61 84 58
4 69 70 72 50
23 6 91 12 88
76 26 98 67 53
30 88 25 82 0
97 81 99 63 65
56 36 19 40 90
2 13 6 12 8
56 51 75 98 44
28 53 7 21 70
56 64 35 55 85
37 62 79 49 74
20 77 49 10 63
64 4 71 91 40
50 95 46 19 98
94 55 27 28 54
11 40 7 1 35
39 93 54 6 78
94 76 16 23 59
37 34 15 14 69
60 68 9 29 72
51 50 31 54 90
42 41 19 17 70
71 43 46 81 26
46 80 78 61 25
85 20 32 62 23
43 84 10 57 36
26 55 57 18 2
11 76 13 68 41
82 59 42 34 70
47 13 54 87 70
67 84 14 44 68
95 50 55 21 49
60 46 96 0 80
39 80 87 91 40
36 88 91 79 83
49 44 72 97 80
44 65 45 35 17
49 83 21 66 82
2 93 39 34 20
61 89 13 20 24
84 73 93 61 26
0 32 91 38 3
87 45 90 0 11
38 69 92 33 22
55 21 77 50 39
88 80 4 39 98
85 52 73 56 63
30 77 31 47 74
9 43 84 57 72
73 21 92 50 71
41 23 7 5 77
5 6 65 59 94
71 58 14 75 27
15 56 11 27 18
23 6 0 42 83
50 98 48 72 59
51 22 97 32 16
31 91 2 15 66
87 20 68 75 43
30 35 27 4 39
55 77 81 78 11
54 98 67 48 18
79 13 22 77 40
85 77 39 87 15
55 68 24 87 4
9 83 96 69 86
37 1 83 13 77
98 66 22 46 18
29 30 89 71 73
83 67 28 10 41
5 35 20 33 63
58 4 46 88 69
91 27 92 80 0
19 67 78 95 80
0 71 94 33 9
84 67 15 7 0
35 62 89 42 13
34 66 52 21 31
13 87 81 60 27
16 93 91 43 84
15 48 5 47 73
35 77 60 53 41
38 83 96 22 24
13 29 72 74 46
10 64 78 82 13
19 62 76 44 90
22 57 43 13 41
86 29 92 12 18
52 48 68 31 1
17 69 50 61 73
97 74 81 57 36
95 85 66 47 41
1 87 18 77 90
47 31 53 46 6
23 21 93 77 33
64 44 99 37 93
27 91 30 14 83
78 88 36 26 49
12 0 99 27 90
74 46 59 62 83
62 34 70 71 20
0 98 93 27 16
66 21 8 57 89
15 51 25 79 52
83 2 24 54 31
7 14 76 94 99
69 62 39 43 27
86 11 45 78 77
66 65 92 21 20
10 55 52 50 41
80 63 71 44 90
22 88 44 77 83
61 84 56 15 72
61 35 9 87 81
19 51 56 61 6
12 54 86 1 18
91 10 87 71 65
12 96 81 14 58
20 35 49 45 21
42 76 97 75 67
99 57 53 15 0
12 30 43 90 26
99 10 20 94 75
54 94 3 10 72
55 88 57 64 54
98 76 77 41 39
33 81 9 34 85
77 28 73 69 93
82 0 99 50 7
82 98 97 48 59
70 18 37 56 43
39 2 66 85 90
45 49 69 95 26
43 76 36 71 55
40 65 45 21 60
60 22 77 53 26
98 60 13 51 54
0 13 81 44 84
47 63 50 62 74
54 95 64 59 50
30 54 77 79 52
75 45 44 98 95
97 91 35 53 2
47 40 20 91 5
42 18 61 90 11
24 84 91 40 28
68 48 34 32 22
42 93 83 37 84
48 0 8 29 71
88 5 98 2 49
57 46 4 81 35
76 58 53 24 9
27 5 47 12 76
0 85 16 29 95
75 14 35 89 69
13 55 84 98 4
93 71 31 7 55
41 67 99 25 47
7 1 52 13 41
52 77 11 88 7
10 45 39 4 93
45 80 88 7 60
39 56 80 27 83
12 0 97 29 62
91 56 4 44 20
92 8 54 0 62
71 9 89 46 99
94 54 92 16 27
39 8 54 87 21
73 43 20 96 74
77 40 11 30 22
13 71 70 64 97
67 68 93 59 58
53 78 0 5 39
53 14 70 39 38
88 86 14 78 15
0 73 65 63 83
83 37 38 91 88
49 64 90 42 89
63 86 12 17 0
79 89 50 82 52
31 98 99 26 41
92 73 33 16 53
51 8 52 62 73
33 9 39 22 83
58 27 74 91 92
87 32 29 77 60
51 54 3 30 35
65 43 50 95 22
60 54 52 79 68
48 45 57 69 35
25 16 84 27 24
6 37 10 23 13
8 10 83 12 92
96 34 81 37 8
6 13 16 50 25
81 95 46 85 65
26 5 70 79 19
80 28 59 34 99
3 65 79 69 88
88 29 16 93 68
98 3 32 59 66
91 3 9 63 13
7 11 80 26 43
25 4 41 2 16
86 77 51 56 8
96 61 45 43 44
36 22 94 56 53
9 2 67 68 89
57 92 1 61 63
77 0 50 67 80
37 32 89 68 85
61 68 39 14 45
41 68 88 55 94
12 98 7 22 68
93 50 81 51 19
51 26 15 70 74
57 26 54 73 84
55 28 88 4 14
45 62 7 24 68
18 48 99 30 52
79 59 82 23 58
12 61 88 62 98
13 37 72 51 59
89 26 94 80 98
33 34 7 60 39
21 99 93 97 40
82 5 57 54 63
42 36 67 52 12
47 64 79 68 71
23 41 98 32 54
24 21 55 31 13
90 23 22 7 5
88 12 19 44 11
21 13 76 49 42
15 53 76 45 17
82 72 12 18 19
67 95 6 22 71
91 2 90 86 96
50 97 78 37 4
13 54 2 62 11
63 13 98 64 20
33 35 3 52 85
55 51 6 93 91
53 72 91 15 52
34 7 29 58 52
5 51 54 10 69
84 76 13 99 4
39 61 10 67 49
79 5 99 71 13
97 11 12 85 94
28 83 97 12 31
23 51 30 0 68
34 72 42 20 74
63 9 24 79 84
11 7 83 96 12
85 79 20 43 59
51 91 93 0 94
59 23 16 73 27
63 70 13 17 26
43 19 52 7 35
47 37 62 54 8
57 24 7 92 42
11 75 1 70 65
84 75 72 50 24
53 87 15 43 14
28 5 62 40 13
89 27 49 98 32
96 63 89 69 5
16 21 61 25 86
35 97 84 64 93
3 55 65 27 39
0 41 89 6 33
12 35 72 31 6
41 8 49 99 17
70 89 90 32 38
10 39 52 41 77
76 97 4 29 50
88 20 26 71 24
49 38 57 63 20
6 30 75 36 53
5 96 63 1 73
73 16 45 52 67
36 29 23 38 47
84 62 0 22 35
28 85 98 2 82
75 57 77 24 17
56 89 8 59 66
5 52 77 63 99
8 69 51 95 41
77 78 49 66 80
82 25 58 48 74
14 88 43 8 63
29 15 23 99 78
78 87 7 19 30
58 27 1 97 6
75 28 79 17 68
21 59 68 49 36
82 1 50 85 86
83 69 55 43 71
69 1 6 46 64
64 14 7 45 71
17 71 21 75 4
37 80 92 48 56
96 62 68 98 36
97 21 46 78 95
30 58 11 26 27
58 74 34 86 19
16 96 13 84 7
62 14 67 89 82
76 98 85 87 54
57 1 29 53 61
61 84 79 2 56
56 15 64 58 42
2 60 92 14 95
49 75 70 7 50
25 96 40 26 18
56 51 71 31 28
97 66 94 0 75
68 59 54 66 45
2 19 71 68 84
16 92 34 65 33
71 87 89 69 96
77 61 22 44 17
1 59 26 91 9
36 41 81 13 10
98 84 50 69 16
26 39 91 76 97
83 62 87 96 71
35 5 65 8 39
88 21 15 41 34
69 22 0 45 24
9 47 98 42 54
98 59 42 26 79
67 88 0 39 40
89 22 99 35 68
13 71 54 40 69
87 99 21 34 4
32 1 15 37 12
34 41 2 66 86
94 69 62 15 12
13 34 52 82 99
92 0 47 41 12
42 99 7 20 35
15 37 72 75 67
4 55 84 22 74
53 48 30 21 12
51 85 93 67 14
40 27 96 18 2
21 16 17 28 81
55 23 4 36 80
51 18 7 94 14
81 12 62 63 66
20 31 60 29 14
98 43 47 99 64
68 64 88 43 13
6 52 35 82 58
59 23 61 80 18
47 10 75 71 74
44 61 13 78 31
8 18 92 41 84
79 81 58 52 78
48 76 96 63 16
99 89 78 0 38
65 15 58 22 35
62 5 70 1 89
38 86 34 11 49
4 20 48 67 90
83 21 12 86 46
26 3 76 62 74
96 14 79 98 80
87 68 71 17 93
2 90 55 59 10
