42 20 11
98 20 70
90 0 29
59 70 15
32 69 70
52 42 9
8 65 94
8 67 99
46 21 94
40 85 36
81 15 12
75 54 28
14 67 6
35 5 15
33 90 38
64 67 95
94 27 59
22 52 69
78 58 53
28 35 74
33 17 58
30 62 72
93 39 52
90 34 27
19 11 81
35 62 3
52 98 33
71 79 77
6 54 17
83 23 85
89 9 83
87 97 44
96 42 59
10 72 51
38 2 0
53 66 74
11 53 75
96 65 62
43 29 27
16 5 52
42 36 16
93 61 0
77 10 60
71 11 91
57 45 7
41 73 79
68 22 45
89 37 70
63 98 81
42 17 61
81 19 24
86 42 75
11 64 56
52 4 78
2 82 77
59 46 63
68 79 47
57 30 4
95 87 4
86 94 43
44 41 46
78 3 16
33 35 59
37 29 85
52 97 45
15 27 33
97 80 87
61 11 73
76 40 83
3 38 0
92 68 76
94 59 25
42 22 45
88 5 58
51 55 67
0 72 17
92 89 22
91 66 68
17 74 72
12 2 14
23 1 61
89 99 51
75 71 52
18 70 79
35 53 24
89 25 13
71 95 18
37 6 99
74 76 26
64 7 79
22 73 77
5 36 92
64 31 22
33 13 29
73 4 99
34 72 33
62 61 86
6 75 11
40 50 16
31 89 20
85 4 96
13 34 63
61 45 4
47 99 64
4 34 28
20 62 49
75 65 22
56 95 36
10 17 70
54 17 87
91 37 51
28 70 88
13 35 84
72 53 21
7 6 75
75 92 49
56 38 63
51 96 99
17 85 23
3 20 87
65 22 12
3 70 77
9 27 16
51 45 31
19 12 53
61 77 43
12 64 79
24 4 0
75 58 41
85 95 39
25 14 82
69 60 88
81 52 98
5 68 28
56 23 42
8 23 78
69 47 18
23 39 70
9 53 49
90 18 0
74 29 42
69 35 99
34 62 78
2 21 25
55 46 48
17 64 30
66 88 46
17 40 76
38 85 44
55 43 44
52 35 39
2 30 67
89 68 31
15 87 74
30 83 23
11 39 10
91 15 38
24 71 72
57 84 20
85 96 1
3 68 44
86 35 42
24 95 59
65 24 5
54 47 26
69 56 31
83 22 66
52 16 63
30 89 36
8 56 7
80 39 52
65 8 31
43 4 5
71 49 19
45 93 26
98 52 67
12 92 31
7 0 38
24 5 95
82 95 6
19 86 53
65 14 69
63 62 73
11 84 56
75 84 79
78 23 95
90 31 28
43 96 1
54 96 30
50 38 25
95 21 84
48 67 56
69 84 63
25 89 24
99 84 49
58 4 52
75 2 27
52 20 84
23 50 96
90 91 71
2 57 45
97 60 7
88 87 71
77 68 63
15 31 11
44 49 38
58 4 95
91 54 83
55 2 54
93 37 5
11 81 68
69 29 72
51 16 58
80 9 69
75 79 68
75 82 84
43 77 45
74 47 34
98 70 94
89 57 92
67 78 73
10 52 4
76 52 31
53 71 88
28 92 41
40 38 0
27 48 84
91 15 51
34 43 54
63 90 22
42 43 1
54 55 98
32 29 41
93 33 82
51 31 28
72 76 43
17 19 90
74 98 51
33 43 27
81 23 11
12 64 23
47 63 69
58 75 31
71 30 0
8 55 40
94 67 79
56 29 62
62 98 39
24 86 8
32 91 51
29 36 97
86 4 83
28 43 77
13 82 86
85 47 64
79 76 91
45 69 41
82 87 88
85 38 87
12 45 75
89 0 50
84 93 77
23 84 40
11 72 92
54 4 56
31 71 88
69 55 79
88 49 31
59 88 12
16 22 60
77 62 26
65 59 83
22 56 7
44 64 0
5 41 51
39 68 4
57 63 98
83 15 82
95 55 81
62 94 64
24 63 72
8 58 56
76 31 66
6 86 1
10 50 71
53 72 25
10 72 88
92 65 87
31 26 36
66 28 54
83 84 70
22 34 3
52 35 42
66 14 16
84 88 62
21 87 31
66 9 7
1 59 91
83 79 39
15 84 64
5 55 22
66 96 39
51 41 67
12 24 21
41 38 70
14 6 37
68 0 49
47 54 14
1 99 29
15 19 52
11 17 18
68 40 4
5 16 79
32 55 60
43 95 22
63 2 88
26 27 5
95 24 27
57 67 8
66 91 9
14 78 15
46 47 40
28 93 63
35 8 29
75 71 2
82 64 22
51 72 55
51 85 91
51 77 37
55 96 36
8 78 87
16 90 67
48 90 18
10 39 72
20 79 22
65 97 84
35 69 75
7 15 31
86 95 58
93 58 60
43 87 18
3 61 58
28 42 95
46 38 40
77 97 8
5 24 89
73 50 62
6 47 76
49 74 41
34 75 63
5 7 52
35 98 58
19 28 7
2 23 66
96 0 72
12 8 31
40 69 72
69 68 82
95 33 28
54 43 7
23 17 9
62 53 47
43 80 74
53 31 20
11 82 88
69 20 11
80 8 22
32 59 71
79 13 80
6 13 65
60 90 47
72 14 63
62 19 42
51 19 62
95 57 5
14 62 6
56 35 48
47 34 8
80 58 88
73 38 71
23 95 72
51 42 57
72 16 45
79 59 15
46 71 3
19 50 31
30 24 83
98 50 78
40 66 86
25 44 89
13 91 53
7 72 63
86 25 8
84 66 4
22 88 93
13 57 51
6 82 93
34 45 61
24 1 59
48 65 33
76 35 54
2 28 10
98 13 4
99 14 90
21 12 37
94 10 1
26 64 63
31 41 91
9 4 66
73 39 37
38 99 88
22 9 84
69 57 50
2 62 84
85 42 61
87 94 72
55 61 28
77 50 97
71 61 93
97 47 76
64 55 47
8 7 66
26 13 35
60 62 17
21 61 58
42 52 17
50 18 68
10 34 4
79 86 32
65 45 59
87 76 25
9 23 29
40 10 49
1 15 41
57 70 53
78 75 31
83 54 40
7 65 89
39 12 58
92 69 59
34 99 27
99 22 27
68 75 41
71 18 55
20 64 7
12 5 91
21 2 34
24 47 27
5 37 36
25 2 65
18 46 58
10 26 5
7 34 49
7 70 75
74 47 79
26 54 41
83 58 55
98 31 67
61 76 49
28 80 3
71 44 60
26 71 37
38 12 92
77 86 39
6 64 3
60 63 65
39 19 68
4 10 6
98 10 99
48 65 22
87 41 81
87 92 8
30 35 84
74 46 12
64 47 69
81 32 82
55 48 27
67 97 16
75 7 47
26 68 80
89 68 97
43 11 49
38 44 95
7 33 51
81 6 7
27 13 17
60 1 37
62 59 43
99 60 6
48 88 57
11 34 67
54 61 17
65 29 92
50 22 85
23 62 11
70 87 89
48 44 59
27 36 81
85 61 71
83 69 93
5 71 19
19 69 0
95 99 42
56 78 61
13 6 12
30 52 42
74 93 75
98 11 41
98 76 24
59 83 50
27 13 41
19 58 39
94 82 46
43 42 18
85 63 22
93 11 98
57 50 22
33 8 75
15 7 4
25 32 98
99 55 44
97 48 92
96 66 78
62 55 68
39 58 34
85 24 45
84 99 66
11 43 45
4 39 89
53 80 4
16 28 56
55 96 15
81 69 22
37 66 25
87 62 12
72 28 87
56 72 77
8 11 49
55 85 28
63 38 90
14 44 76
23 94 63
68 51 67
39 55 3
88 93 83
45 25 86
69 17 28
69 11 58
42 56 93
78 74 64
86 45 33
39 49 12
16 3 85
35 62 96
78 2 81
67 0 56
69 32 55
41 42 17
79 11 10
8 53 61
36 4 20
78 77 52
89 88 2
77 6 84
74 95 35
12 63 56
57 88 22
57 6 56
90 85 45
95 35 49
20 68 50
30 4 10
49 66 67
66 19 12
24 72 71
64 11 2
93 87 16
45 15 77
32 65 57
99 95 29
86 55 34
3 15 65
46 43 84
45 16 1
95 15 69
24 2 9
32 28 61
54 82 55
53 10 90
23 49 68
74 91 98
58 13 20
95 32 11
79 73 29
97 96 66
35 79 99
45 44 70
24 72 17
17 68 67
53 49 16
46 84 10
94 88 97
7 65 72
85 84 79
89 39 34
98 82 75
77 72 81
38 26 91
7 71 63
96 25 78
21 68 46
51 26 54
63 65 2
61 66 54
74 8 67
78 53 51
8 66 46
54 31 47
92 20 13
25 13 64
48 19 99
89 34 18
3 47 9
91 18 70
2 67 84
27 52 20
21 89 32
44 88 87
18 17 68
44 73 52
40 94 83
7 67 50
71 95 76
58 21 94
31 77 5
54 33 72
64 63 22
29 87 2
46 58 93
30 55 5
30 52 45
24 93 92
29 27 87
41 35 55
75 76 60
35 98 75
24 36 29
95 8 40
54 88 79
89 56 97
57 9 46
27 21 81
99 91 33
19 77 41
11 7 92
71 28 38
86 33 52
32 52 74
14 36 40
63 98 81
64 15 49
34 79 93
53 77 95
11 9 68
20 18 11
24 41 87
17 57 23
66 78 29
29 97 71
88 68 0
61 86 38
36 87 13
47 87 51
16 93 48
40 51 92
83 35 79
29 90 37
66 52 65
10 24 15
11 61 93
42 98 3
65 30 32
26 86 51
90 83 63
37 1 42
36 99 45
1 33 50
67 37 74
49 45 24
60 75 53
35 34 51
18 96 8
78 4 72
45 21 90
27 8 12
69 97 78
38 3 32
94 31 56
23 0 15
36 97 77
53 78 0
40 60 46
48 18 36
77 52 86
99 15 34
17 6 47
90 50 94
88 97 69
92 7 99
43 52 78
77 22 97
39 16 81
50 60 36
45 42 33
97 86 24
57 95 49
46 7 66
48 99 85
28 6 84
92 12 53
57 11 52
60 43 87
39 86 71
89 83 21
0 74 13
65 36 20
20 74 1
80 75 25
62 12 89
75 85 51
69 45 84
6 75 71
23 94 44
39 11 92
4 42 77
66 12 15
61 79 43
23 47 31
94 49 40
41 69 33
25 9 29
0 14 97
27 16 99
35 5 2
29 51 59
25 46 45
51 79 63
94 61 20
75 41 92
70 66 3
19 62 1
86 83 22
48 22 24
73 51 49
18 77 71
51 9 62
68 48 89
64 38 58
74 59 15
96 32 75
82 40 94
11 27 19
91 82 5
77 47 88
75 93 16
82 30 85
83 36 44
28 81 71
22 44 35
87 73 30
91 78 74
52 46 51
9 68 70
43 87 44
38 11 93
23 30 78
93 67 35
74 0 48
65 78 49
48 37 67
6 67 34
22 85 72
20 38 24
66 74 85
83 23 28
14 20 85
30 33 18
18 34 26
59 78 88
31 92 52
94 53 95
26 53 39
34 29 90
54 78 45
26 47 29
66 10 88
99 87 26
49 31 17
9 74 15
90 33 84
99 32 48
2 14 99
13 46 96
55 94 79
74 82 56
79 80 7
41 73 29
46 94 1
25 16 82
69 89 10
47 70 81
44 18 74
92 93 90
11 26 25
49 33 83
77 63 80
31 77 85
7 4 98
10 99 11
21 18 75
14 60 82
67 25 40
91 65 70
37 11 85
16 89 96
36 60 90
58 52 30
54 75 94
37 68 30
81 5 12
6 78 39
28 98 19
26 86 63
36 21 76
87 67 16
61 45 86
30 90 13
45 97 28
86 14 21
82 80 47
52 21 13
87 94 41
16 77 41
92 90 77
52 69 5
71 26 60
64 62 57
20 13 74
96 55 67
52 67 45
43 46 64
88 24 66
82 29 75
41 10 37
64 60 97
98 45 32
84 6 25
16 18 21
37 95 74
33 99 78
9 62 46
17 1 37
38 40 0
75 93 54
63 34 2
24 5 70
87 86 76
34 36 23
43 77 11
33 43 69
42 33 56
79 57 10
74 95 5
62 26 71
44 94 4
58 14 68
23 54 67
65 57 18
19 70 96
7 93 12
2 84 98
23 74 21
23 8 46
14 68 63
38 1 8
65 73 62
24 17 85
65 36 41
95 31 58
15 65 26
44 11 9
15 19 34
15 90 32
16 22 25
38 71 70
88 71 49
74 53 71
5 46 42
68 81 28
86 32 1
95 51 12
2 78 5
1 46 68
3 70 4
6 41 95
2 47 63
78 92 19
87 90 60
12 61 88
42 2 17
53 60 43
67 43 34
67 90 61
49 31 17
83 19 90
85 73 84
77 74 8
53 4 36
17 85 26
87 2 15
70 45 88
73 98 82
22 69 39
22 19 84
12 83 84
21 93 2
68 85 69
97 2 41
25 36 94
71 75 90
0 37 79
74 91 5
67 20 22
76 4 43
27 92 91
19 85 10
62 20 8
43 62 17
35 59 98
39 68 81
40 81 94
50 16 78
76 96 7
18 29 70
12 56 42
16 3 53
66 39 93
16 49 84
44 19 8
69 15 94
41 84 83
18 17 56
78 7 5
35 8 94
73 12 25
36 94 1
73 8 28
22 61 42
26 65 27
32 30 26
14 75 61
26 5 52
12 45 59
27 23 78
15 99 67
98 70 52
86 44 30
45 6 3
51 64 31
30 13 0
76 41 97
56 71 1
64 27 12
26 79 44
15 18 9
72 36 15
88 12 43
45 95 81
36 72 22
97 85 81
74 25 17
63 23 86
41 40 1
78 11 15
85 70 22
12 8 33
50 47 28
45 24 77
32 27 83
59 30 32
59 83 92
3 1 34
99 25 90
19 83 7
25 75 52
64 10 24
24 20 46
16 10 57
75 27 30
21 2 75
70 46 54
14 19 40
11 98 59
83 50 3
15 97 38
11 95 75
26 23 95
11 65 30
16 99 41
53 49 7
96 62 28
69 3 29
11 17 66
95 99 52
7 34 69
88 31 61
48 10 99
23 58 9
99 43 44
88 55 2
73 48 47
87 45 62
25 73 67
46 34 82
46 25 3
57 14 45
49 71 63
99 10 20
2 92 65
88 86 56
5 33 74
5 65 89
9 72 26
78 24 12
32 43 97
78 88 7
72 0 75
94 25 89
7 18 42
53 99 61
89 64 80
85 36 45
67 16 97
12 14 64
95 98 60
2 37 31
70 43 92
97 77 33
51 17 45
11 57 54
9 39 34
53 4 79
29 76 61
2 60 83
59 78 30
97 55 41
64 56 77
80 6 48
44 58 36
8 52 95
77 70 34
78 79 82
28 9 3
71 30 84
9 63 96
85 58 83
12 95 78
24 91 9
69 38 15
6 13 78
7 75 82
17 62 15
7 2 74
65 78 61
74 49 82
32 35 5
72 55 85
46 83 44
52 72 78
47 21 32
14 25 52
31 25 82
3 41 69
44 14 12
39 61 23
55 58 12
60 81 25
65 13 44
96 60 68
93 83 58
68 57 35
5 84 78
35 91 20
7 28 99
11 56 30
29 79 36
97 36 80
32 17 19
63 73 68
26 14 17
51 52 10
27 34 90
12 46 59
85 56 35
70 63 76
6 75 62
27 52 77
4 44 50
59 14 46
82 18 66
89 72 62
68 7 18
75 26 84
65 7 33
42 15 50
1 25 51
63 61 99
58 5 6
78 45 92
8 41 36
52 33 64
32 31 68
96 67 51
56 40 19
55 32 34
35 86 5
41 77 50
73 78 24
18 62 89
77 34 24
63 74 59
72 58 77
66 84 78
75 44 84
36 0 73
65 53 12
30 80 82
3 27 26
44 43 69
13 5 19
54 46 71
17 90 28
67 85 97
31 92 39
61 44 98
17 11 36
87 9 12
93 23 61
41 43 71
92 71 27
66 87 70
48 93 10
89 18 23
54 18 15
68 55 34
44 83 85
63 95 42
45 27 58
12 27 17
97 86 77
73 1 16
90 34 11
19 89 59
66 52 98
84 63 2
98 49 45
69 39 84
47 60 99
80 68 10
72 68 49
20 56 5
19 18 7
45 36 96
82 39 1
27 17 82
95 98 6
68 66 10
2 29 41
55 40 26
93 48 70
30 77 20
98 48 38
48 77 84
77 11 29
45 7 76
88 49 5
43 44 86
84 49 82
76 88 99
69 5 94
31 59 21
86 33 72
60 8 12
42 75 2
65 47 40
6 60 13
72 39 7
81 76 56
39 66 40
56 24 28
98 50 45
64 93 81
72 38 34
47 46 43
82 83 24
24 14 87
37 95 74
71 61 63
39 81 34
63 38 26
45 11 69
41 59 55
19 1 69
34 79 40
98 28 20
27 41 73
63 14 50
45 49 88
79 83 68
25 59 13
46 20 32
18 5 51
69 39 12
97 22 51
0 5 79
52 63 67
79 22 70
17 6 15
17 61 93
92 83 69
90 69 19
25 64 85
29 62 38
4 93 53
53 43 30
6 80 69
20 57 89
7 45 31
25 45 2
55 46 23
17 29 79
42 10 95
52 40 91
73 22 67
0 18 12
16 54 96
87 37 9
45 91 62
67 39 55
65 42 75
62 3 54
0 97 21
98 40 93
33 67 35
85 42 84
87 69 12
99 21 39
93 76 10
64 65 67
31 77 0
20 86 13
1 42 96
7 58 97
8 80 42
89 94 40
42 21 83
9 84 82
63 49 10
28 43 64
16 63 99
74 11 46
76 81 10
85 75 68
96 31 25
93 2 78
12 93 43
74 2 0
47 90 4
35 1 72
92 3 57
75 8 22
1 32 26
44 60 34
74 20 45
98 92 96
83 64 69
17 23 74
92 16 65
94 92 95
58 44 34
22 96 98
95 36 20
46 94 97
34 0 41
38 96 97
99 82 62
31 63 81
78 0 65
17 39 62
87 47 70
61 7 89
8 95 58
34 99 95
55 75 67
61 98 46
48 33 61
80 2 68
7 9 11
76 79 75
21 89 57
18 81 61
45 75 11
61 13 30
8 25 22
33 4 65
69 54 28
50 85 83
24 74 23
52 93 47
37 99 5
24 43 32
90 64 47
36 74 1
86 93 78
10 49 81
65 36 72
45 72 32
40 58 22
5 52 69
44 7 61
28 78 16
74 52 96
36 79 7
30 43 32
84 56 98
91 83 50
89 15 82
5 12 20
51 0 59
2 91 16
44 89 22
55 89 27
58 79 38
67 51 49
34 40 70
52 29 34
84 37 95
37 16 61
98 14 29
0 82 32
86 42 66
23 18 58
64 73 82
98 1 40
12 37 98
32 98 82
46 26 98
73 85 37
8 66 6
35 68 10
24 38 26
57 82 8
53 60 68
6 34 44
40 32 52
19 16 0
23 72 51
96 65 6
2 21 97
45 83 78
78 28 90
0 60 59
94 5 69
89 52 53
4 28 36
25 62 5
79 42 11
17 56 24
19 97 17
7 63 10
71 52 86
40 16 35
48 58 63
90 51 43
98 40 62
65 24 69
8 11 94
94 2 45
38 50 18
37 6 34
82 9 53
79 81 21
31 39 77
0 59 84
14 85 23
79 42 73
35 98 96
23 96 76
54 63 84
69 61 41
82 16 65
44 32 93
81 72 79
80 28 55
97 63 82
63 94 32
99 25 36
17 27 10
74 33 70
87 70 41
46 71 17
28 18 81
5 11 20
96 19 21
84 87 11
51 34 62
68 5 2
94 38 50
87 57 19
46 37 56
72 50 77
89 86 29
58 99 33
91 32 22
71 99 10
87 37 95
8 39 85
83 40 94
87 23 82
70 2 43
27 78 98
19 16 58
20 88 7
91 7 0
48 12 66
99 53 56
96 54 7
9 7 88
61 75 22
68 39 15
61 51 52
55 27 82
79 15 62
64 36 26
86 70 69
18 69 95
13 81 93
20 10 26
36 60 13
88 44 38
36 18 66
15 13 64
27 82 71
89 76 86
44 24 69
9 7 46
0 64 67
39 90 54
33 69 8
66 14 82
1 41 59
21 49 45
36 22 73
26 37 35
12 75 15
21 37 5
57 22 95
85 64 98
32 73 94
29 54 53
87 44 79
78 28 54
66 24 13
83 49 32
46 60 29
34 18 65
32 96 82
44 37 19
32 4 39
8 74 26
87 15 0
87 11 36
84 50 85
81 79 84
62 32 12
81 39 57
48 60 38
32 38 6
69 28 52
84 8 1
99 19 29
24 58 21
76 30 12
16 84 3
34 38 95
20 52 49
87 56 67
9 46 11
54 40 24
26 2 85
72 38 14
31 47 67
35 58 3
43 90 11
94 65 6
84 94 30
51 6 83
86 1 16
37 97 92
85 51 42
5 89 2
62 63 75
53 17 88
88 20 93
80 79 17
28 85 10
59 13 56
14 9 50
18 89 95
34 17 58
48 30 19
42 18 23
48 35 94
98 91 93
95 1 82
96 58 73
65 60 21
87 53 3
26 72 79
89 14 63
74 95 22
91 29 64
10 6 5
68 28 42
81 15 61
32 17 96
76 42 20
72 94 50
64 52 6
62 48 58
79 16 7
2 34 17
84 57 36
33 36 43
97 2 90
71 87 53
97 99 40
45 52 66
60 86 93
54 49 15
17 34 13
16 73 32
99 7 61
58 98 50
5 15 60
97 91 15
0 19 94
20 69 10
3 37 59
85 95 35
93 2 10
64 68 85
21 60 89
28 9 67
21 11 40
11 65 24
77 31 81
4 53 12
52 97 24
88 40 23
67 45 87
14 73 72
96 72 55
1 46 18
0 1 68
21 57 42
31 60 46
24 67 36
50 13 27
26 63 23
47 64 24
98 76 27
4 12 86
73 98 59
22 17 79
69 67 44
32 67 82
0 93 27
53 33 92
98 18 68
86 2 34
58 57 51
44 73 39
99 34 35
83 3 34
72 19 55
33 34 54
53 29 67
95 0 28
53 57 29
58 37 27
66 85 41
85 37 46
19 57 92
90 23 35
53 64 4
19 97 23
10 39 91
37 77 14
78 32 95
13 11 30
95 87 5
78 45 85
80 35 69
51 79 27
24 57 95
9 70 88
95 45 73
84 72 93
46 82 23
17 69 18
35 62 56
91 44 77
66 34 60
40 64 44
54 30 57
4 51 33
94 17 76
74 56 16
43 13 33
14 61 0
81 21 43
25 26 6
9 29 52
39 72 73
93 9 59
83 24 48
44 64 61
3 4 37
81 63 83
92 78 49
71 74 57
68 90 42
57 73 37
51 62 3
61 79 20
53 96 4
59 63 89
52 4 46
87 82 10
54 82 95
68 17 26
17 14 70
43 56 53
70 53 45
60 37 1
56 7 1
77 70 71
59 34 41
30 13 6
82 25 60
1 27 7
83 54 67
64 14 58
77 8 1
8 13 87
56 21 9
38 60 68
82 91 58
42 77 53
18 54 79
38 46 83
57 95 47
61 76 38
3 89 50
37 97 74
46 31 40
50 21 94
35 60 30
28 61 78
84 32 70
30 23 84
4 27 23
76 37 60
72 71 53
80 4 86
21 13 6
70 27 24
50 52 89
57 0 88
26 24 47
63 3 29
58 42 97
38 56 49
21 80 23
45 82 59
24 96 30
60 80 79
81 40 7
85 66 18
81 26 32
11 5 74
53 37 93
98 5 59
21 9 2
36 1 29
5 70 69
25 66 53
38 12 93
94 45 61
95 98 90
74 19 94
51 15 48
67 44 29
9 37 13
9 14 3
80 4 26
12 41 71
20 30 47
93 27 30
66 96 59
66 47 44
8 31 75
3 13 74
42 89 19
44 93 6
32 92 41
56 58 82
85 71 80
41 54 3
82 12 10
75 43 65
89 49 12
13 42 62
47 9 82
18 3 29
6 5 3
43 31 25
25 98 97
8 89 25
78 36 26
65 12 22
50 54 12
47 92 17
14 91 31
29 12 85
65 43 55
93 84 5
22 9 68
52 40 30
65 55 24
3 67 62
28 87 29
4 16 49
73 32 26
5 15 51
58 60 19
15 27 29
9 35 2
15 30 41
3 51 84
13 35 46
90 29 28
11 87 8
5 90 51
3 67 84
37 90 83
29 28 48
93 77 88
16 73 36
58 65 64
83 21 62
75 71 39
27 92 46
59 57 43
61 65 56
98 45 10
30 86 31
76 59 75
87 60 8
59 64 33
19 28 87
42 79 52
99 26 73
25 90 97
3 58 26
28 77 23
1 16 24
99 45 2
43 19 86
52 64 35
91 2 12
42 31 56
52 75 11
78 28 90
33 44 86
77 86 61
95 52 72
72 67 95
32 94 43
0 89 73
48 2 59
88 61 52
73 0 57
89 38 24
16 69 86
11 6 17
42 9 97
32 58 24
79 25 86
43 78 27
15 73 62
57 5 11
77 82 38
47 61 43
69 85 35
11 36 68
60 45 95
71 89 90
66 8 56
58 10 6
17 67 59
68 53 78
92 2 17
29 72 16
29 77 96
81 82 17
33 13 55
13 85 5
77 58 45
13 78 79
55 51 49
39 14 84
25 80 17
62 22 23
60 32 20
93 5 18
63 37 25
14 80 86
23 25 47
81 12 54
2 43 69
91 29 30
92 33 59
28 99 84
45 41 99
27 67 45
64 92 69
54 46 87
15 56 86
33 5 14
99 66 80
73 61 30
83 52 51
74 67 82
46 15 39
13 68 67
26 60 2
3 72 16
38 96 24
51 19 63
63 86 22
11 48 78
88 61 76
1 98 18
94 16 39
40 8 2
6 49 36
44 15 61
9 21 46
68 8 47
52 40 78
14 51 78
71 48 28
58 56 67
36 86 19
70 45 60
80 76 62
25 99 2
20 35 66
94 43 11
87 38 9
79 49 39
8 42 44
62 73 5
20 71 65
89 74 14
46 14 47
68 3 45
50 56 64
90 63 19
11 28 9
76 18 86
85 64 95
89 30 5
72 55 38
39 40 83
40 5 38
32 89 86
34 83 53
42 90 22
12 69 36
55 14 53
22 29 33
85 37 99
92 55 57
34 27 64
94 28 5
7 85 27
12 24 40
75 28 15
79 17 49
36 46 7
39 43 74
24 8 21
8 69 60
79 81 37
46 16 66
39 72 71
76 30 41
25 5 11
85 56 98
37 91 60
49 31 51
9 60 40
33 50 86
51 82 40
62 42 85
48 54 60
74 66 56
65 48 46
68 92 63
92 58 54
97 98 39
59 14 43
60 73 84
23 79 48
52 92 27
84 98 60
83 50 65
83 67 43
65 31 13
16 62 49
98 70 36
90 48 98
29 12 50
19 72 33
43 25 7
22 69 93
41 55 2
46 12 72
87 41 50
26 8 52
63 33 81
66 33 99
87 29 27
65 49 32
63 60 97
45 68 70
66 69 60
19 20 61
27 59 77
87 24 16
63 52 31
70 84 32
98 62 69
70 45 26
95 91 69
96 67 53
27 53 2
2 99 44
75 95 84
1 79 28
49 76 24
31 5 98
54 92 37
19 83 63
97 70 10
81 58 31
13 87 92
57 66 39
15 68 72
92 38 19
86 11 25
11 94 80
17 84 37
42 92 21
99 66 92
71 41 35
86 54 21
43 48 55
41 71 90
26 41 64
71 53 54
13 62 31
10 30 58
59 13 17
39 98 5
33 85 48
39 27 77
0 18 78
14 71 26
63 49 41
48 17 0
78 66 28
37 9 74
6 97 4
74 64 73
1 38 99
36 13 1
89 28 9
82 80 70
18 21 1
29 13 91
76 82 68
44 61 22
85 95 52
87 71 1
66 37 56
25 9 17
42 7 45
95 18 28
85 43 80
20 93 98
36 17 88
24 83 77
82 55 91
87 33 40
70 92 98
52 93 76
22 37 80
41 97 19
58 53 39
51 74 27
80 24 62
22 13 44
6 46 50
18 5 98
0 25 66
2 13 30
31 42 27
50 70 13
90 5 96
1 37 84
4 58 82
29 31 0
93 16 34
92 8 94
17 60 14
80 77 52
83 64 4
19 93 59
95 66 0
22 55 19
46 45 35
99 13 1
19 13 1
55 45 59
48 75 21
78 59 74
36 4 7
34 9 84
55 6 66
1 83 59
61 84 20
19 73 69
40 65 5
80 62 68
11 36 70
36 75 59
39 96 51
57 31 3
29 50 79
5 9 73
50 48 46
95 63 18
95 24 50
29 56 93
96 56 87
21 42 49
73 54 28
39 88 32
62 57 39
84 63 37
68 57 44
40 36 11
96 53 69
93 27 91
67 65 27
83 78 85
9 51 27
89 78 85
19 52 81
64 94 10
68 75 73
91 8 40
48 56 12
98 5 64
53 11 77
75 80 43
45 91 48
23 14 10
37 50 46
48 2 92
76 41 85
19 13 59
54 87 88
28 23 38
52 79 63
17 88 48
25 23 28
27 63 5
95 89 50
71 73 95
40 41 1
76 42 85
72 98 57
10 96 64
20 86 84
26 78 45
52 90 49
26 62 17
88 94 14
92 8 19
93 15 49
84 56 88
15 65 32
53 67 3
2 68 64
66 56 43
92 73 80
89 62 50
11 86 29
88 12 13
55 23 85
83 4 7
1 95 9
68 3 78
71 59 26
86 43 33
34 45 72
91 96 67
54 84 20
93 78 99
97 0 45
46 78 38
71 99 72
30 52 26
30 91 17
29 2 63
36 25 47
94 44 42
2 7 45
63 51 43
12 37 67
57 3 13
5 7 70
83 23 45
82 65 71
82 77 91
33 66 40
94 63 61
66 7 83
93 92 97
20 95 40
0 30 64
58 97 62
31 64 39
51 22 26
98 92 94
45 94 51
90 98 87
59 39 90
46 44 52
75 39 68
89 62 66
97 40 12
0 53 48
89 18 88
28 89 99
14 61 29
84 88 47
16 37 2
11 37 6
63 82 24
96 90 32
33 73 62
35 16 60
50 94 63
85 26 22
0 53 32
77 31 87
45 50 48
53 30 83
34 92 71
40 49 64
29 10 56
30 46 27
16 89 64
45 99 32
44 76 62
83 89 22
14 10 94
89 81 46
15 69 27
69 67 53
4 72 74
20 89 66
41 12 58
53 28 93
51 47 71
14 96 93
77 64 71
16 91 30
28 81 32
0 12 9
45 22 63
24 62 15
5 80 30
22 99 41
33 22 27
83 69 46
45 6 33
98 34 82
38 20 36
7 77 4
33 28 20
78 19 77
60 17 53
75 85 44
87 46 90
46 2 10
10 26 33
49 75 2
30 45 85
54 1 85
63 77 20
93 90 55
14 49 1
69 22 71
58 41 67
12 33 74
37 89 12
70 64 54
20 85 46
69 95 55
8 26 58
67 43 33
57 3 36
41 11 68
58 64 7
10 88 45
23 56 31
26 99 69
20 5 2
13 19 78
61 63 83
40 2 47
47 69 67
25 27 89
50 61 32
56 99 62
47 73 93
49 3 99
75 17 95
36 98 69
47 9 53
88 75 7
89 92 79
31 7 95
83 92 84
54 2 55
96 28 87
28 66 25
43 69 16
66 60 37
88 78 18
64 98 44
28 57 43
33 42 7
57 63 97
44 60 95
48 36 23
47 76 85
80 73 77
55 53 78
74 2 43
46 25 24
55 72 38
91 27 52
71 86 72
61 63 92
32 17 55
72 13 25
61 7 42
79 37 46
3 98 92
78 28 6
76 90 25
1 6 13
49 53 6
21 23 8
68 70 61
47 81 92
64 81 60
34 15 77
46 44 61
15 81 84
71 55 28
70 45 39
35 55 4
8 27 48
62 92 8
69 36 87
42 65 24
98 54 75
81 25 55
85 75 12
59 53 33
56 91 30
67 3 6
27 69 83
62 5 56
26 99 6
30 60 73
97 60 75
69 37 58
68 63 21
23 15 32
8 14 26
63 28 18
3 92 66
75 51 22
47 11 29
93 5 66
74 14 85
86 59 52
28 14 11
45 50 2
94 85 51
17 52 81
28 86 29
24 81 21
85 68 1
7 76 84
16 73 41
81 13 37
42 74 78
74 20 12
53 60 85
39 80 72
15 14 63
11 89 44
53 80 22
68 46 82
70 66 21
96 80 18
69 53 79
33 6 90
95 31 33
97 22 45
29 46 52
23 85 3
95 25 23
17 35 58
17 83 99
79 72 25
33 22 55
40 88 79
40 59 68
80 81 29
22 98 59
8 42 66
84 32 70
14 97 2
92 33 20
19 26 35
96 54 72
32 54 82
74 29 43
93 51 96
21 75 42
69 73 30
79 53 98
68 94 35
58 31 42
5 77 95
38 66 11
67 54 62
76 97 33
96 97 50
15 40 76
27 14 17
33 21 75
21 51 69
14 62 10
7 34 19
83 16 17
51 63 13
59 47 20
39 17 14
56 65 81
5 30 56
37 27 2
20 76 5
75 31 46
59 57 14
83 26 91
81 22 14
30 73 15
64 84 60
63 73 28
52 60 41
78 58 84
55 86 30
13 61 88
57 41 73
71 51 15
9 20 27
72 82 3
41 47 4
53 88 22
48 52 28
99 58 79
12 40 46
26 12 15
81 7 21
31 80 4
66 2 51
15 9 45
44 64 91
27 36 56
14 11 27
62 22 77
78 38 17
9 3 49
59 94 13
91 75 40
14 28 85
41 61 89
55 85 48
59 51 32
23 73 12
25 58 71
86 44 4
66 47 9
58 61 1
99 55 39
16 29 54
75 29 28
59 72 52
4 15 74
25 28 34
77 20 79
66 88 92
74 81 63
57 4 54
60 93 29
26 75 28
29 44 72
16 35 65
25 36 97
13 35 5
29 97 36
45 39 13
68 23 29
19 43 34
21 7 44
23 78 67
57 97 45
86 58 98
44 25 35
77 32 69
31 73 47
44 28 50
93 33 5
76 91 92
10 40 65
80 43 30
24 92 93
93 53 87
31 7 11
51 20 86
57 7 63
65 26 66
68 10 66
82 54 11
53 94 25
71 28 45
29 72 56
28 13 92
15 14 45
60 59 39
85 25 15
0 18 48
93 85 45
48 40 51
15 66 32
46 23 66
43 58 92
95 16 81
73 14 36
4 79 83
64 38 53
9 97 49
86 94 35
66 72 42
54 26 64
30 69 15
68 12 3
35 85 49
49 77 23
65 14 60
20 50 82
60 25 52
5 95 65
6 34 1
98 5 50
39 72 12
45 50 44
54 92 80
27 41 19
51 35 43
43 24 71
15 60 89
95 33 7
14 34 82
82 4 48
54 96 85
59 39 45
24 56 2
64 38 41
57 56 72
88 37 94
13 9 96
29 25 51
38 8 35
32 94 41
53 30 28
63 62 48
67 88 40
27 29 35
10 55 18
99 26 76
89 67 44
7 21 38
26 39 97
89 11 58
23 72 1
79 12 89
51 71 90
4 53 72
62 87 95
67 17 74
12 77 72
13 1 39
68 52 67
94 65 68
44 33 42
97 63 85
14 70 3
26 82 43
32 10 19
25 74 79
12 70 33
97 22 9
5 6 88
59 75 52
4 10 86
89 87 80
16 86 68
58 62 31
13 37 81
1 43 35
54 4 49
23 89 73
47 77 88
35 97 42
92 10 18
16 23 93
81 60 21
33 70 26
73 37 19
1 68 51
76 71 14
75 20 6
55 29 73
71 33 92
53 25 33
67 94 7
10 40 94
12 91 70
68 3 42
18 73 36
59 18 31
72 86 59
29 27 2
89 80 28
93 53 59
77 73 68
15 28 19
13 70 33
41 37 32
61 52 32
10 25 66
68 19 83
26 5 80
37 59 79
98 27 91
40 11 3
48 8 76
93 73 27
96 2 24
5 45 4
31 7 4
4 27 11
16 0 28
13 51 41
31 60 36
70 28 57
80 19 63
38 25 58
18 76 72
71 68 44
70 88 50
27 77 15
95 8 38
91 34 57
70 27 39
35 13 22
73 32 46
70 57 9
34 47 21
84 70 39
25 49 9
9 4 53
27 28 99
54 62 0
24 34 80
56 81 8
8 10 32
98 62 79
25 88 50
36 26 44
73 2 25
89 31 64
39 24 76
92 25 40
93 33 36
55 14 84
71 26 65
38 9 42
36 35 61
20 47 46
51 48 42
0 56 85
34 3 49
27 69 26
83 37 44
93 29 82
42 11 20
25 41 32
42 69 50
33 42 96
3 91 33
68 21 66
15 27 67
16 13 95
39 83 86
83 84 21
38 15 88
90 17 2
41 11 98
90 19 63
55 69 30
59 77 71
0 43 73
58 70 77
37 88 98
24 53 29
80 79 84
45 56 5
35 98 17
41 34 99
65 17 75
76 66 27
83 63 59
55 48 99
39 3 50
74 37 52
88 87 35
41 57 27
18 17 15
69 39 19
66 90 54
1 67 80
74 30 51
13 20 63
59 74 45
53 18 77
21 66 98
65 96 10
55 96 26
62 78 90
98 10 14
45 44 88
41 29 6
87 31 45
82 14 25
78 92 48
53 93 52
65 55 35
25 92 17
66 84 13
79 48 39
74 46 92
73 25 76
64 69 68
90 77 86
50 47 59
38 50 36
39 8 37
45 64 66
11 85 8
30 51 12
46 67 28
35 34 85
82 64 6
31 7 6
57 89 66
28 18 12
28 88 95
89 7 3
96 82 92
32 84 54
60 51 53
51 2 79
74 26 23
95 10 80
8 47 70
20 7 42
35 65 43
89 32 58
12 23 78
25 31 19
85 97 10
79 82 19
56 9 28
75 82 72
69 10 21
26 45 23
30 2 89
98 33 39
56 6 13
94 33 84
78 53 89
58 49 40
31 89 36
40 97 3
39 7 47
76 29 95
25 97 99
85 46 95
85 37 22
67 88 68
73 63 86
83 43 88
71 98 93
92 55 15
0 44 37
45 71 49
81 2 19
16 61 83
79 60 31
81 28 0
54 6 15
3 27 56
3 21 36
83 87 60
19 3 45
56 45 17
70 68 35
43 54 82
78 96 60
74 69 26
83 40 31
16 97 73
66 62 41
1 94 12
83 90 78
35 95 77
25 78 58
19 9 87
66 51 9
95 51 8
89 19 96
26 86 47
76 4 58
27 22 59
49 45 23
56 33 22
56 99 23
90 29 91
33 85 0
97 60 59
32 11 99
47 56 69
46 1 77
29 34 99
38 42 2
48 21 2
53 73 48
98 45 15
81 20 90
7 84 61
12 98 31
78 47 64
61 24 7
1 55 34
55 21 46
16 14 63
96 35 36
19 87 13
44 66 92
73 94 75
10 80 88
31 64 61
93 83 17
59 77 86
68 43 27
48 32 25
50 75 90
71 65 53
10 89 42
23 99 6
24 85 86
60 10 20
60 77 35
13 28 0
39 99 31
48 74 3
38 40 76
4 48 76
6 22 4
59 15 80
78 34 60
30 21 49
95 39 27
53 68 89
72 90 98
36 71 83
30 33 25
72 93 41
80 71 65
72 91 56
99 29 36
16 42 91
94 20 53
51 55 47
11 0 67
88 58 43
35 94 7
68 24 71
4 74 91
86 14 9
95 7 58
20 49 5
45 95 44
96 97 20
16 81 7
21 86 14
69 98 24
11 78 20
20 73 70
21 10 49
16 42 53
61 49 88
90 65 6
11 56 92
95 87 17
91 10 40
98 21 32
0 61 16
48 50 92
88 5 23
27 71 73
27 20 6
98 63 53
31 24 99
25 52 72
81 95 29
36 29 86
10 71 68
38 15 97
70 80 41
43 14 76
15 75 52
54 67 49
96 83 66
7 10 20
48 90 34
29 58 61
30 64 63
46 25 55
72 76 34
52 65 59
5 23 1
76 6 86
52 4 31
16 62 94
2 53 90
57 1 89
52 61 43
97 58 39
32 96 62
15 88 72
98 12 27
87 2 15
0 81 84
53 91 65
26 69 44
89 63 22
77 45 67
14 78 39
90 31 63
16 98 73
52 37 59
22 94 55
93 74 86
64 25 33
80 42 9
50 81 3
19 23 92
45 35 62
9 60 68
10 58 92
38 85 41
96 34 14
83 5 79
8 16 3
54 55 24
29 51 16
83 34 58
21 45 72
62 33 99
0 36 55
29 85 31
47 89 29
26 34 32
69 5 6
10 73 81
38 47 17
1 88 36
70 31 7
68 96 64
52 83 75
28 78 4
17 8 66
75 53 97
9 40 73
74 62 24
11 44 2
72 44 47
74 9 13
51 92 5
95 4 88
9 52 43
45 48 2
34 33 98
85 91 70
51 26 54
54 34 72
83 62 29
63 17 98
25 94 55
83 28 87
72 77 70
57 21 12
69 49 59
58 16 48
78 55 56
6 67 75
0 58 13
56 90 72
42 36 47
19 18 17
72 98 55
90 18 28
98 27 9
23 5 62
38 70 95
42 52 5
97 77 99
46 92 59
71 26 76
41 2 76
99 39 84
78 85 45
2 94 63
0 4 19
92 71 21
60 6 31
35 31 87
95 17 31
96 99 4
96 51 33
31 42 24
70 15 50
54 57 13
93 35 85
15 70 78
84 50 34
62 43 30
31 71 13
15 76 61
93 32 92
88 78 77
21 22 50
49 57 66
69 22 26
32 43 4
27 0 8
35 12 43
93 70 30
58 42 47
13 71 1
79 6 85
87 21 40
25 39 61
40 78 88
17 64 16
88 52 79
14 75 18
13 53 66
22 91 21
20 12 92
24 27 92
92 35 3
10 59 71
18 88 93
6 38 92
78 1 18
9 64 96
48 37 59
74 80 4
51 19 23
88 36 0
59 54 75
66 8 55
36 86 19
90 31 17
74 36 96
47 42 35
86 84 21
15 71 85
54 78 14
70 90 58
49 6 27
62 74 26
47 26 75
92 61 14
19 99 52
95 2 89
79 34 8
44 95 94
56 63 76
38 39 3
77 43 10
13 24 10
34 84 86
49 22 26
71 19 99
57 78 21
38 6 86
7 15 67
20 10 91
73 15 88
6 4 83
16 99 73
50 95 74
62 88 66
4 88 43
44 23 83
72 7 86
6 65 96
56 50 97
71 22 17
81 69 94
97 56 63
82 0 27
21 49 88
91 37 97
70 39 94
25 9 64
2 58 6
59 56 77
82 58 36
10 0 81
26 20 62
76 59 10
96 36 26
33 10 34
36 23 30
91 87 94
3 77 32
56 72 99
18 48 54
56 79 1
73 64 40
83 60 17
22 54 85
74 65 32
22 18 97
85 11 39
33 43 62
32 94 8
30 27 89
83 77 57
40 47 50
71 61 50
80 59 15
30 35 18
76 9 71
47 39 76
88 21 8
74 27 83
95 68 9
46 24 66
68 91 64
99 68 81
62 80 7
0 61 56
98 84 34
82 22 20
32 0 44
47 58 7
29 60 66
86 14 52
38 72 42
18 77 34
84 1 17
61 64 46
53 16 39
29 86 13
35 54 89
26 7 53
36 34 31
5 90 82
95 18 85
68 63 81
98 36 4
96 60 69
66 52 37
37 66 55
57 41 83
1 35 93
74 32 94
94 73 0
90 79 5
15 71 81
64 57 2
70 40 34
61 80 97
59 98 29
7 80 18
14 30 86
35 34 51
8 47 5
63 17 27
93 78 47
28 22 66
36 70 81
21 75 28
53 77 26
30 56 12
66 59 87
30 85 35
73 55 9
61 20 80
35 27 3
95 21 76
28 5 32
86 17 25
90 40 53
16 4 86
5 67 90
54 94 44
69 97 7
5 0 24
75 21 62
13 21 16
33 84 68
35 49 29
74 52 97
34 63 81
63 67 3
47 44 59
7 91 86
22 36 85
71 13 50
94 85 93
51 44 39
9 18 5
2 57 45
90 10 5
5 54 4
90 57 47
62 70 27
30 85 64
29 50 19
43 50 48
23 66 6
59 22 91
12 34 95
62 35 66
97 12 24
67 7 57
58 38 94
88 29 18
37 8 51
64 23 55
1 4 29
38 47 56
84 27 53
70 64 27
95 20 82
30 73 96
80 21 88
38 79 63
30 65 36
51 84 56
48 49 45
71 83 47
39 12 43
62 42 33
93 38 73
0 88 61
42 56 68
84 44 5
92 16 55
70 92 49
86 68 31
59 51 99
4 20 51
33 88 87
50 99 55
96 28 83
51 74 30
10 81 26
34 15 53
2 42 90
19 54 31
27 50 12
88 61 67
11 7 27
24 71 53
51 31 10
18 28 69
32 55 75
66 97 13
82 28 7
41 60 79
9 44 34
66 68 63
74 3 61
67 18 55
85 34 92
71 23 65
95 45 71
81 77 79
1 85 49
16 18 50
40 7 42
50 26 30
7 46 31
51 95 86
12 56 85
6 24 19
56 43 91
84 72 21
85 32 10
46 40 67
0 9 95
11 95 94
43 56 82
78 43 95
53 42 45
30 62 65
44 33 0
77 34 76
1 66 10
99 69 51
37 30 45
36 18 87
95 15 7
72 55 8
34 4 97
2 93 65
84 22 23
93 85 10
95 88 43
72 88 74
47 69 50
1 42 91
80 39 81
16 11 91
98 43 28
65 90 28
59 28 58
21 37 40
95 28 58
45 87 33
96 44 1
95 1 63
93 11 44
9 5 43
84 22 25
59 6 46
69 38 66
39 72 21
65 71 55
69 80 70
82 36 16
57 4 61
29 85 28
56 5 75
26 8 16
12 27 17
9 46 5
38 19 14
92 82 32
18 97 53
36 30 56
2 55 16
5 19 34
53 97 67
47 68 15
4 33 56
79 5 96
94 10 2
36 88 34
45 35 95
40 71 50
40 44 90
11 9 77
51 86 12
12 73 64
10 3 56
82 51 10
31 27 36
42 73 9
70 58 78
54 76 38
53 77 8
2 0 87
29 83 91
93 25 14
14 8 42
95 63 81
33 49 17
58 12 93
71 10 47
66 16 45
0 75 36
69 19 94
47 67 66
37 67 79
3 14 53
5 48 29
58 8 24
47 28 16
27 44 91
59 95 98
88 98 94
60 11 27
30 90 67
68 11 0
2 24 14
87 19 96
64 23 15
2 84 77
71 92 54
35 99 32
35 42 24
26 58 57
70 79 17
72 69 8
23 69 34
77 25 89
98 57 3
12 32 99
34 2 52
90 61 33
85 28 95
50 1 83
13 26 86
23 79 58
5 83 91
67 34 98
34 77 55
54 99 74
41 34 85
61 67 48
20 28 38
62 72 95
51 36 45
60 63 67
55 35 33
9 63 8
71 54 87
34 13 50
90 75 62
76 43 95
62 47 78
97 41 82
78 19 75
5 20 7
2 30 48
92 97 73
9 99 5
58 7 61
95 3 84
76 60 12
1 51 85
21 80 89
0 26 6
43 78 26
49 51 28
16 47 67
78 45 2
45 34 77
23 63 81
12 78 20
22 66 32
50 93 79
33 62 54
88 97 16
7 37 74
51 69 22
77 10 3
70 29 55
14 61 86
86 35 40
99 41 88
53 97 23
23 88 26
63 14 56
19 49 30
28 40 5
72 12 37
73 19 96
73 52 35
58 35 43
37 79 1
64 34 97
28 68 61
22 5 88
99 51 21
31 34 44
50 92 2
58 51 47
57 88 43
37 3 12
37 22 55
72 13 52
81 24 28
13 4 62
9 76 83
62 45 58
77 0 60
63 97 96
74 7 44
70 38 44
10 19 8
7 12 61
42 82 34
85 36 75
16 64 6
61 73 70
61 72 78
74 49 23
21 92 95
38 20 45
70 94 62
75 80 43
64 49 17
65 63 80
17 91 68
15 39 9
39 33 90
14 78 31
53 88 96
1 68 21
65 11 53
85 62 57
12 65 61
21 87 50
27 95 11
26 55 36
94 66 97
51 46 27
94 9 15
84 30 45
19 20 23
15 82 34
86 59 68
19 55 97
71 99 75
77 30 84
12 75 92
73 4 26
57 64 98
2 56 69
35 72 78
37 55 40
26 55 11
97 73 45
63 51 6
39 87 74
13 70 19
25 11 50
48 45 22
1 19 18
52 96 21
66 22 75
0 87 74
96 97 93
83 14 41
24 17 59
77 73 82
26 89 55
18 88 10
71 34 49
65 27 94
91 18 95
30 72 34
3 77 50
76 50 52
40 25 46
21 25 47
43 93 53
97 68 43
19 72 60
5 1 67
17 76 42
65 28 30
65 34 8
27 10 22
22 32 38
82 26 3
10 40 48
91 41 28
89 92 12
14 75 13
42 98 51
34 43 39
73 31 46
40 1 12
75 15 52
14 24 25
40 73 47
58 20 38
72 1 90
8 9 81
36 46 16
94 56 40
64 74 85
35 4 13
48 36 39
45 69 42
1 81 79
47 91 62
64 9 68
13 93 70
15 13 12
57 12 48
99 87 75
0 43 53
7 18 72
4 88 57
48 3 51
4 98 19
10 47 57
47 97 45
9 61 73
62 1 81
50 10 22
5 78 41
52 35 81
22 11 38
34 77 91
99 51 54
34 42 46
86 24 71
88 72 44
34 49 5
63 28 17
68 14 28
69 76 83
22 76 81
23 49 0
24 62 13
8 35 42
43 10 31
24 40 22
71 89 67
58 84 77
45 81 72
61 33 87
23 85 19
2 62 90
27 6 23
72 63 19
57 77 15
19 58 92
11 8 21
36 32 74
91 77 86
7 58 6
90 95 7
72 79 23
7 50 68
16 27 47
37 53 5
95 57 64
35 56 42
76 80 45
54 18 77
18 80 77
33 84 32
18 69 7
21 81 85
2 98 83
84 59 27
97 7 12
3 25 13
86 13 84
69 28 26
61 93 46
24 23 18
16 24 23
72 16 8
90 34 37
68 69 13
62 41 14
64 85 65
82 42 94
58 41 75
9 97 28
94 61 51
78 14 70
4 9 34
22 27 86
67 89 26
15 94 54
86 96 43
40 91 48
92 49 27
33 58 91
65 73 34
42 15 38
69 40 18
4 75 57
54 23 15
87 92 27
14 32 6
73 96 66
0 23 34
2 81 56
51 36 58
24 61 42
42 9 88
30 68 74
24 62 63
1 53 34
40 85 57
36 66 41
82 24 67
4 96 56
88 46 87
78 8 3
37 3 53
90 18 22
46 24 21
91 22 96
7 26 93
66 3 38
97 77 63
38 26 99
50 15 81
92 97 16
83 70 91
3 33 18
41 18 50
40 32 49
40 57 54
34 42 33
89 3 26
34 16 81
25 85 64
62 98 27
49 30 68
26 68 32
59 22 37
5 33 83
41 36 50
90 86 85
24 82 56
78 9 60
56 8 81
58 40 71
84 64 93
65 1 27
46 77 1
37 8 3
83 49 54
29 49 25
26 87 45
25 48 69
44 28 35
73 21 3
69 42 1
85 44 22
1 61 27
90 48 86
92 71 75
10 33 24
0 5 74
24 80 46
1 51 9
72 86 10
14 3 16
98 39 17
39 43 5
61 44 75
94 39 14
62 34 0
98 6 80
89 7 95
42 66 82
72 45 1
91 99 70
51 63 43
78 49 52
82 15 13
62 46 86
26 41 5
67 87 76
19 18 60
65 98 17
73 92 39
86 46 17
74 42 61
40 92 69
74 53 49
85 31 50
75 8 42
60 75 37
76 12 63
39 32 67
44 4 94
17 31 37
48 37 35
15 6 96
68 98 88
8 50 19
30 84 87
21 11 24
88 92 37
42 18 58
45 75 23
98 88 19
23 15 52
86 52 48
2 24 68
41 26 85
49 57 35
35 50 15
64 92 2
4 38 15
18 23 32
24 42 1
67 45 87
41 36 17
78 58 79
74 88 22
29 71 3
30 39 35
58 80 48
6 20 22
61 10 34
67 70 94
41 64 3
93 82 18
78 94 77
14 97 30
39 8 11
97 14 26
9 52 96
53 77 60
56 91 17
86 83 50
2 99 72
18 10 32
99 63 64
82 76 74
14 42 11
44 71 78
92 40 5
61 83 23
93 58 74
7 69 48
28 48 29
77 45 71
26 73 59
9 17 35
76 0 35
82 98 29
49 46 3
17 39 95
29 3 31
21 34 67
8 95 5
39 74 48
64 80 89
63 52 24
24 32 11
91 39 62
79 54 22
20 97 14
98 84 38
71 26 76
61 42 18
95 36 46
15 21 65
23 21 76
30 68 2
48 78 86
38 18 94
55 18 89
59 27 75
39 7 13
98 66 18
49 36 32
14 4 49
77 5 78
30 84 64
0 86 49
81 72 43
4 44 49
31 29 22
37 97 98
22 73 27
70 77 13
28 41 65
55 33 11
78 25 98
22 85 50
13 61 93
86 10 16
82 39 30
84 17 12
2 65 25
84 69 31
39 3 94
86 99 18
14 58 41
14 2 16
85 97 37
41 95 97
94 33 75
56 18 1
1 0 88
32 54 72
16 45 44
82 63 61
31 30 17
23 18 12
6 77 58
40 56 18
64 69 73
9 5 37
11 0 57
48 99 33
16 22 4
16 79 75
57 62 38
11 13 84
38 53 62
20 93 55
58 56 69
45 73 77
26 23 61
8 43 67
98 62 29
14 32 95
67 95 10
61 73 83
34 38 96
40 89 86
79 30 69
10 27 86
63 62 51
39 34 45
47 89 6
12 56 30
8 16 85
67 75 45
38 29 64
71 90 20
23 28 32
76 44 38
4 44 33
36 76 94
62 93 37
41 12 21
23 83 3
65 75 42
17 59 35
59 97 40
46 27 63
87 79 95
80 35 11
36 94 68
15 5 73
52 94 55
46 1 40
36 85 64
13 17 40
48 61 79
44 40 2
77 43 58
40 81 76
33 39 76
34 33 72
34 86 43
90 83 88
16 48 53
86 71 99
27 55 31
9 32 13
93 56 7
98 3 70
39 76 5
44 18 89
9 20 30
93 84 90
63 49 79
92 51 23
45 46 40
22 66 21
10 22 24
99 0 11
55 78 13
59 0 76
81 85 91
40 51 24
25 84 56
31 35 83
62 92 40
43 31 2
93 30 88
57 6 45
63 88 67
28 38 70
14 52 87
91 59 55
58 60 71
59 88 61
12 18 13
2 97 77
93 86 54
86 24 69
24 59 85
58 17 6
42 40 25
65 46 2
62 89 91
18 89 79
37 64 4
46 40 78
39 11 60
82 55 67
8 2 93
3 38 40
55 11 3
57 50 71
47 56 89
49 22 59
73 68 54
38 44 60
87 72 75
40 96 21
89 50 76
18 68 95
9 46 38
56 28 41
3 32 33
60 98 91
78 20 90
68 43 20
17 57 85
9 63 84
13 0 87
79 44 45
29 94 38
38 55 20
98 44 10
19 15 99
13 50 94
15 74 13
36 75 60
84 69 38
0 24 75
69 64 60
6 90 16
82 67 88
27 24 13
10 85 21
9 96 60
77 19 50
66 26 87
4 9 56
24 99 72
43 74 90
76 61 73
9 42 52
71 89 18
51 94 43
6 8 49
33 17 61
48 67 70
29 47 98
47 13 50
27 71 44
65 81 90
98 29 28
43 39 63
43 24 56
33 20 21
15 67 2
77 47 70
26 25 73
17 10 73
18 8 42
55 97 50
74 13 39
61 84 89
39 84 89
42 56 35
70 9 82
82 27 29
57 75 13
82 18 77
21 67 1
48 61 66
49 18 89
0 47 36
87 84 74
17 90 55
99 46 97
72 50 30
53 76 92
90 25 59
65 85 84
1 54 14
98 26 50
23 64 95
20 79 34
3 14 26
12 48 73
3 46 92
78 0 53
49 97 4
81 22 12
96 8 87
13 2 4
10 91 66
15 27 46
79 37 65
23 46 25
40 13 69
99 55 9
29 22 95
32 39 87
24 11 36
69 56 23
23 36 44
77 20 98
30 12 96
10 79 73
15 35 24
64 49 90
32 1 67
88 92 37
62 70 16
12 83 0
90 42 79
81 61 41
58 94 81
34 52 40
53 14 25
83 18 52
72 36 37
85 24 81
28 60 71
62 31 50
20 2 44
98 59 50
59 37 41
72 50 25
55 82 25
16 21 77
81 67 30
26 44 47
53 42 16
24 64 13
99 56 7
74 91 72
77 80 8
21 32 12
26 0 93
21 78 26
51 19 9
61 25 38
69 58 88
73 52 57
75 87 63
12 45 48
8 41 78
14 30 75
38 46 34
21 81 65
22 50 24
73 53 21
48 4 66
41 6 28
80 7 54
20 3 58
80 64 75
3 21 80
95 23 80
25 52 60
23 45 64
61 21 66
62 60 36
48 99 68
68 74 30
34 75 86
42 20 25
37 78 57
81 16 61
66 97 42
20 61 42
69 46 78
86 1 27
56 53 65
29 5 3
40 88 91
93 28 14
32 12 3
60 79 13
67 71 18
65 57 66
4 92 2
89 88 91
38 9 35
92 61 77
90 10 93
72 36 28
35 13 27
12 6 1
74 59 36
34 18 43
39 85 89
88 24 75
3 66 60
61 95 88
48 18 67
96 85 15
13 87 52
40 89 27
0 67 85
31 35 54
96 56 15
82 16 60
98 55 72
84 74 69
58 76 0
45 9 39
19 74 12
33 84 10
24 62 21
9 68 97
56 78 35
78 47 10
12 83 88
18 15 47
12 43 80
34 86 80
99 48 96
99 82 12
13 15 63
86 51 52
90 28 37
21 94 90
20 48 22
23 18 5
66 31 29
50 26 2
84 67 87
55 93 43
89 26 5
3 43 90
29 73 90
94 37 42
67 41 27
45 7 62
66 82 89
17 71 1
55 45 92
9 28 12
8 75 34
69 94 12
99 47 0
87 74 19
44 84 87
74 87 3
9 42 24
67 8 64
32 86 55
14 56 38
1 24 86
17 91 93
86 49 90
19 2 90
11 69 16
12 6 89
25 10 21
56 25 99
69 91 77
81 53 18
4 56 63
34 88 49
21 82 43
79 37 41
44 22 31
97 98 16
46 82 12
98 22 35
43 49 13
95 39 14
43 79 93
26 76 47
95 61 9
26 75 67
58 3 78
53 63 20
80 7 17
59 51 92
56 97 33
83 92 96
43 0 35
76 40 19
49 60 54
94 19 61
85 18 52
51 62 10
32 90 63
30 38 88
28 56 2
43 75 29
30 96 7
15 9 56
86 3 13
91 69 47
71 5 96
6 82 40
80 63 42
86 89 5
55 8 47
80 24 14
95 10 66
42 22 36
17 21 78
64 0 38
81 56 96
28 74 72
84 20 82
95 16 53
39 76 55
1 87 49
14 35 6
23 38 69
97 73 20
30 71 88
45 51 78
49 5 62
61 47 41
18 92 28
52 63 16
79 89 9
9 26 57
60 22 12
84 73 31
47 86 14
45 97 77
15 83 42
26 73 28
18 94 58
30 53 97
72 82 94
38 22 55
61 34 95
52 46 40
78 54 94
22 86 12
43 3 95
85 69 22
97 98 67
43 37 55
86 62 33
48 83 21
37 0 50
87 85 73
82 63 36
25 84 85
82 74 65
12 85 14
24 43 76
86 87 60
36 86 48
5 43 63
43 99 80
43 37 74
39 93 16
24 28 46
74 87 10
54 15 8
20 97 9
79 17 98
75 83 15
30 38 74
3 62 51
71 54 60
48 91 3
21 18 54
76 50 51
48 46 4
2 50 31
52 54 83
7 96 81
20 24 98
6 91 63
83 18 25
96 63 58
60 25 4
30 50 93
27 25 81
66 91 19
97 84 60
48 59 68
92 49 90
4 11 81
81 99 30
2 92 48
14 5 95
80 45 88
86 5 46
57 10 7
77 87 73
17 84 10
56 95 45
84 86 32
93 92 39
82 33 89
70 92 29
19 3 89
32 51 65
49 59 93
95 91 79
55 63 80
60 13 14
93 58 45
1 91 4
38 65 81
15 52 32
83 60 53
64 99 49
56 34 17
70 37 24
4 28 96
18 1 15
45 17 64
32 67 29
17 75 29
21 51 41
15 89 78
38 92 16
45 62 5
6 91 89
26 27 42
56 42 50
63 58 24
26 35 66
63 23 4
36 33 2
33 20 61
75 65 41
99 15 82
8 91 27
19 2 13
75 40 64
83 73 93
23 11 43
61 80 34
11 37 74
25 33 60
10 47 80
17 91 59
60 87 51
18 39 64
93 48 82
37 29 64
49 31 5
57 84 93
35 76 2
74 83 35
39 34 94
87 16 8
76 31 71
41 59 14
86 48 95
50 77 38
55 36 18
48 83 26
40 78 38
21 54 47
99 52 84
58 96 42
61 65 48
87 12 28
66 63 28
28 7 85
12 49 31
28 57 72
71 37 17
64 29 82
38 69 95
75 84 49
9 99 1
39 75 62
30 69 67
79 83 73
72 60 78
9 47 95
7 88 85
41 38 77
41 78 16
61 48 55
27 51 69
29 11 64
72 43 54
14 2 31
99 47 75
20 64 52
69 19 24
50 73 16
27 56 89
74 31 76
45 52 18
57 0 26
38 65 48
69 87 88
75 40 27
95 33 49
77 99 48
20 70 8
69 25 79
59 8 72
13 71 80
5 75 31
94 41 43
19 17 21
94 28 89
65 83 43
33 56 88
92 89 6
80 39 31
91 88 97
89 91 19
75 10 49
36 86 80
0 56 81
96 18 76
1 57 14
58 15 96
80 17 14
73 9 77
24 38 35
7 61 9
40 82 4
28 90 51
28 55 45
86 30 44
65 40 59
25 1 61
70 59 24
90 64 28
37 14 20
5 55 31
82 11 76
65 23 88
77 15 4
46 57 52
39 25 36
36 9 59
48 29 26
52 99 9
91 14 43
36 15 60
22 50 14
1 10 57
30 87 1
76 6 1
86 98 11
30 26 22
28 54 31
45 13 16
13 5 20
65 79 94
40 18 46
46 65 81
54 89 92
76 21 41
82 41 95
23 39 74
74 59 30
23 90 24
72 96 73
93 11 0
87 69 64
31 40 97
37 20 49
32 50 15
89 67 35
22 43 18
22 34 37
57 83 79
4 89 26
11 55 41
30 81 26
7 63 57
20 67 26
60 31 39
93 68 64
56 44 90
23 7 46
18 80 42
94 62 4
16 86 76
44 76 36
4 94 72
47 7 38
38 13 58
47 55 10
42 63 70
11 64 14
81 12 91
10 25 64
96 82 88
56 41 48
21 82 74
24 90 98
55 12 56
87 41 46
18 19 11
74 80 28
74 42 40
75 32 25
0 37 72
72 15 4
47 19 83
64 76 72
73 10 97
21 61 58
45 24 25
21 7 87
43 84 5
16 89 22
9 14 77
19 68 7
33 56 39
40 11 0
62 86 92
81 30 77
31 96 95
1 66 32
67 3 97
57 78 61
83 18 79
80 93 29
22 56 6
99 70 44
7 18 84
68 18 99
45 62 70
22 12 95
90 92 3
23 51 38
45 16 39
32 99 25
58 11 78
57 12 16
21 43 19
16 26 59
24 16 15
18 36 83
9 98 61
3 49 42
8 78 75
25 70 20
50 21 5
90 6 40
97 8 37
95 79 76
98 79 10
6 57 17
44 43 89
5 65 31
53 38 65
56 14 41
13 99 16
71 55 24
34 50 65
18 87 25
88 3 48
51 41 27
71 84 57
77 90 69
47 29 54
56 19 37
33 6 99
62 79 16
3 6 17
68 92 46
66 2 74
83 42 5
78 25 95
70 29 34
39 4 37
69 5 34
17 23 77
33 38 70
58 10 79
5 74 44
86 41 31
85 91 11
88 6 82
22 44 89
6 43 97
99 98 43
26 24 58
53 52 92
79 14 62
67 60 72
86 31 37
91 69 59
84 79 41
96 76 13
73 60 5
49 58 47
3 69 44
54 9 44
65 36 37
76 55 19
64 52 45
37 51 69
24 13 97
97 9 70
51 66 79
26 7 0
6 41 35
71 90 11
95 97 32
54 47 98
90 2 70
81 71 76
69 72 44
49 33 86
89 19 68
37 66 63
34 12 74
20 99 57
28 0 94
45 98 11
55 50 35
25 96 6
62 44 12
91 85 69
31 21 93
89 71 74
29 25 86
49 23 99
40 14 79
81 98 82
41 13 55
8 26 70
29 41 17
5 88 70
63 69 44
6 8 13
57 17 73
13 40 7
19 40 86
67 34 33
24 45 48
92 65 83
0 84 22
56 23 55
40 8 81
17 68 86
58 65 7
47 68 56
58 11 98
28 89 52
44 15 4
65 61 11
15 38 80
79 4 85
79 19 85
2 18 84
66 58 99
62 94 14
47 38 3
63 10 28
4 41 63
13 29 87
56 87 68
26 31 27
69 83 55
88 29 3
53 61 85
58 36 28
85 84 5
99 94 80
74 28 41
80 10 86
71 39 1
79 13 36
35 98 19
56 96 87
88 0 46
21 10 39
90 83 52
76 82 86
6 12 82
99 66 17
7 25 91
61 4 26
2 26 20
36 88 96
64 93 82
90 93 65
56 74 97
43 4 85
21 75 96
39 90 67
76 62 47
79 8 31
89 66 91
58 15 16
82 25 10
37 81 64
29 11 89
26 36 5
31 19 28
86 13 65
47 89 74
67 94 57
32 81 89
65 62 54
45 65 35
2 94 48
93 18 27
88 67 69
2 73 53
5 41 43
34 46 10
66 9 76
13 95 50
62 42 15
36 70 71
13 74 50
49 81 11
80 7 59
82 74 35
41 32 7
85 29 32
7 45 73
87 28 23
5 30 15
21 54 96
65 74 41
61 12 73
34 30 64
58 87 19
48 20 86
38 81 92
15 92 10
16 62 63
38 41 96
7 79 1
46 25 28
24 84 26
0 66 22
57 99 59
39 70 24
96 23 40
87 68 43
50 6 32
14 52 24
48 37 39
61 81 82
86 58 7
15 26 98
33 55 73
34 71 53
42 3 21
10 98 26
4 20 60
47 83 57
23 39 2
77 26 53
87 15 45
84 92 70
19 31 89
64 25 50
70 22 44
20 32 74
90 35 17
29 52 58
83 49 2
3 76 28
92 40 99
92 6 72
64 50 6
27 11 51
27 13 66
18 38 81
47 35 83
7 82 41
34 46 62
81 47 15
18 36 60
69 11 5
67 77 87
16 13 65
0 9 80
1 29 40
2 17 1
50 98 54
87 36 96
44 28 0
35 47 38
59 0 91
63 14 23
18 1 55
95 54 44
65 88 12
40 82 88
86 3 44
48 67 16
1 61 33
34 48 95
16 29 35
17 80 54
4 47 34
36 9 68
19 98 36
64 65 56
63 13 60
23 5 87
76 36 54
77 61 2
98 35 97
76 82 74
59 20 64
92 33 59
4 81 59
42 46 85
60 56 22
27 59 29
62 20 56
86 12 69
2 66 88
90 39 98
71 9 22
45 16 44
22 21 90
10 68 97
35 4 49
83 51 48
11 72 59
91 14 65
6 99 83
7 55 93
28 40 61
71 47 97
24 43 33
34 90 59
8 47 27
12 49 0
82 57 67
63 48 26
7 28 52
96 20 9
47 25 86
70 90 30
82 21 72
76 80 3
5 26 65
24 14 22
28 15 58
19 36 38
35 85 26
7 69 28
88 64 45
57 60 5
27 2 18
16 6 74
35 60 54
91 6 46
96 89 66
72 34 57
8 42 47
0 13 55
85 20 9
66 61 10
80 81 71
77 61 66
10 7 77
87 29 22
76 7 89
50 29 81
69 16 30
37 55 56
13 49 48
84 30 92
48 62 22
97 70 98
92 35 59
48 32 4
27 5 20
1 61 23
32 75 64
27 81 17
0 51 2
83 24 95
20 6 19
69 16 81
53 38 66
49 57 55
94 17 5
2 97 71
17 90 59
29 81 74
37 90 5
43 93 94
93 15 78
4 94 61
45 31 78
80 86 88
27 55 73
77 81 9
88 16 64
26 96 10
76 57 9
63 0 22
58 47 1
94 64 78
13 74 54
98 86 85
93 18 0
31 3 52
55 30 3
79 56 8
48 81 18
58 78 84
25 12 21
99 11 88
70 51 14
95 31 43
30 83 9
15 82 51
76 91 44
13 71 92
73 74 42
16 91 32
36 69 39
