55 62 92 44
5 93 71 32
96 97 25 55
29 66 7 89
85 29 76 65
57 50 56 30
86 2 3 95
45 39 72 61
97 50 73 6
39 81 24 32
75 98 84 43
68 69 14 42
98 31 46 99
69 91 27 22
35 25 64 27
30 26 67 42
5 55 92 82
51 65 34 64
3 0 39 19
86 76 28 34
15 45 37 57
75 91 41 8
39 41 34 68
33 43 98 9
88 18 6 53
39 27 98 0
37 44 13 47
46 17 97 10
86 77 90 41
43 9 5 54
8 15 7 57
62 67 91 11
74 58 66 83
80 74 8 60
94 88 69 35
93 82 23 31
92 68 56 37
9 0 75 35
91 2 54 43
76 79 15 80
34 2 44 62
37 93 18 55
39 70 34 69
24 23 92 78
95 27 19 28
3 52 23 7
31 37 52 41
74 87 94 78
52 3 94 12
87 61 93 45
21 1 29 72
86 57 11 33
24 20 51 39
98 66 95 72
92 96 99 54
22 53 71 75
58 99 38 81
37 41 90 7
28 69 79 43
2 8 41 3
6 52 39 65
32 74 15 3
99 22 57 39
96 92 86 6
82 10 23 91
36 95 88 54
54 58 1 39
55 95 32 38
58 57 99 54
15 74 85 21
59 82 75 76
14 85 36 37
96 74 76 62
83 26 22 33
51 80 98 28
30 56 82 74
64 85 63 1
50 94 99 92
56 11 45 16
26 77 38 20
80 21 61 75
47 7 91 10
92 26 32 42
67 56 35 34
10 25 32 93
20 65 98 75
56 89 3 46
54 88 0 99
3 15 60 4
46 36 27 98
86 2 22 37
74 41 63 27
64 57 25 16
72 87 4 36
58 29 35 99
16 64 75 62
60 15 10 31
18 86 82 95
48 46 9 41
59 34 90 49
80 20 13 85
37 38 30 34
10 26 2 67
92 1 72 19
56 90 86 46
34 22 56 90
23 80 29 74
12 95 74 47
81 98 58 39
84 10 56 42
3 19 61 75
14 25 53 33
33 8 0 29
47 49 83 51
63 67 70 68
70 90 57 15
2 99 43 13
22 18 56 9
33 80 4 24
62 1 35 47
34 16 48 81
38 82 92 20
29 3 56 46
97 57 80 12
40 76 55 1
76 57 26 29
69 33 89 97
2 44 23 24
17 26 21 52
81 2 36 43
66 19 77 81
93 61 70 68
7 52 71 98
72 76 37 17
24 4 34 50
1 49 56 36
58 47 51 46
98 55 35 34
65 83 49 85
1 57 20 78
67 66 73 69
9 77 35 43
77 6 78 58
78 36 14 76
71 57 53 77
48 16 27 14
36 72 84 61
11 54 8 31
24 70 74 82
51 86 20 10
28 4 95 1
14 98 72 43
5 31 74 92
5 74 28 35
2 55 40 62
25 96 35 47
59 66 68 72
49 87 27 23
85 56 99 46
63 32 3 44
10 12 59 50
15 25 60 26
60 47 90 41
70 84 10 47
71 96 26 53
43 22 41 48
21 22 86 60
34 93 45 60
68 47 35 27
93 1 21 87
66 10 19 71
68 37 79 95
99 67 39 74
32 9 31 18
81 83 68 53
78 54 20 2
90 9 53 23
65 13 16 22
42 77 38 68
84 36 62 0
30 65 68 47
35 92 67 18
16 64 77 91
58 87 31 71
55 24 95 45
18 69 80 44
50 96 76 47
66 50 12 77
76 26 95 96
42 46 14 64
50 22 21 46
14 56 28 46
18 59 6 50
83 95 34 69
88 79 77 25
57 63 55 36
69 92 40 15
34 14 88 58
58 55 72 59
15 12 40 48
55 84 5 54
66 9 62 99
84 14 22 77
9 52 99 91
23 35 57 37
86 64 72 76
40 35 43 28
92 29 35 1
33 96 3 86
24 52 25 5
82 18 49 19
91 76 93 80
58 11 98 79
21 69 1 5
2 91 9 82
57 7 22 3
56 27 58 47
19 58 55 76
52 60 44 83
98 65 8 3
9 4 97 37
86 32 55 68
93 18 72 99
69 1 15 8
76 19 66 53
93 65 2 38
54 43 96 26
12 91 30 34
7 46 90 72
1 85 48 83
75 14 99 97
89 70 5 52
39 98 93 60
62 97 56 85
13 21 18 72
92 61 68 18
60 81 2 4
63 62 17 32
34 60 70 42
16 71 32 89
81 87 80 48
68 21 49 0
62 42 6 53
14 91 99 50
90 21 41 48
21 26 3 46
65 44 91 97
48 24 34 19
23 93 81 98
90 88 3 20
61 12 15 8
96 47 9 1
63 92 90 49
35 68 64 52
75 92 63 18
98 79 11 87
68 8 17 9
9 73 40 29
23 52 41 74
70 84 63 1
74 26 45 41
73 14 84 13
44 89 93 4
3 14 76 57
68 25 60 69
44 43 33 91
14 99 27 78
24 79 17 52
25 19 73 88
33 19 2 6
15 7 33 42
27 7 20 68
75 4 10 61
48 72 42 57
98 90 92 71
94 67 62 37
27 79 19 2
29 80 20 67
80 84 72 88
11 20 87 88
39 48 45 82
0 38 75 65
10 71 4 16
63 99 54 16
80 30 43 90
99 25 31 45
57 14 52 72
18 15 82 86
30 29 52 75
65 96 62 68
82 81 15 59
10 2 33 89
41 9 39 11
23 96 97 88
0 17 21 35
80 50 4 11
0 18 81 11
95 84 55 3
58 19 13 96
80 39 27 60
20 38 42 36
26 6 42 51
44 93 24 3
71 64 13 93
38 87 4 63
33 36 15 61
39 38 33 84
6 35 19 79
65 94 53 54
64 81 30 55
14 77 39 47
77 86 31 93
54 39 94 24
61 45 44 25
75 57 64 7
88 49 96 36
23 27 13 15
41 9 31 57
35 64 99 17
7 53 30 91
62 46 63 74
3 38 16 43
30 78 65 27
12 28 58 46
35 3 80 75
74 45 35 4
87 18 22 48
33 11 27 14
62 27 17 32
27 5 32 87
17 37 39 35
92 24 16 18
56 54 0 24
78 83 43 22
38 71 39 98
44 25 94 1
23 60 34 20
73 93 98 99
68 56 92 95
85 22 60 56
34 9 38 76
90 74 62 68
69 94 99 75
70 33 41 77
63 60 58 37
67 25 56 63
53 54 37 94
27 93 62 66
57 45 22 9
67 99 27 30
5 93 35 82
80 37 83 73
81 24 74 50
87 47 18 50
90 87 53 92
28 46 45 34
66 22 36 59
8 67 16 47
20 42 83 3
9 85 92 46
16 24 55 27
16 50 84 14
46 5 4 55
57 6 34 39
95 24 91 92
89 80 79 29
56 90 80 36
8 98 37 83
57 41 0 37
1 90 82 36
28 90 5 56
35 82 66 74
51 67 81 83
65 87 43 24
90 51 29 75
13 35 88 93
18 70 94 28
18 89 16 57
74 2 44 72
83 59 42 31
12 77 4 37
86 28 34 76
38 50 76 27
7 43 28 77
70 1 20 0
83 56 40 3
39 90 94 33
46 28 40 61
1 78 54 80
89 34 36 61
53 17 97 47
57 62 83 93
9 43 10 80
0 6 9 26
19 88 35 4
16 47 31 72
77 61 52 63
26 35 55 7
63 9 31 98
72 42 51 83
30 54 1 71
79 8 0 48
40 80 91 19
77 28 15 58
80 29 49 82
59 89 63 15
65 85 96 53
19 18 56 75
95 43 47 3
2 88 4 34
89 27 71 25
31 9 40 5
85 58 55 74
3 68 30 12
89 6 43 88
96 73 72 79
68 92 5 43
57 93 37 53
54 86 48 17
98 80 91 60
84 66 61 19
88 17 11 22
58 81 38 77
85 40 23 94
2 79 70 58
90 47 14 17
50 65 85 35
21 28 41 60
8 47 36 48
9 3 65 22
5 94 9 60
76 23 71 41
16 1 42 57
14 77 25 3
8 66 71 2
7 59 35 65
12 7 99 47
36 33 48 94
17 66 30 81
69 57 41 16
53 75 30 46
49 21 51 20
12 17 39 58
45 76 49 67
99 21 11 94
18 38 85 3
5 2 29 83
28 50 49 4
60 83 81 13
76 99 97 29
69 74 4 19
69 35 17 38
93 75 34 68
34 46 95 26
8 98 15 78
81 86 91 13
28 49 71 93
31 0 67 22
85 6 68 88
98 70 38 78
53 63 17 18
83 86 65 26
56 87 40 6
1 55 64 19
67 2 45 18
69 57 75 97
79 74 16 17
77 60 72 23
56 76 32 63
33 70 11 88
26 65 84 7
28 83 8 66
16 78 36 83
20 12 13 84
89 62 11 28
87 90 33 24
17 80 22 60
77 92 32 95
73 30 49 89
84 88 98 50
78 94 66 39
78 33 45 91
81 36 90 27
30 27 31 36
52 64 46 6
50 52 22 9
83 64 22 25
53 86 99 88
18 31 13 79
54 95 53 81
28 95 62 34
58 26 75 73
65 93 9 48
24 52 31 71
98 9 70 84
12 4 78 83
31 43 51 69
38 84 28 92
76 27 9 83
67 31 18 94
86 36 52 87
3 80 89 58
81 62 22 8
51 62 52 88
47 2 46 15
27 75 20 23
2 0 50 23
75 72 53 66
15 69 95 52
43 63 50 16
23 17 48 64
21 10 22 77
92 27 9 36
15 98 49 53
14 21 75 53
28 77 69 63
69 84 71 73
48 21 54 81
15 3 21 16
84 22 4 88
72 59 13 39
55 6 12 22
47 57 70 48
36 93 68 97
47 91 54 95
65 88 14 51
62 34 68 0
71 26 16 58
30 34 61 93
87 62 7 57
16 11 76 12
32 28 77 97
79 37 9 29
67 18 3 17
34 58 9 52
27 1 59 13
68 43 53 92
45 59 8 89
64 90 55 57
38 39 7 13
30 3 87 67
11 97 25 95
66 30 23 69
45 13 37 91
0 37 73 45
56 79 16 57
19 2 16 93
74 94 0 48
62 17 10 74
19 55 35 42
18 13 24 11
22 76 74 80
90 18 45 86
41 92 44 5
4 28 98 7
90 72 98 77
59 92 11 43
38 78 95 96
85 45 75 72
8 52 67 18
49 48 9 45
51 15 37 47
74 86 92 79
97 78 30 88
27 26 99 64
68 0 31 39
46 51 24 39
72 31 26 97
63 89 75 70
20 24 47 68
1 43 81 18
13 8 36 60
32 5 23 51
48 64 75 80
32 94 54 73
34 28 19 69
55 81 20 7
32 46 96 97
91 88 7 19
28 90 33 98
20 39 19 2
84 3 47 13
7 38 70 37
66 26 40 97
9 48 1 14
59 89 39 74
52 0 10 92
64 49 75 1
87 82 15 13
92 33 19 14
37 54 63 21
56 59 58 0
72 17 59 41
99 9 93 92
30 44 27 50
80 48 27 93
16 60 75 20
27 81 74 54
79 39 68 97
48 92 52 30
5 92 19 68
44 3 75 42
92 41 55 85
69 18 19 73
76 2 70 57
21 27 89 67
10 51 76 9
20 41 17 77
73 58 64 10
38 9 82 76
88 58 72 53
92 27 91 24
18 49 31 75
14 88 17 76
17 14 90 55
41 61 90 44
55 13 41 25
70 47 67 95
95 47 6 87
23 68 54 46
17 61 43 53
67 73 12 13
22 35 32 21
50 11 38 72
83 79 18 72
16 18 26 99
13 0 68 69
89 62 74 20
97 74 78 54
65 18 72 17
48 78 84 87
69 12 87 1
85 63 29 37
41 34 99 63
82 57 12 46
21 41 57 98
95 23 66 41
72 48 15 51
35 22 48 96
42 54 19 0
97 96 80 1
30 43 10 65
43 92 71 99
58 7 30 91
46 83 39 79
55 63 94 89
61 74 18 55
88 60 39 67
1 16 69 27
11 80 35 54
81 29 33 4
16 56 93 74
53 39 55 26
18 70 13 81
90 40 10 35
83 34 47 63
70 53 40 86
22 97 72 78
93 11 85 58
86 97 60 74
60 30 4 27
95 83 76 57
3 44 2 58
8 80 95 44
89 47 43 80
6 99 81 20
34 44 73 80
73 29 58 72
53 12 54 71
11 30 76 16
68 23 70 18
34 86 17 26
70 80 96 19
32 17 92 34
78 31 71 89
85 63 69 32
46 7 36 77
74 83 1 15
27 2 41 7
60 15 78 84
90 39 72 75
30 7 68 55
86 11 41 55
73 94 40 18
79 50 32 70
95 86 40 21
28 26 65 75
50 48 25 91
0 30 69 51
16 37 64 53
64 1 16 69
2 69 46 67
39 8 65 43
92 55 81 52
13 64 9 33
33 18 46 94
46 87 44 0
85 17 2 25
85 99 75 78
44 78 5 57
1 94 92 36
69 79 68 94
92 61 54 31
31 8 9 35
72 56 73 98
97 2 80 55
96 81 74 29
30 61 40 59
16 83 80 31
67 92 22 72
20 82 19 43
82 87 98 85
11 10 29 71
81 26 55 8
7 78 3 44
37 88 80 73
47 83 37 89
14 66 26 9
26 87 11 19
51 9 84 28
15 81 40 29
56 24 34 80
33 15 20 50
8 43 19 74
22 45 0 65
56 52 46 47
60 97 43 94
35 47 96 5
61 70 99 7
57 8 49 15
47 39 85 63
80 60 5 85
34 27 19 46
8 69 38 53
50 81 62 63
56 78 31 4
27 30 10 39
57 66 23 62
56 24 82 61
4 50 24 46
7 35 98 39
22 40 61 5
74 58 14 29
84 2 86 17
90 31 95 18
79 81 57 78
22 19 45 55
84 38 35 45
73 72 98 75
45 17 29 12
98 46 23 9
85 67 41 83
67 22 58 80
54 94 60 83
90 2 27 47
21 37 67 55
28 53 61 90
98 91 17 72
74 92 50 53
64 28 40 76
43 63 98 97
17 27 5 40
20 47 73 11
69 78 68 90
26 40 0 87
66 84 72 33
58 73 16 78
90 63 16 66
55 62 64 89
53 83 41 42
46 89 32 49
38 0 76 8
3 7 46 85
17 76 94 45
53 61 75 23
38 23 79 34
30 66 60 70
23 40 86 96
57 17 89 37
82 55 11 28
79 1 62 25
64 65 14 91
74 44 6 56
48 5 11 10
95 63 65 71
47 2 59 31
49 0 81 62
4 35 88 95
74 89 64 69
55 92 58 53
40 21 42 8
14 40 42 2
86 94 52 90
37 78 74 28
59 46 83 67
7 57 35 88
23 60 61 85
50 12 3 9
37 70 10 55
94 91 79 5
58 78 27 93
76 34 87 0
67 61 62 39
1 95 13 27
4 61 40 32
35 90 20 97
43 56 72 75
63 71 58 31
77 42 98 84
21 73 64 24
78 7 91 31
71 33 43 84
43 4 70 6
17 5 71 45
24 97 5 26
80 97 40 60
32 48 18 56
13 50 91 67
36 74 23 50
13 65 32 69
49 22 1 27
35 30 83 56
77 45 86 30
52 96 22 4
70 80 26 34
72 18 99 76
68 15 45 62
82 5 34 8
37 35 65 46
24 41 80 77
22 96 20 92
69 95 86 21
68 24 81 21
67 74 50 90
82 21 0 57
43 63 6 81
95 40 6 9
71 34 4 14
75 82 26 41
3 58 14 55
84 26 46 76
73 62 88 14
23 63 6 38
92 56 0 86
47 26 37 69
3 72 67 26
8 13 10 22
43 44 45 78
18 21 57 86
93 63 35 78
26 73 29 38
94 12 92 66
67 42 52 78
0 30 88 1
33 34 56 77
69 77 81 67
18 53 46 80
22 87 5 51
13 78 60 42
78 36 65 32
24 69 48 55
74 94 44 30
34 51 65 5
80 91 93 81
8 53 23 77
47 57 88 78
81 5 39 66
49 3 97 28
37 73 56 72
21 89 62 65
89 11 50 99
0 30 83 4
22 88 96 2
79 25 99 71
92 23 90 54
19 53 8 45
79 69 27 10
98 32 38 94
87 41 68 40
99 87 32 30
75 77 81 80
13 67 43 51
27 97 3 32
36 45 8 3
18 67 80 44
52 76 34 30
56 52 78 40
56 41 51 38
49 28 60 94
9 24 0 17
8 32 98 15
74 63 56 99
70 16 14 87
30 0 47 86
35 44 5 7
47 11 36 74
49 92 41 64
12 88 51 49
86 80 77 88
49 35 23 71
61 15 84 56
54 94 62 26
16 1 0 18
33 28 40 70
80 3 71 58
67 46 22 75
47 42 75 18
43 68 26 73
91 68 89 64
14 62 23 89
49 57 69 16
30 76 57 29
40 47 90 62
75 61 31 63
88 58 79 18
87 55 28 18
7 34 66 60
91 66 45 49
25 97 78 40
67 32 61 36
91 47 4 55
82 94 27 1
97 3 38 21
37 25 1 21
66 47 18 69
54 33 28 88
46 45 54 98
50 39 8 5
73 96 69 14
25 94 45 73
98 96 86 19
43 71 26 48
28 66 79 0
15 72 82 66
29 67 56 28
63 23 86 48
63 44 84 4
34 87 4 99
51 63 12 82
65 84 52 41
63 89 1 81
7 53 17 12
3 87 98 68
34 57 13 72
20 68 11 64
80 4 47 29
28 7 17 86
87 35 4 55
54 3 1 29
70 69 7 3
18 34 74 33
27 30 28 0
78 47 55 12
86 35 97 15
27 7 65 81
81 73 16 1
54 91 13 44
45 56 30 22
12 46 44 63
97 74 2 57
45 51 17 10
26 13 33 48
12 55 86 97
84 62 66 25
81 94 64 88
74 70 9 52
92 48 5 12
17 10 94 8
44 78 26 58
8 83 95 61
96 86 34 22
10 69 97 22
69 62 8 91
7 22 41 95
7 93 11 41
94 56 80 46
58 13 1 67
32 12 37 55
82 63 85 86
7 88 15 17
95 24 42 36
9 42 40 76
32 49 18 96
9 33 24 6
34 47 3 79
28 93 6 59
58 71 4 82
15 32 35 44
96 0 46 23
99 7 68 62
54 29 11 67
37 4 6 1
33 98 60 84
74 29 2 80
5 10 19 28
6 76 49 94
95 12 49 60
95 0 26 50
83 57 25 1
90 61 48 66
89 96 38 28
64 65 10 54
87 90 37 66
26 67 42 23
82 76 92 7
17 67 8 21
69 84 75 15
35 25 52 21
83 44 82 91
59 47 30 36
80 22 88 77
87 33 23 37
27 2 34 53
64 19 79 6
79 18 43 11
48 82 30 36
6 81 71 94
80 64 66 5
52 78 22 39
12 9 22 56
95 39 50 51
92 32 16 55
45 93 17 76
90 51 70 40
14 48 35 66
30 50 23 61
39 23 98 37
58 71 57 31
9 18 58 74
18 40 0 1
3 46 97 77
73 12 28 98
87 71 50 82
30 43 73 37
87 51 1 76
48 24 41 28
9 19 33 80
39 66 30 51
22 3 76 6
19 68 44 30
96 73 21 57
11 75 24 8
98 63 56 79
84 67 83 32
94 8 87 89
33 82 17 16
48 41 94 10
94 91 58 11
73 17 90 58
15 9 5 12
49 54 55 5
49 82 87 42
40 18 77 72
50 13 77 49
22 34 47 8
29 5 80 66
23 55 0 3
32 26 30 20
81 17 96 88
68 12 84 95
17 79 27 81
1 16 12 13
6 76 3 28
67 23 95 59
4 17 42 47
59 84 23 65
53 7 65 6
6 51 43 65
32 52 48 0
30 36 38 33
15 87 3 89
47 26 73 89
8 42 27 60
2 5 38 58
7 85 62 58
0 88 57 9
74 47 75 81
71 26 16 85
67 89 59 60
7 90 77 2
10 55 42 98
73 81 24 96
82 80 75 30
35 46 91 89
97 64 23 36
89 62 82 33
96 4 6 21
96 6 82 9
90 86 6 75
8 68 16 71
4 80 20 82
99 44 16 18
34 15 0 96
75 66 81 46
9 21 6 40
91 9 30 0
3 86 13 20
40 30 79 75
63 85 3 18
62 82 2 47
50 94 6 85
9 87 13 67
46 94 98 69
41 42 74 91
46 80 92 99
16 17 91 73
67 29 48 27
55 63 30 11
66 45 73 86
12 88 5 65
47 94 90 13
25 83 32 10
3 18 38 17
63 0 68 69
40 83 80 16
68 8 55 11
56 39 86 20
46 99 85 49
71 78 23 17
72 88 44 36
68 45 47 64
15 54 16 81
73 47 59 85
52 8 78 26
55 11 47 76
48 1 63 30
86 85 89 6
42 65 62 5
81 98 92 44
46 55 91 5
24 58 12 2
5 45 95 91
42 83 94 93
8 63 13 19
94 3 61 70
45 5 33 12
98 44 49 7
12 51 29 47
50 62 35 7
61 87 79 92
36 57 91 10
12 65 32 25
59 80 35 52
91 84 48 42
79 58 81 87
26 18 43 36
55 19 53 27
76 3 55 22
57 48 9 73
70 9 52 93
58 40 68 22
35 70 31 33
68 80 57 64
66 70 85 62
30 78 40 39
11 13 0 24
82 96 55 93
63 86 45 10
5 17 18 0
27 68 1 65
62 29 56 14
7 45 91 21
47 85 51 15
31 34 23 12
27 13 25 15
10 84 5 15
40 33 91 12
52 63 58 68
37 22 9 35
26 19 80 10
33 65 71 4
79 90 78 2
21 24 33 19
16 70 10 75
65 43 79 3
96 28 13 38
25 5 79 33
72 59 27 3
48 1 38 9
60 30 9 28
22 94 10 68
63 91 83 64
85 20 51 97
5 86 26 55
79 87 77 34
43 4 61 88
14 61 57 78
79 33 42 50
78 67 29 42
34 96 49 77
14 82 31 12
79 88 56 25
9 98 87 75
54 21 42 22
49 14 66 29
88 70 66 13
42 9 16 93
19 25 70 82
5 49 99 25
5 21 63 19
25 76 94 97
64 73 58 87
80 65 32 51
3 65 96 95
67 29 0 59
10 77 74 95
66 26 58 36
39 65 2 19
54 19 58 80
46 95 74 31
21 0 47 61
83 24 89 19
16 59 54 60
55 36 72 27
27 19 70 75
67 59 96 10
63 78 65 71
50 93 3 20
3 62 94 27
87 18 22 89
65 84 2 75
35 90 79 59
34 94 8 3
3 27 60 5
60 82 89 13
72 98 63 8
25 37 16 0
31 27 81 15
41 67 19 96
35 24 97 52
8 18 45 36
62 34 59 68
90 41 99 49
50 21 26 47
40 65 78 24
47 54 93 12
89 71 66 10
97 31 32 15
54 83 49 3
48 79 9 76
63 2 81 21
34 73 29 61
14 73 44 12
24 86 99 45
86 67 21 71
48 12 38 31
64 47 78 56
6 15 86 43
57 24 19 99
33 47 65 70
89 50 68 1
9 20 2 98
82 57 75 2
53 74 48 67
64 68 61 45
35 93 59 55
52 54 3 25
24 74 63 29
40 4 18 83
33 51 98 44
66 20 81 61
94 5 91 69
91 73 96 94
80 31 92 88
67 3 22 43
24 48 5 38
76 60 94 8
77 82 4 74
78 15 14 7
66 75 99 83
65 95 63 18
4 68 9 44
54 52 19 43
11 7 16 43
7 43 35 56
73 41 9 54
76 84 71 0
48 12 99 37
10 70 17 51
27 97 32 80
4 6 87 24
70 43 13 14
52 59 93 61
24 5 10 72
31 98 53 75
81 87 49 95
21 51 28 94
95 33 44 76
72 21 35 85
29 60 39 33
96 0 79 65
51 43 91 38
8 9 98 55
25 53 6 61
66 10 80 88
24 85 87 92
88 62 56 60
38 37 64 23
68 98 48 76
49 72 98 44
96 61 95 37
45 51 9 23
89 48 46 61
94 36 20 42
92 38 8 66
36 41 19 40
48 61 97 39
27 64 60 43
60 51 7 44
68 3 52 37
14 30 51 3
10 9 59 99
49 31 59 16
62 88 31 92
18 60 7 68
17 61 1 22
3 89 72 12
86 39 42 18
50 24 88 52
26 63 28 38
64 32 60 69
14 5 27 97
14 34 11 22
60 5 0 84
15 23 41 62
99 82 98 12
89 74 90 68
95 51 3 35
77 66 15 24
23 71 51 7
88 16 77 89
59 44 4 71
82 69 11 72
58 19 6 3
42 11 30 72
2 53 92 31
14 67 92 18
68 17 91 20
40 82 63 69
20 46 15 89
84 9 94 60
69 83 44 47
49 83 54 64
92 34 24 73
46 5 60 68
90 26 57 56
41 36 66 34
16 19 58 59
57 11 53 30
4 70 33 35
33 81 78 10
8 98 47 52
48 67 40 14
23 94 3 96
15 63 10 82
58 59 2 77
53 22 8 65
97 71 29 11
49 93 12 14
63 55 39 61
59 89 3 78
15 50 77 71
45 4 30 11
51 60 88 40
80 8 7 81
10 33 32 65
16 21 45 76
22 40 94 11
0 12 71 85
26 29 96 3
47 66 61 82
70 41 0 30
80 10 79 77
68 51 70 11
69 42 70 99
64 91 44 58
52 58 19 87
42 73 67 22
82 70 58 83
21 89 50 49
19 64 68 41
70 54 9 83
51 81 33 22
31 38 55 96
6 43 29 84
14 37 91 52
43 44 71 90
18 12 64 39
6 11 66 0
46 28 68 51
1 23 26 44
95 17 53 7
6 33 51 2
5 92 74 6
55 32 58 68
76 42 8 82
40 70 86 98
29 5 40 62
8 74 85 53
74 30 71 29
86 84 20 61
32 84 79 27
52 1 92 55
64 18 11 90
8 46 71 93
42 29 58 90
12 11 76 14
28 32 81 8
58 38 37 81
95 9 48 28
90 98 78 70
87 27 50 88
17 77 3 4
63 75 38 7
87 34 98 61
82 46 81 88
35 61 88 91
6 15 43 69
38 36 89 58
72 93 99 6
83 12 64 22
65 90 30 23
58 23 84 66
51 75 2 1
89 88 99 71
57 4 26 27
55 43 92 16
28 59 74 43
48 43 47 88
74 37 14 97
25 39 12 50
71 26 10 27
87 4 89 27
85 94 33 55
76 15 33 1
29 16 75 91
80 64 7 70
2 39 67 89
14 63 81 70
36 74 79 25
96 50 52 39
41 2 87 93
62 96 47 65
12 20 38 27
76 86 0 82
66 40 90 28
74 32 37 97
52 31 6 75
43 48 28 12
37 6 3 1
59 28 69 11
66 84 14 51
26 78 63 8
98 66 3 32
94 38 16 80
43 54 3 34
8 42 88 38
19 74 25 8
13 58 79 60
51 24 45 37
49 48 73 89
74 19 78 25
85 73 76 36
77 11 57 97
12 68 3 78
98 87 33 54
95 8 65 63
77 91 29 86
66 58 1 0
40 5 23 91
18 1 88 3
69 55 49 62
92 91 3 99
60 74 43 0
77 33 86 73
39 2 20 83
74 85 24 67
86 53 71 70
93 49 34 76
44 13 59 33
23 31 27 20
80 10 88 8
74 24 66 92
39 90 63 3
52 35 15 65
12 61 4 49
99 35 7 91
61 79 18 62
75 83 53 55
88 34 28 81
6 19 46 26
98 27 88 92
89 25 67 42
74 72 77 81
97 56 84 39
58 49 27 66
71 39 73 69
41 74 16 44
65 34 56 31
70 40 44 91
31 20 3 62
59 29 42 84
65 21 30 84
29 69 67 58
6 0 82 47
47 40 60 70
95 33 88 11
46 31 33 89
60 41 30 96
27 52 32 57
71 10 66 2
63 14 13 12
89 18 98 9
1 7 72 56
10 33 93 86
49 27 59 0
50 73 1 38
96 1 24 81
11 1 26 17
91 4 48 44
17 90 52 98
71 46 67 79
34 79 33 49
57 71 15 61
45 47 27 46
44 93 29 63
21 80 98 94
32 10 29 70
87 19 74 8
62 1 20 71
8 45 61 20
36 0 45 31
57 23 60 95
10 3 47 82
74 21 84 29
63 89 12 96
86 66 99 95
14 91 20 60
78 26 46 68
16 58 75 43
11 0 77 35
34 53 35 8
89 35 54 98
16 66 43 34
60 38 76 27
15 83 16 80
22 41 33 95
51 92 7 6
72 57 60 20
25 6 28 73
57 76 28 74
58 14 51 54
33 76 84 13
56 12 32 33
2 65 38 40
87 41 59 60
56 18 31 87
66 12 30 67
70 94 5 24
36 39 81 89
54 95 9 84
86 32 39 59
3 79 51 93
6 62 75 4
52 50 77 61
43 37 54 3
97 5 94 23
93 25 63 6
1 88 5 30
0 13 77 41
60 15 29 37
79 40 95 76
88 54 28 97
4 71 79 30
70 46 73 33
18 47 42 74
36 16 42 84
93 7 88 44
91 25 95 41
27 28 33 87
78 85 61 33
3 11 59 28
1 33 35 45
32 63 56 69
33 88 61 86
93 98 47 77
84 10 0 89
86 18 81 8
43 36 2 41
93 48 61 41
73 59 41 9
24 70 6 92
47 45 5 37
95 74 51 59
89 91 42 10
54 98 65 57
71 82 41 60
65 93 20 62
38 7 21 84
58 21 42 12
80 27 84 61
53 24 74 65
11 87 99 28
4 30 89 55
93 46 30 38
79 61 31 25
77 99 78 25
75 70 33 6
7 48 39 13
96 38 33 74
49 28 81 5
68 43 2 35
58 56 52 89
80 96 29 40
85 56 94 27
85 32 48 65
81 7 61 10
89 70 28 18
35 41 24 45
87 14 24 38
55 43 37 64
21 61 46 92
21 13 24 81
54 94 49 53
92 30 86 75
60 70 0 11
36 9 78 1
70 87 64 10
27 83 13 84
15 48 88 4
82 7 95 43
67 35 16 50
92 18 39 48
44 2 28 75
57 48 20 61
46 35 32 27
10 68 66 75
22 55 44 48
45 97 58 22
46 40 41 47
73 45 43 84
95 80 96 68
58 36 56 8
39 55 48 95
36 68 85 60
18 36 37 63
79 50 87 1
13 79 32 30
25 3 29 96
99 70 64 91
76 48 13 2
37 47 14 51
79 9 13 1
52 92 68 64
72 79 77 61
5 80 72 12
44 25 16 87
77 21 31 45
84 19 59 34
63 74 50 22
7 30 84 95
13 1 69 73
93 74 91 50
90 46 68 3
67 24 87 47
87 94 11 70
9 78 5 1
16 6 89 99
92 91 0 98
16 33 17 90
82 95 76 87
16 34 99 97
22 15 65 19
25 50 41 35
99 15 90 41
32 74 3 8
92 25 28 23
91 52 95 0
48 83 57 73
86 0 32 22
58 8 14 46
80 34 31 55
47 95 64 85
60 1 3 55
1 94 70 87
9 60 98 0
84 99 78 51
87 96 16 53
23 95 91 81
19 92 20 59
47 15 43 7
91 76 22 39
65 3 40 60
12 44 78 95
5 21 93 43
11 0 59 74
62 82 23 24
21 89 46 40
38 45 66 64
58 66 85 1
50 69 34 17
68 58 49 3
85 42 57 75
89 94 75 38
7 45 10 15
8 99 86 92
66 75 93 41
63 19 3 35
81 69 70 23
43 88 33 35
70 96 76 25
59 93 24 36
48 81 62 9
15 20 48 35
33 83 36 39
85 16 12 14
90 9 68 67
43 72 4 14
57 9 22 23
80 5 45 40
91 19 35 45
72 85 5 48
72 90 87 21
0 61 34 39
95 13 39 63
23 19 15 75
94 93 17 8
30 4 94 5
36 49 97 60
1 40 24 23
75 90 60 37
24 98 42 34
33 85 43 83
6 91 27 49
76 21 71 61
25 17 90 98
6 16 92 7
95 0 79 99
33 63 7 93
61 52 84 82
69 89 61 41
60 32 49 1
72 29 96 14
76 49 92 34
87 84 17 14
6 27 57 0
70 12 97 68
28 53 24 78
88 56 23 93
82 35 56 1
64 77 92 43
37 61 58 33
22 51 87 83
47 90 58 14
35 96 62 11
71 17 25 58
67 11 83 57
81 23 15 67
11 68 64 40
83 33 0 82
15 19 8 31
34 27 88 89
82 16 3 28
75 42 41 66
5 41 36 88
95 64 39 7
61 71 94 39
50 61 60 65
39 82 67 34
72 4 78 11
92 22 50 33
78 8 15 91
34 93 25 23
72 68 62 86
7 75 27 96
60 69 35 1
66 10 12 85
78 14 73 11
22 93 28 16
41 6 67 37
40 98 41 85
12 79 46 96
11 31 66 90
74 76 0 96
63 81 88 12
50 33 15 51
66 74 71 5
90 88 94 59
85 37 71 63
15 34 59 77
61 84 25 89
5 18 15 45
75 72 25 15
69 71 61 62
33 87 62 49
22 31 14 95
27 35 9 78
1 75 0 87
94 90 22 95
61 72 57 83
85 67 13 75
61 94 13 66
53 8 86 75
76 8 79 88
21 17 91 14
7 27 19 2
78 91 6 3
7 93 21 58
29 49 95 1
96 55 52 40
63 14 56 96
91 58 60 29
8 96 54 45
74 58 63 94
24 72 53 99
46 39 99 81
80 52 77 55
87 99 42 37
87 22 44 68
21 26 42 94
39 77 81 57
21 69 61 52
22 61 78 23
81 7 25 85
38 73 71 52
15 24 83 69
95 41 17 45
39 65 47 74
62 48 78 85
13 36 41 29
6 0 45 56
94 2 18 76
32 24 25 29
75 19 85 88
62 55 71 36
90 28 45 6
32 72 71 52
21 12 68 11
5 66 86 79
58 14 25 22
12 56 34 60
25 64 80 44
91 70 86 12
70 7 67 29
64 9 15 29
18 56 74 52
44 27 2 52
14 0 97 58
97 27 35 12
78 20 48 54
39 99 74 11
25 79 93 78
39 88 48 24
34 17 85 30
61 4 25 22
9 77 50 63
30 13 72 44
50 68 77 81
54 11 41 92
62 72 55 43
42 46 90 29
10 30 8 2
61 6 21 82
32 14 93 34
35 2 29 45
36 48 82 98
18 45 16 49
90 17 47 79
60 2 42 9
10 97 42 27
35 18 31 23
96 15 1 65
37 70 41 23
7 65 0 17
97 14 81 2
73 24 37 29
81 16 97 47
62 41 53 91
17 13 18 35
36 15 51 50
81 63 11 55
32 13 70 59
26 57 11 77
9 98 87 76
60 29 28 23
44 45 10 67
59 19 80 34
98 16 47 91
92 50 28 64
90 96 62 66
61 33 96 71
43 53 27 11
84 25 64 35
78 1 65 38
12 57 46 42
79 93 23 90
33 16 20 78
43 62 13 73
53 12 62 59
26 96 74 76
1 45 63 35
45 79 88 12
41 86 91 49
10 45 39 67
99 83 70 22
81 80 53 74
5 41 26 53
57 60 53 17
40 99 26 88
42 39 28 6
88 62 99 22
56 73 77 47
95 57 93 18
92 19 21 43
14 29 56 34
82 34 27 77
46 34 50 0
66 8 18 89
7 52 20 72
27 45 15 12
98 73 62 67
3 47 86 57
47 16 64 5
49 76 34 7
71 97 73 89
81 10 5 80
74 31 16 42
50 46 57 4
6 9 20 41
59 36 11 61
77 28 50 73
33 72 16 32
85 69 62 25
24 80 63 17
14 41 45 93
16 77 17 95
36 10 46 68
69 18 3 77
75 67 16 50
86 24 1 46
18 41 8 61
96 40 75 88
57 60 63 15
52 77 72 12
29 67 74 27
22 1 19 86
38 54 53 10
67 0 1 17
6 5 63 0
17 16 23 13
12 10 86 55
93 38 34 82
26 95 4 82
81 84 39 19
41 0 86 75
47 80 7 73
47 2 25 82
41 3 48 79
71 60 38 88
20 79 78 36
43 21 61 78
44 96 90 69
15 81 23 66
26 56 42 93
52 89 94 54
98 84 67 29
38 91 66 80
27 74 80 8
16 69 8 15
60 72 80 31
74 34 7 93
4 32 43 30
27 80 18 6
36 26 38 51
79 70 37 25
78 88 17 35
11 24 22 0
29 15 46 75
92 49 45 44
99 55 67 34
38 65 56 36
9 70 19 98
88 57 49 63
17 31 15 42
44 75 60 99
76 44 90 71
99 89 6 94
58 54 31 81
2 33 73 45
81 61 63 13
16 10 98 40
45 34 74 53
30 81 74 45
0 71 95 32
32 47 71 36
75 16 85 98
26 5 54 42
67 22 19 73
11 34 6 69
44 47 37 91
86 90 11 99
71 98 70 19
15 20 34 17
4 1 41 0
26 87 84 44
21 35 69 3
47 75 5 85
5 99 16 68
0 52 61 65
56 75 31 44
82 6 10 24
29 53 63 20
66 47 97 52
5 94 42 9
16 84 86 18
86 99 36 25
24 70 68 37
1 39 36 56
34 42 68 92
84 37 1 98
10 39 25 4
6 15 0 10
85 58 1 18
28 98 68 46
67 55 29 7
3 5 25 0
87 50 9 59
31 9 47 42
40 68 5 74
77 37 47 30
29 7 34 96
36 86 47 74
99 10 72 16
14 25 79 7
68 40 33 59
56 65 8 49
37 10 6 67
46 17 34 15
51 41 6 59
29 18 54 59
41 27 39 40
96 46 4 49
17 1 26 32
4 78 84 16
60 10 29 58
69 42 19 6
93 12 83 72
15 52 99 81
81 28 38 30
81 93 62 40
84 76 4 27
12 72 24 87
38 71 58 93
65 13 64 35
77 21 73 41
89 0 79 74
82 59 91 4
42 38 94 1
39 73 12 41
18 47 48 45
22 24 96 55
67 7 70 88
35 53 17 13
56 77 65 51
33 34 91 98
43 9 50 85
52 75 49 40
0 37 20 13
55 68 10 86
4 61 40 70
45 77 46 6
97 54 5 18
79 68 40 18
38 49 91 50
51 55 56 70
90 16 95 74
55 5 57 56
60 24 6 20
32 27 15 54
10 77 31 32
20 67 9 86
42 57 67 71
58 90 45 37
23 13 15 99
22 35 37 34
64 98 13 39
51 30 31 23
61 19 36 90
5 14 93 27
82 43 60 51
36 37 30 72
33 81 83 78
62 85 3 4
7 50 5 16
85 19 94 58
65 60 18 7
46 61 71 72
15 20 54 93
30 26 75 43
25 69 30 71
10 26 83 3
41 62 71 63
61 86 24 97
1 57 80 0
78 14 75 63
97 37 16 83
81 60 47 98
4 14 64 25
6 79 96 67
58 46 63 34
92 65 85 25
63 80 38 91
1 86 23 79
29 91 17 63
53 6 26 19
53 45 30 19
17 0 20 64
5 17 31 46
72 74 22 30
6 25 72 17
36 16 86 73
65 20 48 25
10 41 62 93
63 49 27 29
44 33 97 12
21 32 41 25
77 28 85 17
33 96 47 80
65 87 36 59
87 75 94 76
96 78 35 89
17 46 2 33
3 92 89 57
49 73 86 1
41 76 93 78
88 51 21 35
19 1 68 61
62 39 20 7
13 28 6 85
26 39 37 52
59 22 96 55
57 18 17 79
82 14 20 54
17 49 29 66
85 80 18 25
13 41 39 2
96 39 38 12
7 44 89 78
56 45 17 80
37 33 73 78
16 93 2 78
4 59 9 92
23 6 21 30
89 25 40 95
66 3 19 75
71 56 22 72
4 95 23 50
62 95 54 6
24 91 18 84
65 18 3 96
66 58 62 70
23 25 19 66
43 19 68 80
5 11 96 88
92 90 67 35
74 81 13 76
58 62 18 12
61 71 59 15
66 82 83 85
81 46 1 16
14 0 32 44
61 79 29 60
63 78 37 35
22 6 34 64
39 28 78 37
23 48 86 50
36 15 35 85
44 88 78 39
68 35 51 34
47 7 82 50
76 77 91 40
27 82 21 71
29 39 73 49
82 42 57 75
31 24 91 29
78 4 81 73
27 51 13 28
18 69 78 53
54 78 52 47
71 76 77 70
6 9 34 30
11 16 50 0
56 84 32 22
72 4 64 55
60 27 35 3
87 12 46 11
19 62 28 58
75 61 11 48
24 86 63 40
84 96 74 41
72 1 19 47
35 2 51 31
88 24 59 71
38 37 34 31
66 44 59 67
78 88 15 73
18 32 42 81
31 96 47 23
0 84 11 79
48 82 38 76
47 9 12 52
73 34 65 82
29 14 94 68
38 57 3 78
92 85 62 60
37 19 5 92
25 50 85 87
20 83 77 47
90 51 22 55
27 53 32 61
62 9 67 0
46 68 34 72
67 60 1 10
89 75 9 0
21 33 12 57
47 33 80 83
47 90 31 60
98 99 15 47
67 92 18 28
73 86 99 9
12 16 63 22
73 5 85 39
23 65 96 20
70 68 37 6
66 15 19 44
18 89 45 37
41 25 4 13
25 2 99 58
62 88 60 7
22 1 62 4
23 9 53 56
87 65 48 19
95 22 30 92
16 73 50 47
6 99 36 89
51 70 68 82
67 41 3 71
14 43 35 41
16 72 19 13
76 85 97 72
90 85 80 27
2 26 3 99
53 51 91 61
12 24 5 56
19 57 31 20
76 57 14 45
57 98 0 49
76 62 98 37
4 67 95 57
93 87 8 99
27 97 40 31
89 96 7 9
10 92 20 35
82 24 63 67
28 45 61 56
26 46 33 38
20 22 60 8
55 88 33 42
34 45 63 57
29 59 33 40
24 10 52 9
61 89 35 17
48 77 44 33
36 76 49 56
23 13 65 93
50 94 55 60
2 3 53 9
45 73 90 33
32 68 25 1
26 99 13 46
15 81 42 60
54 14 51 29
10 99 81 34
60 18 68 81
67 80 29 87
21 31 17 67
90 41 5 76
65 7 17 57
5 51 38 44
26 7 71 27
58 52 36 69
47 57 62 99
34 26 81 71
17 84 70 37
60 5 90 22
10 13 26 20
80 48 11 47
99 4 23 89
58 11 76 35
30 52 98 86
2 72 78 87
6 82 9 20
38 3 41 71
11 22 98 74
90 67 5 1
37 21 27 70
69 74 82 55
90 73 6 68
66 62 47 16
55 26 29 69
68 35 19 59
37 64 66 32
18 76 67 73
88 28 15 6
96 55 27 66
49 11 88 79
20 14 86 43
89 14 38 64
37 84 7 29
76 51 82 90
70 29 32 7
6 2 17 55
27 76 19 97
2 33 68 50
65 77 83 95
9 57 0 25
93 15 28 80
30 71 46 61
8 26 9 40
61 81 48 3
29 13 82 44
51 26 49 5
58 35 75 21
74 77 11 62
5 27 35 52
61 22 13 18
71 84 47 56
21 60 47 52
96 59 78 30
1 11 20 58
70 18 68 35
82 3 41 53
73 28 96 45
16 30 34 81
60 48 92 44
66 16 54 90
81 94 78 6
10 45 63 1
92 5 68 30
64 50 45 33
86 63 92 43
89 16 11 12
23 57 64 29
11 45 28 36
64 12 26 40
53 2 95 40
90 96 87 61
90 30 28 14
50 73 77 70
7 96 35 78
81 1 72 53
52 5 83 85
80 72 39 86
31 95 38 13
80 29 9 83
53 22 6 48
89 1 71 24
55 21 50 60
93 4 84 13
49 30 92 22
9 13 97 74
76 14 74 46
61 21 33 46
5 47 22 39
30 42 34 85
40 92 39 4
38 32 99 20
25 26 12 79
42 2 97 26
17 12 46 80
6 89 46 91
21 57 55 18
70 25 91 38
82 45 25 51
87 54 35 34
13 66 47 64
12 47 76 35
66 27 75 16
89 62 80 9
76 23 81 7
48 61 58 98
89 20 74 93
77 27 16 37
27 80 18 8
87 89 88 71
32 8 27 19
79 34 16 17
25 1 54 27
97 15 54 7
43 53 21 60
46 50 43 16
25 92 76 22
97 27 30 96
4 47 31 35
11 17 37 1
51 82 40 1
2 22 29 81
47 85 44 60
10 52 54 86
83 89 70 84
57 83 80 76
12 30 3 90
18 31 60 38
10 9 24 71
82 22 92 67
68 55 67 52
29 44 69 19
21 52 89 53
61 69 82 23
20 92 76 93
51 35 52 13
88 99 24 3
47 20 78 10
70 74 63 59
22 96 1 44
80 3 4 26
37 41 6 10
49 90 53 48
17 49 69 1
5 73 11 60
92 45 81 24
24 19 39 38
54 81 56 18
45 50 1 67
95 90 44 40
42 6 32 43
89 88 64 57
45 62 19 46
40 59 77 93
31 39 49 63
79 76 96 42
3 42 23 45
78 56 37 11
7 62 92 38
24 20 27 12
35 19 0 28
65 22 0 95
94 48 32 21
52 89 5 16
82 94 22 88
13 3 57 74
2 64 59 34
47 25 42 61
1 94 66 20
80 52 48 82
62 95 8 33
38 37 44 85
92 26 3 63
7 74 13 35
4 25 44 92
83 32 95 24
55 76 33 42
1 59 94 43
39 34 97 79
27 3 98 87
3 66 37 49
46 51 99 52
37 83 91 26
94 32 69 7
82 2 57 55
13 49 80 91
38 79 11 27
25 90 67 1
91 72 66 90
35 15 59 53
50 6 97 57
63 93 15 94
78 49 83 8
78 25 59 22
21 64 34 22
74 68 24 42
14 24 30 4
87 60 72 51
10 44 28 62
55 26 89 54
24 59 92 78
48 18 96 79
50 21 64 3
68 0 95 4
37 84 85 20
66 31 88 67
45 81 17 11
0 92 91 11
49 56 54 52
35 70 99 28
46 82 73 67
51 53 63 72
39 4 16 66
67 49 25 9
15 66 43 22
40 62 94 23
26 94 5 10
34 31 45 58
52 30 19 76
53 44 80 32
1 71 48 96
52 20 19 2
43 10 71 49
94 85 59 39
3 84 70 91
72 96 43 58
22 95 21 75
26 95 53 56
45 73 28 16
92 15 41 98
65 72 83 13
12 41 65 98
75 26 88 67
90 81 35 64
46 75 72 77
34 96 86 57
30 65 11 56
6 15 88 10
5 84 89 68
82 0 55 74
38 96 22 64
45 5 3 55
50 83 54 20
75 24 92 87
45 83 21 65
75 49 71 54
81 44 26 92
68 72 26 47
6 11 26 80
34 88 91 13
6 47 70 73
74 3 48 45
37 98 74 47
98 7 40 15
46 17 96 10
60 86 49 59
25 73 39 57
5 39 19 60
77 6 25 56
38 51 39 65
76 67 70 83
63 37 49 73
79 66 88 27
76 83 90 80
88 17 81 0
87 57 90 2
52 49 57 46
16 7 63 37
35 15 59 44
34 21 71 57
48 8 39 14
72 39 74 83
99 4 79 90
59 41 33 98
98 45 78 61
97 46 61 93
10 34 62 46
55 50 51 90
16 82 66 56
13 0 1 20
13 70 93 27
47 32 6 70
43 90 80 27
65 34 48 67
70 82 11 56
91 78 13 37
12 31 43 44
63 95 13 87
91 28 14 43
0 68 77 15
65 13 39 46
8 13 85 33
3 22 12 57
67 7 36 96
23 21 88 97
37 65 7 28
13 53 69 66
27 94 13 29
58 70 26 10
60 87 78 27
22 28 44 59
76 83 56 63
5 30 57 14
84 69 7 9
80 16 23 17
28 93 57 12
96 47 76 69
37 4 36 93
54 28 91 66
64 57 10 39
97 30 68 74
93 79 83 74
62 13 23 75
77 48 80 16
93 0 69 2
78 2 89 59
28 4 43 72
9 83 60 75
74 4 95 20
71 59 75 86
59 89 14 45
28 44 51 20
45 78 97 15
58 97 15 24
94 7 38 93
9 84 54 79
99 49 11 62
4 43 40 33
7 69 58 90
25 44 12 72
41 15 66 0
76 23 36 1
0 64 51 45
61 89 11 72
5 1 49 97
3 71 78 83
9 15 95 32
26 19 79 69
91 90 56 70
40 85 80 15
50 26 25 48
52 89 57 21
1 25 4 89
66 48 49 23
67 78 57 29
27 99 49 47
26 44 65 82
8 4 56 15
75 69 36 77
63 55 39 36
46 53 64 38
25 92 18 21
0 34 62 56
47 95 31 19
9 51 47 94
40 57 13 77
7 47 18 70
50 46 30 68
66 44 1 4
34 67 79 3
56 57 59 80
7 55 87 73
4 73 44 91
83 78 89 94
76 23 57 8
25 22 77 80
73 17 58 86
92 3 63 54
45 79 86 13
43 51 76 1
54 32 82 5
5 51 48 19
85 53 47 81
2 90 65 31
31 76 83 78
38 9 57 10
35 5 48 10
3 80 67 11
62 70 6 5
12 64 28 88
80 38 94 55
60 74 55 96
45 26 56 74
65 92 67 52
82 31 89 92
3 70 53 38
6 71 54 76
67 34 32 85
46 47 93 54
86 53 96 10
35 88 92 5
64 95 20 55
8 45 25 21
59 84 58 70
7 57 61 88
3 45 25 58
28 6 15 2
77 15 54 82
77 70 82 47
77 58 92 78
47 57 44 92
84 4 12 6
61 23 7 47
87 41 98 34
24 70 31 59
2 79 37 7
36 24 37 27
25 92 23 64
4 99 70 88
79 46 92 88
32 27 8 51
53 49 16 70
87 84 62 48
71 18 97 38
28 42 13 5
4 81 55 96
81 11 52 69
35 59 96 84
85 49 29 31
42 92 23 89
16 24 61 11
55 72 67 36
83 26 4 50
69 94 86 45
89 51 93 62
67 37 96 23
94 78 28 33
46 26 63 13
31 13 74 91
74 2 41 49
42 58 94 11
1 49 95 15
72 28 97 84
54 48 43 98
24 61 2 36
52 6 28 74
65 52 69 41
9 3 35 96
21 50 80 0
78 19 52 64
64 51 43 44
78 86 71 31
69 50 17 73
60 63 79 25
15 45 92 90
68 20 94 95
58 59 19 74
77 4 19 57
87 92 70 44
49 47 23 57
21 4 51 9
27 30 61 94
43 44 62 19
15 56 20 11
80 23 52 68
95 74 46 7
57 95 9 90
39 20 83 94
32 46 66 9
6 56 40 21
11 88 67 0
60 18 92 85
33 96 29 78
11 87 6 94
7 77 28 38
28 20 98 45
1 24 82 31
50 11 2 54
87 32 4 57
88 4 56 0
88 34 93 19
19 55 28 45
63 70 58 41
60 63 18 48
72 61 27 13
4 99 6 56
21 26 83 74
13 59 95 16
63 71 65 3
80 38 82 62
59 84 48 36
16 28 79 88
30 84 94 91
60 66 46 14
14 28 46 52
75 42 43 19
67 5 15 56
19 79 57 59
77 88 81 11
81 32 13 22
31 3 46 2
17 51 34 11
49 54 20 31
34 40 50 67
69 72 22 90
77 21 62 20
13 85 66 94
45 19 34 96
54 12 86 23
95 64 19 91
44 83 76 48
22 69 98 8
25 73 69 1
63 45 29 18
12 86 72 68
70 49 41 1
49 83 73 54
21 91 38 27
52 45 41 3
20 69 87 62
34 86 29 25
45 22 0 37
72 53 84 85
72 36 74 95
44 13 72 64
85 13 91 20
54 51 20 82
31 98 77 81
12 71 29 20
39 44 19 24
15 13 8 25
34 69 38 67
1 62 0 91
37 54 95 73
78 30 24 44
98 68 15 2
15 94 89 18
65 27 51 34
7 25 18 26
35 2 56 22
72 80 6 57
93 5 58 39
73 92 44 78
23 60 56 24
27 4 50 60
85 94 54 26
25 31 93 69
32 75 79 63
49 35 28 45
54 53 21 57
43 27 51 40
4 96 77 87
51 40 90 9
0 3 51 96
90 0 34 31
58 8 97 61
85 19 20 94
88 62 75 78
28 72 31 43
26 87 52 99
37 26 56 25
8 42 59 97
5 71 79 44
23 57 82 53
97 72 6 28
71 49 19 51
47 89 5 99
8 42 94 76
14 0 59 91
69 25 70 27
25 47 36 34
16 74 75 31
75 41 87 66
38 93 97 65
62 72 30 25
18 85 68 84
75 66 3 21
0 2 91 73
83 84 9 99
59 48 49 14
89 7 13 31
74 63 79 14
83 4 91 38
14 42 32 51
83 23 21 9
92 95 52 96
10 98 17 0
97 23 36 98
19 25 98 24
93 75 51 26
54 44 88 77
66 28 34 41
85 57 42 69
30 47 69 91
7 10 44 25
71 35 10 91
2 85 51 89
52 90 18 26
37 71 67 10
45 29 20 87
72 97 94 40
69 30 74 67
45 25 50 63
3 7 94 48
44 57 66 16
88 1 83 30
19 93 78 92
42 90 15 98
85 25 70 51
57 61 79 92
83 97 76 84
63 59 99 92
19 13 80 35
67 48 2 14
85 13 45 52
68 7 98 13
29 27 84 11
61 33 22 8
69 5 34 37
81 38 20 12
60 90 65 67
69 24 36 51
13 68 94 96
85 8 21 61
20 29 2 60
77 18 51 13
86 57 50 44
27 40 55 0
3 55 86 82
56 51 6 30
88 70 86 13
66 1 99 59
2 92 79 14
57 52 10 46
48 22 12 87
72 13 55 83
62 22 20 85
90 69 11 86
26 48 92 66
77 65 43 13
50 73 58 36
75 53 95 23
15 1 43 37
32 53 7 5
66 27 24 88
11 63 70 17
59 25 10 79
24 18 85 78
79 52 13 72
67 40 71 46
5 46 76 70
57 93 55 44
27 65 24 0
49 6 22 67
57 60 53 42
3 51 13 66
49 0 77 21
57 11 54 30
90 57 98 23
71 81 25 86
71 33 3 53
48 95 24 37
59 50 63 70
93 7 71 69
14 9 97 53
80 83 43 39
54 10 52 67
66 99 51 82
6 77 24 7
88 0 3 32
46 94 34 47
63 46 20 60
20 13 66 50
44 62 61 39
84 12 55 37
47 28 48 99
27 80 28 3
55 29 2 75
50 6 37 25
61 36 19 3
9 48 88 95
25 93 6 56
64 72 65 80
71 58 46 97
14 64 82 5
79 10 83 86
8 56 36 45
52 49 7 57
36 0 25 11
19 92 39 87
76 13 55 78
79 30 49 57
75 76 47 72
73 56 30 55
91 36 25 6
47 17 15 88
74 54 20 7
49 44 21 13
31 14 40 0
37 2 85 81
18 62 72 19
35 69 75 84
68 49 45 55
64 54 20 93
74 23 25 59
0 26 82 72
3 77 68 98
85 38 78 70
78 80 65 92
56 11 87 82
82 52 25 15
92 31 58 29
38 25 71 50
87 2 85 12
5 68 54 71
87 16 1 45
0 58 95 11
1 51 27 17
46 30 28 91
35 62 95 46
75 32 63 22
88 49 56 70
29 98 78 55
64 23 28 34
34 61 37 46
40 97 68 15
54 80 98 91
95 15 54 29
7 8 39 96
1 53 16 89
52 17 23 49
7 40 24 94
71 63 44 55
76 50 16 28
4 81 80 10
29 5 16 73
77 2 54 78
30 26 92 74
12 92 91 14
47 17 81 31
77 78 69 88
48 36 88 28
5 88 66 69
43 40 70 68
20 8 66 51
36 34 56 7
69 13 12 15
75 41 96 58
7 18 47 53
16 14 3 41
1 34 39 71
21 52 81 66
64 9 45 34
48 94 73 95
18 19 23 15
56 55 63 5
3 58 37 60
72 51 96 0
12 80 83 29
25 55 78 38
79 7 41 61
1 16 74 86
67 37 26 22
14 35 45 93
61 75 87 74
48 65 24 69
83 2 29 6
85 21 88 36
78 10 91 37
42 21 12 27
99 87 4 0
49 52 16 57
57 48 98 25
24 14 33 34
53 9 35 18
59 93 62 0
81 56 28 45
56 39 0 13
10 18 39 92
1 99 67 20
94 50 49 34
49 72 17 4
86 55 80 89
43 0 40 83
87 70 4 68
66 61 68 48
25 6 58 64
37 62 95 34
14 94 83 66
84 42 3 53
31 4 72 81
84 33 10 52
9 79 55 47
53 51 88 84
31 77 0 33
90 18 53 3
73 77 51 57
68 0 17 42
93 10 2 38
87 4 32 26
0 69 83 88
29 53 86 56
88 87 60 74
54 9 94 27
62 37 43 86
18 69 87 61
8 38 21 27
65 37 3 86
11 41 4 93
40 3 34 83
61 53 3 60
79 27 57 21
59 79 44 81
71 97 19 34
22 57 20 93
49 28 53 62
53 4 1 58
98 93 67 31
48 86 0 63
85 27 42 70
34 97 9 75
88 3 33 11
79 18 67 19
81 18 50 28
77 12 18 48
19 24 96 61
68 72 65 86
14 8 16 6
93 6 55 34
17 10 58 39
44 13 91 34
51 28 44 45
70 82 75 42
71 19 9 16
22 32 73 72
8 0 56 81
89 1 92 42
35 77 17 94
20 83 76 82
89 67 99 47
50 57 5 53
7 25 45 20
25 78 40 89
31 54 48 36
22 52 49 26
95 55 0 36
24 74 27 92
44 90 87 61
88 81 76 77
62 88 19 99
27 33 88 2
73 61 12 22
65 13 33 14
46 80 54 33
64 56 11 28
33 68 60 91
50 8 17 95
12 77 23 65
44 19 12 43
17 31 98 82
78 26 33 62
44 12 78 91
29 30 90 39
66 97 63 5
5 14 99 43
59 90 65 25
51 4 18 47
31 66 21 24
66 96 20 69
87 89 23 84
67 25 62 92
33 44 93 95
15 58 53 22
61 59 63 46
57 29 46 37
56 14 90 18
70 89 64 38
15 77 37 89
6 46 21 11
60 27 84 90
80 18 23 2
87 18 69 24
72 81 61 53
65 0 71 18
27 71 38 14
18 3 70 32
65 37 58 64
18 27 34 61
20 62 58 17
3 8 78 59
62 68 29 78
76 8 16 27
93 68 99 70
4 11 28 54
83 98 90 23
95 36 77 69
32 41 43 74
65 74 96 73
45 31 79 33
16 78 79 83
34 92 45 50
99 21 74 84
36 9 59 22
44 1 23 51
61 74 99 8
35 81 66 6
17 75 41 92
73 6 24 56
24 53 3 94
57 50 99 85
98 49 17 60
16 74 17 46
26 67 56 80
33 36 76 14
16 51 84 32
20 35 21 80
1 30 37 77
47 43 78 57
33 54 78 10
68 11 0 61
57 2 33 98
11 77 30 75
5 84 63 24
45 92 79 80
88 99 26 55
19 42 92 46
30 43 87 29
24 88 68 89
93 5 89 13
57 26 53 24
42 27 23 16
13 29 47 54
28 47 68 29
47 53 80 88
36 72 76 49
87 99 36 21
68 16 29 10
29 5 62 22
46 85 40 97
6 11 66 41
2 61 79 53
37 26 99 54
19 20 48 76
19 94 54 48
30 45 56 36
33 46 51 32
55 41 13 78
47 79 78 42
87 1 5 16
87 21 20 41
51 36 61 2
88 0 20 74
17 95 10 35
47 55 93 88
18 67 19 23
67 18 77 53
54 84 93 38
19 74 45 64
12 82 69 98
29 82 22 96
22 65 93 31
97 67 20 79
68 24 79 30
74 56 49 50
41 56 78 63
35 78 44 96
90 22 9 93
63 3 60 0
44 10 82 67
0 7 3 26
26 45 40 69
71 86 54 76
0 91 27 1
25 16 52 6
67 91 16 26
8 80 85 36
22 1 23 93
84 87 92 6
32 37 55 99
91 71 28 24
98 11 37 97
54 64 81 58
64 34 44 49
91 14 83 4
22 95 51 18
70 4 1 7
1 82 78 90
25 10 57 96
82 16 21 10
40 47 1 23
57 79 93 83
1 82 96 32
55 42 93 16
75 63 73 3
91 97 83 60
57 67 60 41
64 81 4 84
30 22 45 48
6 61 72 24
63 38 19 44
72 68 88 71
56 60 87 84
62 89 30 48
60 56 20 34
27 90 95 22
7 25 77 32
49 54 0 46
4 82 43 64
15 1 32 39
77 10 92 53
23 68 76 96
52 22 30 35
26 24 1 61
62 68 77 56
13 42 18 52
51 17 42 55
31 64 61 86
51 23 86 94
92 30 31 28
72 12 80 42
19 58 28 1
77 99 93 65
60 95 51 64
68 78 50 90
75 44 66 87
56 15 76 75
82 98 26 21
1 97 9 30
17 24 89 13
55 74 85 48
22 35 76 5
70 93 25 8
4 18 60 96
47 43 1 81
87 50 11 31
74 41 65 21
76 11 54 73
17 31 97 32
60 79 67 33
89 4 48 44
97 20 10 73
94 76 18 0
94 66 42 1
45 78 70 16
99 15 17 38
74 20 67 69
90 61 11 86
39 29 17 38
2 18 1 55
33 84 35 31
83 52 92 85
98 88 62 74
70 38 50 83
16 20 27 93
19 0 53 52
65 68 43 58
0 70 96 20
90 91 50 57
27 7 42 58
67 20 80 23
7 12 93 84
78 59 35 21
19 2 61 77
81 30 98 14
46 59 52 65
50 98 78 59
62 88 11 47
38 85 89 39
78 1 61 26
87 81 76 10
78 35 86 2
62 69 57 92
1 83 17 0
33 50 41 12
54 9 71 27
80 21 31 54
4 21 98 97
62 2 96 32
2 51 93 69
60 28 52 94
64 17 37 35
50 59 4 94
59 87 93 67
52 12 62 98
54 8 75 78
66 24 36 47
60 5 47 96
26 14 21 3
40 50 88 85
99 47 54 33
71 29 57 21
50 32 85 39
18 45 16 82
23 64 37 96
67 51 10 89
84 50 99 23
63 97 12 82
20 76 79 19
99 87 27 98
1 7 40 91
7 62 75 11
77 48 46 66
69 0 98 54
39 1 46 97
67 75 28 49
71 41 88 24
26 36 72 0
83 49 41 70
90 24 99 42
45 93 98 63
3 91 90 16
49 42 20 64
41 22 90 35
29 72 49 70
70 74 84 13
79 15 8 45
75 24 79 55
82 41 69 1
77 76 89 12
79 73 89 96
79 90 85 52
97 96 24 41
18 72 73 90
88 24 49 77
58 55 40 65
7 71 2 92
48 1 38 29
40 53 46 58
25 56 19 33
81 24 20 4
3 19 27 32
68 72 71 87
44 61 29 5
98 34 65 59
33 62 41 64
37 74 2 12
64 62 86 24
75 10 55 40
73 5 49 33
22 84 39 40
76 36 79 26
39 22 9 51
72 86 22 38
67 75 84 74
60 18 7 96
58 40 61 81
59 20 51 94
93 28 44 88
32 7 57 3
13 7 64 96
42 6 47 39
42 38 45 2
38 59 35 49
94 78 70 83
44 12 90 30
53 36 35 46
43 41 28 83
86 90 89 13
98 71 15 68
51 96 9 43
54 0 63 11
70 78 69 20
55 2 62 81
14 81 21 0
3 26 97 20
68 81 14 95
6 5 46 36
34 44 7 1
13 22 67 28
39 10 12 97
50 30 91 86
91 29 67 10
30 61 73 74
41 76 46 40
60 61 46 65
30 10 56 71
78 96 29 14
98 55 77 26
84 60 3 53
62 95 63 7
19 31 94 47
69 50 89 97
6 47 10 61
93 97 57 20
18 45 63 62
43 97 86 81
49 44 9 57
40 19 18 25
45 17 34 4
4 21 14 11
31 88 70 46
74 7 98 18
63 69 40 4
18 44 77 45
53 62 20 34
22 3 2 72
38 1 41 92
29 12 55 10
92 9 10 26
44 69 45 38
30 22 57 33
5 38 8 78
16 2 6 68
36 98 28 16
89 39 94 23
12 33 48 14
10 69 95 91
95 22 79 60
54 96 33 95
80 91 32 85
63 86 11 49
92 15 20 86
53 27 71 8
82 73 91 26
86 22 95 27
52 75 53 92
43 92 39 49
19 27 54 11
81 62 80 91
95 44 57 84
96 83 19 45
99 51 75 86
68 91 20 73
72 26 31 9
82 43 49 68
59 60 96 81
28 44 79 31
81 42 45 67
72 91 6 19
61 86 50 68
41 37 98 89
68 14 34 18
36 61 37 3
20 81 37 32
64 12 42 89
2 76 72 1
79 28 14 34
37 11 0 88
54 77 72 76
95 12 16 85
51 91 62 76
52 59 20 29
26 16 23 14
81 73 47 95
9 24 46 37
13 72 74 16
49 64 84 77
21 70 89 58
51 49 61 47
78 9 77 76
67 83 37 4
40 12 71 68
21 31 10 83
77 34 16 76
60 37 31 63
20 2 93 75
95 75 52 27
98 65 17 75
71 10 90 35
98 19 2 17
5 41 99 85
69 0 96 2
20 91 66 28
4 30 23 17
51 27 31 70
56 74 21 91
27 85 90 18
0 70 69 75
98 51 16 20
95 15 33 7
73 24 94 29
17 63 40 97
78 26 28 29
24 52 20 64
73 25 71 74
24 60 1 71
99 3 77 4
31 81 43 85
67 15 19 77
94 75 10 20
47 35 71 83
42 12 0 93
14 89 46 80
36 75 90 16
83 11 91 92
27 55 23 20
3 39 14 53
46 53 51 23
86 7 29 28
28 7 27 64
21 13 23 12
57 2 88 47
30 29 72 75
82 53 11 31
27 86 35 25
21 48 65 11
29 48 33 45
9 98 59 93
42 45 4 7
15 94 73 6
13 6 2 47
68 65 76 97
70 35 83 48
26 18 21 14
1 43 63 68
20 60 93 51
43 47 17 76
21 87 14 17
41 51 45 47
83 16 34 49
13 84 63 68
29 31 42 56
65 82 95 37
56 92 16 15
15 32 48 2
1 51 42 25
65 96 54 56
91 25 24 9
35 96 99 65
26 35 61 54
29 38 47 36
63 68 10 39
64 91 37 50
15 59 10 70
48 54 25 97
15 78 86 28
90 68 93 95
69 37 21 64
95 1 89 5
47 2 6 4
87 94 95 85
39 31 65 76
51 76 37 38
36 42 15 52
2 77 21 55
92 73 58 6
51 65 60 63
67 90 99 26
95 22 21 72
10 96 33 63
66 73 49 67
13 68 17 3
63 90 78 70
7 64 31 2
26 31 25 87
19 12 69 31
51 11 82 9
38 19 62 91
23 27 83 82
43 77 67 6
42 15 20 94
29 44 23 6
94 51 25 27
86 91 62 44
99 21 69 89
22 6 36 92
82 86 47 88
78 91 84 54
60 4 71 7
58 51 48 23
96 91 62 31
60 9 61 65
47 64 51 61
8 23 71 99
56 35 68 21
16 56 88 97
3 89 36 51
6 26 85 22
98 2 57 95
55 27 84 96
74 1 69 77
79 68 19 7
36 2 4 70
88 56 12 18
25 30 70 19
33 85 74 28
41 90 40 69
53 34 39 7
49 96 84 93
76 71 65 50
56 13 91 6
88 11 79 76
32 63 68 8
95 86 51 29
53 62 40 66
17 35 98 94
75 21 66 39
22 56 64 75
81 96 21 53
14 38 25 54
29 2 66 37
83 77 60 67
3 73 61 16
50 61 56 10
87 6 79 62
26 7 59 31
60 92 3 77
44 92 39 48
38 47 28 63
77 8 45 3
47 56 45 20
54 57 76 74
64 24 70 80
89 67 14 20
29 69 55 92
47 71 55 12
22 43 86 32
3 60 4 13
87 10 11 41
24 31 39 14
31 9 80 60
2 71 77 38
99 61 2 56
78 68 82 24
85 39 62 1
2 78 56 70
36 75 53 71
75 37 77 39
34 92 27 72
10 29 5 81
46 60 47 99
80 75 38 16
5 71 77 1
79 96 94 81
6 97 55 37
4 47 79 41
62 8 61 48
27 7 20 84
81 13 98 55
0 81 97 27
73 94 80 43
62 41 5 0
42 58 2 31
51 66 19 41
88 82 31 5
91 25 82 11
69 84 62 75
74 32 23 30
33 26 98 32
36 48 80 93
27 45 37 96
29 68 30 26
99 28 94 84
22 38 5 36
74 22 71 61
89 77 11 65
21 70 86 37
40 87 68 82
22 85 61 73
55 64 60 34
80 53 15 68
32 47 6 18
62 3 13 90
24 11 71 40
26 12 99 70
21 75 1 76
87 84 42 5
5 58 96 2
12 38 52 82
92 31 41 20
27 92 39 3
75 81 94 21
74 48 82 55
1 21 33 91
80 10 76 82
29 86 66 82
11 52 78 97
99 68 47 32
97 53 14 89
11 73 69 93
54 84 42 96
96 85 30 48
21 16 29 71
34 99 96 36
9 67 40 70
41 15 93 53
11 0 42 81
95 91 10 87
61 29 7 88
71 27 35 36
14 62 27 79
95 94 2 67
50 65 71 28
43 23 6 7
19 15 27 28
42 80 44 74
17 9 77 16
82 88 97 39
24 2 9 31
97 99 38 59
46 72 7 74
58 76 95 41
7 83 87 48
37 85 32 44
56 30 72 68
6 95 34 17
43 4 99 11
19 97 8 95
20 38 6 57
53 59 31 10
91 81 19 56
75 66 31 79
65 9 31 90
74 96 52 69
59 48 32 12
51 99 57 40
14 58 69 70
93 91 0 19
80 10 31 34
84 11 10 26
65 47 73 96
85 92 0 42
46 60 48 7
76 77 82 62
61 28 54 21
81 87 98 43
56 81 77 39
82 81 36 10
59 90 87 61
17 49 44 75
93 22 45 44
85 64 7 12
66 91 53 99
85 28 49 20
1 27 13 94
4 52 28 41
95 92 48 36
75 86 97 53
26 32 97 67
76 42 15 88
87 99 8 36
85 13 41 66
10 17 60 95
11 82 91 41
37 99 63 62
17 83 64 61
13 22 56 20
85 70 87 13
9 31 99 47
92 34 88 1
92 56 87 13
81 66 48 45
93 35 83 92
9 19 63 42
50 57 34 87
17 43 41 86
53 54 51 8
46 91 99 58
77 2 66 82
18 75 89 60
45 66 88 70
26 10 62 56
26 24 41 47
75 61 55 99
97 40 25 1
45 99 10 19
19 0 30 14
65 20 25 5
11 62 52 42
77 9 98 43
49 14 2 76
67 1 55 4
13 56 20 66
75 50 39 34
29 70 28 47
5 35 76 52
76 3 38 83
47 34 43 45
69 3 40 70
16 36 39 13
8 73 18 4
95 76 29 23
62 76 19 94
33 53 30 47
63 67 75 69
47 93 54 52
91 76 53 0
94 95 92 11
83 67 10 9
75 58 45 85
0 26 39 23
84 21 69 16
47 94 76 58
8 41 16 71
91 73 77 14
99 33 11 81
15 79 62 64
8 15 66 32
38 6 69 0
77 18 86 52
83 0 2 31
80 39 41 97
15 92 22 3
80 11 61 91
24 91 79 20
47 2 96 4
71 8 95 34
12 37 48 51
91 75 57 30
98 3 29 42
36 37 44 7
39 43 70 26
42 52 31 18
68 23 1 76
99 40 71 28
18 65 37 96
99 77 46 95
93 12 0 92
91 96 48 33
70 23 83 36
50 90 66 83
69 7 64 72
19 45 28 74
37 41 5 24
5 82 64 7
20 57 66 49
3 72 8 51
86 40 41 31
73 45 30 53
56 64 87 20
39 44 76 82
95 32 16 89
7 90 66 72
80 2 70 54
19 86 32 63
5 53 40 59
36 55 33 82
65 21 20 15
24 68 72 22
82 63 62 91
67 78 71 63
14 13 85 41
80 14 64 11
23 76 84 28
60 38 84 85
88 89 4 84
14 25 27 69
91 79 85 35
67 0 59 10
75 98 38 19
93 23 35 63
23 81 78 27
55 98 45 50
92 47 40 28
15 34 17 98
34 19 46 11
48 94 77 99
12 63 61 80
11 33 91 16
98 21 0 26
46 97 74 95
19 87 62 95
19 44 24 51
1 18 37 43
40 83 71 91
3 53 41 38
35 45 3 0
72 4 29 22
69 43 60 36
19 1 11 4
64 50 99 20
7 2 55 59
22 80 60 17
40 91 51 23
35 11 60 93
14 16 77 84
30 50 1 7
85 21 0 15
83 42 61 37
49 54 7 68
31 77 35 73
68 82 78 38
67 90 72 3
30 48 26 53
13 47 2 88
8 10 18 0
82 94 84 46
79 83 22 40
54 37 35 53
91 15 20 2
93 77 85 59
94 63 97 6
76 90 78 45
95 66 20 76
52 88 55 13
26 2 44 85
43 58 74 71
1 10 68 56
60 29 67 70
68 80 28 40
81 36 57 56
81 56 10 0
67 51 50 37
22 52 19 2
87 49 16 26
49 60 86 72
97 67 62 31
24 72 12 19
64 96 90 59
87 69 93 63
51 76 54 20
68 10 4 38
41 51 75 77
92 78 99 65
48 24 72 85
27 44 32 54
20 61 30 35
62 21 82 53
2 47 32 33
16 66 25 32
16 12 55 41
51 62 33 34
69 70 81 67
61 62 51 23
8 14 91 84
67 69 71 99
30 21 18 49
15 16 39 10
27 97 10 25
15 67 39 74
66 73 61 33
61 98 35 51
24 25 62 78
44 58 89 5
60 56 84 64
22 93 83 19
46 58 91 20
52 44 23 35
32 47 72 39
31 88 99 16
53 93 16 87
93 77 76 16
45 89 83 70
78 28 21 36
29 59 62 94
46 69 78 29
48 77 17 9
64 19 34 55
8 84 75 4
7 37 80 42
13 47 27 69
4 10 93 79
39 72 14 1
50 63 33 13
54 13 56 4
85 33 41 86
0 87 36 10
61 8 91 86
28 97 51 85
48 96 80 59
73 22 41 13
57 94 15 38
66 29 25 37
36 21 33 62
32 90 59 33
41 89 82 81
10 48 13 81
24 56 54 80
23 74 64 49
79 47 10 29
10 90 73 49
83 93 20 78
97 58 65 78
67 76 92 40
31 87 83 36
4 96 91 58
63 66 23 85
49 80 33 58
34 28 42 80
84 98 87 22
83 29 72 91
68 43 84 42
11 33 28 70
79 56 85 11
93 85 43 48
86 64 79 26
37 17 68 64
83 4 5 1
56 30 58 74
76 77 1 25
96 52 71 44
57 98 67 46
2 39 22 8
12 1 56 11
92 51 21 28
35 91 64 77
40 69 71 22
31 13 87 1
37 59 58 0
71 49 60 73
21 34 66 43
91 73 7 36
28 73 51 10
64 97 38 51
95 28 57 54
17 63 90 16
76 72 11 58
32 86 99 70
94 26 54 51
69 92 18 39
39 36 0 12
95 27 16 3
52 68 88 27
25 18 8 41
18 34 3 86
53 89 17 60
56 77 41 20
39 28 87 17
10 9 46 53
32 15 29 86
65 78 22 17
95 26 22 2
39 94 87 54
98 8 82 57
79 17 2 81
95 13 33 81
53 27 55 46
32 95 1 34
68 52 33 42
86 11 25 72
84 42 17 86
98 0 1 33
65 23 79 57
13 25 0 8
59 24 88 64
14 65 67 23
72 39 37 61
3 41 10 5
35 52 3 93
46 65 12 2
47 89 32 42
58 27 87 97
37 52 56 25
85 10 17 73
45 91 22 28
54 60 10 44
64 67 26 1
77 97 66 48
52 51 55 13
81 31 7 93
2 99 70 3
84 44 27 88
6 9 29 65
25 77 5 57
40 1 56 6
89 39 26 53
34 12 49 47
80 83 16 77
88 70 40 35
37 64 67 74
66 68 98 87
24 30 11 89
9 89 82 90
76 80 65 55
66 39 28 36
74 60 98 39
65 51 77 75
25 27 64 80
65 48 42 75
84 1 57 28
48 86 32 11
60 42 10 46
31 56 55 7
67 0 12 82
56 97 82 85
81 4 92 61
32 93 92 68
83 16 21 24
19 12 73 79
41 94 68 58
20 54 87 4
61 27 75 66
13 88 90 10
38 74 34 13
76 28 64 38
96 35 19 47
62 59 77 44
64 59 15 78
33 47 19 23
26 57 16 41
27 31 13 78
9 13 80 90
31 68 43 42
43 12 61 54
3 60 11 17
89 32 35 13
93 73 11 20
85 59 43 69
56 85 37 48
23 53 29 99
23 16 5 6
9 95 87 74
44 8 35 73
67 28 37 52
84 30 61 72
85 2 3 5
2 4 55 82
48 52 75 49
55 67 98 12
7 24 65 56
59 38 16 94
77 5 80 89
36 66 18 1
10 85 27 5
29 42 91 62
44 59 92 30
13 36 62 64
6 99 46 60
32 93 6 49
9 2 38 18
24 72 22 61
4 27 29 12
61 31 25 99
96 14 92 33
82 64 33 41
72 54 23 3
81 45 55 58
71 46 51 10
18 9 87 5
76 6 81 37
23 33 90 10
31 20 45 73
50 81 63 84
75 80 16 98
27 39 99 15
36 29 19 63
68 31 95 86
2 12 14 91
79 38 28 73
10 31 72 41
3 78 36 20
25 43 78 33
59 37 89 18
50 35 74 41
49 92 9 44
65 88 37 4
66 69 26 65
98 57 11 55
44 52 14 35
4 84 63 27
63 45 88 2
3 19 4 85
8 35 28 68
71 80 66 8
43 94 6 78
1 90 82 27
74 34 76 29
6 16 28 7
39 89 17 87
35 84 21 15
54 75 11 39
60 63 30 19
53 86 54 16
48 81 55 11
18 61 14 70
42 78 18 68
56 45 74 39
67 81 29 63
2 23 30 38
11 85 28 34
8 49 37 82
45 54 36 55
52 82 68 35
55 85 43 41
35 75 17 89
20 10 86 94
19 55 79 60
89 57 38 76
41 27 98 47
40 83 23 28
47 81 62 40
46 93 20 47
95 47 75 51
41 98 28 32
41 84 7 67
18 52 73 63
19 57 65 44
14 50 82 53
40 95 23 92
62 57 39 99
79 82 28 99
90 58 46 40
5 94 97 35
10 12 82 5
7 29 92 42
28 84 29 0
80 84 70 43
53 77 47 14
78 43 51 26
2 88 0 56
68 55 32 37
34 66 97 71
62 54 80 75
62 22 31 94
83 42 20 98
88 59 10 68
39 24 74 15
77 88 18 17
57 67 85 38
80 98 39 77
94 62 64 81
24 80 44 7
79 64 46 29
24 39 87 79
92 91 34 37
47 19 88 17
37 71 35 19
55 49 14 28
58 75 47 22
75 86 31 28
88 21 47 61
58 93 19 31
76 49 0 77
98 47 76 44
0 84 68 24
12 65 75 16
68 25 20 94
73 38 45 55
2 69 32 85
79 43 35 69
61 96 72 37
86 98 44 89
39 76 50 12
12 56 89 2
38 86 57 51
79 51 86 71
7 77 93 6
11 63 2 12
87 86 45 15
72 46 61 71
36 57 15 2
3 58 41 74
88 83 61 31
54 84 49 41
48 50 85 71
75 42 5 22
91 22 8 61
99 8 6 38
44 90 30 99
90 89 6 12
37 89 75 77
82 6 61 3
52 41 69 47
54 6 34 35
4 16 1 41
54 5 18 20
77 10 73 13
3 87 31 25
87 29 18 86
37 1 3 53
22 80 17 16
44 55 0 75
92 19 11 72
40 85 21 96
31 49 95 18
26 0 72 39
67 89 33 39
21 10 63 72
13 24 90 12
92 54 49 52
12 5 79 55
80 11 60 90
28 94 92 78
63 17 24 39
77 32 65 10
21 81 85 15
29 31 71 76
55 17 8 72
91 18 49 59
32 94 16 95
94 71 67 56
56 94 25 1
40 46 63 9
40 80 24 41
64 83 1 10
80 20 94 64
24 54 49 57
92 49 28 96
6 78 49 53
22 86 88 39
69 29 65 4
97 89 68 92
96 48 35 56
27 33 58 15
33 8 93 51
71 42 16 54
43 0 28 66
69 49 68 47
46 67 63 94
92 64 68 74
30 82 16 21
26 13 90 50
45 10 26 97
58 14 55 57
42 50 8 29
87 28 59 31
85 58 75 13
99 46 55 20
75 32 76 43
64 13 34 82
19 89 76 30
72 25 33 22
67 96 31 57
46 29 53 95
42 64 24 25
80 39 45 72
39 21 83 55
54 41 1 98
84 36 72 52
30 13 36 73
49 42 53 45
35 86 13 22
2 52 18 61
52 71 98 57
73 54 80 62
2 72 75 70
56 68 58 7
53 17 63 24
47 74 37 95
61 42 57 47
46 26 57 49
98 44 96 95
89 41 40 47
17 43 30 90
80 87 41 69
13 76 61 87
65 1 4 73
0 58 80 33
10 6 88 35
73 50 69 30
90 43 24 28
98 77 32 57
2 19 32 57
68 48 57 91
90 53 75 91
39 42 64 12
82 30 60 0
97 49 28 11
51 63 88 67
63 0 42 99
55 43 30 19
40 61 27 13
4 34 24 16
33 66 83 36
71 7 23 73
50 2 39 63
77 16 95 40
91 19 3 30
22 50 75 51
80 18 27 26
27 59 13 22
12 32 43 72
5 15 55 35
54 43 89 92
9 80 35 32
98 49 85 71
88 78 29 41
59 60 57 70
69 10 40 83
73 63 33 30
9 2 35 34
79 26 31 11
86 98 81 60
9 81 44 11
95 0 88 2
58 84 89 76
88 65 95 30
90 13 78 54
53 24 15 85
19 33 4 90
36 76 17 47
80 45 82 69
11 50 55 69
68 67 80 56
49 51 6 91
56 0 7 88
33 80 26 85
77 40 73 47
8 20 65 46
97 3 26 13
7 18 61 31
94 64 58 51
18 88 49 91
59 3 21 45
19 37 56 59
77 14 56 72
45 35 30 1
97 20 36 54
73 91 72 23
1 6 88 84
36 24 57 49
38 51 66 37
7 98 65 54
64 17 29 98
57 92 78 40
75 71 31 17
56 58 0 97
15 66 11 29
54 88 40 70
72 29 87 2
90 80 8 15
0 74 26 7
27 63 79 85
91 26 61 48
80 65 7 61
6 14 62 86
34 0 47 90
32 43 98 16
59 48 63 40
3 96 26 30
45 15 13 44
8 67 90 97
26 65 62 98
80 96 16 24
76 63 87 52
19 49 88 23
38 3 4 98
6 61 33 18
3 91 74 63
31 16 87 57
27 8 56 94
13 67 54 40
90 68 0 43
19 78 58 17
88 59 6 50
11 52 59 60
93 94 70 65
42 55 16 86
56 52 88 90
16 74 2 98
61 75 34 44
18 74 75 9
26 98 34 87
62 21 17 54
26 67 62 49
36 1 31 3
44 26 51 97
49 1 65 30
14 93 0 53
22 66 17 62
77 4 91 49
98 76 3 89
49 84 16 87
47 58 10 15
47 93 12 20
14 57 91 99
62 54 68 99
84 99 4 62
27 36 67 62
52 57 1 47
75 43 39 8
2 77 0 75
22 44 59 55
34 70 80 78
15 29 40 61
27 90 70 92
60 14 28 81
42 76 4 37
10 15 4 98
83 84 98 74
52 63 76 95
71 93 7 56
96 61 8 65
46 1 72 83
13 66 84 58
85 80 88 56
55 39 40 31
60 91 82 70
9 59 26 76
80 71 74 10
39 80 10 34
30 12 54 29
97 48 87 51
31 55 12 85
19 67 22 51
76 6 94 59
83 17 74 25
96 90 47 44
36 60 7 97
54 63 62 15
44 58 39 40
62 59 49 76
71 42 50 66
72 4 26 77
11 35 20 39
99 72 71 40
30 27 64 92
19 3 11 68
93 74 16 78
72 67 70 12
22 39 92 81
65 55 90 61
79 92 70 16
89 81 92 80
7 27 35 63
76 75 73 96
28 25 45 3
95 70 76 9
82 63 55 31
2 58 39 3
10 99 11 9
74 21 32 89
60 85 33 94
19 53 68 73
23 90 88 70
56 2 57 62
91 21 11 32
44 27 43 77
20 63 33 23
19 95 25 85
47 98 43 86
97 85 26 79
75 94 89 22
14 1 83 72
12 24 85 94
1 2 71 54
44 7 87 20
11 59 50 42
86 20 30 7
36 86 87 69
69 66 36 2
60 64 58 38
78 99 85 47
99 90 58 85
31 56 45 17
76 11 90 65
82 32 25 84
73 64 79 92
7 15 72 2
37 2 19 54
77 17 16 24
51 97 66 90
95 54 63 2
41 36 59 48
38 71 10 58
35 18 99 91
25 91 54 59
4 86 49 10
19 37 61 88
91 20 61 81
44 14 66 60
6 11 36 44
70 59 31 97
59 56 48 10
70 51 35 61
21 42 3 63
30 13 37 59
76 14 93 65
25 37 79 50
2 56 64 84
2 16 91 57
66 38 71 67
78 72 6 14
48 47 24 98
8 20 29 9
40 73 95 2
20 39 81 12
33 59 92 6
35 92 10 27
28 81 14 42
29 50 24 43
32 39 8 7
87 95 63 29
39 8 14 35
2 38 35 33
29 16 20 81
32 77 80 43
62 41 89 21
22 78 41 99
98 77 67 30
20 36 97 28
60 28 53 1
12 65 44 17
3 50 5 6
38 73 95 0
25 12 35 10
32 16 97 0
35 25 19 60
18 56 9 15
49 65 68 73
2 50 43 38
73 85 94 47
82 75 13 34
58 82 80 62
25 43 96 38
73 57 98 45
17 71 14 33
23 72 4 3
71 32 33 40
87 13 99 77
57 85 80 28
78 45 33 72
11 21 58 16
41 26 24 48
59 33 15 73
35 10 7 91
32 37 54 94
92 68 89 29
50 94 18 12
33 1 42 45
2 48 81 1
22 42 83 2
14 66 34 71
25 78 42 7
98 83 25 85
11 25 54 31
16 96 57 92
14 2 66 6
46 18 23 83
60 39 82 52
36 26 39 11
95 48 59 9
17 71 97 7
62 81 97 58
42 10 71 83
70 42 9 30
67 85 11 36
99 18 38 3
92 99 2 71
93 63 3 26
16 69 88 35
82 20 31 53
42 64 56 33
40 73 18 83
94 2 56 49
77 80 56 52
18 21 54 6
91 97 62 88
14 95 17 85
56 96 46 63
50 48 2 80
67 25 32 74
77 19 7 24
77 46 23 0
24 23 78 5
30 99 19 84
47 18 29 14
15 78 58 66
99 28 93 6
25 12 65 84
71 94 49 91
98 48 18 61
19 86 57 16
27 18 32 95
2 4 77 15
6 58 63 89
65 23 70 71
41 87 53 29
29 23 44 50
32 46 38 94
7 96 85 47
99 49 2 57
41 65 61 83
22 73 48 47
27 41 90 31
94 19 21 11
76 55 62 70
55 35 5 67
25 86 80 72
97 69 54 65
93 48 87 27
23 34 71 35
90 53 28 59
18 64 53 46
82 87 64 88
38 47 58 46
13 28 42 32
95 13 20 45
70 77 60 2
45 69 83 59
96 44 40 99
16 97 7 89
4 61 63 83
6 79 58 20
16 30 33 49
90 22 45 66
76 52 67 91
76 83 11 40
18 77 26 61
11 57 79 22
43 95 42 55
94 64 82 42
39 82 58 4
35 50 45 67
62 50 33 56
96 50 24 38
66 4 99 98
57 32 1 27
6 80 13 71
50 46 92 90
39 95 35 64
41 94 58 31
71 40 96 59
60 42 80 46
89 8 45 97
64 8 86 39
52 39 0 2
28 71 50 58
74 61 98 21
94 98 57 83
97 83 53 57
34 11 57 81
42 22 8 52
71 62 46 90
5 27 78 99
61 60 51 78
67 31 39 69
19 61 6 15
75 46 52 62
61 20 27 65
49 95 77 80
51 84 71 43
16 52 95 23
59 39 43 34
3 60 82 70
11 67 80 81
26 46 13 8
9 67 52 79
3 73 2 23
76 42 17 41
68 16 74 73
2 37 84 80
54 7 56 23
72 74 24 93
40 58 0 54
85 71 27 68
81 12 25 43
78 37 48 25
43 46 60 40
50 42 64 51
32 50 65 46
32 35 44 68
63 74 55 42
23 71 43 28
24 9 72 62
93 27 65 42
82 76 74 24
59 6 10 46
11 50 0 18
83 77 17 34
30 90 44 14
73 69 47 93
20 57 75 85
98 18 81 49
32 37 73 56
75 16 34 85
50 58 51 84
39 65 10 82
98 77 88 48
56 27 76 26
96 44 14 3
93 17 55 71
97 14 94 44
5 72 35 0
70 16 66 11
47 3 34 96
60 15 27 66
74 93 45 39
63 86 46 93
1 86 88 49
16 78 50 31
96 59 41 72
62 32 4 75
30 23 84 2
84 90 6 40
61 45 55 32
55 0 90 20
70 43 30 82
79 72 38 16
75 91 47 99
67 9 13 61
44 60 31 10
34 47 66 30
4 81 6 69
70 40 2 51
81 10 52 21
58 81 78 62
67 62 63 60
87 5 88 80
94 78 53 79
56 66 78 76
53 44 78 38
93 61 31 33
64 97 85 41
19 62 34 45
84 61 14 52
24 64 91 32
70 36 60 89
15 98 29 96
83 50 52 45
82 88 35 57
38 69 10 30
70 36 7 9
59 21 20 71
80 30 53 92
2 5 99 35
84 41 25 40
98 19 62 57
17 94 86 91
41 85 11 18
23 42 79 31
87 63 0 3
76 71 4 94
96 46 24 22
18 61 46 42
89 93 27 38
20 69 74 27
83 84 32 0
36 93 84 79
58 0 85 64
4 55 44 45
16 20 29 33
44 96 73 19
73 93 3 84
4 62 66 9
55 6 97 40
44 1 94 20
0 34 22 88
66 0 41 11
68 95 7 80
22 20 97 32
50 90 87 9
55 42 64 51
36 69 62 24
16 14 0 6
54 98 33 97
0 21 11 20
21 58 87 48
97 35 63 19
21 61 75 50
94 9 80 29
34 2 5 3
69 48 89 0
63 45 19 85
55 66 86 70
13 92 87 35
55 43 40 39
37 86 10 47
59 97 48 28
6 3 99 42
87 34 81 90
97 37 74 23
63 12 39 40
58 30 23 19
72 70 46 85
27 90 40 11
73 12 18 70
4 43 92 27
62 68 72 24
22 78 44 83
7 89 43 52
6 1 22 53
11 87 74 80
33 51 80 71
34 40 97 64
39 86 99 31
82 68 16 27
55 79 29 65
44 57 23 96
56 42 66 0
33 96 0 34
19 70 37 8
29 54 31 28
60 61 69 79
80 59 33 74
98 93 55 54
19 35 73 52
58 32 90 22
20 94 4 0
72 78 35 61
48 58 94 10
0 51 94 21
30 97 3 4
50 95 22 3
62 98 83 70
59 76 46 17
46 19 13 99
68 35 84 75
10 79 30 90
78 3 69 51
32 44 47 98
19 95 79 35
71 17 31 46
26 65 44 31
45 51 74 15
22 87 72 50
22 31 14 32
30 5 39 85
68 95 44 55
91 13 9 90
2 51 79 55
95 29 75 92
78 8 42 74
70 5 2 56
21 72 44 53
74 63 19 2
12 46 8 66
26 74 72 68
71 52 98 91
64 14 83 13
8 44 48 13
86 35 8 23
83 62 71 70
33 51 75 90
63 2 90 84
80 31 27 0
81 95 91 22
77 14 22 63
58 83 14 8
14 95 32 89
8 61 19 84
88 1 56 97
82 12 90 52
20 96 16 51
18 88 58 79
88 16 41 8
48 0 36 40
7 26 22 51
59 16 35 96
58 61 0 43
0 97 18 49
25 74 39 79
98 6 39 42
61 96 24 8
51 61 82 4
