43 61
10 52
10 4
98 4
77 10
98 18
48 26
93 66
68 49
51 32
42 5
50 46
85 48
19 54
5 12
64 21
15 93
72 53
62 75
67 98
46 78
22 13
60 78
70 58
32 74
22 38
67 85
59 71
47 62
24 99
13 83
58 63
18 61
84 16
11 41
62 44
38 57
67 76
38 58
20 32
57 37
91 13
44 86
64 45
64 54
43 28
79 92
39 0
7 34
38 73
40 67
16 70
39 25
39 91
49 13
21 40
95 71
64 23
22 98
50 68
50 27
9 13
91 40
88 58
80 56
46 89
87 74
47 56
64 22
43 62
66 54
69 57
53 94
44 8
42 68
38 54
0 30
66 94
99 79
22 24
10 72
26 61
86 84
0 90
21 33
58 70
48 50
19 13
88 83
48 5
23 29
10 15
43 68
22 63
9 0
77 41
12 4
32 20
62 96
44 10
84 38
80 22
24 79
67 14
17 91
34 49
34 82
26 55
20 72
93 22
33 31
12 50
90 37
69 73
99 7
67 56
43 59
72 13
43 32
86 32
15 21
86 79
60 68
69 67
20 78
21 43
28 91
52 58
7 32
21 19
29 24
83 64
91 33
35 82
63 96
44 96
46 17
11 14
73 43
67 68
36 15
67 12
27 82
31 58
15 19
42 97
58 9
86 93
34 32
66 7
84 3
67 58
92 84
85 28
39 90
2 39
19 18
21 81
82 20
95 58
9 57
58 49
66 42
78 63
45 9
31 25
51 57
19 0
73 36
96 0
25 69
27 10
42 51
47 4
5 94
45 74
21 59
27 90
32 54
51 7
79 52
3 79
85 15
38 78
20 83
95 4
45 48
60 37
89 37
10 0
70 63
32 56
37 67
67 29
20 17
98 89
39 27
68 95
75 42
67 74
90 53
86 44
10 71
78 28
50 92
79 94
25 32
66 81
83 59
49 31
37 77
39 43
91 3
74 4
78 52
98 84
34 24
17 91
71 43
79 19
15 43
74 85
33 15
89 71
55 14
27 52
9 54
3 8
25 9
91 70
66 16
18 81
90 40
55 80
30 66
50 40
59 49
62 61
0 97
12 70
48 37
96 78
53 83
68 69
92 2
54 63
31 4
55 42
66 49
68 43
36 88
97 61
44 15
97 56
32 14
5 53
43 77
23 76
3 13
65 96
50 91
0 50
51 44
57 47
34 22
51 33
5 94
81 16
83 4
49 73
75 64
68 58
54 77
95 72
8 21
17 80
30 63
39 0
7 83
52 61
87 1
96 85
20 79
45 92
5 16
78 46
11 5
93 29
19 43
74 1
24 55
36 22
13 43
98 11
51 91
20 14
66 96
24 87
71 49
98 81
4 56
71 96
7 92
12 3
28 72
45 10
58 23
34 45
25 12
31 32
3 90
90 32
58 27
33 75
18 49
13 9
0 72
51 52
25 40
37 97
10 76
57 51
41 34
56 55
17 5
16 27
20 68
59 23
89 47
40 71
30 94
36 55
38 87
86 81
44 40
20 50
72 82
75 62
62 85
51 47
16 11
43 58
31 15
70 38
74 39
72 58
13 23
30 51
29 57
61 86
85 30
59 47
23 88
24 73
60 82
83 64
50 42
45 28
26 73
59 62
99 63
14 21
64 75
72 99
96 67
30 94
68 31
45 52
89 77
1 23
21 50
77 57
37 73
19 6
96 45
58 85
96 78
70 31
56 15
2 82
89 24
80 24
12 77
18 92
98 48
23 83
37 43
30 74
61 55
21 58
83 41
26 47
59 77
94 81
21 47
38 15
25 76
86 57
94 67
49 22
38 31
87 80
3 13
92 85
36 51
14 73
70 2
60 47
39 57
72 40
55 0
83 58
41 52
54 89
26 44
63 21
2 34
82 50
35 23
3 7
83 1
84 93
43 34
52 80
81 26
98 77
97 54
60 22
69 26
67 47
77 64
85 32
26 48
92 59
13 67
32 97
31 4
86 1
77 72
11 75
68 13
72 31
19 30
81 91
51 76
86 8
86 91
33 25
75 95
12 14
94 32
56 95
78 16
44 60
71 45
52 8
14 83
36 74
87 39
56 86
15 39
98 13
72 19
85 7
30 72
0 24
38 86
22 75
50 2
32 44
86 64
24 64
75 7
71 14
38 93
2 12
79 87
90 60
44 48
87 94
66 98
16 7
27 15
0 3
50 74
55 19
49 99
94 24
6 16
96 31
58 11
32 94
14 20
98 89
24 95
64 43
45 88
95 46
3 27
28 47
21 73
76 37
25 20
71 51
34 53
55 13
93 78
32 6
27 4
44 54
60 50
66 10
80 93
52 50
84 70
29 45
75 37
43 80
40 77
57 20
43 84
42 55
54 12
37 15
31 90
99 18
61 41
70 28
87 10
71 43
17 53
48 91
57 46
39 49
13 89
58 54
99 68
19 34
69 11
68 3
8 12
13 3
65 4
75 63
56 66
99 10
11 39
95 24
1 73
64 79
2 20
96 41
0 34
94 82
77 17
73 27
5 68
36 15
27 48
52 6
24 57
95 37
82 46
90 95
38 34
87 80
99 93
27 9
99 44
77 73
13 72
51 30
37 50
11 71
85 43
52 4
95 85
44 55
19 18
56 22
47 5
72 54
32 62
25 3
66 72
6 97
7 39
27 98
54 93
24 10
78 13
47 92
40 61
19 48
31 48
93 0
36 23
70 39
17 58
98 51
30 40
69 11
13 42
98 5
73 64
22 80
42 14
83 13
83 5
23 53
94 39
48 20
10 26
69 80
64 99
79 62
16 1
9 37
10 77
27 47
67 78
45 21
41 45
73 13
10 73
2 93
89 2
47 68
58 55
35 11
89 25
69 50
9 83
31 40
44 15
45 43
77 14
95 74
49 99
64 51
81 88
24 58
8 51
63 78
77 61
96 99
77 24
81 64
66 32
70 28
33 14
29 24
11 61
39 29
34 22
15 46
49 98
60 28
39 59
37 71
67 46
9 66
81 49
72 42
13 26
23 57
21 86
82 9
65 18
32 39
47 52
7 68
1 95
34 18
90 4
57 29
47 5
12 64
95 6
21 34
71 62
77 81
11 18
45 50
85 73
18 97
65 57
72 97
68 84
89 51
0 30
83 57
70 43
74 46
44 33
89 4
57 65
3 73
25 97
3 2
56 14
61 69
12 41
83 65
90 47
71 1
62 21
93 58
50 33
55 53
51 20
74 51
87 66
41 23
19 37
58 16
64 52
35 97
53 63
14 10
78 7
39 5
52 61
26 52
22 55
12 43
43 35
98 76
56 47
19 9
27 60
2 73
52 95
0 74
6 17
95 59
68 73
31 36
15 40
58 7
83 2
66 92
96 28
87 98
27 46
73 97
57 2
62 52
38 8
5 84
26 44
55 74
50 76
93 21
78 83
28 16
58 65
77 7
28 1
21 63
61 66
68 32
47 18
55 90
76 23
41 78
19 30
70 69
12 37
39 33
96 45
4 27
21 32
51 22
3 64
51 10
65 5
40 22
78 53
46 73
20 47
53 90
78 59
24 28
91 7
3 89
91 40
99 0
80 44
65 95
87 75
2 23
23 77
24 91
40 60
89 69
73 32
74 58
18 82
91 50
17 3
20 41
25 93
22 96
21 53
72 76
77 76
29 52
31 43
21 66
39 86
8 24
98 26
73 3
28 20
45 35
71 72
5 4
81 13
89 73
40 82
86 64
32 52
55 70
17 83
60 93
53 47
68 30
5 76
0 3
82 48
41 69
21 90
93 60
95 9
57 98
43 86
12 14
56 3
43 72
15 20
23 21
67 33
83 9
24 20
81 58
58 10
84 63
73 92
78 7
34 99
33 22
98 57
62 47
86 52
7 39
55 62
49 18
0 96
33 13
12 94
4 17
51 4
60 91
62 74
18 96
46 6
49 73
87 32
98 83
32 11
29 54
50 40
37 26
35 10
1 65
57 64
28 44
42 88
95 43
44 67
31 92
34 53
42 51
18 23
42 49
74 1
73 57
6 49
97 87
17 88
74 63
61 34
70 26
88 58
54 50
35 58
88 55
53 32
45 98
98 63
49 76
66 2
99 82
17 60
47 44
25 66
70 84
73 29
74 70
48 60
70 34
96 19
18 62
7 88
61 55
4 75
2 34
30 84
62 18
71 48
29 46
95 7
37 17
80 2
74 67
93 68
14 45
33 35
54 8
48 32
43 11
70 21
34 41
33 57
80 93
37 25
57 73
29 9
72 87
35 7
12 84
62 53
69 41
20 38
25 45
79 73
84 2
49 87
58 0
44 28
51 22
79 17
45 93
4 89
50 49
97 68
20 51
6 34
92 93
67 56
77 4
38 53
84 55
92 77
19 25
1 56
20 25
25 64
22 20
47 81
54 33
31 85
34 4
76 22
8 47
35 6
34 35
50 60
25 1
74 60
65 45
6 84
20 33
31 3
32 89
88 32
30 54
46 27
0 78
9 82
24 68
77 53
64 94
48 72
70 24
37 7
32 31
66 19
78 31
4 26
42 6
77 17
5 62
68 95
6 28
0 79
57 33
27 88
62 20
2 29
82 84
31 20
89 74
75 63
13 97
55 58
57 8
42 73
33 56
19 44
41 95
57 76
61 10
99 58
76 82
99 80
14 7
75 43
27 46
48 3
38 22
20 27
63 65
17 44
49 18
88 43
75 99
88 1
91 28
88 65
3 96
35 96
18 36
76 97
55 58
62 29
47 42
36 84
9 79
23 15
72 71
99 59
57 84
61 0
67 78
89 81
77 40
2 16
67 52
51 9
83 76
50 9
6 85
52 4
99 5
49 25
54 13
70 49
75 41
96 91
20 35
38 13
2 89
68 81
85 34
1 29
8 58
16 48
4 50
46 91
32 45
53 44
39 79
68 21
74 89
96 28
43 32
59 43
25 67
47 6
84 52
13 68
85 76
13 63
45 69
56 81
54 87
21 75
2 50
35 57
93 7
80 51
77 6
59 76
4 60
20 9
62 58
17 24
29 5
35 2
20 21
94 15
36 6
81 76
55 28
25 76
85 0
14 87
51 14
27 97
39 91
49 50
37 32
20 68
79 78
48 50
50 45
47 64
83 42
92 41
72 29
67 3
18 37
91 31
24 55
97 4
31 54
77 58
80 85
19 43
71 25
16 96
38 23
13 41
66 16
9 92
15 11
36 69
34 63
36 89
63 40
40 42
87 65
22 69
52 68
51 9
68 84
84 77
69 37
54 19
86 58
35 13
7 59
10 70
96 99
50 82
93 80
61 23
46 70
67 28
92 99
75 51
55 27
44 26
96 77
97 1
13 89
38 2
0 60
53 51
58 87
47 36
92 14
93 15
48 71
92 26
85 98
96 12
30 35
40 13
23 91
89 46
88 75
66 51
56 63
15 22
6 21
58 17
15 29
77 21
82 97
48 1
46 67
32 16
10 33
79 42
49 2
97 75
1 46
75 90
48 90
85 24
27 47
27 49
12 18
88 3
60 88
76 92
93 5
28 0
65 34
34 30
5 64
58 90
55 67
59 14
84 21
78 46
86 84
75 64
51 99
31 49
15 51
13 39
91 21
88 99
63 39
76 92
50 61
33 7
65 48
41 62
70 75
27 42
52 9
84 63
29 80
70 31
81 39
47 5
16 85
22 11
76 5
67 43
66 21
16 52
48 75
45 47
47 98
33 60
10 18
70 17
77 86
75 4
71 78
1 0
55 10
63 85
28 99
47 52
43 94
95 3
98 56
36 35
64 28
67 9
6 46
30 31
33 68
9 21
20 56
97 98
53 17
94 77
4 22
53 51
29 87
33 57
81 69
61 51
78 34
37 96
16 33
29 62
45 14
69 89
1 69
8 13
28 7
97 99
51 96
20 2
45 14
88 2
69 67
71 75
12 40
91 20
6 71
96 14
1 69
54 25
76 6
78 31
59 35
61 32
2 74
41 12
3 4
37 23
90 4
84 58
59 14
78 77
73 23
29 92
9 19
98 40
92 0
92 71
7 60
71 64
56 42
20 56
24 92
59 56
69 95
31 35
2 32
17 47
65 36
10 7
58 68
47 14
96 59
71 57
73 13
48 36
46 45
46 68
21 77
11 24
75 13
10 16
35 44
56 19
28 16
24 57
58 1
48 13
92 70
25 96
19 65
38 74
13 44
63 59
93 73
88 13
6 93
46 56
14 63
70 46
52 85
71 16
47 11
22 21
85 89
88 51
16 58
14 96
81 32
75 49
89 45
93 14
17 64
56 24
76 11
15 92
85 21
47 84
8 29
6 40
69 75
26 11
1 52
58 41
61 33
35 72
13 94
49 50
86 71
42 65
42 45
70 26
9 58
81 85
41 8
83 31
8 35
54 52
66 21
36 50
11 31
34 10
8 83
12 4
71 51
25 17
51 97
48 5
7 0
43 75
54 56
4 89
56 27
5 25
29 91
8 35
14 0
22 25
8 16
39 83
38 26
3 89
89 52
55 99
87 49
63 82
63 15
12 63
67 40
91 67
98 15
24 9
88 9
67 35
61 35
60 97
18 75
75 20
12 26
67 82
16 52
38 48
56 70
24 36
26 19
25 3
35 30
91 41
44 32
38 87
36 90
38 91
98 33
35 45
23 88
30 39
45 68
85 35
9 13
25 5
48 81
67 78
2 3
87 95
38 74
88 78
3 45
1 49
29 72
87 44
45 84
94 6
2 47
97 70
15 0
52 36
73 9
11 93
98 57
0 14
96 81
36 88
84 39
96 22
90 22
62 24
60 16
92 14
88 86
46 56
54 60
30 79
99 54
92 79
96 14
78 93
33 79
57 47
59 78
28 66
43 44
40 20
90 41
24 8
56 2
83 54
89 42
25 78
10 70
32 75
24 37
14 25
2 90
33 40
93 52
46 60
6 66
78 33
75 78
33 79
7 61
64 53
77 83
37 3
27 58
2 5
38 25
96 59
43 60
76 57
14 52
1 82
22 45
3 28
10 31
27 20
36 11
11 22
3 91
68 58
93 77
24 45
81 37
79 2
59 44
16 69
5 56
51 27
24 81
11 59
93 89
52 73
19 62
67 37
54 15
42 87
75 1
39 41
62 66
51 85
58 0
29 21
39 3
8 48
46 32
41 81
99 47
8 98
66 58
42 16
1 33
90 87
3 27
84 53
94 47
21 6
5 53
96 25
27 48
61 82
78 12
88 40
96 52
70 57
26 56
24 83
66 20
37 32
46 25
1 43
65 57
98 59
69 48
1 7
67 91
96 47
69 64
62 0
4 23
67 40
5 21
98 13
54 99
0 14
24 50
11 97
79 78
89 92
51 3
76 22
38 72
46 6
95 45
12 92
24 38
53 6
78 73
10 43
70 62
9 58
71 3
25 67
60 91
88 43
48 39
81 33
61 77
93 92
91 22
92 95
42 72
92 95
87 33
11 95
39 7
2 98
2 72
72 70
77 19
82 96
75 68
66 95
30 4
69 74
48 60
86 82
57 69
51 69
82 15
40 10
51 90
31 64
15 57
45 40
86 33
66 3
98 1
0 6
75 7
94 96
11 21
57 64
19 92
12 77
30 73
91 10
26 81
5 45
9 40
96 10
2 6
32 26
96 19
69 22
34 76
36 40
25 38
37 27
32 82
12 44
23 6
78 11
64 94
71 45
21 89
61 47
87 62
97 54
3 96
64 19
1 84
69 40
44 83
70 50
51 89
89 79
83 52
74 33
89 1
13 23
88 22
50 88
52 88
22 89
94 82
61 43
64 67
20 51
15 81
44 11
7 32
42 3
29 47
82 93
13 77
58 15
93 70
74 50
39 10
88 49
28 82
27 96
50 45
41 0
23 16
68 52
92 53
51 54
25 62
10 38
29 94
69 72
14 81
40 3
88 37
47 7
32 38
85 87
9 73
68 38
98 79
84 70
6 47
38 68
14 74
55 66
4 51
57 47
53 70
84 5
61 74
34 13
68 8
81 42
93 55
66 93
34 56
14 55
25 20
37 4
80 59
85 40
41 76
78 4
61 66
65 39
32 95
93 22
84 70
94 13
39 15
85 7
72 27
22 16
18 10
63 1
59 33
54 9
5 62
2 44
49 2
26 31
2 60
50 72
72 6
36 5
88 51
76 43
55 6
62 42
96 95
96 37
50 71
62 73
65 30
46 77
30 94
80 30
25 62
5 22
42 20
81 64
35 53
75 51
73 15
83 5
69 56
72 17
73 25
55 65
46 41
8 6
36 68
51 27
27 31
53 4
21 76
19 58
14 77
77 24
55 82
98 27
28 11
24 66
59 71
19 26
48 91
19 16
59 35
64 35
89 35
85 8
16 40
29 53
38 74
71 60
3 6
63 79
3 17
17 89
84 19
71 79
82 58
25 28
89 20
47 99
44 52
10 0
6 68
38 34
28 50
85 15
22 93
78 39
41 95
51 87
34 91
69 19
79 17
7 61
96 79
37 89
59 52
98 38
71 61
83 0
61 8
84 57
39 7
9 40
27 84
72 51
67 15
32 17
54 40
34 11
96 95
45 53
75 92
96 88
58 40
92 89
80 48
31 46
42 35
17 6
49 36
17 58
17 51
92 64
9 11
20 34
7 5
70 37
36 7
43 31
99 27
46 7
2 52
52 16
88 22
15 40
7 13
69 8
69 58
78 45
76 13
10 15
59 56
27 89
39 90
67 39
58 27
30 5
3 1
64 37
93 39
43 19
39 62
95 5
51 71
77 21
73 37
0 16
24 40
72 16
34 71
83 55
18 25
72 52
15 12
95 15
85 57
77 13
14 41
56 53
34 96
96 32
94 33
48 19
48 12
59 53
26 6
43 75
63 33
61 96
80 68
30 31
42 92
75 95
39 99
2 56
69 47
22 76
79 58
0 79
46 42
12 34
8 35
14 91
84 24
91 62
87 42
4 25
18 78
65 33
95 81
34 5
30 19
5 61
92 31
47 69
26 38
85 23
45 65
45 47
43 0
73 55
36 0
64 90
5 72
56 79
77 43
56 83
89 88
10 33
41 84
58 25
26 74
95 85
88 0
15 77
23 36
43 10
83 38
37 59
24 91
1 91
16 62
36 80
26 61
32 7
95 45
30 17
63 5
47 41
42 30
78 47
32 19
80 91
65 32
46 71
23 68
65 64
14 5
10 81
19 22
54 70
35 79
58 86
34 85
14 20
75 76
5 28
46 53
91 12
66 57
8 25
49 81
98 89
62 68
44 95
72 31
84 12
16 75
32 84
50 36
13 21
94 71
27 85
31 49
3 97
65 80
42 46
73 68
40 94
93 32
23 87
48 13
97 47
82 15
87 48
84 66
50 89
69 40
44 48
93 3
21 93
95 10
17 56
2 76
13 71
27 53
86 50
49 18
9 27
9 45
70 9
34 73
51 42
26 43
45 93
97 91
92 12
69 68
45 68
51 27
74 30
84 52
87 58
93 94
90 69
7 10
32 14
64 62
32 34
92 80
55 76
73 97
42 61
65 57
45 39
93 94
0 94
34 91
53 99
68 28
29 13
73 33
81 63
11 22
70 3
61 30
7 74
63 84
73 34
34 69
82 14
97 38
73 81
80 54
65 56
9 39
58 18
71 60
20 97
99 84
80 11
25 42
36 76
36 53
84 35
58 69
50 15
5 8
10 59
78 48
48 25
90 93
65 9
25 42
48 41
4 67
37 75
0 36
87 63
17 78
49 91
1 65
55 16
73 17
8 52
88 16
71 11
66 48
78 59
52 95
63 42
95 99
71 88
29 68
47 26
64 17
32 53
69 13
52 55
70 44
50 80
75 39
75 96
0 19
6 81
98 80
29 37
4 68
39 83
10 80
78 98
83 73
27 54
15 43
62 68
17 29
19 7
6 99
37 34
14 26
8 57
94 13
10 36
35 77
40 73
60 11
9 79
26 74
5 68
11 96
77 42
58 56
5 72
73 6
55 46
9 23
86 89
90 5
8 35
18 98
98 70
96 51
74 80
70 68
38 86
87 76
18 32
92 28
67 47
70 55
67 84
61 39
57 11
48 19
34 85
33 10
71 98
42 97
64 90
99 82
20 16
96 67
41 81
78 90
34 56
87 90
10 40
65 83
55 38
64 5
61 34
21 91
67 24
27 16
66 11
25 54
8 24
18 94
83 69
67 52
69 85
70 96
70 78
96 39
60 12
1 47
22 0
46 34
25 89
47 65
54 89
30 10
36 20
10 23
22 70
70 46
57 3
27 58
79 74
58 36
20 79
47 27
98 45
40 75
34 69
47 97
61 75
40 19
53 20
39 96
45 49
46 13
76 62
94 9
32 44
1 10
55 2
31 15
70 9
86 19
51 94
6 59
32 80
49 72
7 40
50 29
29 90
80 67
41 80
42 94
8 88
70 34
45 10
45 24
74 30
1 90
87 13
32 30
13 7
5 95
62 26
46 27
64 11
61 7
55 56
66 50
72 73
31 9
76 68
2 19
50 60
96 24
69 3
43 8
0 76
91 44
11 36
79 35
17 77
97 67
59 70
28 42
80 59
99 27
9 48
92 12
65 39
63 29
87 8
19 69
48 51
66 70
42 53
28 60
74 82
18 48
81 90
42 48
65 44
12 3
38 61
83 58
69 79
42 97
40 29
46 61
20 7
77 29
37 10
55 16
1 53
22 6
56 70
69 15
81 76
19 62
77 16
91 50
94 75
30 79
62 0
15 27
53 70
41 18
64 86
6 76
88 33
63 19
36 28
70 34
25 91
71 0
30 23
4 77
19 53
15 8
10 14
87 80
45 89
85 64
51 59
3 68
34 29
72 48
17 64
76 5
34 84
96 60
36 39
28 14
61 4
17 1
68 32
81 79
78 43
34 51
55 64
65 89
70 92
59 46
85 36
94 34
54 75
44 54
47 6
34 2
39 81
50 38
50 33
73 51
17 5
95 80
68 69
21 6
45 91
44 85
24 78
94 55
60 54
75 55
92 91
20 95
12 75
18 68
75 79
60 80
37 6
26 39
24 39
70 56
63 89
26 60
31 36
34 56
85 65
29 85
92 91
47 18
15 12
31 24
38 82
61 53
48 51
69 62
95 22
43 9
5 32
10 3
81 29
44 62
20 28
55 85
9 45
48 42
72 16
26 43
20 90
7 16
55 97
27 84
83 1
86 2
27 6
63 40
54 90
95 4
88 96
31 82
9 81
53 50
23 40
17 55
32 56
18 58
20 42
82 15
55 53
91 16
84 4
16 71
91 0
34 25
27 12
32 70
97 98
60 54
10 91
60 98
70 34
67 64
43 26
46 90
79 76
61 69
29 61
37 93
73 34
30 14
10 83
65 98
18 68
81 78
40 55
77 23
42 33
80 14
28 84
52 78
71 46
84 38
1 12
21 44
69 28
90 5
56 51
47 81
76 94
76 75
7 12
59 2
27 4
22 56
43 68
80 22
68 81
73 86
47 91
79 30
53 13
17 54
80 26
26 23
89 45
38 40
34 27
86 50
60 51
24 11
8 33
32 77
85 64
76 29
47 37
23 41
62 79
24 53
60 43
41 47
73 85
3 42
78 60
62 24
75 18
31 53
81 25
11 36
11 28
41 69
14 64
24 17
77 57
88 37
44 52
27 16
44 82
9 19
50 77
23 70
19 82
3 44
52 6
30 54
90 66
21 46
22 73
86 48
71 0
1 56
49 78
3 15
86 9
87 37
39 27
22 90
37 8
59 19
12 52
34 91
88 95
90 4
21 30
80 29
82 76
7 77
30 10
68 45
11 36
38 47
19 58
98 38
14 69
72 0
6 4
43 46
93 62
77 0
63 50
22 3
4 65
66 32
47 15
76 37
20 75
15 77
10 51
62 49
39 43
57 9
55 20
93 97
50 16
94 30
90 20
61 33
88 45
58 96
43 31
97 10
74 80
77 47
82 8
91 27
5 59
64 7
58 87
96 80
38 64
49 8
77 69
14 63
51 28
39 23
27 11
93 56
52 85
33 13
64 47
94 57
76 47
55 48
46 1
29 79
24 2
41 43
75 24
56 38
86 40
6 67
0 55
18 90
62 43
65 86
99 16
11 86
24 77
35 37
38 44
41 12
99 38
87 82
43 59
86 61
25 88
5 69
97 15
4 60
35 93
53 25
90 46
69 82
9 57
16 12
79 31
52 57
1 38
2 74
6 82
69 24
26 12
9 1
60 38
40 80
82 94
5 29
33 86
26 57
93 73
17 20
17 8
83 57
54 50
94 35
0 45
84 87
51 57
1 0
13 53
90 32
78 3
1 9
68 88
27 2
14 67
11 41
98 29
65 42
43 68
75 48
67 43
32 90
45 84
50 17
55 11
85 45
27 12
45 97
0 30
33 84
98 28
11 18
52 12
34 12
63 91
57 98
84 18
77 5
29 42
11 82
25 65
93 72
28 76
24 66
2 27
80 91
27 20
62 85
83 35
56 45
30 6
39 48
0 22
26 1
17 71
66 64
98 36
97 87
59 71
83 95
60 88
34 44
5 29
17 54
11 44
80 45
94 77
49 1
46 26
73 26
74 21
48 20
30 66
61 82
83 51
14 17
17 67
29 87
17 88
55 21
48 93
17 80
71 28
44 5
76 4
33 30
45 4
50 70
83 31
8 30
34 65
79 69
13 97
82 72
60 98
41 2
92 53
70 92
80 77
95 38
8 65
45 4
69 79
11 80
35 77
49 33
8 29
46 79
5 89
57 14
78 31
54 67
73 88
34 5
62 63
63 30
21 63
6 59
58 31
67 62
38 10
14 55
99 32
76 60
30 61
11 20
28 66
3 77
9 79
20 61
7 42
90 80
19 16
23 65
63 43
99 38
74 21
87 79
90 28
70 21
65 18
1 32
64 62
28 8
73 23
54 58
74 2
77 9
20 90
7 78
96 62
34 13
72 27
97 95
10 83
10 6
84 53
4 85
68 30
38 43
19 7
60 23
14 84
41 65
7 66
67 86
90 46
29 7
68 58
38 22
42 8
63 86
93 70
31 53
59 82
68 17
78 14
87 90
41 77
32 99
4 99
89 58
56 17
86 60
26 27
77 39
48 4
32 23
91 97
68 15
2 98
89 32
2 47
6 19
5 77
14 97
32 20
76 6
38 70
8 93
67 23
83 75
89 32
87 72
71 28
44 25
44 88
20 57
53 6
21 31
54 31
48 26
22 32
71 16
54 11
11 78
61 95
93 52
79 37
8 31
38 46
88 60
68 48
57 56
31 54
30 94
54 39
45 8
24 31
54 86
60 52
82 85
22 58
58 56
70 12
73 70
5 42
42 97
61 68
22 87
39 91
91 98
93 64
29 26
3 5
36 16
89 46
10 78
85 66
82 29
2 38
37 94
2 81
23 37
41 90
64 42
20 93
65 79
43 24
13 16
65 90
45 86
6 64
58 5
91 75
8 42
24 93
79 81
12 71
94 92
63 84
69 30
39 80
60 16
83 41
25 54
18 16
22 97
25 15
7 97
58 6
29 10
26 20
20 57
79 9
87 13
58 87
18 7
35 50
48 23
5 19
1 94
42 25
23 0
78 5
32 93
22 13
0 95
3 58
34 44
55 23
52 67
45 82
21 98
3 94
96 2
46 7
24 8
94 73
60 56
65 80
55 10
50 79
47 71
30 4
7 13
9 58
29 66
89 73
22 11
58 21
34 58
15 34
67 14
82 0
81 96
40 36
18 91
89 53
53 76
77 50
57 30
40 78
24 18
77 42
91 50
82 31
38 29
1 79
58 89
11 96
76 21
60 95
6 58
23 4
76 68
56 27
92 75
26 4
57 6
8 98
47 52
18 37
15 51
98 8
90 94
38 9
48 3
39 52
53 72
10 48
10 38
7 27
17 83
96 88
8 36
48 87
37 39
57 16
88 40
91 37
70 83
4 85
20 93
2 98
34 31
81 60
53 28
39 55
43 16
8 70
92 25
58 85
34 74
88 79
35 65
56 38
21 15
30 36
5 65
53 19
17 72
3 38
74 80
93 99
2 95
8 1
66 79
74 43
92 39
63 99
68 74
99 47
62 42
71 55
95 4
91 75
79 56
91 9
20 75
1 88
8 5
78 61
95 45
91 16
34 77
75 64
35 59
78 97
39 9
77 45
36 4
81 34
80 12
79 14
51 62
3 29
77 39
59 29
60 75
6 24
52 46
45 6
95 86
34 61
1 77
41 75
60 74
82 81
58 64
44 69
69 83
4 21
36 71
79 30
79 7
60 55
25 6
83 0
93 78
77 43
26 43
91 25
83 69
55 70
5 66
33 22
39 66
42 84
91 34
41 88
11 5
74 7
43 46
16 94
46 5
93 35
65 6
35 88
99 48
93 72
90 35
82 20
18 62
6 35
6 18
28 36
38 55
82 31
5 9
31 51
14 39
29 98
75 92
41 37
90 56
49 20
1 74
84 92
52 38
83 65
54 49
57 76
78 42
0 54
30 78
94 51
99 32
97 11
5 30
44 76
85 72
91 84
31 84
9 91
79 31
0 64
29 47
25 65
54 55
15 8
32 50
42 50
58 7
38 23
46 83
65 88
65 94
69 40
89 50
35 14
84 67
93 57
84 9
97 94
34 45
19 80
0 93
42 62
23 45
47 87
71 3
98 18
93 72
51 27
5 10
83 18
55 85
87 76
76 10
46 20
54 31
0 78
17 30
13 49
21 39
37 68
43 84
97 69
46 24
75 48
91 31
47 49
22 26
12 30
69 56
16 91
37 74
36 33
32 75
72 34
15 83
99 98
83 4
73 40
73 41
89 84
42 14
11 15
20 26
13 18
31 7
7 74
64 88
17 11
16 23
66 67
24 91
20 37
86 31
18 85
16 71
29 13
37 67
4 97
63 15
74 67
17 93
14 35
13 44
13 80
72 11
14 27
87 72
74 91
88 48
87 37
81 54
66 18
40 50
49 22
0 21
5 42
33 85
82 79
42 25
57 74
47 56
26 36
30 59
87 68
20 14
36 60
87 26
13 27
32 71
69 84
39 24
33 25
97 83
34 84
72 28
23 31
23 26
0 14
9 58
27 2
46 19
50 32
15 37
69 55
45 44
17 28
45 3
68 95
96 6
64 60
87 26
96 79
19 46
2 3
6 28
44 92
44 11
73 43
20 24
56 43
75 42
6 19
24 72
8 59
1 4
75 44
79 9
9 48
51 95
43 62
54 85
65 58
97 44
18 46
71 12
56 99
22 59
47 10
43 54
5 57
25 77
94 28
27 59
83 78
89 57
78 80
23 72
20 64
97 64
54 29
85 9
48 39
71 85
77 85
42 40
90 44
13 27
26 90
23 38
68 76
60 86
32 93
79 9
25 69
81 35
32 72
79 80
95 2
2 3
97 17
11 89
44 40
21 56
41 17
61 79
5 62
44 96
99 11
73 30
40 69
68 45
96 93
75 59
8 51
7 68
17 14
56 42
70 94
48 63
8 93
43 62
73 77
3 6
19 65
62 20
71 29
96 72
87 92
82 1
59 2
93 70
20 57
15 63
37 59
2 73
92 34
60 19
83 37
64 49
91 99
51 81
89 34
17 48
81 88
68 22
49 8
61 71
8 22
24 97
18 30
71 39
31 46
71 55
13 71
71 9
98 5
37 9
49 18
94 50
18 92
65 31
67 3
73 15
23 10
44 97
2 84
78 76
86 50
23 32
68 35
17 30
29 51
13 23
48 59
23 56
29 52
39 44
78 58
3 86
30 91
63 13
55 91
5 10
31 57
57 71
31 18
11 79
60 12
25 94
99 90
0 79
0 9
73 83
92 54
95 31
25 75
40 56
17 6
41 96
28 0
1 10
18 60
29 25
16 14
31 0
54 87
26 71
15 16
24 88
83 7
13 16
65 90
59 19
86 77
85 2
54 9
24 21
56 23
89 15
43 85
68 28
16 66
32 45
7 35
74 6
63 82
14 61
13 68
18 67
1 46
91 33
94 18
80 32
26 52
61 69
50 82
16 1
1 85
88 14
73 61
54 19
45 44
94 17
1 99
87 33
97 8
56 18
9 93
56 27
54 48
12 41
35 4
36 45
54 76
74 18
49 44
39 99
66 45
36 29
95 75
36 17
3 20
74 73
85 26
99 93
44 26
97 14
82 51
95 9
38 73
59 16
96 87
85 40
77 23
10 28
27 5
59 10
33 27
6 72
89 87
30 90
57 4
68 70
73 96
17 77
20 48
51 60
9 69
19 15
14 2
9 24
71 22
7 19
85 95
10 60
47 12
46 87
31 64
10 19
57 36
81 26
35 54
26 54
29 36
23 8
34 48
57 88
42 97
14 89
43 96
80 43
41 7
94 81
38 96
4 38
54 99
54 93
70 9
85 87
76 47
84 44
66 76
68 95
5 2
25 29
4 81
89 20
89 47
44 83
73 43
91 83
10 19
49 99
84 36
31 67
9 92
46 0
52 40
71 12
42 72
52 11
86 23
92 58
81 1
9 70
37 21
89 45
90 37
79 2
17 31
51 26
36 80
14 6
3 10
59 29
21 9
74 72
18 28
38 93
41 30
53 20
34 52
95 70
68 96
82 0
91 59
22 27
16 93
63 66
21 32
89 83
29 64
4 23
20 47
0 32
17 60
86 18
92 74
89 77
10 60
99 55
49 14
60 33
40 62
12 59
95 38
57 23
8 78
65 86
98 2
79 64
64 57
13 0
49 79
27 11
53 30
31 53
14 79
39 92
75 47
63 13
55 31
80 81
20 31
94 24
92 31
16 21
55 71
35 90
29 10
0 15
50 21
5 99
52 97
99 73
63 91
97 90
82 68
9 85
79 71
59 12
16 46
42 72
11 72
17 58
84 56
21 54
47 61
24 5
53 41
80 73
85 20
99 24
56 90
49 68
18 88
61 5
80 47
7 1
33 89
10 32
6 76
59 50
40 69
99 15
92 9
74 52
21 90
70 29
98 26
11 89
72 51
2 7
20 63
83 4
36 73
53 36
86 3
84 64
3 98
47 85
37 48
59 39
99 15
48 73
12 73
47 75
13 34
68 11
18 65
49 11
27 5
48 88
44 49
28 4
82 38
91 31
17 97
79 68
86 20
23 65
59 8
73 82
65 98
4 96
84 20
37 44
6 92
15 90
83 29
45 57
15 97
7 57
70 32
55 98
98 16
73 8
42 87
29 70
41 7
93 14
25 24
19 4
40 97
33 19
22 11
78 64
90 50
7 32
61 30
88 31
60 24
52 23
74 98
39 52
23 28
41 13
0 56
93 53
57 62
13 32
66 70
51 39
19 51
97 52
9 45
24 80
74 73
5 50
43 26
62 46
53 24
21 30
38 33
46 10
45 31
38 4
67 59
30 46
68 58
49 20
10 21
94 58
57 95
80 61
71 84
85 19
84 36
75 18
94 45
3 18
25 62
90 11
65 91
95 12
49 8
36 39
28 13
21 7
56 70
93 56
99 75
8 71
96 10
65 11
71 54
16 2
37 81
65 92
51 3
45 30
73 77
91 92
63 40
48 3
99 96
74 16
69 12
28 10
44 94
31 62
48 56
32 11
36 90
61 10
75 42
1 94
75 3
45 23
16 25
68 31
7 50
80 44
99 51
75 68
28 35
90 84
42 40
47 65
7 86
1 93
42 52
79 74
59 75
10 84
28 61
81 62
27 99
6 10
27 58
39 32
31 18
49 95
11 38
55 48
84 46
58 35
86 91
91 69
93 1
31 33
87 17
93 57
96 76
17 83
20 8
99 82
90 26
70 72
67 82
82 16
82 50
76 56
38 40
69 18
80 99
22 72
63 28
24 40
22 75
31 0
82 93
32 67
76 90
10 54
32 69
20 15
55 65
76 6
41 40
8 12
81 27
13 61
77 42
54 63
73 66
15 10
18 27
70 44
54 4
94 24
85 42
63 39
39 47
70 73
59 3
46 7
42 41
6 91
24 72
89 0
45 86
40 38
78 84
27 15
88 95
83 63
77 45
79 49
73 45
27 18
62 54
90 8
39 56
89 55
18 44
89 96
22 39
74 20
22 55
85 45
63 72
89 49
98 10
74 94
67 91
56 34
92 14
74 58
23 82
13 77
57 74
12 46
98 75
32 93
55 66
96 24
24 45
47 81
83 36
94 11
40 78
74 12
75 68
72 12
29 18
56 72
18 57
39 90
10 94
43 7
46 94
68 74
44 89
44 27
17 45
90 53
12 73
45 34
60 17
82 46
90 27
95 27
59 86
0 1
8 51
54 74
28 79
69 19
36 72
66 35
4 56
96 8
33 21
48 58
16 25
6 33
20 42
34 78
31 81
79 20
97 79
50 40
10 40
34 5
13 48
47 57
78 90
89 31
77 43
57 23
56 97
12 67
79 21
69 27
65 61
18 60
89 43
83 62
96 34
62 81
54 90
20 85
2 47
11 26
39 44
31 3
2 1
81 80
99 45
8 48
78 48
40 75
48 87
18 15
5 26
87 16
43 95
33 1
13 68
91 78
81 11
30 67
17 92
7 85
86 24
6 47
52 55
63 66
70 18
27 20
83 51
17 93
50 34
73 81
90 36
18 97
29 92
24 80
76 83
75 66
9 64
17 51
25 97
5 40
85 74
11 34
73 50
76 63
84 89
27 57
55 6
13 87
99 33
58 78
49 81
97 68
45 6
90 40
74 14
80 83
98 97
52 88
68 59
89 6
56 22
82 34
6 66
61 93
24 21
82 22
55 75
17 30
56 3
88 5
34 23
89 57
90 63
15 35
37 47
8 2
61 6
60 19
1 79
25 73
64 65
9 40
56 62
56 44
29 98
97 14
0 84
26 78
63 78
34 42
72 43
75 40
60 87
95 19
97 1
25 99
26 46
34 9
25 66
9 81
54 87
4 7
3 10
47 60
45 89
0 25
90 93
96 98
63 45
47 91
80 76
51 97
57 71
26 62
62 69
84 32
69 18
21 75
52 17
95 42
48 20
10 12
42 14
14 32
96 60
85 70
83 59
83 24
38 2
62 45
85 19
24 20
16 96
44 37
37 18
87 37
57 9
64 21
56 40
60 6
96 8
0 39
3 6
43 93
9 21
87 5
90 59
78 14
28 30
38 54
6 37
53 16
32 61
33 72
75 3
42 17
84 66
69 44
52 51
90 21
75 12
84 12
41 23
74 82
68 43
19 81
62 67
23 78
65 90
80 4
25 96
17 58
69 93
17 46
58 56
58 77
71 65
9 57
6 18
21 30
11 43
39 32
74 85
71 32
36 46
52 38
26 76
45 27
90 75
8 63
81 13
29 28
95 85
96 16
39 65
49 1
49 98
32 37
51 58
10 48
82 96
64 29
93 56
50 95
35 72
0 64
96 86
92 94
96 90
57 89
59 72
52 65
32 93
0 38
32 89
87 33
40 87
97 89
80 91
51 19
81 18
49 73
68 31
50 13
9 24
7 15
97 58
11 77
36 84
53 78
91 82
82 64
6 83
58 68
98 26
3 43
70 47
11 74
10 24
53 98
81 72
81 30
56 85
68 18
20 0
29 79
65 69
70 59
40 22
54 18
93 41
94 3
63 20
34 76
42 24
79 89
85 99
35 39
57 16
53 11
8 45
43 31
21 35
25 62
50 9
1 51
55 79
79 81
44 43
21 50
52 44
61 88
84 38
3 41
74 17
46 37
55 74
96 14
37 98
89 94
39 96
51 67
48 78
82 22
61 35
97 64
31 78
85 97
32 17
44 72
71 33
90 56
12 14
70 37
84 78
71 4
81 75
93 65
70 66
91 44
63 19
25 94
12 56
94 59
78 38
64 43
39 65
20 29
88 37
52 2
4 10
62 73
48 64
44 0
36 3
17 6
2 8
5 33
51 36
9 31
1 31
64 88
11 45
40 78
23 51
62 14
79 73
40 0
35 24
59 84
52 56
43 75
9 1
59 84
5 3
76 20
27 73
97 92
66 60
90 24
37 60
7 61
93 38
53 40
8 30
12 55
27 55
18 69
91 61
38 32
11 75
13 50
44 39
51 95
2 34
18 87
62 72
68 75
78 90
12 32
95 24
37 24
87 28
95 67
60 72
0 91
69 59
68 25
47 24
23 33
19 78
26 80
58 2
6 50
4 13
32 30
84 89
50 20
43 30
51 99
63 52
56 76
74 11
51 7
3 51
82 48
94 62
84 55
3 91
77 43
57 51
82 69
81 87
62 33
71 57
11 16
85 54
63 82
70 81
76 4
87 86
98 92
3 97
25 99
91 62
13 71
80 50
80 76
5 28
71 62
40 0
78 85
75 5
4 35
18 96
51 73
54 5
50 19
75 63
56 18
12 52
28 42
91 36
37 2
79 54
38 50
28 5
50 47
85 66
82 29
8 12
30 87
79 7
70 67
82 35
3 37
51 35
41 70
67 84
92 31
16 42
48 92
71 72
43 53
73 79
68 89
73 33
99 79
16 8
58 50
35 11
7 61
91 37
10 66
58 41
10 88
71 73
11 61
4 67
6 36
41 75
44 90
66 68
96 68
64 89
76 74
49 57
5 95
11 42
27 46
88 48
28 67
51 65
55 13
16 71
14 11
60 62
90 89
4 20
56 8
43 67
39 88
10 84
38 95
72 61
65 27
45 29
29 97
24 26
68 26
30 64
99 47
29 59
80 76
92 64
20 5
3 38
7 21
27 92
71 68
70 5
9 22
94 24
76 51
21 76
46 7
72 64
16 80
35 67
89 47
96 32
35 17
85 86
17 10
14 85
61 64
19 3
24 20
78 66
99 13
9 29
15 92
89 36
93 61
29 92
84 91
84 81
48 25
57 2
14 7
64 82
16 8
65 71
25 81
63 8
96 72
45 86
51 6
6 86
62 28
0 43
32 66
13 64
86 99
69 42
12 25
58 46
61 88
54 88
5 55
78 18
55 38
54 26
19 80
94 57
93 19
55 82
3 40
8 15
7 31
71 53
0 3
87 71
55 90
77 54
2 94
80 60
36 15
1 52
5 50
0 6
52 36
20 62
73 97
86 7
95 97
27 6
83 32
94 73
52 58
55 99
92 4
10 1
33 61
74 16
38 67
2 55
54 61
64 94
42 93
39 59
28 21
54 70
1 22
56 55
28 17
40 48
32 84
2 39
96 97
55 82
35 13
55 85
96 59
37 6
69 94
75 27
3 25
21 77
8 64
35 27
59 55
51 48
81 80
68 74
4 39
82 14
8 63
60 88
65 13
56 36
86 19
62 95
62 13
11 80
65 9
15 9
83 87
27 61
88 58
27 67
63 61
61 36
89 98
90 22
96 72
24 85
33 45
91 26
73 82
91 1
45 16
60 53
67 73
84 58
79 31
11 74
46 59
10 80
98 38
0 2
91 5
85 16
21 82
93 45
81 10
26 57
73 33
60 45
35 81
89 38
8 0
12 52
56 76
36 18
60 32
26 62
74 40
20 32
34 38
87 27
74 88
27 48
93 11
56 11
74 6
63 6
27 64
50 66
6 59
96 84
12 38
83 8
81 57
17 84
34 28
27 29
63 44
36 83
84 1
45 82
56 83
62 4
64 61
81 30
37 47
89 22
25 16
85 65
70 54
23 42
57 75
63 72
23 16
20 78
47 93
9 16
48 53
27 51
22 72
95 92
30 82
72 76
42 90
76 19
78 91
88 71
13 57
98 72
77 79
46 89
27 55
33 49
6 21
31 83
65 35
73 26
62 84
71 15
14 12
4 24
58 68
87 49
95 60
32 42
50 59
7 53
90 66
63 88
0 39
49 83
75 63
15 14
83 16
94 15
36 59
76 59
0 43
21 78
10 28
91 75
28 54
12 75
80 27
32 52
66 77
41 56
65 90
16 65
36 7
9 86
65 25
61 23
76 30
60 30
11 20
8 85
96 89
55 48
47 46
63 30
64 53
82 36
48 81
29 81
26 15
16 34
85 36
22 23
77 48
21 83
25 41
95 80
35 37
49 0
23 24
56 86
15 20
12 48
50 22
15 49
93 79
84 59
58 83
17 43
71 13
92 37
20 39
46 38
95 43
77 26
58 26
41 2
43 94
36 44
75 44
23 15
7 99
58 66
79 12
24 31
58 40
62 67
49 70
66 60
9 53
31 94
0 11
74 31
29 99
9 7
65 20
39 66
66 49
35 94
39 4
96 31
45 62
92 22
22 59
24 71
32 63
35 51
30 64
7 85
3 82
34 88
91 29
54 78
37 38
15 92
97 91
9 75
9 78
70 62
62 15
96 22
7 55
35 95
89 40
97 32
25 52
19 89
10 57
0 78
11 71
52 13
70 94
90 77
61 7
55 13
52 14
74 55
42 68
49 66
43 15
41 5
48 4
11 22
78 51
