34 56 41 13 55
5 17 44 4 9
16 24 6 2 54
2 47 62 30 5
63 51 2 45 34
24 27 35 42 16
42 37 43 2 48
18 58 11 14 46
43 2 24 61 32
61 5 30 21 24
36 35 31 61 52
46 4 22 57 0
37 29 22 12 1
41 56 50 55 32
13 61 28 40 2
38 3 13 52 2
36 49 5 55 13
23 41 10 25 17
55 7 3 43 59
9 4 41 14 56
28 59 48 13 22
46 23 5 55 4
50 13 0 37 11
0 15 26 45 32
34 52 30 47 13
42 36 24 45 63
1 13 61 49 32
0 8 60 47 23
45 38 55 47 3
4 20 44 60 30
46 18 40 63 0
30 55 35 19 50
3 28 33 16 24
60 6 46 33 12
10 11 24 53 29
12 24 51 48 27
0 30 19 14 43
23 48 41 4 28
57 35 44 27 37
19 3 37 34 38
4 5 10 59 56
23 52 62 51 47
49 10 35 30 45
34 20 22 12 61
31 13 53 43 50
42 35 22 10 31
1 10 2 36 50
32 1 59 42 24
20 30 48 8 5
17 32 25 58 49
58 61 48 27 37
52 35 6 27 61
15 55 48 61 7
21 29 44 38 55
48 33 57 49 7
56 16 63 28 10
54 39 13 24 29
23 34 57 20 51
46 62 2 44 10
8 37 56 45 50
54 17 33 4 44
21 40 58 61 43
22 0 46 21 44
17 56 41 2 22
12 4 42 51 44
5 22 36 31 25
30 2 10 35 60
46 29 57 41 5
36 59 18 46 34
24 19 3 40 32
2 32 25 13 5
59 2 24 49 51
4 55 35 2 18
12 22 56 16 53
50 40 38 6 8
50 33 40 62 17
26 58 13 12 25
20 35 32 16 39
36 51 38 11 40
41 11 29 17 1
14 36 22 2 32
27 2 32 60 3
47 25 13 48 5
19 27 16 23 1
29 38 25 0 43
47 15 21 40 42
47 8 10 6 11
13 39 62 40 53
19 13 43 17 26
40 6 36 46 38
33 0 34 23 4
2 18 43 45 27
39 27 12 38 40
19 16 33 58 25
48 14 8 55 57
37 11 4 32 35
10 55 29 42 58
5 39 33 56 43
0 12 2 32 52
39 6 54 32 23
50 58 26 40 0
56 8 52 25 60
39 36 44 21 31
0 30 15 52 23
63 15 22 47 60
42 17 0 5 46
10 63 31 46 24
0 14 12 7 37
56 39 59 45 17
40 37 45 29 3
33 61 53 18 16
40 32 13 8 48
0 27 56 31 37
60 0 32 37 34
33 25 35 41 58
63 44 4 38 50
28 53 62 26 4
7 24 58 33 5
54 35 61 38 16
16 23 38 35 39
11 1 30 2 62
47 6 35 43 49
12 33 61 6 11
21 35 22 5 62
50 10 52 59 47
17 27 48 9 41
12 28 13 22 58
18 54 44 43 7
41 62 24 5 0
60 33 2 36 9
0 48 53 29 32
14 35 42 44 32
3 46 6 13 32
14 60 19 53 50
22 41 0 24 13
47 62 31 46 9
41 6 37 10 42
24 52 54 47 43
47 28 16 45 15
36 30 60 17 6
59 26 46 11 37
26 43 36 52 58
19 8 57 24 51
52 4 36 53 5
36 52 45 34 49
58 0 11 15 27
25 23 55 40 11
23 52 60 15 48
29 14 59 41 26
52 46 41 1 9
46 38 11 0 7
51 15 25 50 57
48 56 9 3 39
53 25 35 17 15
3 50 10 18 16
18 53 4 32 63
26 56 52 20 39
8 60 49 3 62
6 22 2 3 46
10 55 22 18 30
43 11 54 56 47
21 37 19 41 30
41 26 28 22 63
12 38 62 40 42
31 59 41 4 53
44 40 8 53 35
52 15 56 7 4
51 8 38 62 55
5 46 37 29 57
8 59 20 11 23
45 43 28 1 22
22 19 16 49 56
58 13 45 22 41
25 28 24 11 49
53 43 35 44 7
35 11 60 6 33
49 5 30 46 36
13 27 9 53 49
33 6 21 37 14
15 62 48 51 53
3 15 8 0 37
14 49 16 54 13
48 51 4 56 22
16 26 34 14 4
43 57 2 18 62
10 39 24 12 50
48 53 18 10 5
22 50 30 39 1
34 1 56 10 32
0 62 19 7 32
39 15 1 8 37
12 38 55 5 11
17 27 41 45 2
56 57 13 40 28
45 37 6 29 55
11 25 30 3 10
63 34 44 60 33
33 31 38 18 2
20 23 62 27 46
8 55 45 14 10
34 51 46 29 21
13 56 11 35 55
61 35 36 37 29
47 42 40 13 38
6 63 12 36 9
45 51 17 50 19
19 11 57 40 6
48 53 24 45 7
45 28 61 55 52
2 45 24 12 61
54 62 37 52 53
4 48 60 55 41
0 57 13 58 40
23 42 57 32 38
49 2 20 34 33
21 58 7 5 3
62 33 42 37 34
55 48 10 11 58
43 13 1 4 10
34 45 16 36 9
33 22 20 49 0
44 9 17 3 37
27 6 36 9 38
14 48 18 39 19
46 25 43 22 42
54 49 22 21 40
49 2 57 23 16
7 42 6 47 12
1 14 43 50 9
19 63 59 35 1
33 10 34 53 41
17 48 7 21 36
4 31 9 8 19
60 62 55 20 38
54 27 19 40 5
23 6 58 54 45
7 43 14 59 29
19 41 60 22 43
31 48 43 15 25
37 43 8 38 25
24 52 8 42 40
50 20 23 32 0
13 17 1 34 41
52 56 4 33 57
18 7 38 48 1
55 32 18 4 22
3 27 31 36 53
11 33 24 48 22
6 51 23 12 46
36 39 28 2 37
3 14 45 47 18
46 57 30 45 11
36 61 41 44 1
16 24 25 2 49
6 16 54 15 20
46 41 18 62 2
9 50 63 16 35
10 48 38 25 35
11 26 24 57 10
18 15 56 63 20
24 61 44 58 22
17 37 45 7 28
22 46 13 23 7
23 10 39 19 43
30 6 19 22 44
34 51 15 58 61
53 6 1 60 49
56 9 37 50 45
15 33 46 35 56
58 17 11 38 35
0 25 13 48 24
0 61 57 3 12
50 6 63 7 21
58 40 46 53 19
41 62 59 58 17
22 55 37 49 17
61 33 55 60 42
36 11 24 18 52
61 25 32 13 57
20 18 7 12 13
7 42 46 43 40
34 32 15 58 7
50 51 61 15 57
31 42 17 35 48
45 15 38 13 0
20 55 26 47 40
24 41 62 47 36
59 56 48 23 61
32 24 3 56 48
3 22 14 6 33
1 7 42 62 32
63 13 7 52 59
62 15 29 52 50
17 47 7 2 20
27 6 4 13 24
42 27 22 6 13
40 4 61 42 63
35 50 38 3 0
35 0 3 62 50
13 18 7 1 60
13 11 22 50 39
12 60 35 2 57
58 24 36 11 5
26 14 40 16 23
43 29 1 7 11
14 62 12 35 3
41 23 37 35 29
49 4 24 50 42
26 39 35 30 25
19 32 35 49 22
32 44 57 62 8
2 33 4 0 35
3 22 46 33 58
58 13 6 60 30
56 47 41 9 6
61 57 46 11 14
15 11 28 35 57
63 59 13 45 17
22 62 13 50 48
6 33 17 22 59
29 9 41 46 8
27 18 35 28 2
10 17 62 15 53
37 32 11 46 16
50 46 52 31 9
37 12 6 45 28
28 55 53 41 3
6 44 21 1 5
0 45 38 41 12
42 22 63 18 29
0 24 20 21 63
45 9 53 60 34
55 3 21 38 6
30 41 28 29 19
60 43 28 6 13
58 52 17 2 31
33 59 6 34 62
56 13 8 49 29
10 1 45 46 25
5 48 45 30 18
59 2 34 15 12
29 35 51 27 25
53 34 17 38 26
47 57 31 45 60
8 56 48 36 49
40 10 16 63 17
33 46 50 61 60
49 15 20 42 10
0 27 45 40 56
42 9 36 55 47
42 53 13 0 55
53 12 28 63 58
5 25 31 13 18
41 7 61 34 63
5 23 48 21 33
11 28 27 36 8
52 16 34 56 11
61 49 52 19 30
49 27 59 58 50
48 7 16 24 20
25 15 12 48 6
21 6 51 19 0
14 58 60 39 19
59 26 12 49 17
40 46 34 28 47
57 9 21 13 36
26 6 19 33 42
23 9 30 20 11
9 4 25 35 20
62 11 48 36 50
40 1 60 18 63
55 6 24 51 15
50 43 27 7 61
63 41 59 37 51
36 62 49 25 57
52 17 3 11 43
37 43 36 31 28
31 45 61 3 26
57 22 54 38 9
17 10 28 32 44
20 44 16 34 52
45 13 40 6 55
21 13 35 31 4
5 42 26 57 52
30 4 14 11 43
44 17 49 0 63
49 28 42 2 60
21 30 17 57 44
13 1 54 49 7
32 38 6 11 43
41 36 60 14 46
46 45 24 50 1
9 55 18 24 60
51 27 39 13 16
57 51 37 44 27
62 14 2 63 15
29 1 50 26 54
23 37 29 33 58
37 1 21 56 30
55 28 25 34 2
44 55 41 59 24
28 11 50 18 35
8 4 14 33 63
14 12 8 53 4
49 54 59 23 20
58 28 27 19 2
5 62 23 46 38
33 52 57 14 38
17 41 37 27 8
22 17 20 5 41
37 11 56 41 47
13 8 47 33 5
7 63 15 12 61
7 6 35 54 30
30 35 10 26 25
63 0 42 32 26
53 2 36 39 7
26 61 13 8 50
24 36 33 26 63
11 31 28 2 55
30 28 20 57 35
54 24 33 15 58
45 21 16 4 46
62 13 63 3 61
43 59 21 61 50
13 48 14 4 61
54 6 53 34 12
39 30 17 40 35
35 52 13 0 56
40 25 15 11 16
42 29 15 50 11
48 19 45 21 47
24 50 36 42 3
24 0 15 26 46
55 1 11 38 14
48 3 30 7 40
44 14 57 7 34
50 39 24 52 47
24 17 1 55 47
60 41 19 50 37
48 49 18 19 43
39 1 62 27 63
35 16 12 51 47
52 20 26 57 56
5 38 26 31 44
24 59 6 30 47
33 2 36 62 44
19 16 42 27 49
3 21 28 51 36
10 33 3 28 58
39 17 54 12 7
0 51 37 49 15
49 7 27 15 56
58 39 51 41 20
58 45 49 43 16
8 60 5 58 11
37 15 35 9 56
0 32 55 10 52
19 11 43 8 31
42 33 30 5 10
50 48 12 42 60
55 25 54 10 38
30 55 34 44 10
9 41 26 39 10
55 49 23 32 53
5 34 38 2 47
16 0 51 44 53
52 21 63 47 43
6 39 35 25 49
5 19 13 26 17
30 15 48 41 1
31 35 14 5 53
56 50 9 44 20
16 62 38 63 44
16 40 36 4 20
10 3 50 21 8
27 42 60 47 52
27 54 20 1 17
47 55 14 46 44
44 3 2 62 11
22 52 6 32 46
19 28 63 21 31
13 21 15 48 11
28 21 24 9 59
52 36 26 14 34
30 63 25 11 2
50 60 31 25 55
40 39 38 56 57
34 32 17 37 33
44 36 6 18 53
33 47 10 21 36
31 38 34 24 47
9 63 52 30 55
29 4 5 15 17
63 61 29 7 1
32 13 0 61 31
28 34 25 21 48
36 16 21 2 41
18 13 20 4 43
47 8 23 3 49
3 27 18 61 17
30 58 28 15 63
57 20 8 52 37
48 34 23 36 30
49 53 4 46 35
33 11 2 3 60
61 59 38 12 33
28 1 22 17 30
38 15 52 7 21
44 31 52 3 43
58 52 13 16 54
23 30 28 52 7
34 10 11 45 26
23 53 26 30 28
10 45 38 9 54
21 42 0 1 26
37 55 22 61 7
22 31 50 38 35
53 7 4 31 14
53 48 5 29 18
7 52 46 16 29
3 2 36 9 37
24 32 13 51 54
50 42 41 32 29
58 9 63 8 5
24 48 59 49 3
3 53 6 29 43
36 10 43 19 8
49 54 13 55 62
30 16 52 33 35
52 55 45 26 48
30 25 2 29 53
51 1 58 63 60
39 26 25 5 14
61 50 35 0 18
12 61 15 63 30
33 40 63 44 14
30 16 58 35 24
37 30 45 19 63
37 32 21 47 17
29 41 38 43 24
24 30 63 15 49
61 5 18 33 7
25 34 49 19 28
16 32 51 48 25
30 58 8 3 51
54 24 30 49 10
59 40 36 5 12
55 14 58 32 21
57 61 17 38 16
19 17 26 38 14
30 32 46 40 35
42 25 59 26 4
10 5 27 12 63
43 38 20 10 36
3 48 25 37 19
6 5 17 41 44
43 17 35 55 57
53 10 30 21 5
11 62 42 4 17
31 28 12 26 34
62 4 48 41 21
60 0 37 29 59
41 54 42 23 35
24 14 2 39 12
9 60 25 41 56
0 44 57 48 20
46 45 27 63 28
45 12 61 39 6
49 7 62 58 63
26 27 31 47 50
48 4 55 21 47
45 39 22 27 40
5 21 62 45 13
39 2 57 28 55
22 24 51 9 0
32 7 25 1 61
31 26 40 51 19
17 16 61 59 62
28 61 6 62 45
45 43 1 49 51
56 16 17 15 55
13 4 62 50 31
8 50 53 32 13
57 9 4 25 16
14 43 9 41 30
45 57 13 2 41
21 22 63 52 2
58 25 28 53 47
61 23 36 9 10
62 42 24 27 46
5 27 61 38 52
57 1 40 27 8
41 46 61 50 39
3 26 45 60 8
38 27 34 40 62
45 48 2 7 46
63 54 1 6 51
0 52 26 43 17
34 25 18 27 4
36 50 40 35 22
13 9 48 37 44
28 43 42 57 8
60 51 35 61 33
21 2 7 29 35
32 13 27 4 6
21 15 39 11 14
14 13 61 56 35
32 17 10 22 44
28 29 34 0 5
39 30 62 59 25
3 35 55 26 38
11 51 58 40 54
62 29 41 13 26
0 32 14 54 4
38 25 22 19 21
56 4 61 28 22
26 5 49 9 19
57 25 49 20 2
22 26 29 58 10
18 45 55 15 11
26 51 38 41 6
29 41 6 20 35
45 14 60 61 20
2 28 46 60 34
51 10 3 16 29
35 36 15 56 18
8 55 61 45 39
3 0 4 48 14
22 5 13 15 51
51 63 28 39 62
28 55 43 26 11
8 32 12 11 34
56 19 37 14 28
16 57 23 15 62
54 61 35 51 48
0 57 56 28 43
61 51 31 55 49
40 31 52 11 53
54 0 19 43 59
4 49 62 21 36
5 34 38 45 9
41 56 12 36 48
8 26 3 19 56
0 19 47 3 43
35 31 26 20 11
33 37 62 27 16
23 47 53 14 17
36 55 3 45 24
25 14 53 34 19
6 44 10 4 47
20 46 17 45 6
5 8 45 52 46
55 0 20 59 51
21 33 16 54 60
11 42 28 5 25
60 34 11 18 37
55 12 59 51 38
20 52 55 46 32
39 18 0 9 22
17 48 25 13 1
48 23 33 61 4
51 23 5 46 36
6 33 46 40 26
20 3 27 17 11
59 19 17 13 31
39 14 19 46 32
45 43 37 4 10
11 55 34 15 25
51 16 54 40 57
62 43 30 18 23
50 59 32 17 52
43 8 47 7 4
8 10 44 31 55
16 62 51 25 43
63 35 48 1 14
38 32 28 56 60
30 49 37 62 24
32 58 51 25 55
39 15 3 11 51
25 9 42 3 44
24 14 51 43 12
11 27 52 63 40
42 20 29 18 36
31 63 47 17 56
41 50 31 30 22
17 51 27 40 23
27 22 12 0 15
16 32 29 54 61
50 19 17 63 54
8 30 47 37 54
63 24 37 34 4
52 1 47 8 56
54 39 1 59 62
22 51 12 1 16
47 59 40 2 57
2 16 63 60 24
1 56 61 59 62
37 3 57 31 29
56 54 17 37 59
53 4 21 32 48
59 24 33 4 51
17 22 32 62 6
31 28 22 3 12
33 51 21 52 56
48 38 60 22 44
11 38 23 8 22
48 53 11 62 38
20 21 30 24 9
60 63 40 43 25
55 1 13 63 37
43 4 24 55 50
11 33 62 44 2
14 23 48 31 17
25 12 59 15 27
0 38 40 26 24
45 39 8 7 60
21 2 32 16 24
48 39 22 50 24
11 38 61 9 51
32 18 24 38 54
36 62 40 42 28
20 35 40 30 54
18 46 38 15 44
34 28 60 0 33
40 37 63 11 17
1 38 7 12 18
43 63 5 21 6
5 7 18 26 59
51 53 57 33 0
53 36 50 51 48
50 1 61 56 21
38 25 48 8 53
50 33 63 46 4
55 3 44 61 15
32 15 30 1 42
35 36 12 3 62
56 49 8 15 26
55 35 9 47 56
44 13 55 21 57
46 5 42 40 16
21 44 27 32 17
37 13 35 5 51
6 50 11 49 48
63 23 20 61 30
40 44 48 19 41
25 59 28 26 27
17 52 3 26 20
13 14 23 20 52
43 1 9 23 7
7 36 23 14 39
35 44 54 15 31
20 12 59 38 55
59 35 15 54 7
52 27 44 54 33
31 61 59 55 24
24 37 34 42 2
34 21 29 28 15
18 4 8 3 9
55 18 38 6 27
13 12 49 53 52
60 38 42 27 7
3 18 51 40 8
0 18 4 29 15
33 5 50 24 61
57 55 12 29 1
40 6 13 59 20
32 27 24 25 46
30 43 25 35 36
2 43 45 5 8
6 54 11 1 16
14 33 23 24 55
39 30 11 24 51
62 20 27 31 37
11 58 52 18 15
51 48 62 54 25
19 10 5 58 52
14 5 2 8 34
43 30 57 36 46
23 20 54 15 61
3 48 45 42 41
62 29 25 4 46
30 28 8 31 41
6 62 50 43 35
26 40 34 11 22
55 3 56 47 57
15 49 40 17 1
41 25 59 63 26
2 43 54 13 53
14 62 13 42 51
36 35 39 8 15
6 39 41 49 45
56 38 62 9 39
37 62 47 30 51
21 20 24 59 8
35 46 19 1 15
13 52 40 46 36
8 53 21 55 40
55 13 38 3 26
12 7 39 20 63
13 20 51 21 8
26 49 56 3 37
30 29 7 15 17
16 22 1 38 4
25 3 57 38 53
17 22 6 27 9
46 26 42 58 43
0 1 52 54 62
5 55 56 42 2
33 50 54 30 0
28 8 17 37 11
28 55 18 45 47
18 15 4 2 46
28 44 23 57 36
42 53 48 50 34
21 31 23 50 1
51 0 48 14 44
53 13 45 44 46
54 9 0 29 8
55 4 38 30 29
55 19 54 35 34
19 62 17 1 22
63 15 62 11 44
13 44 40 51 18
46 45 55 0 52
34 12 39 24 19
50 48 18 51 2
3 8 2 50 54
34 9 42 12 18
26 48 3 17 44
19 50 59 36 21
19 46 54 29 20
25 11 16 3 39
16 48 19 3 37
17 25 42 14 63
56 8 38 32 27
19 58 25 44 35
59 13 0 15 10
49 9 40 61 25
41 4 45 32 58
11 12 61 33 14
54 55 48 15 46
5 35 38 58 4
15 23 35 27 3
15 60 32 58 56
45 34 17 30 41
46 48 43 17 5
18 48 24 47 50
52 26 22 25 40
50 26 38 1 41
57 30 39 35 49
59 13 46 50 19
53 17 9 51 3
9 60 12 16 49
44 1 37 43 18
59 45 8 30 40
2 63 56 17 28
18 13 49 27 41
18 8 20 10 48
37 44 58 5 56
22 24 59 39 9
9 34 20 56 62
28 43 44 3 24
37 16 4 57 44
49 48 38 33 61
20 61 32 4 46
11 22 8 27 21
17 35 50 53 47
52 51 23 43 47
39 36 16 8 24
48 11 13 7 47
28 53 52 44 49
57 14 56 12 16
29 42 31 43 49
61 42 35 51 3
52 27 4 60 20
43 8 53 50 22
1 10 16 54 7
56 21 8 51 35
30 33 36 37 25
21 20 63 2 48
47 6 63 40 26
42 52 3 51 34
26 9 28 60 11
61 35 1 0 2
62 14 23 19 33
29 57 35 22 16
49 62 52 51 10
10 0 48 55 16
18 17 29 46 41
50 9 23 35 47
35 41 30 1 3
62 23 48 28 36
18 47 43 27 52
61 21 37 43 13
9 46 12 14 51
33 50 24 10 1
37 12 51 0 34
22 37 31 63 25
17 27 45 0 14
39 49 58 30 61
23 30 0 43 56
25 1 3 47 28
61 13 58 21 47
20 28 42 63 22
62 23 22 61 52
42 15 56 16 38
46 52 44 17 60
49 0 52 55 12
6 0 28 42 3
30 35 37 22 24
28 38 6 45 20
40 22 28 0 47
50 46 60 51 31
12 55 29 2 28
48 17 29 28 8
21 50 55 56 17
6 62 1 33 15
36 35 5 16 46
3 53 45 63 57
34 63 48 20 35
33 8 22 44 23
56 23 31 11 54
9 17 58 46 23
12 55 14 11 16
21 9 36 13 45
46 60 45 38 20
62 8 13 30 51
21 16 4 17 31
43 8 13 1 47
36 12 32 30 42
4 20 44 38 50
63 40 47 54 36
41 43 42 62 59
31 24 44 58 52
51 37 40 19 29
1 6 19 39 28
44 23 26 18 17
25 35 4 33 51
16 51 60 55 11
14 54 41 23 62
7 4 39 24 45
20 14 3 49 44
57 63 28 38 6
35 55 25 27 4
9 51 39 40 4
28 19 43 40 55
51 50 12 38 22
25 8 12 61 11
51 18 38 13 63
23 10 60 41 13
36 40 31 10 3
23 61 13 1 31
18 33 49 36 41
11 3 2 60 39
7 46 38 24 6
40 34 24 37 31
7 16 21 39 26
15 45 44 25 53
62 10 56 59 34
13 15 10 45 35
34 61 53 26 41
32 36 33 37 61
4 18 56 24 62
4 7 56 18 53
51 28 16 39 42
23 58 41 2 47
54 56 34 16 53
1 34 61 16 2
41 61 14 62 43
10 8 26 46 0
38 41 34 2 10
29 33 59 22 41
28 31 18 20 47
13 3 60 38 28
40 15 31 8 1
52 58 21 25 55
11 52 51 15 39
19 57 11 46 60
52 53 30 8 6
54 33 7 8 26
1 53 17 33 11
33 55 16 20 36
1 0 44 55 20
3 51 17 53 35
50 3 36 49 55
63 35 47 26 18
6 39 14 61 12
45 61 41 63 12
62 38 3 53 60
12 5 56 50 27
38 11 10 35 3
10 37 1 31 11
22 2 39 54 55
44 17 7 51 26
45 15 25 0 13
3 37 1 15 58
15 62 42 61 21
14 1 13 23 45
58 34 9 31 60
58 38 63 44 11
42 63 27 55 14
7 51 20 50 54
6 57 56 31 55
34 26 44 59 57
38 33 61 50 49
36 19 45 4 7
44 55 21 12 24
19 12 33 61 6
18 53 54 22 10
6 43 18 57 50
34 24 41 40 62
14 27 12 62 20
17 44 56 30 1
1 59 31 10 55
37 29 56 55 14
57 27 58 52 39
16 18 51 20 50
44 34 57 19 25
53 26 35 45 4
9 11 48 57 54
35 33 36 23 53
24 53 12 13 59
58 57 63 47 43
36 24 46 9 5
4 60 17 42 45
56 21 16 6 41
29 3 54 0 30
10 34 7 60 41
25 10 61 45 41
36 11 24 56 52
28 43 17 22 56
12 3 4 38 63
13 56 15 22 47
49 15 59 42 19
45 14 53 42 38
60 37 4 31 61
9 50 36 60 28
25 55 45 60 23
24 18 21 14 32
36 21 39 7 49
44 9 49 38 50
32 20 42 6 58
24 45 25 56 4
22 26 56 29 51
32 34 22 54 39
3 16 31 19 57
35 4 16 56 18
24 21 1 30 0
38 39 26 40 45
51 22 42 35 2
57 43 62 51 20
39 15 54 33 52
47 5 0 20 24
12 15 57 11 27
53 5 32 51 4
55 13 23 49 62
44 50 27 24 23
57 16 48 27 20
30 45 40 13 32
58 37 18 20 35
49 41 55 37 28
43 10 63 14 49
12 58 55 44 0
15 58 2 3 55
1 53 19 11 22
38 25 49 34 12
1 56 33 58 37
21 12 48 1 47
61 6 27 3 36
51 61 30 44 19
46 44 54 34 25
63 17 20 12 59
24 4 44 13 18
17 4 0 15 26
56 37 54 33 28
16 19 47 17 30
31 12 20 5 45
57 40 19 3 38
62 28 0 15 40
15 53 50 42 56
8 36 60 45 28
7 46 0 43 9
9 46 48 45 24
37 2 4 33 15
16 0 35 48 63
49 21 58 27 35
33 1 54 43 20
30 43 63 12 13
33 59 1 30 47
0 21 20 17 31
5 46 11 16 40
35 56 26 29 38
34 21 13 26 24
13 49 63 47 46
21 37 3 29 57
19 23 54 30 28
8 38 58 32 9
6 61 38 60 26
61 44 19 38 8
30 62 27 11 50
57 35 36 55 9
7 30 44 14 0
7 44 33 43 9
10 59 5 41 30
4 28 51 59 55
28 43 32 51 20
44 53 57 47 61
29 56 60 26 21
9 13 53 55 43
38 63 45 57 32
38 25 30 16 47
31 46 49 1 30
18 22 20 27 33
52 9 48 0 58
13 31 38 21 52
46 19 52 22 4
7 27 46 29 8
17 48 37 46 20
40 55 37 57 29
20 32 4 15 8
25 41 48 27 7
33 44 14 18 41
43 21 37 35 7
1 52 17 63 16
19 57 12 0 38
26 15 43 39 17
41 63 42 15 55
4 2 46 43 41
34 55 38 48 45
43 50 47 38 59
57 48 46 24 6
43 50 23 16 19
12 27 60 15 9
63 55 16 27 7
42 34 25 29 3
11 35 50 52 6
28 51 35 56 29
59 12 10 0 43
57 55 16 14 63
56 36 9 26 60
10 50 1 28 4
39 1 18 36 2
46 4 47 16 60
31 37 56 45 48
41 21 14 18 32
7 12 40 61 25
14 35 41 4 45
37 57 18 52 40
10 51 31 52 30
37 20 38 59 57
58 50 31 14 38
21 57 56 61 24
42 53 17 40 26
1 5 33 25 10
56 60 59 17 34
6 42 33 36 18
8 42 33 19 16
52 48 53 38 56
3 60 45 16 24
3 36 56 6 27
44 16 2 15 19
4 42 26 3 50
18 52 49 54 59
34 30 60 0 15
34 19 20 56 6
30 41 48 22 50
60 18 19 4 48
44 50 53 8 21
42 33 36 19 44
63 19 57 32 52
26 1 27 54 19
55 26 60 4 10
26 24 59 3 32
3 41 60 20 63
5 13 23 57 53
1 30 58 36 53
38 52 22 17 39
17 27 11 2 33
37 27 61 10 31
14 48 21 1 17
48 55 54 21 39
61 54 33 32 30
56 20 9 63 49
0 8 61 33 14
11 42 15 51 38
8 56 33 53 45
6 55 63 61 29
39 21 2 60 32
57 53 28 62 34
40 60 24 55 48
16 37 52 56 59
29 20 25 27 37
29 26 19 0 27
16 51 53 10 56
63 16 33 9 24
4 26 5 13 1
26 38 45 20 36
49 17 16 20 9
9 3 10 7 26
16 57 32 24 20
11 39 7 46 21
36 34 4 52 45
11 10 30 7 38
13 15 5 1 21
10 30 42 34 19
25 1 16 3 2
6 50 19 12 11
11 59 25 42 62
57 18 58 29 46
26 33 8 34 3
44 20 53 15 31
3 12 46 23 28
36 54 61 38 16
37 46 48 18 31
54 32 22 25 12
58 47 2 51 55
56 6 49 63 33
8 53 40 21 19
35 5 61 39 13
49 48 60 24 40
11 26 40 33 0
54 61 59 39 18
53 2 38 12 51
47 34 37 46 49
14 56 46 25 48
34 38 37 55 52
62 6 2 57 35
41 10 25 0 9
29 52 19 62 3
1 44 36 5 4
24 26 6 39 62
8 51 21 31 26
21 49 0 22 41
22 33 41 6 8
0 7 38 32 26
8 30 17 20 50
32 50 37 56 13
39 23 35 43 8
55 51 43 12 42
25 63 48 24 3
48 16 36 52 21
22 4 10 63 33
13 44 45 47 8
46 62 35 59 45
21 2 24 54 62
59 58 35 24 1
30 55 20 9 51
44 27 37 52 3
30 61 47 15 7
27 18 32 63 38
24 9 12 3 53
40 1 44 5 42
56 48 58 54 57
52 46 33 1 3
43 49 8 50 62
16 38 63 11 17
6 16 12 38 3
4 11 46 62 30
18 60 22 51 1
59 27 49 18 4
26 28 9 16 13
3 59 10 57 15
22 23 25 26 45
27 2 43 16 33
18 10 9 46 48
38 23 9 52 25
21 35 58 37 59
21 34 23 5 28
25 44 7 31 12
2 21 31 57 62
31 19 28 63 21
33 15 44 10 31
24 37 45 54 31
0 41 43 42 28
22 46 18 48 49
22 36 41 26 49
25 26 37 54 22
62 22 31 15 41
53 14 18 48 47
56 23 18 37 3
53 31 61 8 32
28 59 31 40 29
45 52 40 8 23
49 29 54 47 8
55 54 4 17 57
45 8 19 47 26
41 3 37 25 5
15 0 5 1 21
40 61 56 33 17
59 43 17 27 15
50 7 33 31 23
2 37 40 25 30
23 42 37 33 48
17 42 23 49 7
22 27 24 1 45
13 38 26 7 31
31 3 54 1 61
7 36 34 26 11
18 30 4 3 14
5 49 3 15 61
39 17 36 13 34
6 33 48 35 63
17 16 32 44 26
53 51 63 60 25
48 10 58 47 1
42 27 57 34 17
60 63 59 54 0
63 46 51 11 14
21 26 46 11 18
31 49 59 4 53
58 38 27 46 18
9 56 14 44 4
41 33 56 23 28
47 2 50 24 57
31 3 26 40 62
49 4 36 27 44
30 43 1 44 12
54 40 8 29 38
14 15 42 60 31
46 16 34 50 36
15 6 44 27 42
59 52 23 8 56
25 27 48 53 62
11 10 24 62 19
43 31 19 38 57
43 60 61 38 54
6 60 8 48 30
29 7 35 30 33
4 18 62 14 61
17 13 34 40 23
45 27 61 47 15
5 36 9 52 50
60 1 45 14 18
3 63 19 21 46
34 43 48 59 16
32 38 10 53 36
24 53 56 58 36
6 61 18 42 45
33 60 26 12 14
19 28 18 50 44
22 54 19 59 27
42 44 21 16 40
61 60 58 23 50
13 24 55 17 5
23 53 42 14 19
62 51 28 60 55
49 1 47 32 34
20 52 4 15 37
37 2 41 6 36
14 39 5 32 60
58 37 33 42 48
63 40 27 37 34
15 8 31 28 6
44 48 36 56 49
44 20 36 12 34
56 10 17 53 58
21 0 30 39 9
57 53 29 40 39
9 58 45 53 3
35 29 2 5 39
16 26 45 12 38
60 13 25 39 17
57 20 62 24 6
46 49 0 33 21
40 1 63 60 7
10 27 9 21 3
21 11 24 14 58
21 8 30 44 40
18 59 30 49 47
3 19 41 1 4
19 24 5 48 52
32 46 33 28 5
7 33 10 58 54
22 46 30 63 8
29 6 0 39 26
26 63 49 59 52
36 5 44 58 15
28 58 8 21 13
3 6 45 48 51
3 46 32 56 6
52 44 54 2 29
57 54 25 7 35
53 58 27 57 14
12 9 14 31 55
31 49 52 14 44
61 25 2 54 9
16 58 60 43 56
31 42 16 15 33
5 52 60 23 8
4 28 62 51 11
26 7 20 33 1
43 10 0 60 42
44 48 41 16 12
63 58 21 41 19
37 60 2 7 26
14 25 49 28 58
50 13 10 38 59
46 57 28 7 41
27 33 25 22 55
46 10 24 29 1
51 8 47 6 49
22 39 34 36 48
20 34 56 18 16
23 13 12 50 63
26 44 59 43 53
28 22 8 50 55
13 56 4 57 43
46 35 4 63 32
40 35 47 26 33
45 18 16 41 13
30 15 8 59 39
31 59 39 26 58
28 6 51 15 63
0 12 45 51 36
24 43 28 1 56
52 63 11 1 35
9 49 39 10 36
27 14 10 62 35
34 55 19 26 63
62 55 24 56 4
41 53 38 10 51
41 33 48 35 45
20 62 16 2 55
5 21 35 11 14
44 34 57 7 24
33 11 7 37 28
12 30 5 50 61
62 19 20 57 15
43 56 46 13 39
18 20 55 34 41
12 9 4 46 39
56 62 4 16 8
13 30 61 4 3
15 3 51 2 53
34 0 12 43 58
41 58 20 50 60
25 3 52 24 41
53 16 41 26 21
14 45 24 34 13
53 23 7 59 47
3 54 43 28 18
11 19 10 27 15
41 16 52 51 3
53 37 17 52 44
50 6 44 56 63
43 20 7 55 18
23 50 38 16 34
63 45 50 4 13
7 46 29 41 18
25 26 6 36 15
46 45 33 47 51
55 18 30 34 48
2 7 58 42 14
24 14 57 11 44
37 9 10 40 21
53 45 7 34 21
49 0 50 45 26
48 53 40 5 6
52 63 10 59 53
4 3 16 37 10
45 26 18 11 42
33 15 47 13 18
22 41 19 42 33
6 54 53 29 51
54 33 6 62 46
12 7 50 39 52
45 38 57 17 15
51 23 31 11 6
58 16 54 35 41
33 37 61 42 59
49 12 55 19 20
28 47 9 37 33
37 4 48 40 27
50 9 28 3 31
43 32 63 26 7
27 21 25 37 11
3 41 35 62 15
60 16 61 11 14
10 42 31 29 46
47 12 23 54 39
59 61 16 11 54
53 42 44 17 28
55 19 4 49 62
28 31 8 39 19
36 8 0 39 34
41 4 7 48 8
0 58 62 1 22
44 46 17 45 0
28 4 14 26 59
17 3 56 4 39
1 34 58 50 28
57 15 43 42 6
16 37 41 45 22
54 43 6 29 35
17 58 52 39 5
18 30 48 14 42
32 13 34 61 3
52 46 35 3 11
55 61 7 38 29
51 39 27 17 14
2 13 47 20 28
7 35 32 25 27
45 53 28 43 31
63 9 60 58 2
11 30 61 49 10
48 39 62 42 46
38 31 47 1 10
40 22 10 45 32
42 16 31 39 56
22 12 52 0 3
12 35 11 32 36
21 16 7 61 63
43 40 21 8 38
21 34 18 19 3
18 3 19 56 0
55 60 17 34 13
41 37 30 20 57
4 3 52 20 55
55 39 19 36 0
9 11 38 2 23
1 20 50 57 22
60 45 52 4 18
19 49 54 36 40
37 55 61 40 44
11 10 41 60 6
60 8 12 63 43
8 52 2 11 48
0 37 46 15 9
32 13 19 42 35
49 37 17 8 62
29 47 27 48 63
52 14 8 35 43
15 34 7 14 24
35 19 2 34 58
18 21 5 36 14
7 17 34 11 45
25 15 52 35 57
2 29 56 55 21
12 52 16 28 34
43 27 45 60 17
32 46 8 59 33
9 50 27 8 33
56 29 38 59 49
21 13 51 50 53
20 37 58 54 15
47 17 25 0 58
53 18 0 20 58
49 41 0 44 52
58 34 35 31 7
55 38 49 24 13
44 61 26 27 3
50 56 4 36 9
37 9 44 32 17
29 19 27 46 48
25 51 54 1 37
17 59 37 40 19
56 40 62 3 9
50 19 27 40 17
2 15 30 7 61
7 21 10 20 25
26 61 53 15 31
54 37 27 34 22
51 59 4 15 5
45 62 32 58 6
48 26 6 4 31
15 34 31 45 20
59 2 55 40 4
15 62 42 2 14
33 52 1 17 22
6 27 28 46 1
22 63 8 36 60
55 38 59 52 4
0 53 55 61 9
37 40 16 12 33
17 41 26 27 5
45 56 6 10 11
6 3 10 24 43
30 58 41 9 36
49 63 31 43 60
22 57 10 27 51
33 49 26 39 10
48 41 59 34 40
15 39 19 41 32
52 23 62 4 59
37 55 45 29 47
39 55 3 48 56
7 6 39 28 30
53 28 61 17 5
36 7 43 15 23
39 43 12 21 37
57 29 3 23 9
19 1 12 42 41
23 15 60 29 55
58 62 53 13 6
62 0 7 13 59
11 35 24 20 12
56 23 12 51 2
42 22 3 26 2
20 30 63 60 48
1 27 10 14 60
29 13 59 0 50
24 15 53 20 23
18 62 36 33 0
52 30 17 61 44
11 53 13 2 15
61 44 48 2 34
7 0 61 55 33
50 2 16 30 8
14 35 17 19 11
55 1 41 42 21
59 48 39 36 28
0 51 2 53 31
63 20 61 8 21
61 10 11 13 63
50 52 54 34 6
44 52 55 10 54
41 39 59 11 42
51 26 60 55 19
51 42 59 55 54
31 10 24 39 28
38 32 55 28 5
6 41 28 0 48
6 44 41 35 11
18 30 6 25 44
54 50 38 45 5
21 11 42 23 38
53 26 48 6 22
54 20 58 23 32
13 57 27 16 38
7 62 54 25 11
6 55 51 32 53
35 3 61 50 25
38 17 10 51 20
42 5 26 7 38
35 31 55 13 14
27 16 63 35 53
26 56 53 8 1
9 24 21 33 17
37 31 40 9 42
43 10 52 6 1
32 15 51 62 39
48 21 20 54 61
2 29 15 50 57
61 15 1 13 57
41 21 49 35 29
35 12 51 55 33
56 30 48 2 57
18 55 25 58 57
17 46 26 53 62
52 9 4 21 63
3 0 10 61 45
1 35 4 13 58
26 24 41 31 15
3 29 51 27 14
25 34 1 19 21
37 9 25 41 1
12 30 14 3 51
1 18 9 38 61
27 30 0 55 18
16 44 28 5 35
3 5 59 11 45
62 55 44 14 29
56 28 22 48 42
4 55 21 43 22
47 21 22 11 8
6 8 52 34 33
46 52 31 44 15
26 59 44 3 4
43 36 11 4 2
63 13 58 14 35
17 37 52 3 0
25 20 36 32 17
50 6 12 22 60
27 63 45 17 8
12 48 7 46 63
12 7 16 53 6
53 45 10 12 43
18 24 38 15 14
40 44 23 39 61
35 11 53 21 36
8 32 49 9 15
2 45 32 29 57
13 41 12 7 63
4 47 28 43 5
17 62 39 13 41
52 30 55 34 28
29 47 59 42 45
44 4 29 24 41
41 14 61 47 55
0 56 52 29 14
30 13 41 15 6
17 14 20 25 26
4 42 8 35 19
57 37 38 34 16
19 58 40 49 9
24 12 0 42 32
34 59 1 44 39
59 24 34 62 25
17 61 47 59 31
34 16 59 9 55
8 52 43 20 37
60 59 12 30 17
27 60 25 58 5
42 36 11 48 45
56 33 0 49 45
2 37 53 42 12
57 29 13 23 40
13 19 21 31 58
34 19 50 5 11
4 49 37 18 54
26 55 14 5 34
3 19 62 37 13
30 7 28 5 50
23 22 53 56 4
0 17 25 52 11
44 4 38 28 15
16 28 21 2 46
29 41 22 15 21
1 48 32 11 26
39 57 46 17 51
38 49 13 21 20
36 18 0 5 45
32 22 21 29 40
56 18 32 4 39
39 6 15 1 43
58 18 41 26 7
28 48 37 59 43
35 56 1 25 62
39 3 31 22 11
19 10 46 54 23
11 24 30 62 17
38 37 54 51 0
20 30 6 5 56
51 55 37 27 8
55 58 34 11 45
21 2 58 45 35
61 10 56 52 8
13 53 30 57 36
10 8 50 30 25
46 28 40 45 1
7 61 29 26 1
40 62 10 58 18
4 60 50 19 39
30 40 13 48 37
47 15 35 52 24
58 47 22 17 38
24 63 10 30 52
45 58 26 54 36
57 61 10 21 51
0 1 20 50 16
33 31 12 3 38
13 42 55 6 15
22 4 30 55 58
62 40 48 54 60
4 59 25 58 38
23 8 60 19 48
5 20 21 52 38
12 49 25 7 10
17 13 20 55 53
7 34 0 1 5
6 20 36 51 9
15 18 37 17 3
61 48 59 1 21
11 55 47 23 16
20 1 55 11 45
30 42 51 31 38
39 50 52 48 46
37 16 7 21 5
48 15 55 21 52
33 61 1 11 43
10 62 17 52 46
48 9 55 24 7
35 26 54 32 3
4 44 23 41 56
30 43 61 49 47
26 54 36 20 10
52 18 46 43 12
37 50 15 32 14
24 6 19 39 63
1 61 53 0 27
60 13 32 20 14
27 14 58 34 6
25 28 13 31 9
50 18 40 14 15
41 28 46 42 7
10 43 11 49 5
63 23 21 3 34
0 44 28 41 34
55 7 32 22 33
32 18 39 5 59
29 2 11 55 31
47 34 29 33 14
51 25 27 5 23
41 12 37 8 14
2 23 25 40 10
30 22 61 31 16
51 28 13 8 38
36 27 21 50 57
9 59 6 35 62
0 12 32 2 31
19 58 39 31 48
41 5 59 42 21
51 34 63 24 39
14 13 19 55 6
51 2 41 7 55
39 55 28 57 46
49 62 22 43 34
24 34 18 22 23
35 3 53 21 29
36 16 33 22 5
40 19 39 18 60
46 38 20 37 23
1 57 47 15 17
20 8 45 61 33
52 8 45 49 37
59 60 18 42 19
46 60 8 43 56
33 57 56 38 2
49 7 34 32 36
6 24 21 3 23
38 11 9 12 57
40 45 2 0 43
6 11 45 58 23
30 34 12 2 49
60 36 3 19 54
43 52 53 17 63
11 26 32 56 29
0 51 12 30 34
57 36 35 45 59
36 40 47 24 59
52 21 29 22 32
54 56 34 25 10
35 18 3 33 34
25 1 32 10 62
49 36 31 38 50
15 59 42 9 56
49 38 43 28 30
27 56 63 43 49
21 33 46 63 17
25 43 12 0 30
62 55 45 57 30
24 35 51 11 4
45 36 7 26 16
7 24 28 61 15
62 38 22 52 41
36 2 48 35 60
58 14 50 23 26
43 40 31 20 34
11 2 52 5 20
56 42 53 61 18
41 16 13 34 8
19 16 45 31 18
47 41 63 46 10
37 49 0 40 30
30 52 40 17 25
43 14 12 15 61
32 38 8 26 9
42 4 52 10 18
19 7 43 59 1
35 23 36 60 26
6 27 60 23 19
7 45 61 50 35
15 43 33 0 38
45 46 55 40 41
23 12 38 41 13
55 12 31 6 44
5 19 4 7 59
7 49 56 26 55
19 35 8 38 46
24 26 6 56 22
25 4 8 62 44
16 5 43 39 14
29 62 5 56 44
45 18 37 6 31
61 60 15 8 34
33 62 22 19 59
15 50 61 1 35
60 48 38 36 42
12 9 47 3 50
2 18 37 7 42
53 37 25 1 6
39 23 26 9 57
30 49 27 63 26
6 5 19 57 20
15 45 54 20 41
0 12 40 16 27
39 49 35 58 43
26 15 39 6 18
36 22 37 25 41
16 18 56 58 2
59 57 27 14 55
10 25 55 2 42
11 5 14 16 25
50 48 23 8 60
6 19 42 48 26
25 38 44 33 32
61 1 35 28 24
40 31 43 20 42
9 47 46 0 22
47 57 61 22 54
15 21 61 33 17
57 6 1 38 32
38 23 27 18 55
10 16 52 56 28
8 24 63 22 35
16 55 37 14 27
17 27 10 60 38
50 48 25 10 55
31 29 27 15 54
17 51 30 6 45
48 17 49 52 54
12 54 15 46 7
56 60 30 16 42
18 10 20 4 41
12 16 20 27 4
14 61 13 26 37
13 59 23 18 53
48 39 13 10 42
60 15 44 25 20
27 44 38 12 24
34 1 40 30 20
57 56 48 9 28
35 37 9 21 16
40 14 58 17 61
37 21 42 24 25
32 55 29 49 11
30 6 16 7 4
31 15 1 4 61
32 41 21 25 28
30 16 36 51 55
7 11 8 54 43
20 53 24 9 25
19 34 23 11 14
26 6 22 59 29
16 41 6 20 5
8 21 61 28 34
18 32 63 62 43
39 16 14 22 6
38 26 3 51 18
7 61 63 34 59
34 11 40 8 33
14 5 43 59 46
38 31 51 7 61
45 5 26 60 38
56 34 38 11 45
34 28 43 55 56
4 62 38 36 21
27 23 40 19 8
8 52 19 31 54
57 22 47 61 10
55 46 22 45 48
21 25 46 13 60
16 62 37 50 22
21 23 0 42 49
55 1 48 29 34
3 16 53 40 54
39 12 10 38 17
22 0 30 44 35
10 13 49 48 39
57 27 30 44 34
10 4 58 59 8
10 35 3 56 25
35 31 17 50 0
32 47 26 40 49
12 24 54 4 29
50 45 33 22 30
40 55 15 7 50
9 58 26 51 53
34 23 8 18 47
35 49 0 24 28
35 47 57 10 41
27 25 48 1 38
12 45 58 42 61
7 6 13 58 59
30 33 47 25 35
26 61 47 38 19
54 9 35 21 27
56 28 21 2 8
14 7 19 21 32
49 38 35 39 21
34 36 56 60 46
3 51 55 45 61
33 56 11 18 41
1 45 33 6 10
20 30 6 28 50
13 46 49 60 25
6 9 22 61 56
51 25 62 45 18
23 53 55 50 41
13 50 42 9 31
25 56 4 57 16
57 55 34 26 27
38 33 20 22 44
2 6 24 52 19
13 34 22 2 0
17 43 23 55 52
53 54 35 46 12
44 12 28 51 41
51 43 36 33 63
42 16 17 55 22
62 43 61 8 21
0 61 45 32 55
15 61 41 30 51
54 40 48 55 50
14 41 58 56 60
45 17 37 5 3
37 12 54 25 28
53 28 16 22 51
32 57 49 16 20
5 41 60 10 42
14 9 53 11 21
59 17 42 60 33
45 34 25 47 23
33 21 47 2 32
50 5 17 32 58
27 62 16 55 24
50 18 21 62 17
28 18 0 60 47
59 9 46 8 24
4 56 15 23 13
13 32 1 20 24
37 29 56 50 22
55 49 18 30 32
54 9 50 48 35
60 8 22 56 13
5 52 34 41 27
56 33 2 59 50
19 21 29 51 35
25 47 32 41 10
20 0 19 7 28
32 52 31 16 58
60 59 22 2 8
40 39 43 52 0
59 11 5 8 32
28 61 19 39 20
27 44 62 14 45
43 7 4 16 34
39 50 19 4 12
42 29 18 45 24
23 45 0 56 12
50 23 54 21 4
56 38 18 47 8
51 61 43 27 16
13 36 1 24 37
26 36 60 12 35
13 9 54 50 7
6 55 43 11 30
37 10 5 15 50
50 12 33 16 54
48 11 10 13 36
38 2 37 5 11
10 5 52 34 46
0 2 30 56 21
6 41 3 59 51
56 15 62 57 13
41 42 0 24 3
16 57 11 36 34
56 44 54 13 49
59 35 0 30 42
27 34 14 58 7
12 53 7 59 57
15 39 17 45 52
15 18 38 10 58
38 27 6 48 22
18 42 32 58 3
53 54 17 24 19
47 62 55 16 8
34 28 62 52 17
9 35 49 62 8
33 21 8 24 49
59 43 10 30 36
36 15 61 62 26
36 32 37 21 54
50 36 47 55 33
3 8 52 27 50
38 26 49 62 12
34 61 42 24 20
40 22 13 27 61
47 30 50 39 38
44 19 11 20 62
43 61 4 8 23
38 51 5 10 63
4 56 10 50 3
51 35 36 16 17
42 14 57 46 4
25 14 29 18 7
20 58 49 39 57
18 19 4 40 56
61 58 13 21 14
15 25 34 59 20
50 7 5 40 29
51 61 54 60 31
6 45 62 34 44
21 7 62 12 11
37 63 27 50 5
48 15 32 47 25
56 2 30 59 12
5 20 63 26 47
25 18 14 12 13
57 12 44 0 15
56 60 35 4 5
17 53 6 26 5
8 50 13 47 61
61 44 62 50 59
0 20 39 16 15
3 43 24 26 2
2 23 32 39 59
61 1 8 21 34
37 23 35 36 17
33 44 15 49 40
49 21 48 14 63
48 56 16 35 17
30 45 39 12 58
39 12 56 50 62
22 23 38 18 37
28 43 32 3 55
15 40 21 34 58
8 43 63 30 6
37 27 31 14 63
36 26 6 25 54
38 17 8 20 48
62 53 54 36 16
8 49 62 36 24
45 53 27 29 51
25 37 10 32 61
18 59 19 49 10
44 28 41 14 63
34 24 13 21 4
1 57 15 41 39
43 38 49 13 15
6 4 42 27 0
25 10 45 60 37
49 56 59 33 54
44 60 43 45 40
30 63 1 43 40
2 63 46 59 36
46 23 16 62 56
31 45 58 25 21
41 57 27 13 14
33 55 28 4 31
35 11 13 14 1
50 39 11 6 36
33 23 61 63 38
53 37 15 11 2
31 37 20 29 16
45 32 15 52 37
57 22 51 39 55
46 5 41 0 28
51 21 47 18 17
56 47 15 29 59
9 61 19 8 53
54 56 61 8 57
21 8 61 35 56
22 63 1 44 3
63 43 2 59 14
8 15 3 49 63
25 28 24 55 48
50 19 29 25 54
56 33 5 20 6
29 11 24 42 39
28 1 14 58 41
54 45 60 44 53
6 15 17 63 29
56 34 30 24 51
20 22 61 50 53
30 47 3 44 63
53 32 23 1 7
43 10 42 4 22
57 7 50 16 59
3 1 46 22 35
41 11 27 4 56
62 48 4 5 31
22 16 32 53 1
51 55 35 59 37
35 0 7 57 26
19 34 13 38 20
53 4 27 24 18
2 1 13 15 33
29 59 44 43 47
22 60 19 39 29
7 50 5 4 40
3 47 6 43 20
35 47 23 15 13
50 49 30 10 8
56 18 59 36 13
4 40 27 28 46
61 12 29 40 57
27 25 37 17 63
52 11 63 58 21
56 1 8 7 57
45 39 44 15 6
23 9 34 62 36
49 61 60 32 19
47 12 27 24 7
33 18 61 62 32
58 56 49 43 55
18 51 11 39 9
26 11 25 28 54
1 27 23 6 45
15 32 4 62 19
8 49 7 23 14
22 10 52 62 63
47 58 15 23 32
54 4 30 27 0
63 57 11 0 8
46 25 22 49 15
9 27 22 26 0
24 39 11 53 40
25 37 33 10 59
16 61 10 56 41
39 25 49 3 59
56 57 46 52 31
23 58 21 59 15
37 17 30 36 4
40 47 6 61 42
48 3 12 13 43
55 35 54 6 47
61 5 20 54 18
3 25 43 49 30
7 18 6 21 40
50 4 7 54 49
34 40 4 55 2
41 8 58 9 32
45 47 13 16 56
27 44 21 1 48
55 49 36 30 1
21 28 46 50 16
36 2 26 16 32
36 41 55 45 61
62 28 17 37 56
45 34 13 39 54
22 54 5 25 19
43 53 14 63 21
34 4 26 3 59
7 36 57 45 31
0 55 33 16 57
35 56 3 31 47
26 23 18 35 61
55 48 6 20 5
44 43 3 50 23
22 18 36 48 6
61 56 40 58 16
22 48 52 18 28
58 35 47 23 44
0 2 47 53 40
8 53 56 39 20
53 61 46 63 41
38 35 34 60 59
41 61 50 45 52
10 6 24 3 53
58 4 14 47 18
55 9 18 46 52
34 39 0 41 18
61 50 11 9 51
19 48 45 55 23
63 57 33 59 11
59 62 21 18 28
63 25 13 14 50
29 20 60 44 45
20 24 39 62 32
9 34 22 7 20
12 48 18 47 42
14 17 49 34 39
60 29 45 15 23
12 36 13 21 40
16 35 32 31 39
0 14 4 60 21
28 52 57 31 30
18 0 30 27 17
22 49 47 46 53
2 40 32 12 15
20 1 13 53 42
45 62 56 1 28
23 52 37 14 43
42 39 59 49 22
36 61 33 54 12
8 17 39 59 5
1 22 51 34 53
42 43 22 28 29
24 52 18 0 38
3 4 40 9 29
37 57 13 54 29
40 38 39 11 50
5 6 0 16 23
2 6 25 55 45
56 63 17 14 1
8 15 50 59 6
3 63 60 29 59
57 53 21 19 61
49 42 11 51 23
18 44 60 49 38
50 16 37 22 4
60 18 30 61 62
52 24 23 14 61
4 51 53 26 6
21 57 5 52 31
13 1 47 5 49
25 12 62 16 0
27 41 17 6 51
10 45 17 0 4
35 57 52 33 37
23 42 35 53 62
13 39 45 51 20
20 34 58 48 42
60 22 5 63 6
16 6 34 2 48
48 6 10 2 24
0 8 52 40 30
54 61 14 27 57
24 14 16 31 59
49 15 46 9 18
50 18 45 53 22
48 26 42 52 19
18 62 21 23 44
8 31 46 14 15
2 20 41 18 24
2 25 23 43 19
12 41 1 8 24
58 60 30 22 50
8 60 61 16 7
23 22 0 1 28
42 0 57 55 29
6 28 7 20 55
44 33 28 49 21
10 49 44 13 40
25 49 16 2 17
45 15 33 19 48
25 44 58 33 47
52 28 27 62 21
14 43 19 1 42
37 42 50 19 44
10 18 14 34 45
17 29 0 19 4
27 25 61 33 52
17 1 51 29 53
23 49 4 37 21
44 0 6 61 43
53 5 27 45 4
25 14 29 40 30
19 33 49 30 28
10 49 37 32 58
58 23 34 36 37
27 58 34 10 25
24 56 41 1 32
59 18 38 36 34
37 5 40 0 57
34 0 57 43 29
35 10 4 11 48
30 18 43 16 52
6 56 42 36 22
51 34 20 40 53
39 57 30 24 32
14 50 63 21 61
36 42 35 58 44
2 48 39 35 34
15 60 2 57 63
16 23 57 50 10
16 32 44 41 25
48 49 59 42 6
3 42 62 48 27
28 34 23 30 16
36 32 33 41 16
50 47 40 11 9
34 29 48 25 14
27 4 42 43 32
20 17 49 61 24
18 7 40 45 12
45 16 61 21 48
39 40 0 1 9
48 6 42 14 2
55 30 63 47 28
33 6 54 30 44
14 5 63 37 2
55 35 9 62 27
23 19 10 51 4
21 63 17 28 57
53 7 8 34 25
32 58 61 46 40
13 6 5 44 23
23 34 22 19 36
62 34 3 36 19
1 31 22 26 46
51 4 43 8 44
26 37 34 55 24
20 51 46 25 27
42 11 61 18 38
53 22 37 14 43
52 1 32 63 12
1 6 52 27 3
39 54 43 16 59
11 18 21 49 60
24 41 20 0 23
7 46 19 31 4
27 34 39 54 23
48 7 15 40 30
31 27 41 14 50
9 19 26 52 50
11 58 31 20 62
24 45 11 16 35
46 34 31 10 40
12 41 36 0 13
51 13 26 0 14
61 8 37 33 17
63 36 30 15 18
55 8 58 39 45
14 8 36 1 9
18 33 13 21 40
47 27 59 41 53
8 5 61 28 1
5 37 26 62 31
63 38 34 41 32
61 48 4 6 55
63 8 7 30 22
16 34 21 49 7
10 53 35 60 52
10 42 45 43 53
13 1 61 12 17
13 20 30 0 55
6 40 62 63 10
7 13 5 42 6
12 27 48 62 8
30 46 31 27 40
3 53 20 52 26
44 49 20 1 32
12 56 30 31 7
58 50 34 38 36
39 55 2 49 33
22 28 13 15 52
31 55 1 59 15
26 30 51 17 44
36 14 29 27 24
34 49 42 35 13
34 16 7 6 39
26 6 40 45 19
24 9 13 3 55
22 6 17 46 42
13 28 30 51 21
45 6 26 9 59
42 20 40 14 23
26 29 41 49 7
48 51 22 39 3
23 26 10 12 48
31 40 53 38 13
22 19 16 26 46
35 6 12 52 48
49 0 35 40 3
4 20 46 41 34
3 15 12 41 8
24 10 18 16 53
11 41 25 57 12
23 4 43 2 7
34 56 39 6 54
14 61 3 30 57
15 56 53 52 17
18 48 28 15 44
11 47 17 25 18
53 1 26 33 45
18 23 1 3 30
24 38 60 10 41
60 45 47 2 35
5 54 15 61 22
19 54 17 40 16
24 63 29 46 17
35 24 12 47 1
19 48 57 58 13
9 0 32 18 3
52 32 58 11 46
41 10 23 53 44
37 60 49 16 0
46 10 56 34 27
5 18 58 16 17
3 4 57 10 40
27 19 6 8 17
3 43 17 12 59
37 42 7 47 2
33 49 9 32 41
9 53 7 14 25
22 43 52 38 31
8 6 54 50 35
37 57 61 30 53
30 22 50 21 31
25 15 9 5 63
40 23 26 58 63
11 32 44 46 24
13 34 11 32 21
16 17 14 52 0
35 55 12 21 33
58 56 9 47 36
6 35 46 47 59
18 33 59 12 4
29 62 42 49 33
33 17 11 21 53
21 31 46 2 34
46 9 1 40 5
56 22 7 45 32
53 59 60 17 18
39 44 34 0 37
35 31 9 24 20
5 43 41 47 52
37 23 45 54 20
54 30 37 55 59
29 36 43 63 0
51 0 50 48 47
49 39 31 36 25
23 51 17 7 3
58 13 36 60 4
49 10 55 56 58
2 50 10 46 34
1 40 25 34 14
40 38 32 49 30
38 10 16 55 8
47 33 45 19 11
17 57 63 5 27
51 27 5 36 7
37 58 32 21 56
8 48 10 47 27
7 24 35 28 51
23 42 18 25 44
39 42 35 28 41
29 54 20 10 26
7 54 57 28 20
9 34 22 2 24
28 37 61 41 46
63 57 23 47 4
27 43 54 14 26
50 39 43 40 0
12 0 36 28 11
26 33 22 12 18
49 50 7 20 40
19 37 29 62 59
19 22 61 30 35
26 9 17 58 30
61 49 39 38 40
62 25 11 6 9
51 28 27 14 29
61 32 59 36 25
57 0 56 1 52
16 57 21 24 1
60 16 56 30 59
26 12 18 60 40
37 57 47 31 24
34 25 15 60 9
2 11 32 56 10
9 7 41 35 44
62 47 60 53 24
49 3 62 60 61
19 61 27 63 35
52 32 48 42 16
22 43 45 18 2
51 28 12 16 48
1 41 57 0 52
33 20 34 31 5
47 7 61 6 9
23 49 21 14 54
6 19 43 63 39
12 0 27 57 46
40 34 18 63 60
4 54 60 61 50
30 12 24 33 47
26 62 47 46 44
8 14 3 56 6
39 63 55 53 50
25 28 56 14 51
58 22 25 43 11
11 26 55 48 13
49 19 3 0 37
42 26 53 22 58
25 21 22 54 1
54 21 7 5 20
46 29 50 45 32
32 28 17 37 0
41 2 19 57 13
29 49 4 12 60
59 49 12 11 32
19 59 32 28 3
35 55 30 43 58
61 37 41 5 63
43 59 48 28 47
36 29 17 31 22
34 4 63 12 62
15 13 48 54 46
62 50 60 35 49
58 18 42 4 49
48 27 36 5 31
29 37 60 8 12
47 41 5 21 55
44 53 14 0 52
6 59 30 50 17
42 27 33 25 55
3 30 25 62 21
44 30 35 15 19
39 16 21 44 53
49 60 14 37 48
47 11 52 31 4
44 42 51 9 60
31 39 62 46 44
23 54 63 17 20
38 9 34 55 4
6 55 28 26 0
3 26 63 31 18
63 33 30 16 32
62 27 39 18 30
61 63 62 27 54
28 7 40 47 59
8 36 3 23 29
15 61 47 48 12
54 52 16 45 58
32 15 29 55 3
1 57 46 30 36
14 43 21 37 25
52 55 33 26 10
18 4 58 56 34
4 10 13 22 56
41 27 30 25 57
20 14 15 11 27
3 37 20 50 8
32 51 6 13 41
18 8 28 61 29
14 36 20 27 28
21 8 41 3 26
34 32 2 8 12
18 54 12 9 48
49 55 27 36 2
17 32 31 0 45
17 16 14 26 58
45 4 9 15 52
14 1 32 44 18
33 17 35 7 16
28 1 9 11 37
8 20 62 27 22
44 52 7 10 42
14 28 56 58 18
26 48 13 29 33
1 25 41 5 58
62 0 2 10 11
46 35 40 24 7
23 9 46 14 19
33 39 53 61 6
12 24 50 8 40
26 63 57 42 54
56 12 15 4 10
55 4 45 58 48
19 33 13 45 3
6 7 44 25 11
32 39 54 34 26
13 2 5 3 63
1 0 24 34 36
6 10 9 50 11
24 51 32 53 8
8 55 5 47 53
19 59 48 46 22
12 42 25 52 34
34 18 47 33 35
33 60 43 25 14
47 45 1 43 10
52 34 45 1 48
15 49 59 19 8
18 36 21 51 53
11 14 3 38 24
11 20 23 45 25
49 63 5 47 3
6 8 19 20 21
55 54 25 53 4
59 34 30 19 47
27 44 31 50 2
47 24 8 45 52
47 30 13 8 19
43 40 41 4 0
25 21 47 60 61
31 5 50 2 39
25 61 34 48 54
21 33 0 10 40
1 52 31 53 33
46 24 62 31 61
23 27 46 45 13
13 18 29 2 8
20 31 13 10 50
7 27 21 1 49
3 8 30 21 14
10 52 63 5 18
54 23 4 15 8
35 40 47 34 31
43 20 38 29 39
14 5 30 57 44
61 13 63 30 15
23 48 32 44 40
45 26 2 61 13
0 44 18 10 4
35 45 26 24 48
4 28 13 29 55
19 7 25 26 63
44 50 43 49 58
16 8 25 45 54
18 29 10 55 62
9 28 25 16 15
63 18 60 41 37
51 21 45 8 20
15 46 58 45 19
13 56 50 32 21
30 58 36 24 1
11 52 18 34 41
58 54 1 16 32
21 13 46 32 62
7 12 18 19 29
40 11 48 43 51
6 33 60 3 7
40 9 7 42 47
1 7 13 48 53
11 54 51 4 20
17 4 59 40 45
33 20 9 25 48
25 1 50 45 3
33 0 43 32 2
36 16 5 48 24
53 38 21 1 57
44 25 43 34 55
14 4 20 47 46
20 23 46 1 5
60 28 14 30 46
63 31 1 61 28
7 22 40 56 21
2 55 8 45 35
12 19 61 17 58
27 51 47 36 26
49 59 45 7 57
47 0 49 61 23
33 38 8 42 25
15 42 6 36 44
20 13 55 36 33
50 42 35 43 6
60 54 12 57 5
29 50 58 25 32
20 56 37 18 15
22 42 59 24 50
50 23 42 20 8
0 11 47 34 12
43 5 42 2 18
20 3 62 47 57
58 35 36 37 2
29 55 21 0 59
58 1 50 3 34
16 43 50 14 12
51 38 18 11 58
48 55 32 28 56
28 2 5 61 40
7 55 31 5 18
11 59 14 32 63
50 60 45 24 30
44 26 16 39 40
14 31 19 15 25
7 58 41 3 43
51 46 28 10 1
43 20 19 23 61
35 23 19 55 48
54 59 27 5 2
15 62 63 54 56
56 48 25 41 19
15 33 55 0 12
10 61 19 46 29
27 42 30 22 26
0 38 37 49 8
63 57 24 56 35
60 29 44 10 1
59 5 62 28 53
9 41 48 59 44
32 11 45 46 62
32 42 22 1 3
36 10 55 60 29
43 40 5 4 25
23 25 18 57 47
45 44 40 28 58
58 39 6 4 32
34 57 55 60 43
61 38 20 27 48
58 28 52 56 12
25 22 35 3 41
57 36 34 32 40
45 9 60 34 38
56 24 1 33 57
47 35 28 63 29
9 52 12 15 35
8 13 55 38 41
46 27 21 47 55
61 14 20 52 43
14 8 20 54 23
46 31 28 52 42
19 8 53 49 24
25 39 5 60 42
51 5 63 62 55
6 60 45 32 29
42 47 7 25 31
10 18 47 6 31
32 12 10 44 34
35 26 3 16 62
51 52 13 17 27
47 17 56 12 58
23 14 63 28 18
36 16 28 33 14
19 39 15 11 62
21 58 38 18 6
11 27 61 17 63
3 35 19 62 48
13 27 25 43 1
34 10 21 55 29
28 25 51 47 37
17 29 62 61 41
35 50 14 24 32
26 18 35 14 1
24 14 54 18 51
62 49 24 50 52
25 10 53 28 39
9 43 53 18 35
8 5 43 0 61
30 60 48 55 5
55 24 11 31 49
13 17 29 8 22
16 44 26 47 37
45 25 11 3 31
58 43 35 17 55
53 37 63 43 42
12 36 9 30 27
52 34 17 18 10
52 35 37 36 18
23 15 49 2 63
38 21 40 13 57
10 55 33 54 21
35 51 58 0 45
63 56 58 16 28
57 62 56 37 63
58 36 21 48 41
3 27 9 16 8
11 47 41 17 35
21 11 39 15 34
13 47 2 41 23
60 58 4 34 35
5 61 55 18 6
45 58 60 44 38
36 26 10 55 20
43 39 17 52 58
41 21 33 26 49
63 41 36 15 10
50 32 56 60 26
56 26 54 51 46
12 40 49 23 34
44 23 52 37 22
25 21 49 61 14
30 25 1 50 37
38 54 56 60 33
5 20 61 28 34
33 43 22 1 36
50 45 49 35 62
42 57 34 18 1
16 4 20 57 21
43 36 54 33 13
52 9 37 30 8
52 22 55 61 28
3 41 14 30 10
6 61 60 58 35
8 25 61 14 54
48 49 53 35 16
44 39 23 54 50
60 49 25 55 1
39 32 9 28 57
43 38 62 4 44
5 60 23 36 62
44 62 6 24 17
51 9 23 5 1
52 21 56 24 5
48 30 31 39 4
39 10 54 56 46
2 50 13 0 29
14 62 19 10 1
34 37 50 31 18
50 47 31 63 34
31 0 15 13 19
50 51 41 46 47
58 50 10 51 28
14 42 16 57 45
22 32 12 59 29
36 2 13 0 5
43 23 63 17 25
27 26 49 3 22
10 53 29 41 59
33 28 58 57 5
18 17 36 59 63
9 4 37 54 12
46 50 3 58 23
18 13 54 17 48
10 58 15 63 36
14 43 23 5 49
13 30 60 11 16
4 23 61 5 39
25 3 55 30 9
44 38 15 30 34
51 30 55 46 50
47 44 21 38 50
16 27 61 56 52
39 44 36 55 31
30 53 50 41 34
5 0 9 44 32
39 5 58 56 60
32 26 46 19 27
41 59 8 42 37
43 22 41 49 51
59 3 33 45 31
38 47 7 28 48
39 28 50 35 49
10 42 41 13 6
11 62 6 53 36
30 37 11 24 1
31 41 26 5 60
1 22 58 24 51
5 60 58 32 45
46 60 12 54 20
22 26 47 38 15
25 22 2 52 3
40 8 49 20 11
55 31 17 21 34
8 53 47 4 41
37 45 36 27 0
35 53 41 6 30
45 51 33 41 15
30 7 51 34 44
43 0 9 29 15
35 14 9 12 20
52 20 40 38 41
18 38 21 60 45
56 18 57 15 14
28 21 31 37 1
26 37 41 39 33
58 31 51 10 13
18 44 43 22 3
22 26 40 53 46
43 42 9 0 41
38 19 9 50 39
41 23 5 24 61
16 41 42 45 30
24 27 14 26 38
63 54 7 13 36
34 15 7 62 3
20 34 40 47 7
36 45 15 10 63
39 22 57 47 8
63 61 52 46 47
9 17 62 44 28
38 19 34 22 11
31 11 52 0 18
22 37 45 54 39
58 27 39 0 44
53 26 35 18 11
55 4 38 43 16
11 37 41 13 4
55 45 0 40 59
38 45 34 27 48
20 1 8 56 63
15 42 38 25 7
2 36 63 16 17
33 20 53 11 8
50 51 29 62 57
59 7 9 40 63
20 8 14 0 18
10 0 17 4 32
59 43 51 41 16
40 49 47 63 31
22 8 25 37 15
47 13 26 3 43
57 51 27 5 9
52 63 12 18 58
5 24 60 43 52
55 34 28 8 31
5 49 51 10 54
28 22 4 11 20
63 19 58 7 59
0 28 57 59 45
56 42 52 6 37
12 58 0 50 56
26 6 63 49 9
7 26 10 28 22
51 61 3 35 21
25 48 53 47 3
55 42 20 52 28
21 6 42 25 24
20 4 21 58 30
18 45 21 13 24
41 56 0 7 16
34 57 39 60 6
56 15 12 29 52
0 3 27 33 15
45 51 34 14 30
40 42 24 1 32
14 30 5 32 54
27 12 7 19 38
12 53 48 45 30
53 11 63 26 38
51 54 41 37 47
12 40 7 58 55
16 55 19 28 62
48 57 19 25 47
25 54 47 0 38
13 56 7 21 23
0 51 41 26 36
20 39 5 11 10
50 49 5 43 29
40 0 9 35 42
8 16 7 3 43
42 40 34 63 22
43 34 8 15 21
55 30 27 50 3
17 39 11 58 60
37 34 52 17 3
22 48 61 57 33
57 42 20 3 43
46 43 32 17 13
43 4 38 54 53
32 7 40 29 59
45 60 56 3 9
34 16 19 14 4
13 20 8 63 61
24 62 5 63 59
25 40 41 10 50
14 33 63 62 19
28 49 47 22 23
36 27 46 52 8
36 29 44 17 1
58 51 23 35 13
35 32 23 6 0
56 53 23 10 39
15 0 55 50 7
6 17 21 4 20
19 5 50 54 49
54 19 22 37 1
41 18 5 11 39
29 19 8 23 60
49 38 21 11 33
48 38 39 50 35
53 15 23 24 10
6 36 5 21 37
5 9 37 35 44
40 22 29 47 42
7 45 50 21 40
54 16 56 31 62
13 5 11 29 57
39 20 35 29 5
24 4 21 38 14
38 19 5 35 44
46 60 19 23 57
0 53 44 1 23
39 30 33 3 6
35 53 45 0 60
46 57 27 12 42
45 25 21 29 61
13 35 56 31 28
39 41 2 27 10
25 30 26 0 40
42 33 25 26 6
24 57 36 61 49
37 43 8 46 52
34 5 29 13 45
7 36 38 45 57
13 34 20 16 43
44 5 23 0 41
49 3 21 24 18
33 39 45 7 44
49 32 43 8 14
57 62 16 9 12
13 16 41 54 42
24 51 14 1 11
36 40 48 59 6
49 15 7 30 42
43 17 42 12 62
54 42 37 11 25
39 51 61 10 29
63 30 13 8 3
22 23 59 61 11
0 35 11 25 26
26 32 3 58 51
10 13 31 44 22
63 8 5 12 19
13 34 11 49 43
46 44 59 33 39
13 63 38 48 39
17 52 36 27 1
54 24 25 47 37
1 8 48 45 44
16 3 30 24 4
53 46 15 10 7
2 40 62 39 46
47 22 25 31 40
9 50 29 31 40
37 20 50 47 48
51 5 48 44 29
7 17 18 30 32
43 5 37 1 29
44 14 40 60 5
42 2 0 5 53
3 19 29 9 4
57 62 52 14 44
61 63 30 27 55
44 41 2 46 59
24 51 2 9 54
39 28 12 27 15
9 16 53 30 57
41 38 47 30 57
48 27 55 62 1
8 50 49 0 48
57 7 43 60 3
37 24 10 59 9
15 12 21 36 26
36 46 32 9 10
23 53 19 57 30
42 39 2 40 5
47 53 46 52 17
4 40 31 46 56
45 20 62 56 3
47 21 24 23 30
15 49 42 25 45
51 23 18 2 27
60 13 9 24 54
8 50 29 27 2
41 47 13 38 60
16 57 50 47 24
36 50 39 17 45
40 56 57 7 49
35 45 10 11 63
12 36 14 63 2
15 47 55 1 34
4 44 62 49 58
37 41 8 39 63
38 62 12 54 9
31 14 7 57 10
6 50 34 24 35
57 62 40 6 1
60 63 56 18 33
33 45 39 58 23
8 58 24 26 40
30 33 55 8 18
29 63 8 33 7
54 27 40 25 3
15 12 60 27 63
1 14 12 42 56
21 7 60 51 48
63 14 56 44 28
17 31 38 40 47
26 53 4 5 43
39 9 12 22 34
8 22 54 24 43
15 46 7 34 31
3 51 26 16 43
23 58 37 41 9
53 19 43 11 26
50 62 11 1 48
8 44 9 28 36
27 19 13 37 44
4 39 26 46 2
37 60 54 30 5
56 8 47 50 37
21 6 45 5 0
48 49 16 61 46
2 1 33 58 20
50 35 62 39 45
48 4 24 12 35
1 54 41 20 3
15 56 20 54 16
32 12 17 4 31
48 4 61 22 13
62 27 22 31 44
14 10 58 49 6
29 59 11 7 35
28 41 50 47 61
21 53 34 43 0
17 57 40 23 60
41 32 49 58 21
46 15 49 28 21
62 59 39 23 2
5 26 13 17 42
30 39 31 35 3
57 30 54 56 24
54 0 58 22 50
51 40 1 56 33
5 29 45 16 26
50 28 56 38 60
49 7 16 33 15
51 14 18 15 58
24 28 51 42 14
9 8 1 47 26
40 31 32 41 2
56 31 25 45 53
37 49 42 60 61
33 40 14 25 5
33 12 2 58 27
32 23 43 14 5
28 15 41 55 0
16 46 23 26 45
5 38 47 37 54
44 23 7 58 46
10 57 11 21 12
25 6 32 1 14
38 29 32 17 7
19 51 20 17 24
8 52 54 7 28
38 30 33 57 45
21 48 59 14 12
12 48 39 3 38
7 16 36 25 42
17 4 44 49 41
32 48 5 60 10
30 51 43 4 46
63 38 60 4 56
5 44 40 57 3
32 36 53 51 59
49 36 37 0 9
51 55 50 4 47
36 54 33 53 0
40 15 50 0 63
33 30 55 22 40
60 45 55 4 58
62 48 23 55 53
10 51 43 4 57
59 29 10 55 15
63 41 61 55 39
51 10 46 23 2
15 54 63 38 48
13 7 6 23 0
33 15 46 14 44
40 29 48 24 49
35 53 59 3 14
38 1 19 22 27
41 29 38 6 16
22 2 49 43 50
46 0 9 18 56
27 43 46 2 62
25 41 51 10 57
34 43 15 17 9
55 31 32 16 0
1 46 30 29 2
51 33 35 31 25
24 23 27 18 0
21 8 27 22 39
45 13 51 3 23
56 45 21 29 43
46 37 54 57 61
20 2 57 18 9
54 31 14 0 59
24 31 2 4 54
27 11 29 34 25
38 9 7 16 34
6 22 15 32 39
51 42 40 29 24
3 39 6 53 55
16 47 9 50 61
41 53 13 21 42
40 50 44 14 60
58 45 49 20 14
6 9 13 37 16
10 58 5 22 29
3 39 21 7 35
48 43 14 18 42
46 16 17 25 11
62 22 1 13 49
43 50 3 38 22
6 40 15 51 41
7 21 6 42 36
9 62 30 32 40
12 3 16 25 47
41 48 39 34 15
34 46 43 9 32
15 24 58 7 33
0 44 22 40 55
10 22 14 23 9
35 3 20 4 7
36 25 54 0 28
62 25 34 59 20
31 2 32 41 39
42 61 59 19 49
17 28 61 33 58
30 1 28 45 9
24 14 54 25 4
32 11 51 35 36
62 31 5 58 29
10 16 38 53 39
55 62 0 2 4
6 51 2 25 31
3 29 63 40 51
6 44 26 52 63
53 55 3 13 33
29 52 54 34 27
63 19 42 20 3
34 25 31 54 40
35 49 50 27 5
23 16 20 18 24
13 58 25 53 44
45 49 1 22 4
38 57 11 35 1
46 2 38 44 32
9 51 41 49 36
12 19 36 56 55
13 40 62 52 27
62 60 8 7 44
62 5 22 18 7
0 50 45 18 9
22 62 58 18 41
16 32 44 54 6
28 15 48 16 55
5 25 39 44 59
25 34 46 60 23
37 27 25 57 45
56 50 45 51 9
54 29 56 50 14
4 52 42 54 6
54 60 3 61 57
60 63 46 0 6
44 63 35 56 19
29 38 36 28 13
63 16 60 19 42
10 51 26 15 28
5 20 21 39 17
53 35 23 5 43
44 2 53 52 24
47 29 30 41 37
27 42 57 51 34
26 15 7 6 1
39 59 3 5 18
47 52 61 11 15
13 0 32 43 52
54 41 62 26 42
27 31 10 55 19
20 42 36 41 34
24 22 52 51 32
58 52 23 41 13
44 7 19 55 16
54 38 31 41 16
13 42 63 6 29
25 20 23 11 44
38 24 1 39 21
22 52 34 18 60
50 22 18 7 35
63 43 45 50 46
16 52 14 47 30
20 16 37 46 5
51 32 7 42 49
2 43 25 16 48
60 2 59 22 42
10 43 1 7 58
32 45 41 18 56
61 50 32 31 27
46 23 29 57 39
13 25 4 30 32
33 57 21 46 56
31 16 14 4 23
50 56 4 1 5
27 40 10 62 18
45 43 28 49 2
20 59 45 3 60
37 3 1 41 28
53 32 54 44 2
42 17 39 57 32
30 8 0 46 2
12 53 50 45 59
2 17 42 54 15
22 3 52 61 39
23 25 57 30 6
43 55 44 59 41
13 8 57 40 16
39 23 30 10 14
22 31 42 18 12
33 58 39 10 15
27 29 35 26 21
3 16 41 31 57
58 48 46 59 62
57 39 4 19 15
25 58 8 57 28
36 15 58 57 10
18 32 19 47 57
27 60 24 30 58
45 11 18 39 63
32 19 18 20 28
63 49 22 8 51
17 1 39 46 56
20 19 10 34 49
3 19 12 25 30
52 27 54 16 17
62 47 54 17 15
32 63 44 26 36
11 27 60 36 2
42 11 12 62 18
9 15 51 34 7
40 17 28 23 57
10 35 29 1 5
11 44 45 48 58
33 38 23 12 63
63 51 40 52 11
20 0 4 45 6
59 8 0 13 5
17 26 23 16 60
46 2 28 43 0
46 15 35 60 50
1 25 7 4 19
33 50 36 43 8
34 58 2 11 23
55 41 47 32 26
3 29 10 23 4
39 4 1 34 58
43 56 41 63 6
47 45 22 50 21
23 30 44 39 18
19 18 17 49 46
19 42 14 47 27
24 0 58 48 25
49 30 6 31 57
4 2 8 26 49
24 7 8 54 45
16 35 42 60 53
16 15 0 50 34
21 60 27 18 33
40 34 6 48 36
23 0 8 11 20
0 9 13 40 30
57 3 13 38 58
45 22 47 49 29
23 22 8 21 48
48 41 35 61 6
53 0 33 18 35
3 63 1 53 10
52 48 4 7 19
51 13 42 28 59
46 52 20 27 12
40 14 63 5 54
51 45 59 7 20
0 8 49 57 7
58 21 55 5 16
8 44 19 29 5
27 30 54 34 25
34 29 20 48 7
11 8 45 14 28
63 50 9 54 8
3 0 28 22 46
47 8 45 54 3
26 13 3 55 5
19 20 43 22 45
29 6 30 0 24
6 2 38 59 55
49 1 14 20 18
3 26 47 38 4
15 49 61 19 42
18 21 22 35 50
22 52 32 38 58
63 47 54 59 22
15 36 13 22 12
63 54 7 6 18
51 33 8 49 57
60 63 14 45 58
47 63 35 22 53
43 9 31 18 48
58 40 18 25 6
9 11 28 34 38
54 53 16 30 42
9 36 52 55 31
63 38 33 28 19
29 30 50 14 11
27 18 42 63 33
19 61 17 27 55
11 12 60 30 50
56 14 21 12 48
22 20 18 15 38
36 40 33 41 6
8 13 55 16 29
7 24 4 25 10
36 50 24 54 35
36 9 30 3 25
25 62 22 37 13
8 37 54 43 56
15 37 47 2 0
62 51 17 34 26
18 22 62 31 44
61 45 49 47 24
36 39 58 62 25
28 62 55 36 27
56 3 1 51 34
45 17 39 14 28
6 58 22 57 50
2 55 4 25 45
12 41 26 40 10
20 52 12 15 26
46 16 20 33 41
14 24 63 35 42
30 2 52 15 46
30 45 13 21 3
35 6 28 33 8
16 47 8 41 5
20 0 13 59 44
43 2 11 24 19
11 32 63 59 20
21 34 42 30 3
53 48 46 58 37
36 0 28 54 44
7 56 0 20 43
29 25 1 5 11
47 44 37 52 55
39 55 56 5 3
16 15 27 28 59
56 35 40 1 32
6 27 52 41 40
18 35 3 41 40
51 32 61 34 17
40 7 50 24 17
29 18 25 23 42
36 7 3 5 61
45 20 11 51 62
17 53 57 5 47
0 34 47 14 32
21 46 5 7 62
4 57 45 40 10
11 0 3 57 26
56 0 23 52 57
33 60 49 0 19
0 12 37 30 20
48 47 42 23 4
34 24 15 25 11
44 40 8 20 16
39 51 32 37 62
29 21 47 45 2
15 3 51 4 9
28 35 17 21 48
59 39 14 37 7
38 37 2 36 21
27 25 26 23 51
50 39 16 9 4
53 21 61 51 24
55 42 48 31 57
38 4 41 31 47
46 34 36 6 37
12 49 41 0 57
41 3 22 51 57
54 16 62 6 44
29 24 52 14 3
51 13 44 12 27
50 4 46 23 37
8 3 29 25 33
9 24 11 63 36
26 23 21 48 0
43 12 21 48 15
5 15 16 44 19
35 34 57 59 2
6 44 52 63 7
6 63 58 55 41
58 17 35 20 28
52 31 30 56 16
58 31 29 36 0
38 36 51 49 35
20 49 13 43 51
30 9 62 36 57
50 44 26 24 12
17 58 29 63 55
20 13 1 23 62
29 27 61 38 3
54 17 14 23 34
43 38 28 62 30
43 47 46 62 36
17 59 4 43 14
27 53 62 45 41
56 17 60 59 40
7 14 15 2 61
42 40 58 31 6
39 44 42 30 35
49 10 47 22 21
2 45 27 48 11
50 61 60 40 38
63 37 20 50 42
56 41 21 61 42
53 17 40 55 29
6 25 28 35 62
13 12 3 62 57
28 19 45 47 48
22 45 41 60 46
59 29 54 6 22
56 25 5 45 58
39 55 6 4 43
51 0 42 46 41
50 29 58 23 52
60 39 40 43 23
46 60 53 49 34
32 59 7 9 52
40 60 9 3 27
56 8 39 28 24
6 14 31 9 2
16 61 23 35 9
33 6 18 20 51
20 46 17 37 15
11 50 59 24 13
39 46 34 0 36
10 5 56 23 53
30 28 61 12 52
40 35 28 25 13
42 59 58 39 56
60 29 30 18 43
17 61 26 54 44
48 25 32 6 12
25 26 54 6 62
24 13 29 63 32
29 10 38 27 50
17 1 19 18 6
21 19 48 5 22
54 28 30 3 62
39 52 0 49 40
5 26 9 53 12
43 13 14 21 8
31 42 26 33 6
23 17 28 27 30
41 61 9 45 22
58 3 8 48 61
22 35 40 55 11
62 18 10 56 25
22 51 2 30 58
54 1 37 3 46
53 4 41 26 51
43 32 27 41 45
22 2 12 5 6
44 59 31 18 22
55 13 26 45 7
18 60 4 62 33
14 12 38 7 33
9 33 61 52 31
29 38 17 54 31
19 5 13 8 10
20 53 23 17 57
6 50 49 21 36
15 26 34 2 24
22 21 45 44 25
39 45 50 63 40
46 12 40 56 55
3 24 16 23 8
27 59 14 60 38
56 4 13 53 46
36 19 47 20 14
60 11 36 50 28
58 52 59 31 40
2 57 44 9 15
5 57 20 15 3
34 0 62 2 44
11 37 13 43 30
61 53 19 46 45
55 10 13 43 14
5 40 24 1 29
40 41 52 49 60
37 45 27 48 12
56 14 1 47 22
1 51 37 2 47
3 42 16 17 8
21 56 51 48 53
62 40 22 55 44
36 43 32 3 56
38 60 11 23 7
48 24 57 19 56
58 30 36 25 6
17 47 19 54 43
17 25 46 5 47
26 5 4 6 58
50 31 37 7 57
31 36 43 58 8
27 13 46 22 30
33 28 61 1 20
62 28 41 36 14
23 54 25 37 14
39 21 34 55 42
0 43 33 23 9
36 46 13 29 39
5 20 46 8 60
7 2 54 62 53
37 58 41 55 46
23 3 55 34 15
18 61 62 51 6
31 34 46 40 14
3 38 36 62 29
53 23 31 41 48
60 47 62 13 28
8 5 57 2 46
23 52 61 21 6
5 57 25 55 27
27 61 25 57 45
39 37 15 4 62
47 44 27 37 2
15 56 22 53 4
2 9 0 11 17
57 35 27 16 48
2 49 24 13 3
33 49 48 45 23
59 1 35 36 57
40 43 35 55 50
5 30 26 61 63
7 25 45 35 39
27 40 45 21 29
29 27 6 58 54
29 61 52 33 63
49 41 50 42 7
14 56 10 40 23
23 4 43 24 18
18 30 50 46 17
19 15 16 50 2
59 58 20 17 40
38 42 3 54 35
16 10 17 0 58
63 50 27 43 9
63 12 15 31 61
9 45 43 22 57
5 46 33 4 0
42 10 58 33 40
13 2 40 30 36
4 44 55 38 18
26 2 27 35 62
8 27 29 59 60
2 58 26 45 32
59 40 7 35 18
61 18 3 22 52
27 38 11 61 0
41 42 60 47 25
17 46 19 13 57
31 48 46 43 15
8 18 58 29 35
25 0 43 18 49
49 7 25 24 13
22 39 47 23 1
12 29 9 49 27
24 56 44 48 50
10 2 41 36 47
5 27 16 15 23
0 40 48 44 58
10 27 62 21 39
47 32 5 12 1
15 38 61 62 53
49 55 34 1 60
10 5 41 3 35
33 2 32 42 61
44 57 1 40 39
33 63 22 21 32
34 59 36 19 23
59 51 50 16 58
57 26 19 32 53
6 8 33 42 56
18 47 30 9 32
6 28 53 32 15
7 32 56 45 57
29 54 37 32 35
3 46 29 36 16
26 43 54 44 5
19 33 30 59 12
46 24 13 56 50
39 28 32 11 13
62 16 29 45 55
42 43 13 34 44
49 0 59 52 17
27 49 23 5 3
18 0 8 47 19
63 2 59 20 1
31 62 57 12 60
18 39 53 10 45
50 54 41 40 58
7 14 2 37 36
24 17 59 30 13
37 7 31 9 24
4 54 18 7 8
54 42 5 23 34
15 7 19 6 24
37 39 61 41 29
19 14 42 3 9
31 44 25 37 18
30 50 9 51 32
0 47 10 37 13
48 44 59 55 27
17 9 20 24 53
61 56 57 48 20
51 12 32 54 60
38 22 20 52 12
16 47 33 38 25
48 12 34 27 57
35 44 2 29 48
24 47 60 28 45
29 52 54 48 59
30 5 51 18 26
21 19 63 45 49
37 39 49 29 26
52 6 22 33 45
4 55 35 42 24
5 52 49 31 34
36 23 35 46 39
53 55 23 20 24
51 53 26 60 10
14 62 57 1 11
56 15 14 50 12
43 3 41 21 19
29 26 18 9 19
2 36 3 46 19
58 10 45 39 9
14 9 57 8 42
49 62 46 4 6
36 30 39 48 4
48 46 55 7 29
23 13 43 8 16
32 15 45 11 0
29 13 53 36 34
34 20 23 15 26
51 13 10 18 28
43 57 8 58 44
20 50 4 5 25
24 43 29 49 50
44 5 62 55 35
1 35 4 26 19
36 31 25 41 49
58 10 1 21 35
52 50 28 18 21
18 46 0 26 35
43 40 53 36 55
38 0 14 22 5
22 18 4 48 44
45 48 7 10 55
17 38 23 20 22
30 14 61 25 55
35 25 26 18 39
18 11 24 44 52
51 20 8 48 25
13 27 7 63 22
24 5 9 6 42
33 50 55 63 14
0 17 13 16 54
15 0 62 29 34
45 61 30 17 50
44 37 3 48 13
43 21 62 2 17
38 36 35 31 17
46 15 56 20 33
35 3 1 46 61
52 57 49 15 42
47 4 7 3 51
19 36 61 60 48
22 56 4 54 32
9 16 59 38 39
57 17 9 4 8
5 24 42 28 55
24 44 63 0 9
20 19 44 56 62
39 1 4 27 58
8 62 4 37 44
62 41 39 56 20
17 6 28 40 31
3 4 44 13 58
31 47 4 15 24
23 31 22 50 52
1 41 0 35 13
56 34 26 23 10
50 5 44 12 56
33 41 52 3 6
12 13 41 8 21
0 54 33 14 17
27 61 8 29 36
2 38 12 53 8
35 1 57 59 12
37 18 33 0 15
52 4 11 40 57
18 41 37 28 0
20 54 38 30 58
35 52 57 44 33
53 37 0 61 16
47 26 49 62 7
32 27 39 61 38
29 10 43 19 23
24 32 60 57 15
36 48 13 33 53
10 38 24 45 33
2 44 33 1 3
55 30 19 28 20
4 6 26 27 42
45 53 25 19 11
51 44 22 19 18
48 13 24 45 8
31 49 24 60 32
16 55 47 60 29
24 53 30 29 44
27 58 0 2 34
15 25 63 49 21
25 54 2 55 48
60 36 59 24 20
59 0 62 47 35
45 35 8 2 4
1 7 10 20 60
36 42 31 5 41
14 36 31 16 29
38 28 62 40 59
14 22 16 6 40
25 33 3 2 11
1 9 11 20 52
14 12 49 55 52
4 55 34 59 52
63 57 31 55 36
34 20 39 44 57
8 43 31 6 63
13 39 5 57 60
30 31 48 44 52
41 39 47 2 53
57 35 21 40 9
19 18 15 22 28
25 53 0 30 23
37 55 19 51 27
5 60 62 25 27
59 34 37 63 60
59 23 49 36 7
6 57 41 58 47
52 21 9 59 13
46 57 32 16 0
36 34 47 38 24
4 5 26 27 47
49 0 55 39 16
62 13 18 4 45
40 55 11 14 6
49 32 30 34 0
14 24 40 1 52
10 42 21 56 29
32 44 2 52 29
21 19 27 32 44
62 43 60 20 25
14 41 13 7 23
9 18 51 31 47
46 28 60 26 15
40 12 63 17 3
49 3 36 23 47
10 4 11 50 41
21 13 59 28 63
5 47 43 42 9
41 63 19 28 39
60 11 10 34 52
18 4 8 16 3
58 27 62 47 34
38 37 53 33 47
34 47 16 33 3
14 7 36 16 6
33 19 32 24 27
27 46 18 20 6
45 17 39 62 46
41 38 62 48 59
16 53 15 60 1
0 44 12 53 27
4 45 35 63 55
13 27 60 61 48
27 20 41 18 42
42 31 63 4 34
12 59 18 23 21
20 1 6 12 33
32 63 57 60 55
21 53 28 5 55
47 34 28 0 16
16 43 21 61 22
23 30 43 38 15
43 4 57 1 29
37 56 39 20 1
59 23 17 7 48
20 5 40 56 18
62 40 41 38 47
63 3 47 28 40
20 43 6 14 44
6 49 54 45 22
25 50 28 51 11
15 22 27 58 26
58 43 26 36 6
18 14 50 54 30
32 56 46 35 0
44 36 8 52 61
38 4 54 36 29
40 30 22 23 7
20 4 17 22 32
48 30 1 53 58
62 34 56 57 28
35 39 49 33 6
45 16 20 60 35
63 50 38 5 20
55 19 39 29 50
24 45 61 33 16
38 36 21 13 62
25 33 21 3 58
53 56 35 37 59
24 3 32 60 14
43 39 51 61 44
15 22 18 30 16
18 56 51 1 45
34 38 0 39 21
23 17 55 63 37
15 10 11 61 43
14 33 53 40 20
27 44 24 7 33
61 51 5 20 18
27 61 0 29 23
5 6 47 2 51
19 17 28 38 23
24 35 33 34 1
47 27 31 50 3
55 28 22 61 31
18 9 20 55 26
18 53 29 52 4
44 37 17 25 63
32 56 9 8 23
3 22 23 37 59
26 20 7 43 6
63 19 5 54 42
20 41 62 3 0
54 47 13 26 56
56 4 20 26 24
23 34 17 35 50
3 21 47 26 35
61 37 10 22 27
29 9 46 3 45
9 44 22 13 54
34 14 26 62 51
44 58 15 47 28
51 27 24 42 49
13 60 12 44 11
57 35 44 28 30
19 9 22 44 53
58 14 11 62 2
32 41 24 26 21
34 42 63 41 18
6 1 28 38 20
60 7 27 8 59
37 21 36 32 39
44 30 14 47 1
30 4 35 52 41
10 8 48 62 15
46 43 62 49 47
36 41 52 31 18
31 21 6 55 24
34 43 11 13 5
21 42 16 15 46
21 0 6 56 29
2 32 0 48 53
14 15 33 5 55
18 25 40 28 53
15 35 13 29 46
11 45 23 22 34
40 63 9 31 0
4 34 60 1 20
49 4 6 9 45
59 33 38 32 23
48 27 25 2 57
5 39 27 21 51
3 30 9 20 52
56 14 2 42 7
55 22 60 6 2
32 24 46 44 7
23 7 9 50 4
28 11 53 15 54
18 36 3 49 63
26 61 41 45 43
47 54 31 46 21
1 47 52 18 5
26 50 30 21 29
39 45 46 54 43
1 9 15 32 58
44 50 23 61 5
35 21 55 37 51
49 6 19 2 61
58 51 17 38 54
39 47 2 22 40
30 10 9 22 50
48 47 23 29 46
30 21 3 16 5
22 41 7 42 12
6 47 23 13 28
62 36 50 51 15
62 33 13 39 24
27 53 28 5 6
34 18 33 42 44
26 43 39 13 42
27 2 55 57 59
34 3 9 29 59
7 32 5 31 61
27 41 37 57 23
33 20 14 45 24
34 50 23 37 10
10 17 48 11 15
19 31 61 40 55
52 44 50 42 58
15 57 43 44 21
9 16 37 48 39
28 48 13 54 5
26 17 33 30 13
54 2 0 41 8
38 22 24 33 19
25 50 28 39 33
4 11 33 42 15
34 23 48 8 26
37 56 49 60 32
39 45 32 15 28
40 52 33 0 36
61 33 48 28 14
58 19 62 39 4
62 7 22 63 40
55 25 26 53 24
17 44 61 33 8
63 7 35 36 14
27 61 44 0 33
41 47 24 55 27
36 31 1 5 11
2 58 29 41 50
36 24 54 42 43
28 54 42 37 8
63 16 3 37 7
37 46 52 41 29
21 53 26 35 50
45 2 40 51 50
41 35 37 16 63
49 23 36 40 28
12 51 4 26 11
33 0 24 11 26
37 26 55 27 1
26 57 16 10 50
63 15 29 47 9
5 19 25 24 11
41 57 30 17 63
18 6 48 23 54
8 41 12 13 23
48 20 5 63 35
61 56 52 47 40
11 50 47 39 57
52 54 25 44 60
1 42 9 15 3
57 62 53 56 17
17 37 60 24 53
32 18 24 62 56
63 46 19 2 37
31 27 53 55 8
31 51 35 30 62
2 34 24 43 16
15 34 27 26 46
9 0 34 35 4
17 52 0 56 51
61 5 44 33 42
47 50 0 62 45
33 63 2 42 53
52 57 25 30 33
12 6 30 16 10
17 23 56 28 6
38 19 57 33 13
45 60 39 37 23
3 61 48 56 63
30 14 59 19 61
50 14 2 26 10
9 45 44 38 42
56 37 5 20 19
7 5 40 31 11
10 14 60 40 59
33 15 23 16 24
28 14 11 22 42
7 5 42 41 40
4 56 27 30 22
22 29 39 17 56
9 31 23 26 36
12 31 59 52 0
48 29 52 5 19
58 4 5 7 17
57 43 63 5 18
17 13 22 4 53
18 39 16 12 6
27 11 13 1 50
55 13 44 50 31
31 9 6 19 36
20 8 54 53 4
45 47 37 21 43
54 59 3 5 55
38 14 52 51 15
32 9 58 38 17
39 26 42 10 51
49 11 38 55 14
27 1 36 9 26
32 4 51 25 9
28 60 49 39 20
37 18 54 1 55
43 36 44 63 54
50 51 33 63 62
17 21 19 62 1
27 54 4 21 17
16 2 59 52 46
24 17 55 50 5
10 34 58 46 28
16 0 28 33 58
52 33 13 55 12
2 61 4 42 14
10 45 25 49 3
62 42 3 38 48
29 54 6 57 18
19 36 12 1 35
9 7 17 21 19
40 33 48 42 15
16 53 33 41 55
26 51 54 18 45
35 48 24 56 51
46 24 59 26 37
47 43 63 42 60
5 61 52 46 59
22 37 32 53 34
57 32 45 56 0
45 43 40 11 19
20 2 52 47 57
53 47 37 6 62
40 35 34 1 15
61 36 54 0 59
57 22 30 36 56
25 21 54 31 27
4 15 50 6 9
52 18 38 56 55
58 55 32 45 12
36 61 14 58 56
52 39 38 51 5
12 36 23 63 31
38 42 12 62 33
16 53 7 44 35
10 11 40 63 6
3 32 12 43 29
24 63 9 12 43
0 57 26 33 48
38 61 6 26 60
51 7 15 54 19
59 45 2 17 58
13 57 35 40 6
3 30 11 4 5
60 24 9 55 51
18 41 20 9 46
31 59 24 6 43
28 45 6 26 44
4 28 61 40 38
58 61 38 13 1
44 61 20 15 17
35 56 42 20 38
43 51 31 49 29
46 1 34 43 49
6 14 59 13 25
33 26 55 36 54
11 6 13 2 35
22 41 25 5 58
40 54 12 45 5
15 55 21 10 57
22 12 54 0 18
47 42 31 33 41
49 55 5 41 13
21 57 46 0 45
51 0 50 36 40
15 57 22 26 1
51 19 21 55 59
49 13 15 63 0
8 0 19 36 34
17 51 59 60 44
16 26 27 18 24
62 40 53 58 47
17 58 33 46 50
19 61 38 12 60
31 3 62 61 47
56 27 9 21 1
37 43 20 62 44
35 17 59 60 28
18 44 2 58 24
40 28 32 19 42
34 62 6 10 58
29 41 63 62 59
59 24 17 44 31
50 60 43 24 9
0 9 42 27 55
34 10 46 43 31
18 45 31 8 27
55 21 63 36 20
52 3 40 59 19
6 53 63 25 3
63 36 52 56 13
45 24 42 32 1
30 25 44 28 57
34 23 57 41 8
14 54 61 52 46
33 2 47 43 31
60 63 45 12 56
45 24 14 23 15
49 33 28 15 4
63 47 9 10 17
62 54 24 44 63
21 3 55 45 36
30 55 28 1 34
32 19 62 26 60
0 34 57 35 12
3 24 56 51 28
36 49 15 61 56
41 11 13 51 2
37 31 28 44 19
1 32 20 16 50
26 7 12 15 33
15 39 34 63 11
52 46 15 31 33
35 63 23 11 13
23 54 44 4 18
26 61 0 7 14
36 14 54 27 61
7 34 20 38 16
46 4 25 8 26
18 59 40 57 28
55 48 47 37 1
9 10 4 11 40
4 55 24 35 2
24 56 5 13 7
48 12 14 56 37
12 51 45 23 29
52 20 41 59 35
57 2 40 35 14
43 14 13 35 56
54 13 47 42 31
8 13 17 52 44
5 24 33 50 37
4 18 59 38 47
2 51 45 31 10
13 50 60 5 54
46 17 40 9 39
21 37 6 20 43
42 55 58 56 27
26 8 52 28 48
14 62 41 5 38
50 3 51 42 31
9 4 38 7 41
3 29 15 17 47
55 15 51 31 22
39 54 2 50 22
55 22 3 23 19
28 37 39 33 55
43 41 51 3 32
14 48 34 25 18
41 25 21 56 37
30 55 59 47 4
28 57 18 39 38
53 54 63 21 1
33 13 39 10 8
49 52 34 45 22
23 28 37 47 57
2 26 36 58 53
43 44 60 26 45
15 20 16 17 52
31 59 55 3 17
16 14 55 21 35
10 36 23 5 38
5 2 50 44 54
13 19 22 1 46
62 51 54 42 28
40 37 47 20 11
60 11 19 1 63
44 51 33 55 29
30 40 22 38 5
45 15 51 25 28
15 30 5 2 32
29 50 4 0 6
28 8 4 55 37
12 52 50 60 19
56 44 16 63 30
21 39 30 15 12
23 29 33 44 13
24 49 57 48 47
4 35 57 50 10
61 47 42 52 57
37 50 51 4 21
55 42 1 37 4
60 7 61 48 5
47 17 39 23 7
39 31 59 61 32
34 8 23 49 1
58 11 16 49 18
25 17 10 29 30
24 13 16 27 9
17 36 27 16 23
54 18 17 8 50
46 45 30 18 42
51 27 3 63 38
42 27 24 48 25
62 37 32 44 50
51 20 44 12 36
50 40 24 41 2
35 58 40 1 18
18 49 29 32 9
21 57 37 12 43
51 6 34 26 5
27 61 37 2 18
19 51 10 6 46
13 49 57 55 26
25 14 49 36 37
17 60 46 47 32
3 17 38 19 57
62 46 34 27 56
0 63 38 55 13
37 56 61 54 46
14 4 11 25 62
0 28 20 27 54
51 9 20 58 24
2 12 8 11 20
38 54 6 23 49
22 41 42 23 56
21 15 39 60 62
50 36 53 38 26
25 59 19 38 36
52 44 60 24 48
7 16 63 32 28
56 17 44 35 47
41 47 16 35 7
2 57 40 37 43
12 45 25 5 34
10 5 16 27 25
42 61 54 10 60
17 32 63 23 62
63 19 6 60 43
30 33 38 54 63
0 37 12 55 2
5 48 61 7 2
29 23 1 63 53
31 54 12 60 37
61 1 3 38 23
63 62 55 2 27
1 55 16 39 3
15 50 19 28 38
41 49 43 36 60
39 12 46 56 27
6 36 50 20 28
27 48 51 6 11
35 47 19 57 0
60 11 54 51 23
10 24 54 34 41
2 24 41 62 12
38 14 44 6 58
57 59 17 4 5
30 40 10 56 5
11 36 6 17 34
56 62 34 35 3
19 4 3 61 24
6 44 4 26 22
16 54 12 11 25
54 51 10 8 11
49 43 41 12 63
26 42 43 40 12
7 41 53 19 36
25 28 13 18 1
38 54 55 37 16
62 1 19 63 50
41 15 49 4 13
63 1 62 31 14
28 31 7 23 44
46 18 15 44 5
8 28 7 2 3
0 53 12 20 9
13 29 31 9 61
4 43 14 24 8
12 52 30 8 24
32 53 41 5 12
42 58 7 31 62
38 27 60 63 7
2 44 48 11 1
28 60 2 44 34
41 58 7 30 29
49 4 3 57 2
3 39 29 28 8
21 3 12 38 47
7 21 29 40 42
48 23 16 53 14
6 7 11 3 45
38 3 18 15 20
57 34 2 1 56
56 61 57 9 30
55 19 53 36 16
38 61 44 26 58
44 34 63 59 48
51 43 3 12 55
30 3 43 17 31
15 25 10 59 35
6 53 37 30 5
41 7 12 31 32
43 63 32 41 62
21 15 8 23 26
28 27 39 7 55
18 34 22 17 31
12 53 40 13 38
59 51 14 22 18
17 22 40 23 0
56 33 54 28 35
45 27 17 59 0
39 16 11 33 24
54 49 4 42 47
45 9 44 55 46
16 37 25 50 33
50 17 49 39 55
33 30 55 1 58
39 55 38 45 33
40 27 20 28 62
8 34 32 41 54
8 47 61 7 48
5 12 14 54 27
56 15 54 57 59
1 36 39 4 27
45 34 58 35 57
52 32 25 61 42
63 55 52 29 31
5 59 58 22 42
43 33 36 23 42
10 20 25 12 36
59 54 46 14 15
42 31 14 12 16
24 9 39 48 30
1 11 2 19 25
59 57 51 18 50
1 47 35 23 2
22 18 55 39 48
10 16 26 11 44
18 44 3 54 8
13 58 40 56 39
21 52 24 60 31
1 27 61 30 42
9 46 61 34 30
56 43 48 55 21
26 13 5 11 51
13 50 60 41 22
30 39 6 42 9
21 20 52 6 16
28 49 44 41 18
12 20 42 28 39
55 18 49 10 39
48 11 24 4 14
28 37 26 25 48
41 19 24 37 23
43 33 60 27 54
6 4 53 25 18
60 36 7 13 52
61 44 54 40 60
38 18 61 8 31
55 22 31 50 20
53 14 60 49 33
45 16 51 41 12
63 54 49 0 41
32 9 30 7 37
21 41 24 42 9
52 19 21 28 29
41 12 21 25 28
60 58 14 57 47
48 5 32 17 63
4 38 30 28 11
33 56 2 22 27
61 24 5 46 17
42 10 48 60 26
2 56 4 32 46
36 41 63 3 9
53 42 0 28 39
29 56 35 28 20
47 48 53 32 28
1 46 55 42 22
62 58 29 56 12
56 43 37 6 22
40 6 26 25 46
18 63 10 12 62
55 54 27 11 46
7 62 32 42 5
46 62 52 3 42
52 1 41 14 24
43 53 11 23 12
8 44 38 17 30
49 25 18 3 2
25 60 44 6 18
49 23 29 21 27
54 52 57 53 18
0 5 62 40 39
62 11 26 54 48
61 22 17 13 18
48 13 31 57 43
61 55 20 33 21
48 55 61 58 33
3 53 35 37 27
51 49 29 55 5
20 40 0 30 23
63 20 50 4 10
2 10 31 22 25
29 49 43 46 26
60 31 28 11 59
10 21 20 54 34
10 43 37 16 45
4 3 49 62 43
54 10 0 48 15
19 1 60 35 25
28 10 26 15 7
54 14 51 55 47
29 48 27 7 19
38 32 57 56 33
41 61 43 47 58
36 18 55 3 9
26 51 60 18 39
4 51 59 58 34
13 1 26 51 21
42 13 0 63 48
1 58 35 22 63
37 39 15 0 51
59 14 4 55 53
8 19 31 9 50
53 43 51 38 30
58 63 41 42 6
43 31 46 34 23
35 63 32 37 45
57 34 56 33 49
49 53 48 60 0
49 26 36 38 0
56 12 33 60 41
21 49 8 50 14
31 54 22 4 26
33 50 0 5 18
55 31 44 61 16
1 43 32 0 3
32 8 0 57 38
28 57 44 23 39
63 29 57 19 0
28 61 14 7 12
7 22 42 4 21
10 50 42 36 23
43 1 16 41 27
46 39 49 13 51
43 11 44 59 49
14 10 46 56 31
11 8 20 47 24
36 44 35 37 17
40 53 37 28 39
2 4 33 39 25
43 25 51 33 40
22 43 11 7 8
63 5 9 35 55
59 23 44 30 37
23 15 25 38 52
8 12 4 37 16
18 16 61 47 11
62 7 14 40 13
47 12 9 39 33
36 21 32 37 31
29 61 27 60 21
19 35 4 28 39
24 30 55 31 61
10 39 46 50 62
0 28 46 25 34
18 30 37 4 8
15 38 53 23 43
49 43 35 12 53
58 54 13 63 31
44 49 25 58 40
45 12 53 18 15
59 58 41 30 11
57 12 49 56 31
15 46 30 8 37
57 7 3 45 36
4 15 7 43 0
58 30 49 36 42
19 54 62 56 34
7 4 11 28 41
43 3 35 22 19
21 15 9 40 34
15 22 39 24 36
61 29 22 37 1
52 3 2 34 53
40 19 3 21 51
14 20 38 61 37
7 22 38 13 31
9 63 17 40 34
39 38 16 57 34
45 59 6 23 30
53 11 57 55 28
38 25 42 24 48
16 60 38 34 9
37 21 36 20 33
20 28 30 63 15
24 56 26 1 20
31 0 29 40 6
29 11 55 28 43
33 35 13 15 28
27 4 39 15 37
8 63 42 35 32
45 36 38 48 25
30 19 13 27 2
47 28 3 39 56
7 26 24 20 1
63 53 25 15 10
14 4 33 44 61
55 21 25 36 5
34 19 9 55 14
3 48 27 22 43
24 17 34 30 2
53 32 40 62 52
10 55 33 56 0
11 44 45 59 62
33 49 16 5 56
27 44 23 38 28
31 54 8 45 49
34 36 40 35 45
63 50 13 42 20
32 41 13 20 9
60 11 22 35 23
36 32 59 29 48
37 26 11 62 61
30 49 51 7 26
54 47 63 41 46
28 40 35 34 57
25 9 51 42 12
33 48 14 15 4
52 29 33 38 59
39 24 10 31 47
36 7 19 16 46
50 38 14 55 51
11 54 0 48 53
51 32 40 0 15
4 13 25 9 47
2 35 19 32 39
11 31 36 1 44
59 33 62 3 43
9 35 4 6 7
0 38 37 7 13
45 50 33 13 15
58 7 22 15 14
0 13 54 31 19
63 25 40 51 36
34 44 16 58 62
30 10 27 13 4
19 21 35 49 17
41 38 24 34 36
19 61 58 42 2
12 35 51 18 60
3 60 34 20 32
31 19 59 55 47
42 28 23 12 36
16 36 51 11 35
40 23 6 5 29
29 41 11 3 26
6 51 57 46 39
19 27 59 13 35
55 14 16 6 22
61 7 24 4 16
53 27 57 17 38
39 33 4 34 40
21 7 46 44 14
58 50 11 27 39
42 63 25 56 45
12 24 46 1 34
11 62 35 57 17
32 63 28 60 18
33 13 63 10 43
55 53 34 59 56
61 9 51 20 46
62 44 8 34 32
49 58 9 28 54
39 52 28 24 55
60 26 38 14 42
25 16 53 38 39
14 33 0 7 26
2 3 9 44 12
38 3 5 40 59
63 25 42 4 2
59 20 10 44 35
32 19 56 27 6
63 32 13 48 18
19 39 56 30 49
63 0 35 53 52
39 5 1 15 13
59 12 57 17 16
56 57 36 15 42
8 35 19 22 17
23 19 46 37 16
18 15 58 3 60
11 1 56 54 44
34 17 4 27 14
17 22 52 28 20
9 24 15 6 27
53 0 19 29 57
52 58 11 7 32
57 30 37 15 7
38 35 33 7 40
4 18 22 39 43
12 41 43 13 57
59 35 18 36 5
1 20 17 63 25
17 59 45 29 50
36 62 41 56 47
34 30 33 29 35
51 16 9 45 21
0 9 12 51 19
34 40 44 62 60
6 61 2 63 47
0 34 48 32 30
26 2 17 27 59
4 11 20 36 12
52 23 25 61 10
55 23 36 14 15
22 60 4 47 28
15 32 12 14 60
21 31 25 35 9
7 41 37 36 20
13 4 14 40 28
44 26 39 55 21
56 18 58 62 24
56 60 28 47 50
11 19 34 45 10
62 56 44 13 35
11 32 12 55 52
24 14 40 5 27
63 30 14 28 24
29 17 9 27 50
14 13 23 26 7
17 16 56 21 7
18 7 56 2 46
53 13 39 40 44
47 55 40 8 54
54 37 58 50 61
16 25 37 40 7
27 63 7 13 26
13 20 51 60 48
53 8 57 10 49
7 14 37 35 15
56 22 9 27 5
37 58 52 51 28
37 18 2 52 26
24 47 42 54 32
20 27 55 6 47
56 35 20 11 14
35 44 21 33 12
14 48 55 38 62
15 23 61 8 60
39 40 7 62 41
12 43 62 59 6
48 12 22 23 17
12 27 25 38 52
61 45 55 35 17
60 44 13 45 39
29 15 47 30 55
3 24 40 58 46
9 7 2 61 48
51 58 19 48 23
48 25 43 35 11
60 6 5 29 9
9 63 11 23 4
27 3 12 62 60
39 5 30 37 32
52 3 29 49 48
21 43 3 18 36
56 14 22 20 42
50 10 54 45 61
18 37 50 38 57
55 45 31 33 9
52 7 30 27 38
4 42 49 35 58
8 3 54 41 38
11 14 36 58 46
51 37 4 23 10
39 37 42 28 52
2 11 10 18 62
7 42 34 63 18
0 14 23 50 22
34 62 63 0 42
57 44 32 48 47
23 39 57 48 14
47 13 19 30 58
61 50 15 23 45
15 22 5 63 17
11 44 12 24 47
7 28 37 26 57
15 38 13 60 12
18 25 5 51 59
13 53 14 61 43
29 14 56 35 43
23 38 20 28 62
25 33 47 52 22
28 11 45 22 4
17 43 11 7 38
32 40 16 14 55
28 40 49 11 13
15 63 40 16 52
63 14 40 24 32
61 22 54 11 20
58 12 43 20 27
27 60 37 13 4
16 35 12 55 53
0 41 46 4 5
13 52 56 30 47
6 28 2 50 56
1 35 21 34 8
55 57 36 3 47
60 6 55 32 7
56 33 25 23 12
54 40 31 48 38
3 38 5 6 33
26 61 4 28 45
14 3 44 38 0
48 37 16 28 54
15 54 10 32 46
2 22 36 16 58
10 16 48 19 2
31 62 8 49 17
46 31 13 57 0
1 11 3 54 4
1 2 35 52 60
42 3 36 5 15
28 19 59 9 38
44 7 17 47 53
10 2 24 56 22
30 32 2 8 12
48 12 32 59 26
7 33 9 4 45
57 35 55 47 39
19 37 27 30 59
3 15 2 6 47
58 36 33 25 63
1 14 15 4 11
62 16 10 38 1
53 50 19 22 16
20 19 24 41 38
37 60 53 35 9
46 9 62 43 5
28 10 39 34 31
38 54 29 25 35
35 18 0 25 47
41 2 56 51 9
36 14 29 2 4
20 15 48 9 22
48 12 9 7 57
15 54 10 20 40
44 18 61 6 8
18 60 17 51 3
34 32 17 23 3
59 49 55 15 1
21 4 42 15 48
29 8 42 56 41
23 19 11 52 44
7 54 31 8 3
23 45 47 8 17
58 37 24 17 22
3 45 59 29 1
26 35 51 55 53
4 42 32 51 48
25 8 61 3 45
44 57 30 17 56
35 32 29 33 52
34 50 54 3 27
39 5 47 1 50
48 36 11 4 27
33 54 55 30 35
5 63 53 22 46
59 48 61 37 60
20 3 56 0 26
35 31 57 61 24
61 9 3 58 63
56 18 26 52 34
15 53 54 41 34
5 31 22 25 62
49 13 40 42 19
34 26 14 33 38
2 5 27 13 61
43 12 59 42 45
12 11 22 46 13
5 2 37 46 57
26 62 2 13 30
61 63 55 58 13
52 12 11 1 27
34 41 13 60 55
35 62 19 43 6
34 42 26 33 29
42 5 43 57 33
16 11 5 8 34
12 37 23 36 9
6 4 3 40 44
16 0 8 55 17
26 47 63 24 18
17 41 29 22 18
25 2 56 9 22
37 30 23 16 58
31 15 32 47 61
19 25 29 40 7
34 40 0 41 55
0 45 1 62 37
20 43 40 5 14
55 63 28 23 20
43 44 48 12 38
41 8 15 61 13
12 15 13 10 14
41 12 11 49 43
16 22 57 61 6
41 9 55 0 62
26 39 29 11 53
28 21 51 25 2
37 59 2 34 47
14 60 6 61 31
48 0 25 24 19
41 42 10 15 44
22 15 28 38 2
52 37 13 59 3
20 0 63 3 55
55 34 2 12 47
16 23 45 25 4
2 20 30 49 48
33 56 21 17 22
37 44 59 32 10
38 56 22 13 27
45 29 24 22 12
62 18 21 34 12
6 3 1 52 25
51 1 0 41 17
19 41 16 25 34
60 46 22 31 2
14 11 22 54 2
