58 39
46 3
17 18
19 59
11 48
34 60
52 48
46 17
38 56
54 56
3 32
2 28
8 60
37 25
33 2
49 6
63 61
16 39
1 19
1 57
21 29
14 6
13 54
52 27
54 47
36 34
24 49
61 49
7 9
47 0
2 18
6 14
42 34
0 32
60 33
28 22
42 44
20 28
63 44
26 20
47 33
62 61
1 61
38 13
23 34
10 29
61 22
49 22
47 33
47 58
6 15
37 38
48 41
7 51
40 7
31 8
22 47
27 57
14 57
9 14
62 54
9 5
23 62
32 47
19 28
0 21
48 57
4 51
9 31
43 17
42 57
32 63
51 53
43 54
61 11
29 10
27 57
16 30
5 59
23 57
57 32
10 20
0 16
0 57
9 21
2 43
5 9
35 0
43 54
3 32
17 40
48 43
21 25
15 23
26 14
53 26
4 8
7 55
10 52
35 60
62 36
24 14
50 17
21 5
54 57
3 9
33 37
53 0
5 38
34 17
8 25
38 15
51 54
13 52
25 13
50 44
39 9
39 45
22 8
19 4
25 16
4 7
23 54
59 13
5 6
40 8
7 13
7 30
56 46
38 46
8 28
13 62
28 3
25 2
22 4
26 60
15 44
26 25
41 17
10 33
19 44
36 28
31 24
45 1
1 32
9 6
44 10
17 52
14 46
41 24
44 57
56 15
43 23
60 37
0 13
36 1
48 2
54 42
9 39
23 21
10 22
20 48
15 19
56 19
34 0
63 45
23 39
46 18
54 27
26 53
46 18
0 57
37 52
52 39
37 24
47 22
52 61
16 36
58 3
20 38
21 7
30 47
60 20
0 54
30 44
17 10
46 39
47 5
37 10
63 33
13 43
24 6
62 8
29 26
42 57
55 17
4 8
11 21
23 59
30 45
55 0
47 15
23 9
14 6
58 50
29 35
26 3
19 25
1 14
36 49
6 27
13 15
56 30
21 6
41 3
38 51
2 8
56 14
20 63
25 0
55 50
52 11
53 19
29 11
33 56
4 58
5 39
20 46
31 30
9 57
39 9
53 61
6 41
28 36
3 36
18 49
15 58
52 61
17 51
15 7
1 46
62 34
54 26
36 4
33 1
33 3
51 47
54 60
3 47
19 0
26 28
57 24
49 45
29 50
0 35
57 45
30 40
5 43
54 61
13 59
40 5
7 16
28 0
42 32
56 63
29 37
63 15
4 35
19 55
39 50
4 24
23 1
53 1
43 49
50 44
32 53
39 45
25 61
11 4
25 37
18 44
13 37
43 26
48 13
18 36
40 56
47 33
13 54
13 62
35 13
41 44
22 9
26 11
30 34
56 45
29 47
48 57
16 57
24 7
28 38
48 26
57 17
11 49
57 10
14 9
54 36
32 57
17 13
49 0
37 47
12 40
13 17
48 12
11 10
63 28
38 28
50 53
17 32
57 12
13 44
55 26
49 8
57 34
42 26
27 60
11 6
60 38
61 35
27 28
0 41
54 43
55 59
4 61
27 7
40 32
22 38
56 4
22 52
29 0
44 6
28 37
23 38
31 3
52 46
35 17
40 19
19 1
19 2
37 48
31 15
1 8
58 40
20 46
48 25
3 61
48 19
29 32
29 46
59 0
7 49
35 53
45 9
25 52
3 6
8 46
27 47
44 48
5 58
10 33
31 8
19 55
17 56
32 57
42 29
28 47
35 32
29 57
54 39
51 43
13 29
39 3
6 14
44 53
40 46
24 13
20 2
55 25
26 40
22 31
50 57
7 36
18 2
57 2
27 26
35 2
43 11
59 54
61 1
4 6
61 22
57 33
13 30
43 29
25 18
58 22
23 55
57 19
4 6
2 18
28 9
50 38
2 37
10 53
17 5
5 20
27 24
2 22
37 63
58 31
34 8
28 51
39 19
6 2
1 6
41 32
59 41
19 29
21 43
63 53
7 41
27 59
46 10
47 50
4 13
53 12
17 28
43 42
36 63
1 34
1 24
29 28
26 31
20 13
43 51
43 61
33 52
16 57
20 16
54 28
56 49
7 31
3 46
38 28
27 5
8 46
10 55
26 47
7 13
42 54
54 21
36 38
18 58
53 13
41 19
12 62
11 28
20 5
32 10
23 52
57 32
13 43
28 58
51 27
10 27
41 26
58 30
22 38
35 10
39 59
12 42
13 44
43 33
15 41
61 43
20 16
57 21
11 15
6 56
5 46
21 12
34 55
5 7
58 26
55 36
45 51
37 46
6 56
5 58
44 34
32 13
4 41
47 0
28 22
15 50
60 32
58 22
25 55
16 38
58 54
18 8
23 57
53 16
28 54
29 39
47 44
8 37
63 38
25 34
53 56
13 42
6 59
3 40
1 45
23 40
13 38
27 4
20 63
43 22
46 20
45 24
43 50
30 44
9 40
38 32
20 61
57 62
51 6
54 14
39 2
25 58
63 43
14 57
61 21
19 29
0 62
8 30
6 58
22 62
55 7
35 12
31 59
57 32
35 12
28 52
30 51
46 41
54 5
24 63
22 55
9 28
11 47
1 37
12 32
1 19
21 28
31 24
54 38
25 53
17 20
15 26
11 54
32 41
26 48
21 16
10 53
1 20
32 55
49 16
50 43
5 57
25 40
54 37
38 31
60 19
44 53
35 14
30 32
20 5
8 61
21 53
12 23
24 3
3 37
9 26
37 29
50 22
7 58
24 4
39 31
47 29
26 18
36 20
57 37
60 56
0 5
25 44
25 61
26 16
35 55
12 58
25 53
39 27
16 15
39 16
60 13
15 34
63 20
32 34
14 26
40 47
63 8
26 52
9 15
30 37
42 62
43 5
18 10
37 27
6 40
59 5
58 2
30 18
32 49
48 63
30 16
6 42
41 32
37 43
28 40
60 20
47 1
15 58
0 61
34 63
25 4
6 49
6 2
15 17
7 13
51 18
8 62
34 23
8 10
31 30
59 15
37 21
26 15
4 9
63 22
17 24
59 13
9 22
55 22
11 47
50 21
32 33
11 14
63 2
3 5
35 62
32 6
0 14
34 11
30 7
17 32
14 47
24 37
47 50
52 37
40 36
56 16
35 38
17 47
41 24
44 20
10 25
54 20
30 32
42 40
50 23
34 56
13 11
12 44
59 43
16 60
2 22
12 50
41 2
46 15
46 57
26 33
8 48
32 53
63 50
28 44
32 35
62 19
44 18
37 45
52 3
28 37
33 9
13 33
53 0
24 52
5 12
2 11
26 61
56 25
8 47
43 37
32 24
3 59
22 3
51 22
12 14
23 5
16 47
53 4
37 28
29 26
29 28
11 37
22 52
44 33
50 25
30 25
45 3
2 6
38 26
40 5
50 41
52 30
2 58
18 59
23 7
15 33
43 62
2 46
26 17
48 15
9 19
38 55
16 49
56 47
59 62
40 36
63 2
6 15
51 34
2 26
23 50
60 35
42 61
41 3
14 41
58 30
57 13
0 42
41 27
29 51
47 43
0 60
50 54
31 38
59 30
9 59
9 59
51 50
12 36
62 51
46 56
38 37
5 30
36 41
46 18
24 16
8 6
5 44
8 39
53 3
19 52
33 6
53 24
17 8
29 31
33 13
18 35
44 34
5 6
7 50
31 28
56 38
11 20
59 63
5 32
36 7
34 58
0 49
26 60
25 15
25 7
2 5
6 13
16 39
55 33
63 41
48 12
39 2
42 45
8 50
26 25
28 30
32 3
16 40
35 59
3 45
29 3
30 60
9 3
2 41
30 5
39 52
3 29
37 6
4 13
2 28
2 52
47 1
60 19
24 20
24 38
37 25
4 43
14 22
39 62
45 57
47 33
59 1
59 63
14 18
31 17
35 24
37 42
53 60
6 59
55 60
13 49
3 60
54 46
49 14
18 24
32 24
54 4
4 62
28 20
2 13
8 61
58 28
33 3
45 33
48 21
35 23
11 9
28 56
27 47
55 62
52 10
57 3
61 19
56 28
6 29
9 43
4 28
49 25
27 45
54 34
56 8
58 38
11 43
47 59
16 10
30 60
20 56
58 32
4 49
51 47
40 53
45 27
19 25
24 35
58 20
1 27
19 24
31 60
30 52
8 57
48 41
58 20
11 33
53 48
46 19
17 28
31 25
29 1
42 23
50 42
45 62
37 44
36 30
41 63
41 52
30 60
48 17
49 27
46 2
7 11
46 6
60 52
18 6
19 37
1 19
13 15
43 44
24 16
19 10
14 55
22 10
11 33
57 55
59 60
35 26
12 26
1 41
3 63
62 21
22 5
48 60
55 18
29 26
56 50
56 29
54 14
9 33
17 11
57 34
46 27
30 61
7 5
18 17
32 36
41 18
36 45
43 18
29 38
56 30
10 23
49 5
0 8
57 38
61 17
29 19
43 45
32 31
22 35
57 13
5 24
50 59
3 0
16 27
3 37
3 33
54 0
40 43
59 10
7 40
48 15
21 60
47 63
51 0
41 60
2 14
16 24
42 8
50 1
2 14
12 42
11 26
7 33
27 24
49 41
21 19
18 22
63 40
7 35
59 0
17 15
23 44
19 51
39 59
37 28
43 46
32 37
55 35
31 4
17 2
39 54
58 59
49 24
23 55
23 22
55 38
24 9
16 8
62 8
60 4
59 49
59 60
40 31
14 11
12 46
47 55
2 33
12 44
23 39
39 3
15 31
28 37
33 27
0 4
2 26
60 19
50 15
32 40
60 19
33 6
13 47
29 15
25 11
11 38
50 60
2 8
33 20
13 31
5 48
46 2
38 1
35 48
43 10
61 12
49 41
22 63
28 50
63 17
41 4
50 15
12 18
62 18
1 59
10 22
58 49
17 2
48 22
33 5
46 38
47 4
49 39
43 27
60 63
29 49
32 36
2 38
63 1
57 47
2 60
49 25
43 33
57 36
9 31
59 58
23 33
13 42
49 1
55 36
57 17
15 50
39 22
61 3
7 56
16 25
56 49
28 4
37 17
34 47
55 42
52 44
48 31
8 63
41 26
43 5
48 54
41 22
52 2
22 33
18 29
57 51
1 46
62 34
57 16
60 42
17 56
6 61
56 52
22 24
51 12
2 25
7 24
41 32
54 22
10 51
34 49
41 61
8 1
30 8
21 60
7 24
18 49
38 47
41 58
20 42
11 10
9 14
5 23
15 48
14 35
6 25
39 23
53 60
7 43
54 6
13 28
32 16
59 62
57 4
41 24
15 5
54 9
5 18
44 63
55 35
18 33
57 45
33 46
4 24
30 0
23 17
31 59
8 45
5 48
6 45
52 62
32 0
17 20
24 31
22 16
11 17
27 33
62 45
17 56
25 32
24 28
25 45
60 41
23 15
33 54
6 31
31 15
24 34
26 33
30 5
29 11
23 18
54 52
19 47
63 61
52 36
30 61
0 54
18 58
23 16
22 33
6 23
42 6
6 37
55 7
53 37
4 22
10 46
59 13
38 41
44 4
24 50
55 8
57 32
5 13
25 31
12 58
54 13
30 12
18 37
31 53
48 63
12 30
36 51
18 30
47 50
8 48
11 39
20 38
1 48
34 46
41 28
22 53
20 58
51 49
33 56
25 28
34 51
30 58
10 37
59 27
51 40
60 13
32 26
63 50
23 18
48 63
21 10
41 23
59 42
10 46
10 13
61 41
60 16
33 55
37 21
30 23
37 61
8 38
23 28
40 2
4 34
59 33
42 37
23 49
31 22
41 58
20 10
23 37
43 20
6 56
57 24
25 40
60 10
50 44
31 7
21 28
38 37
50 36
44 33
33 60
60 5
60 17
43 62
21 46
45 63
58 12
52 20
32 44
47 55
10 44
40 20
7 60
7 19
31 7
22 2
27 47
1 50
3 7
26 33
10 58
32 37
26 34
27 44
26 5
14 21
33 14
41 56
5 50
50 55
31 16
22 16
10 44
39 16
28 34
42 1
34 38
57 27
33 49
33 63
52 15
36 5
41 58
9 16
47 61
36 33
1 43
46 59
3 29
63 25
59 27
12 37
10 60
8 11
59 50
6 18
56 5
5 53
36 49
11 0
35 29
8 29
50 30
20 13
16 13
33 17
37 27
37 23
7 0
44 18
5 54
36 34
10 63
41 25
44 35
38 13
14 33
8 58
54 3
62 30
47 15
36 13
21 61
9 0
34 25
54 19
0 32
50 30
26 60
49 53
18 36
59 45
29 37
2 61
59 44
56 41
52 39
45 44
50 34
2 56
3 27
44 0
44 54
17 48
42 19
40 0
10 27
46 34
54 48
32 54
41 30
5 39
52 3
16 63
19 14
49 15
52 41
14 57
56 17
46 14
0 15
37 12
22 29
32 1
26 24
33 11
45 15
24 15
12 16
9 31
62 8
43 26
6 9
16 40
45 59
36 1
23 45
11 43
24 53
25 8
22 37
25 54
31 37
6 23
16 59
61 29
29 46
52 12
55 6
58 23
51 7
46 25
25 27
25 57
38 2
5 7
9 63
23 41
43 42
38 49
56 12
36 28
4 34
42 22
6 10
57 31
6 50
19 41
26 53
2 7
58 57
47 58
2 4
45 34
63 5
29 25
31 19
26 27
53 61
47 31
6 17
23 18
58 45
63 34
27 19
25 34
54 17
44 17
16 37
39 30
23 30
59 5
61 13
1 2
16 59
38 34
51 11
3 30
50 31
48 52
49 15
25 47
35 42
7 40
46 57
38 23
54 44
44 37
26 5
16 62
43 8
19 52
30 39
37 29
8 22
25 2
46 44
43 57
21 16
39 18
62 38
11 15
34 19
23 38
4 51
63 55
1 49
40 15
56 41
3 61
15 29
21 5
50 21
39 56
4 10
12 45
0 38
55 43
12 22
50 27
29 47
22 2
31 22
53 49
39 8
16 14
32 62
2 35
42 35
1 47
23 42
2 7
58 25
1 54
20 6
10 54
3 58
21 19
27 16
37 50
31 33
0 8
41 40
36 59
0 49
23 46
24 49
25 59
12 37
15 30
55 0
37 54
44 61
42 25
50 57
57 59
53 25
11 61
15 4
10 49
47 23
58 61
16 18
18 56
6 23
16 26
23 30
22 13
2 39
34 43
46 58
21 32
3 58
17 5
49 32
9 17
55 38
35 22
22 11
63 29
34 17
6 27
31 4
38 37
8 29
32 61
25 39
40 26
45 25
49 30
48 12
36 62
0 6
58 37
13 50
12 3
5 45
49 30
34 51
20 44
36 12
11 45
19 27
53 24
33 6
31 49
53 25
55 39
24 17
24 25
0 56
11 50
21 58
7 32
57 58
15 25
44 2
13 57
47 34
50 28
45 19
62 31
21 39
3 40
43 24
41 1
15 61
43 28
53 19
0 34
52 13
32 10
38 58
11 53
59 41
40 55
56 30
29 26
35 19
23 61
6 0
56 23
52 14
16 4
41 56
31 27
47 53
42 45
4 26
48 9
37 55
58 2
53 42
49 32
22 40
9 11
58 16
3 6
22 44
29 53
31 62
17 18
45 33
8 55
46 37
63 14
22 30
29 53
19 50
34 30
60 10
19 56
23 10
58 13
24 60
54 38
8 45
45 31
8 0
25 39
9 40
47 41
29 34
38 27
19 37
45 32
48 50
46 21
5 54
20 24
44 46
21 15
38 36
3 61
24 15
61 34
20 57
31 53
57 28
47 39
60 33
11 19
10 18
26 44
31 56
38 50
13 5
46 17
2 27
22 60
3 53
5 4
12 46
33 12
16 30
43 44
44 13
9 33
7 0
62 11
8 16
37 3
29 36
43 27
50 31
58 12
18 41
7 4
48 42
54 56
63 44
63 5
47 0
2 62
1 7
10 27
16 11
6 59
9 62
55 63
46 16
20 16
51 43
9 34
33 27
23 41
43 15
36 52
41 16
1 35
2 41
48 22
19 23
25 45
30 41
10 28
25 9
43 61
4 2
44 48
36 53
56 50
23 5
41 35
57 48
26 44
11 51
23 58
4 5
12 0
33 13
31 34
62 63
11 58
6 16
49 9
5 39
25 15
35 40
57 60
19 5
35 52
6 56
8 34
49 6
42 2
0 3
4 42
18 6
26 34
60 28
34 63
15 21
42 50
13 55
1 36
42 45
43 50
10 37
59 52
39 5
25 20
2 21
25 23
57 21
38 10
31 28
1 49
36 49
24 59
9 50
16 33
6 15
28 24
20 29
52 42
1 52
39 62
11 33
50 48
56 25
29 25
23 27
49 2
24 13
1 46
61 41
53 46
44 38
3 52
51 24
62 35
56 62
57 34
56 4
14 52
30 18
37 13
20 54
26 49
10 54
22 25
63 29
10 63
15 18
46 23
47 2
35 47
8 55
55 5
6 38
49 57
19 51
53 61
40 3
22 10
50 54
10 38
12 3
31 5
20 52
33 31
4 51
40 49
12 49
37 53
58 10
14 24
52 16
57 26
7 56
25 15
59 7
57 10
3 30
53 20
16 25
25 62
54 11
7 45
36 10
18 5
59 40
18 11
16 47
45 63
50 4
42 1
48 41
53 11
14 49
17 53
54 22
46 38
25 3
3 17
47 42
63 54
29 14
46 8
29 16
13 22
55 39
30 44
16 63
6 31
63 22
31 45
48 27
14 34
4 16
0 34
53 21
41 47
9 8
7 20
21 33
63 8
21 48
42 52
58 61
52 19
35 47
0 53
20 12
10 13
61 57
52 41
26 51
4 13
51 28
8 22
2 48
14 50
35 17
57 47
52 35
39 10
0 26
4 49
38 27
63 27
2 29
21 20
45 44
8 60
38 31
12 2
27 39
16 41
36 0
12 43
22 13
23 30
51 40
23 57
15 48
31 29
5 11
24 60
24 50
63 42
56 8
45 35
18 50
17 38
45 18
49 62
12 36
29 26
58 7
52 13
62 17
12 11
43 33
60 7
22 58
9 52
22 45
44 42
21 8
41 21
8 47
46 19
22 58
14 25
28 53
35 46
27 38
39 12
16 7
55 27
0 13
47 31
41 53
39 24
57 9
18 14
25 63
62 45
34 7
4 63
38 41
22 62
40 55
62 58
54 22
39 48
30 13
39 8
4 23
55 59
41 51
49 23
5 21
19 24
