56 17 44 20
11 7 59 21
60 23 32 10
17 1 45 61
52 46 24 40
26 35 45 40
36 3 62 7
5 35 12 38
19 15 4 45
53 61 41 62
33 48 42 43
59 43 15 11
61 16 57 24
38 32 26 60
29 38 40 14
51 61 34 40
30 25 8 7
13 42 27 23
16 30 14 37
53 47 48 56
13 57 61 44
16 52 38 46
25 59 1 20
8 30 2 46
44 48 55 43
58 59 46 33
63 21 37 19
40 46 23 16
32 13 3 20
54 1 20 26
3 20 35 41
37 48 15 20
24 3 18 5
2 25 53 29
56 11 14 7
39 21 55 50
57 48 8 2
30 33 23 3
37 17 53 34
56 35 15 27
33 22 24 16
4 28 34 50
30 41 22 54
23 33 34 55
58 50 62 42
5 59 50 20
10 6 3 50
59 47 25 2
22 59 56 15
24 39 20 41
60 62 33 27
52 41 18 56
47 39 35 36
62 28 30 54
12 24 44 23
40 58 12 56
42 28 45 62
2 61 17 55
26 23 54 45
19 45 14 18
34 55 51 35
18 16 7 4
30 26 34 27
34 20 55 25
31 28 9 20
21 28 6 56
43 52 46 34
53 20 19 40
29 4 24 50
9 35 56 52
3 45 17 29
12 39 10 24
1 57 46 32
23 21 40 62
38 37 58 34
61 22 41 12
22 29 47 61
58 21 28 26
38 7 4 57
38 11 24 35
24 47 35 44
48 21 11 29
40 24 6 11
47 13 3 26
51 35 39 15
39 42 17 41
16 15 36 56
21 13 9 43
43 11 54 45
51 60 23 33
57 41 59 42
60 11 48 27
23 44 42 40
17 58 18 13
49 15 8 36
45 44 63 48
48 18 62 58
63 26 62 8
6 21 35 19
60 32 22 63
21 31 32 16
26 30 0 33
2 40 0 55
4 19 6 44
38 22 45 10
12 6 29 3
49 3 44 4
50 18 43 9
3 31 29 27
51 34 29 14
7 35 23 1
26 59 47 29
5 37 49 48
31 11 13 56
18 4 15 22
10 18 2 55
60 10 9 8
58 23 14 24
28 25 42 20
61 35 15 28
22 11 41 1
20 59 40 41
13 7 44 46
9 41 40 32
30 24 5 20
58 26 18 49
13 36 19 25
26 6 7 18
58 41 27 46
61 10 29 23
59 7 15 4
40 20 46 42
53 41 40 50
5 56 23 59
18 1 45 9
36 22 24 15
8 51 21 19
31 6 16 41
30 39 6 17
3 15 46 8
12 34 63 3
58 46 50 57
49 6 53 3
55 32 24 20
51 59 16 28
37 31 4 50
10 45 54 37
38 4 26 54
58 12 54 48
5 7 37 32
19 45 14 22
29 37 42 51
5 44 14 27
20 60 40 22
13 33 32 24
24 60 39 25
53 30 1 8
46 35 43 28
43 13 12 3
1 18 46 21
41 21 55 20
33 16 37 39
36 55 40 24
21 47 51 60
9 13 63 50
28 0 49 11
15 22 11 19
28 9 57 37
47 4 36 44
56 6 15 41
14 6 26 13
7 11 55 58
23 26 17 5
42 59 31 47
61 6 56 8
33 32 46 34
43 52 29 49
7 23 20 1
49 34 18 5
53 46 31 32
61 1 30 63
13 56 47 44
58 9 56 55
39 38 12 6
40 7 14 28
11 38 29 21
46 53 32 52
7 41 43 1
60 16 47 43
7 52 53 0
7 55 50 40
55 52 36 14
52 4 44 62
38 7 23 42
40 13 52 59
33 4 56 54
49 30 2 57
38 58 7 36
9 50 36 25
18 57 8 14
30 49 6 55
47 40 24 58
14 46 24 0
52 19 22 5
39 20 0 52
40 26 25 38
7 22 42 15
30 24 17 61
51 61 4 3
58 49 60 22
2 28 10 63
17 14 3 36
31 1 14 48
17 1 36 22
1 25 14 57
52 26 6 38
35 55 36 61
3 41 10 9
45 39 25 33
26 41 6 15
19 61 54 34
2 46 15 32
38 61 19 30
22 15 63 9
16 47 56 60
33 42 28 8
32 40 30 2
44 0 10 38
40 16 32 57
55 24 26 52
27 60 19 8
21 56 40 59
37 61 24 51
3 42 0 61
23 7 11 28
20 13 38 46
1 18 24 41
53 17 52 22
18 60 19 41
8 38 4 31
44 10 27 56
56 29 46 38
36 14 48 51
13 60 37 10
12 44 3 36
29 45 47 60
39 38 45 46
7 43 31 19
23 47 22 18
9 45 59 35
41 39 28 52
19 0 57 41
31 3 25 30
26 34 39 1
44 57 52 60
51 33 32 17
58 20 44 17
24 47 39 55
33 8 52 39
6 0 50 55
12 53 43 8
37 30 9 19
19 61 43 17
56 4 9 42
16 22 33 51
33 11 50 2
53 7 23 11
29 63 0 21
19 26 53 46
23 3 15 22
29 0 12 36
54 60 38 7
47 50 53 25
44 36 3 31
59 18 1 20
6 10 22 44
0 38 32 29
14 4 24 22
14 18 15 52
61 55 18 54
9 51 21 1
5 61 46 62
41 27 33 55
4 43 63 32
37 60 19 41
18 39 25 41
59 5 23 40
26 29 30 13
9 7 38 6
32 29 63 42
29 62 9 59
40 63 19 3
30 15 21 58
9 5 10 30
12 58 26 61
10 26 7 15
27 6 7 13
7 31 11 12
1 3 41 2
2 37 46 28
53 5 1 37
2 61 15 59
3 41 2 61
52 62 19 28
40 8 1 48
0 30 12 35
52 29 11 40
18 25 43 32
52 30 16 60
23 35 44 45
32 59 33 34
55 10 51 18
53 8 49 28
60 10 21 43
50 8 57 28
16 29 8 18
58 37 3 62
46 54 14 62
2 12 3 56
51 21 8 17
37 59 24 31
62 24 5 26
22 23 19 15
28 17 58 24
42 62 60 47
13 33 8 32
24 18 5 50
62 45 18 40
26 33 15 20
55 15 29 6
57 20 61 9
23 60 16 3
35 43 2 6
1 43 61 35
56 18 9 29
52 21 8 58
15 33 12 36
16 14 53 30
3 50 17 49
4 48 15 59
1 35 21 14
40 36 55 6
23 10 42 25
24 19 52 3
48 31 18 24
15 59 19 29
31 30 35 54
48 56 24 58
54 9 31 40
31 18 53 44
24 27 56 6
20 59 17 41
27 61 29 1
51 2 48 10
62 54 30 3
51 53 22 38
37 14 12 7
18 36 63 9
7 5 59 50
50 14 39 59
29 41 26 55
52 0 45 3
43 38 8 6
10 17 26 59
5 26 40 17
41 9 39 46
26 29 3 30
39 24 53 47
46 10 48 15
40 24 30 44
30 42 4 61
41 28 34 30
59 29 31 3
30 11 45 4
22 31 47 37
18 5 31 3
24 34 21 1
32 24 25 60
49 54 63 53
51 60 56 53
44 63 45 48
57 34 56 38
59 38 54 48
16 5 46 21
20 4 61 60
59 34 9 18
17 29 0 58
47 40 3 51
19 15 28 50
8 40 44 41
12 29 45 44
42 26 31 30
51 33 43 49
0 23 61 51
19 6 35 56
24 46 13 25
39 57 4 44
56 28 13 61
61 38 60 53
20 57 62 13
10 54 28 38
18 52 32 24
40 14 47 46
7 3 63 34
50 59 52 48
63 18 14 41
28 37 41 33
12 3 31 49
10 24 32 5
52 26 13 16
3 49 33 52
45 56 18 46
20 37 25 55
61 1 60 46
21 50 60 4
25 34 30 62
20 1 4 10
34 37 36 0
50 9 35 62
53 15 13 47
35 54 46 57
14 41 15 22
18 44 23 20
32 41 37 20
38 62 7 43
28 34 14 12
39 61 14 8
0 58 32 1
16 38 43 2
48 34 53 49
19 0 46 32
12 38 33 45
58 0 11 31
38 47 30 42
14 47 26 50
37 7 61 5
45 34 58 32
10 48 21 2
52 23 53 36
45 36 27 50
5 52 56 41
62 53 51 48
56 39 22 12
63 4 1 20
3 11 10 38
2 16 13 17
16 40 27 33
2 20 42 24
22 23 10 49
55 50 14 45
61 53 21 12
45 12 1 5
17 55 43 37
1 2 59 35
2 49 9 17
56 10 52 0
5 23 14 39
58 46 18 37
61 8 30 1
13 37 21 26
15 3 9 52
1 30 44 26
39 31 26 46
46 25 24 14
45 47 3 50
47 3 9 33
17 20 30 62
11 18 8 2
63 49 38 10
21 42 59 7
51 38 34 57
21 48 0 61
20 46 7 0
15 4 31 62
38 22 41 61
55 8 54 6
35 43 51 50
44 48 13 27
37 25 17 55
12 34 37 38
11 42 26 32
49 48 44 14
18 24 56 12
7 39 59 15
12 35 8 63
35 19 62 32
33 2 55 43
28 62 32 46
38 47 44 1
0 29 40 9
59 57 51 5
39 19 6 7
55 44 33 41
30 41 61 24
53 11 57 20
51 40 58 25
39 38 47 31
58 23 27 52
29 50 32 57
12 55 0 33
36 16 34 22
54 61 33 8
2 38 10 9
61 10 17 33
7 49 16 20
30 52 24 45
57 27 19 20
43 18 50 29
42 33 17 25
55 43 12 9
59 13 30 27
20 9 44 26
28 37 23 6
13 41 11 16
36 25 58 20
4 11 18 48
3 21 33 38
21 23 6 15
28 45 2 60
38 26 13 11
62 39 9 35
19 6 3 24
54 38 56 3
51 54 57 25
61 46 44 47
8 20 42 25
47 21 29 9
16 29 36 17
63 13 11 10
21 49 18 15
60 39 51 50
10 54 38 31
57 13 6 46
62 45 42 63
26 12 46 39
5 35 1 8
38 49 3 46
50 52 60 11
50 15 26 29
36 6 60 44
60 49 30 25
21 46 59 17
46 4 55 14
52 26 55 18
7 41 27 12
5 51 48 11
28 5 47 45
8 15 59 43
0 54 9 33
62 46 8 18
52 30 8 44
30 13 44 50
3 6 9 61
40 30 48 36
58 33 50 1
16 39 52 24
56 11 31 41
42 49 63 41
0 48 62 58
8 58 44 30
54 16 37 30
25 4 38 9
54 2 27 9
57 44 27 41
51 23 9 14
63 29 50 45
21 22 49 58
42 25 18 47
15 18 52 19
55 4 23 53
29 0 49 24
34 27 45 43
5 25 53 42
35 31 2 50
49 12 13 5
36 37 24 41
50 60 47 34
25 9 37 12
12 36 43 27
32 22 50 48
40 13 54 26
30 13 42 2
8 50 12 63
27 1 61 20
38 57 55 33
12 55 54 49
16 8 18 13
50 55 15 24
23 49 63 60
55 58 28 37
20 41 29 39
5 62 37 42
56 41 7 31
55 7 35 30
17 35 19 63
3 16 35 14
31 3 21 62
37 63 61 33
60 1 19 55
57 37 59 14
37 63 47 51
19 11 53 30
60 2 10 27
2 58 32 36
61 21 50 46
16 17 42 32
23 3 8 7
46 19 12 33
43 48 44 58
22 28 31 33
19 3 1 38
36 13 61 27
22 59 14 7
2 26 44 33
37 3 4 58
16 63 49 42
16 33 29 25
57 28 10 4
42 34 52 54
14 0 8 21
55 61 16 44
61 8 63 49
17 35 28 15
39 31 25 46
27 42 44 60
18 7 8 43
50 48 32 45
4 26 24 54
55 25 22 41
20 6 35 40
0 19 41 35
41 12 6 53
34 39 2 53
3 50 21 5
63 2 52 56
12 14 53 26
50 6 42 53
30 44 29 52
11 0 46 48
17 57 58 31
8 54 17 24
59 32 61 10
60 27 19 5
52 37 36 21
2 55 22 47
32 59 62 36
20 7 38 56
41 53 0 17
17 62 10 37
46 60 51 2
27 13 54 31
40 30 37 13
24 19 25 63
13 31 46 28
52 9 47 14
51 22 6 49
46 16 0 35
57 25 28 14
42 0 12 39
49 39 6 63
37 44 15 42
1 62 22 29
17 4 14 44
63 43 17 13
9 14 27 30
28 31 41 50
49 24 37 23
63 3 51 29
51 38 22 25
31 27 55 29
9 44 60 54
58 36 10 55
13 17 46 22
17 51 22 12
57 15 9 3
23 59 53 11
17 19 13 9
26 51 2 54
19 53 9 4
0 28 4 3
36 7 26 37
8 58 42 60
17 42 22 14
8 24 19 20
35 53 19 16
38 49 50 26
59 35 3 63
39 44 0 8
61 42 46 17
28 30 62 57
28 62 16 50
10 0 39 22
50 62 9 32
11 28 12 36
18 28 38 11
5 42 61 43
50 26 11 7
47 24 28 61
45 62 46 21
41 11 52 62
56 49 58 57
1 9 7 12
48 6 51 18
55 19 44 7
34 18 26 23
51 21 15 44
62 0 2 23
51 10 49 37
49 12 29 24
15 53 31 62
37 54 6 48
32 45 46 52
6 2 25 17
53 49 6 10
47 37 16 15
27 59 40 38
21 58 8 2
19 9 16 17
51 15 45 43
4 47 0 12
48 46 27 8
45 13 20 11
13 51 31 57
10 59 11 58
17 12 55 40
61 33 49 22
1 19 39 18
9 60 56 3
58 36 27 46
5 27 49 57
63 46 22 36
4 43 32 11
34 55 8 47
56 44 21 55
41 57 46 44
60 31 56 5
62 29 51 7
28 31 60 18
33 39 11 56
52 13 39 24
51 6 12 56
3 52 53 30
6 3 46 50
49 55 51 8
1 43 38 23
55 31 25 59
41 24 8 6
61 4 0 49
39 29 54 11
56 63 24 59
23 44 58 26
39 47 45 7
56 10 33 58
18 59 46 1
5 58 55 62
15 62 7 41
12 47 1 35
61 30 58 20
1 41 61 47
48 13 19 47
44 10 40 59
8 23 9 47
16 54 44 33
46 10 37 62
23 0 40 13
34 35 8 41
7 30 31 42
56 28 62 21
27 35 16 24
37 2 49 3
46 28 10 8
9 24 40 15
2 52 1 13
1 53 23 6
44 27 21 11
10 8 56 23
19 2 53 43
46 52 11 58
45 22 6 44
2 21 62 12
62 47 13 3
59 15 53 8
32 63 59 11
63 58 25 50
12 30 38 43
54 4 8 44
62 51 28 8
41 53 38 32
22 1 41 53
52 54 25 13
59 33 40 8
13 10 34 18
46 57 37 36
61 46 42 15
46 38 52 13
41 7 56 45
61 5 33 4
23 42 25 43
18 13 47 33
40 7 9 29
2 48 13 35
10 34 30 23
37 0 33 36
11 62 43 61
38 40 16 22
51 7 8 59
47 2 7 42
47 25 50 11
43 1 17 3
9 41 3 45
58 46 15 41
17 46 52 40
60 47 44 52
39 51 55 27
26 55 11 13
49 53 62 41
0 61 62 55
1 27 32 45
62 50 59 18
29 58 32 10
32 16 49 63
11 14 15 55
21 31 39 54
40 43 22 63
13 19 57 22
62 45 46 32
59 7 31 51
52 20 30 42
58 63 52 13
36 55 63 23
11 56 27 52
12 36 3 46
12 14 53 35
0 38 45 53
6 45 27 39
55 9 29 4
60 15 52 57
34 51 43 62
4 62 16 8
51 32 35 24
61 26 17 43
7 50 24 15
14 42 28 15
30 53 39 6
45 17 46 38
54 1 44 49
25 51 44 41
31 29 52 22
7 10 54 18
23 6 7 25
12 46 39 13
16 5 53 18
6 39 51 38
6 27 51 7
19 7 61 2
4 52 19 0
9 17 19 10
25 43 33 37
9 10 20 61
57 22 17 12
12 49 5 16
34 19 54 4
42 50 60 10
2 4 21 60
54 7 4 57
9 33 49 3
44 7 40 24
59 28 21 58
55 29 48 13
17 14 39 27
43 13 58 12
3 55 2 56
11 15 61 55
60 17 43 7
45 16 8 15
31 53 8 24
16 41 50 31
35 40 26 7
19 14 21 54
12 38 55 56
38 21 15 33
9 39 11 28
51 28 27 7
30 10 14 29
51 7 46 29
56 37 39 47
42 60 21 29
50 26 54 29
58 2 40 19
6 9 60 33
52 4 26 46
42 55 6 12
24 3 7 49
26 21 62 60
62 34 42 53
17 6 42 0
58 3 48 49
17 20 2 61
28 50 33 18
10 35 53 39
6 49 31 48
33 35 58 61
52 41 62 12
18 45 28 24
62 58 17 28
17 22 62 47
18 58 50 34
51 32 44 35
18 49 6 17
4 9 2 0
50 57 20 27
25 18 53 46
53 43 1 17
28 41 13 56
37 7 3 11
48 52 36 30
9 0 42 23
9 40 59 57
7 58 38 26
23 60 46 12
2 55 54 28
39 3 8 50
23 32 57 37
24 43 57 13
12 29 0 36
17 61 2 24
32 40 45 38
16 40 26 2
14 0 36 61
49 0 24 13
63 30 25 41
48 56 37 1
17 60 38 39
51 22 52 25
30 57 4 50
34 59 35 39
29 40 3 48
49 14 35 13
24 57 0 25
8 61 57 29
46 26 29 49
42 6 36 20
17 40 28 1
0 61 51 52
46 0 62 15
29 40 2 38
61 51 2 34
24 41 37 48
33 41 13 11
53 50 5 36
37 1 35 44
50 21 51 26
28 19 39 42
32 7 40 43
53 54 24 10
13 25 29 46
31 57 15 47
30 10 62 26
16 39 29 13
41 62 35 28
40 25 10 46
9 48 39 51
5 29 36 16
44 60 63 62
10 40 32 20
24 50 25 19
48 30 52 59
61 54 40 27
23 42 21 8
60 46 11 63
7 24 21 13
14 22 9 19
46 48 16 57
1 63 13 29
56 6 36 22
15 37 18 39
41 62 2 51
7 4 30 2
4 30 15 19
42 3 15 59
6 33 58 10
11 21 50 61
24 20 13 63
45 25 56 8
20 60 37 17
41 47 14 52
61 13 45 11
33 31 27 41
52 50 3 59
24 34 18 16
10 41 58 54
59 15 25 0
57 18 38 37
63 1 41 28
20 52 46 45
35 38 62 2
37 8 2 52
28 15 56 5
36 34 39 57
50 42 51 39
8 14 41 60
3 44 22 26
55 45 28 52
44 17 50 11
18 42 54 23
38 41 20 55
53 38 0 17
56 16 25 42
28 18 9 22
5 3 62 30
39 38 29 62
35 11 34 8
29 22 59 49
60 15 47 12
29 41 31 37
3 8 58 32
23 49 11 25
4 43 48 52
13 46 26 23
49 12 2 11
12 24 56 53
44 12 1 33
58 52 26 34
27 38 3 26
11 31 37 16
9 35 60 63
60 51 28 40
16 15 33 1
23 11 55 50
34 46 16 29
51 30 39 20
0 2 51 59
54 38 59 50
46 63 56 47
54 50 23 7
13 48 9 44
63 38 50 42
48 23 8 56
62 43 47 63
53 39 1 9
25 52 38 12
57 40 0 6
32 48 51 18
15 22 33 43
61 21 38 31
33 19 5 39
19 38 23 54
60 17 44 13
58 49 44 19
10 49 8 51
9 23 11 55
31 32 12 59
16 23 36 53
16 20 1 28
25 31 45 56
8 32 2 7
34 59 30 5
63 53 59 15
63 36 12 55
19 59 36 14
40 26 7 36
14 37 28 13
16 30 40 45
25 40 62 6
0 62 37 22
30 14 11 36
57 29 16 53
47 59 16 35
24 45 56 29
62 50 10 14
55 5 58 53
61 37 33 6
4 8 1 29
47 50 46 35
16 26 27 50
10 15 36 21
12 54 28 39
0 47 45 32
26 11 57 12
14 29 0 30
47 40 59 58
37 46 12 59
61 41 14 18
39 44 30 2
20 63 25 35
52 7 45 40
56 62 47 35
57 17 22 11
41 40 18 49
31 30 26 7
62 39 33 58
40 62 14 32
57 22 36 33
15 53 21 30
38 49 5 1
33 30 37 15
19 52 44 9
20 7 15 59
37 42 3 0
6 37 44 57
27 45 19 6
19 31 34 40
26 23 61 22
26 35 43 54
7 3 41 28
40 60 32 19
23 10 37 0
37 31 49 3
8 62 54 11
53 36 24 22
34 13 44 56
27 55 43 24
61 5 52 36
56 55 6 35
21 15 29 40
10 6 17 21
51 60 28 27
55 24 6 17
46 26 28 19
16 35 43 4
12 8 43 46
46 28 57 15
30 41 45 59
33 20 14 18
21 44 49 6
9 63 22 15
7 22 2 40
8 36 42 24
23 2 0 52
55 26 5 30
49 55 37 19
6 27 40 17
29 30 26 62
45 62 30 58
38 48 57 12
19 13 56 14
3 43 29 47
27 48 61 17
40 60 9 44
20 59 33 32
7 61 47 17
35 43 47 19
25 33 23 14
57 18 55 52
55 21 45 36
37 49 38 33
49 60 35 23
31 12 30 46
57 31 55 62
26 43 27 13
37 12 21 44
56 8 62 9
54 42 33 62
37 27 22 58
21 12 51 30
51 20 63 60
3 37 39 47
25 27 57 16
28 39 60 33
47 2 53 3
51 24 11 47
40 57 50 47
43 26 23 28
38 16 8 50
1 20 35 57
26 10 49 22
57 1 20 28
19 2 42 26
53 14 32 51
61 3 5 21
15 6 54 61
44 56 46 61
0 52 42 4
6 59 52 16
40 2 28 22
57 17 44 2
62 40 9 6
35 56 13 27
44 57 11 51
1 44 52 4
62 44 12 11
13 51 1 49
20 6 3 22
50 27 21 3
31 27 29 1
34 29 30 31
0 56 18 15
62 38 50 45
22 55 7 27
12 18 36 38
49 21 27 45
53 29 40 60
5 4 6 9
36 2 27 42
5 22 23 63
27 60 25 56
11 57 62 22
31 49 62 3
4 25 38 35
57 54 25 50
40 50 49 25
52 0 40 58
0 43 11 41
44 53 38 56
40 30 47 25
38 43 35 28
11 39 38 50
43 53 47 40
53 58 36 18
39 5 26 31
51 7 42 55
34 47 39 27
39 12 50 37
21 47 34 26
25 59 52 7
51 1 26 36
45 56 43 49
51 63 5 42
4 0 55 60
31 16 3 38
25 50 1 29
43 20 53 30
33 46 3 24
39 11 50 57
9 24 3 63
47 4 22 17
8 25 4 56
56 36 55 0
37 0 25 54
37 52 19 33
26 9 17 52
39 16 31 41
31 10 42 4
44 7 15 53
47 9 46 27
40 38 1 59
0 25 34 4
3 12 32 21
63 52 40 18
27 24 50 35
15 61 25 22
63 47 23 45
12 6 40 16
63 19 22 41
33 61 16 58
56 63 62 30
48 29 0 33
60 8 47 9
21 19 28 40
13 18 23 50
39 37 50 8
4 3 0 7
43 61 35 27
31 35 45 61
37 47 32 19
12 58 8 32
58 45 43 24
16 38 60 13
25 61 28 36
31 15 35 20
47 42 52 44
22 35 46 16
34 19 2 9
60 18 31 8
24 1 43 2
4 10 51 28
54 4 61 34
9 11 26 20
54 51 12 40
45 27 9 61
48 12 20 39
38 36 26 42
41 42 50 34
42 40 19 31
32 13 25 20
30 18 6 28
29 39 1 12
9 13 10 40
17 50 13 35
62 13 54 20
26 1 7 59
28 60 38 11
8 13 56 11
55 46 53 33
56 13 4 42
9 20 8 40
2 18 24 39
43 5 3 33
2 45 32 37
24 9 13 0
21 33 41 43
51 17 0 61
19 9 41 40
41 29 49 60
2 31 53 7
52 46 22 38
63 17 19 5
44 18 51 23
29 25 1 44
62 19 25 26
47 44 24 17
16 44 34 3
12 25 58 10
24 16 19 3
58 1 20 10
19 34 27 45
60 4 19 8
23 7 13 60
47 36 5 2
40 22 7 27
40 24 26 6
61 32 18 15
41 47 17 40
24 41 55 54
4 18 53 11
57 48 32 2
23 53 7 52
41 48 33 46
3 50 25 24
18 43 23 40
23 53 12 55
60 32 62 49
36 47 26 22
33 51 14 46
2 37 45 3
21 9 38 12
38 54 13 12
21 51 10 8
41 19 55 58
3 61 35 30
19 4 58 40
7 32 35 57
8 28 46 56
34 24 20 50
22 37 40 53
0 8 16 62
2 20 10 30
34 54 46 41
2 17 63 14
46 15 22 54
22 36 20 19
33 25 0 59
1 21 22 41
44 18 21 53
55 51 49 50
18 56 16 63
41 37 17 42
53 6 7 36
6 62 22 48
45 37 8 40
57 22 17 15
29 45 34 15
41 9 37 12
30 58 6 55
10 48 23 40
39 15 12 24
45 19 48 46
53 14 4 62
57 7 52 18
25 50 45 42
62 42 10 52
50 47 13 35
2 32 23 5
38 0 7 48
56 32 11 25
63 10 16 2
26 9 62 49
35 34 60 52
16 10 47 2
54 63 61 28
1 45 12 59
40 23 0 33
53 28 6 48
42 55 24 26
19 61 44 52
3 50 5 44
1 28 38 62
26 34 44 31
40 59 17 27
15 25 43 13
29 45 53 14
47 17 0 3
10 62 3 54
20 36 41 54
58 12 57 33
44 43 8 21
49 5 12 10
11 28 30 6
44 46 13 60
2 1 52 7
42 40 37 16
29 60 7 16
55 6 2 30
55 61 54 30
61 60 30 7
60 21 63 19
20 8 52 24
49 39 53 26
58 43 37 55
18 59 36 11
8 50 58 19
35 24 6 60
16 6 3 8
50 17 43 2
19 38 55 24
62 8 63 50
34 43 1 30
10 16 13 15
53 41 55 37
24 63 18 46
39 34 6 28
46 42 62 25
6 38 47 3
51 54 25 46
40 20 4 46
48 26 29 9
52 17 50 12
12 16 10 42
6 48 56 38
42 44 34 17
49 3 43 27
56 15 18 45
31 23 63 61
48 44 40 17
48 37 55 38
47 31 59 52
56 6 51 36
9 11 27 26
56 45 50 35
38 16 48 17
7 30 23 26
10 58 2 32
27 22 46 50
28 17 52 56
24 41 63 53
34 15 11 61
1 3 60 63
0 60 51 55
32 43 23 46
7 51 46 47
25 56 35 20
6 63 29 20
20 9 3 46
13 23 2 43
45 55 23 3
53 24 41 55
52 11 42 62
42 25 46 49
61 4 38 34
52 34 24 37
32 11 44 35
46 11 9 31
52 47 49 19
3 33 56 26
30 48 11 24
16 24 33 58
45 2 25 47
39 56 31 32
2 54 44 40
23 22 39 31
51 23 18 3
12 43 54 8
14 58 41 30
3 58 19 56
16 18 2 22
43 27 60 50
5 3 47 37
20 21 63 39
17 3 42 5
23 49 7 14
43 41 32 28
28 10 0 19
47 60 9 27
55 60 33 46
45 5 42 16
30 24 27 12
0 37 42 41
57 63 32 27
5 47 27 43
29 12 33 52
23 15 21 55
4 18 57 38
50 19 38 7
7 44 14 31
55 10 45 3
13 34 32 61
5 22 0 61
1 5 25 32
48 3 18 9
38 45 52 25
0 59 63 15
51 7 40 30
13 2 49 18
7 27 42 47
0 6 31 49
3 55 10 21
61 56 16 27
42 10 54 48
26 63 24 34
31 19 52 33
60 10 24 28
22 27 16 24
26 48 55 17
10 18 13 59
21 24 1 41
2 46 54 5
34 2 20 50
2 48 6 28
9 57 28 2
63 57 56 32
21 51 33 57
21 55 61 32
9 15 30 55
13 45 35 0
16 44 62 30
30 28 7 19
45 19 22 16
3 52 33 54
39 48 61 41
30 53 60 52
28 43 0 22
39 52 37 34
42 19 61 43
17 27 31 39
1 35 39 24
61 50 12 2
54 13 47 0
35 33 26 3
9 19 28 35
9 16 61 56
36 62 58 10
59 53 37 5
28 61 17 58
31 25 4 35
60 62 9 59
61 0 1 25
2 22 51 50
32 24 19 8
16 17 6 40
26 48 4 49
10 11 34 30
26 60 49 40
26 3 27 40
48 46 1 39
34 57 24 60
51 16 44 62
11 55 52 15
28 21 24 36
26 39 41 11
17 34 5 45
32 45 58 13
24 56 4 48
46 48 11 32
31 37 29 52
43 7 23 34
17 52 55 24
43 6 21 51
8 46 11 12
13 5 61 55
41 24 36 32
7 58 33 11
35 27 46 39
9 8 34 57
27 21 55 3
0 50 18 54
45 52 7 37
31 42 28 21
51 17 4 46
54 8 36 26
5 11 4 46
12 4 55 3
45 58 34 18
57 51 26 23
4 23 56 25
31 36 48 20
45 59 42 29
25 56 47 44
8 37 18 63
21 48 30 62
4 24 15 62
10 9 6 40
3 53 57 15
16 14 24 5
47 3 60 12
22 16 48 5
34 10 48 45
8 20 22 30
15 38 7 62
58 43 36 38
50 15 21 28
20 28 61 15
24 49 12 2
19 11 9 45
30 10 3 24
5 57 6 18
16 11 48 6
31 62 48 17
45 48 52 25
34 29 3 12
38 23 63 33
1 16 58 49
36 59 58 54
59 35 44 39
48 29 49 61
60 52 28 57
56 27 25 46
53 57 23 1
42 62 55 4
40 3 20 22
56 58 6 52
60 62 26 2
13 43 28 1
34 61 55 56
48 63 27 37
44 53 10 57
51 10 37 45
41 38 22 14
3 39 20 55
42 12 49 0
62 43 19 33
60 38 4 56
28 33 26 61
20 53 38 39
17 24 9 16
52 6 1 30
38 48 6 16
34 32 47 8
58 10 22 28
18 56 11 52
59 40 23 62
12 18 34 40
39 32 30 11
34 61 48 58
57 25 14 11
17 58 16 33
26 48 4 23
42 49 5 13
21 36 19 43
1 39 18 55
36 25 37 16
6 27 46 16
42 11 26 36
53 1 52 44
51 32 63 24
17 56 2 52
56 50 7 44
8 10 12 5
16 37 21 12
50 39 43 37
3 55 16 31
50 42 30 21
4 46 29 13
41 25 0 17
16 28 15 57
1 50 55 25
61 35 44 1
9 3 14 41
29 39 43 47
39 30 27 15
3 27 44 42
53 21 6 61
29 20 48 47
52 6 49 27
29 33 41 13
11 2 19 21
63 21 38 36
57 16 46 62
20 2 40 21
59 49 0 30
2 49 21 3
22 24 38 29
57 63 40 62
34 3 46 5
54 35 17 37
25 11 41 44
14 40 36 35
32 61 15 25
7 4 21 38
45 27 46 63
24 44 39 18
49 19 54 57
19 50 23 34
9 43 47 31
54 61 47 15
19 55 63 17
47 59 38 43
54 63 5 47
28 30 49 7
61 13 21 20
29 25 8 44
60 28 9 29
23 8 4 52
8 61 53 58
25 30 54 59
0 42 36 17
4 60 9 39
5 61 47 34
51 37 7 16
39 3 34 33
0 56 44 61
58 45 11 15
38 62 13 21
24 52 20 23
44 59 36 20
3 44 14 25
47 26 30 57
41 11 27 32
35 36 32 47
57 62 23 5
62 56 3 15
41 55 49 0
25 21 43 13
9 56 32 0
0 46 19 40
49 32 37 9
11 52 17 0
15 55 16 2
5 34 28 49
6 35 56 31
53 43 63 39
37 53 28 47
50 31 55 45
45 41 22 56
58 3 19 35
56 7 63 32
18 31 40 57
9 61 40 42
1 7 28 3
0 56 37 35
8 41 55 33
0 6 57 23
21 38 9 14
47 1 56 58
1 47 3 21
58 26 45 39
51 17 30 57
13 48 24 23
41 31 21 63
42 45 46 0
36 59 25 41
9 8 3 50
2 49 45 31
53 17 13 16
63 56 50 44
53 37 38 35
31 47 3 12
40 29 1 54
43 27 3 58
34 0 27 9
47 19 27 32
4 3 12 36
18 58 57 46
26 41 43 4
10 3 28 18
41 6 33 4
3 8 48 13
26 25 45 23
20 37 44 11
47 24 7 38
28 43 50 0
40 58 0 50
52 1 45 40
39 35 60 24
51 29 13 35
39 56 62 25
34 26 29 46
47 29 13 36
32 50 16 11
51 26 18 23
12 24 33 32
59 39 56 52
37 43 48 24
37 46 21 1
56 59 17 49
44 43 62 3
50 52 8 12
42 54 31 1
5 50 54 46
48 33 17 39
33 24 32 31
54 5 42 21
23 38 55 31
51 37 8 25
12 62 63 23
2 11 22 24
62 56 6 44
48 34 44 25
63 36 59 13
47 5 52 27
57 42 24 33
49 59 25 14
9 34 33 13
10 5 48 37
29 28 18 41
56 18 8 1
44 34 46 60
19 51 28 49
52 24 4 28
32 49 59 48
0 15 52 48
15 35 5 52
45 39 30 4
29 8 18 60
61 1 46 8
30 34 26 36
36 4 25 43
46 27 0 13
1 12 60 26
41 56 63 38
25 40 48 36
42 9 52 41
0 50 45 55
17 38 24 40
5 0 23 19
23 61 46 63
3 32 25 11
16 52 25 14
56 43 15 5
42 10 37 28
23 4 12 60
56 29 39 5
55 57 49 26
11 37 6 49
42 22 8 60
58 9 57 12
33 30 40 54
40 32 30 9
35 11 7 9
38 52 1 63
51 54 61 26
32 54 6 35
32 29 4 7
6 36 41 17
22 1 24 0
8 32 19 34
37 27 60 62
45 48 44 8
12 8 31 20
4 6 54 36
14 23 31 18
32 36 23 44
43 56 40 35
20 43 13 28
46 1 54 38
62 60 53 25
30 50 14 28
3 22 21 8
0 24 43 46
56 61 12 32
56 58 44 17
50 18 45 32
20 2 9 54
50 21 42 40
32 61 29 26
6 2 18 22
48 38 46 9
4 47 48 26
1 11 58 28
45 34 35 46
13 8 1 0
35 6 12 55
22 16 40 36
22 48 38 1
46 8 48 0
53 35 19 10
5 30 38 62
49 54 27 17
46 34 54 41
42 45 15 47
62 53 58 22
36 48 11 10
11 39 57 35
50 55 31 40
54 60 5 18
15 11 59 48
26 38 52 58
48 23 45 36
24 13 50 17
57 30 22 26
60 10 33 31
32 9 46 29
60 26 46 14
34 28 51 7
36 8 25 60
22 16 15 9
12 19 6 29
43 6 32 38
5 31 4 20
47 61 30 56
18 28 21 10
20 12 52 44
6 29 44 60
36 61 15 54
55 22 23 18
41 23 6 32
55 12 61 54
9 57 22 45
27 10 48 61
24 34 30 19
39 46 38 13
57 30 62 55
31 4 48 13
24 11 28 7
54 2 8 0
1 36 55 49
25 38 45 39
58 39 53 47
43 28 33 59
34 21 7 10
12 44 55 9
38 7 23 10
31 20 21 48
1 24 43 11
32 28 4 36
15 5 35 31
18 33 20 29
4 56 26 48
9 22 55 42
63 62 3 32
16 5 14 23
7 1 9 41
60 42 27 22
61 17 33 11
42 6 58 30
47 29 46 5
63 8 40 56
60 0 2 12
11 24 44 19
24 57 62 16
25 62 59 30
33 35 11 5
0 34 8 2
21 46 41 40
5 1 40 9
19 37 50 60
54 17 63 55
52 22 2 38
26 54 32 16
60 21 12 28
34 5 17 10
26 56 11 32
57 20 10 42
56 22 53 58
37 43 39 13
59 40 41 35
55 58 61 41
31 61 5 27
0 19 35 55
57 14 26 29
11 29 45 20
43 49 34 2
57 26 25 36
4 8 17 10
58 10 14 55
53 31 18 41
25 40 14 53
46 60 40 35
42 21 15 55
62 13 8 38
21 44 4 41
63 12 61 46
20 0 60 10
39 22 29 60
6 62 20 19
11 24 13 44
30 59 5 10
13 37 34 19
15 52 38 61
9 60 24 16
2 50 37 10
46 8 26 33
47 11 5 46
21 39 37 53
57 42 40 23
18 17 53 22
43 39 19 40
24 18 1 23
27 16 55 62
21 37 18 49
36 32 34 31
52 41 32 12
25 7 45 3
58 30 46 52
0 3 43 35
61 32 33 24
44 40 48 49
17 16 1 62
1 40 52 10
22 9 19 38
10 0 12 26
9 21 61 44
15 49 20 7
38 45 3 9
60 32 55 41
26 35 2 16
8 11 48 38
21 45 31 9
60 56 24 54
37 4 3 54
50 28 25 60
34 38 42 46
51 42 40 1
56 14 2 62
34 23 39 58
15 29 25 31
55 43 41 39
2 20 52 21
58 40 5 8
63 41 6 49
36 9 55 32
22 40 59 6
24 41 47 59
17 63 23 28
19 7 32 59
61 43 38 58
28 49 61 37
22 56 24 11
21 42 1 61
27 21 37 61
27 55 20 1
30 57 51 62
57 21 43 1
40 10 5 45
35 8 2 11
49 39 44 22
20 61 49 11
49 7 27 40
34 43 52 15
25 30 54 31
41 16 40 2
30 41 17 11
51 21 5 49
36 48 8 12
2 41 35 34
47 61 20 1
62 22 8 4
15 22 31 4
20 16 44 54
19 23 20 54
7 49 16 18
41 47 62 13
22 19 2 17
35 34 21 11
4 2 59 54
41 30 23 55
33 34 0 17
28 7 25 24
56 12 14 41
34 3 19 57
4 29 56 30
41 3 50 32
53 49 43 29
36 33 34 8
45 34 22 33
3 60 63 10
19 7 34 11
19 31 3 53
59 10 13 60
23 10 21 4
46 59 22 7
52 34 58 53
50 18 63 35
62 60 20 0
21 7 45 38
3 60 21 1
25 26 60 21
32 25 49 48
30 42 20 19
26 44 29 20
6 59 25 5
23 4 31 14
24 63 47 26
5 34 0 51
56 54 41 19
56 10 22 37
39 52 37 41
52 16 3 25
58 18 6 22
20 6 22 18
17 57 0 40
58 44 48 33
43 8 34 38
22 2 25 53
23 54 61 63
40 25 26 32
48 21 7 54
36 23 9 10
55 48 42 5
44 9 12 56
54 22 8 60
61 63 15 14
41 61 27 8
49 38 22 14
41 50 27 46
21 40 22 51
7 49 36 30
16 43 22 51
7 61 25 6
44 28 3 21
18 34 28 5
23 27 46 36
35 15 63 39
34 36 5 48
51 49 57 40
56 60 21 35
58 48 50 29
20 9 51 26
13 3 50 24
43 28 1 31
26 47 4 24
24 43 1 41
16 52 3 36
47 39 22 5
52 29 22 36
57 39 13 44
17 27 8 47
48 58 17 47
27 61 25 38
23 60 6 14
9 57 43 44
61 5 17 54
4 42 15 48
12 56 30 40
49 16 48 46
0 63 13 2
36 21 15 41
0 35 1 3
9 53 50 29
31 36 61 49
20 9 60 0
31 38 2 42
32 41 3 2
31 15 39 54
23 39 42 43
16 51 26 27
8 22 9 30
25 12 39 61
51 20 49 22
19 28 15 34
12 46 28 23
8 42 21 39
24 51 32 25
22 7 32 51
10 8 11 16
4 26 11 56
26 7 63 12
32 46 40 12
24 27 32 0
39 21 28 42
40 27 59 12
54 38 14 60
59 29 5 46
29 35 28 13
10 1 24 36
3 28 37 52
14 16 63 23
14 34 7 8
1 21 31 36
61 33 9 43
28 59 3 48
9 3 26 25
36 22 19 62
13 2 35 25
10 57 45 31
58 30 0 6
40 52 2 43
7 52 21 51
38 47 9 17
14 22 15 43
59 56 54 8
53 14 15 19
35 12 42 14
21 9 15 29
26 57 7 4
4 36 28 17
47 12 16 17
32 9 56 11
57 50 40 18
26 49 50 32
10 13 19 49
40 11 14 51
6 22 42 29
27 57 10 45
37 59 60 52
30 62 25 41
1 25 38 41
52 36 45 32
62 8 48 36
45 19 9 29
40 36 10 60
50 46 6 61
6 32 49 31
37 7 43 9
28 50 30 17
34 50 60 2
59 43 52 14
12 17 52 19
0 5 34 31
10 53 6 37
42 17 34 48
31 62 21 2
11 15 19 61
56 55 13 38
55 54 58 45
4 32 23 27
49 8 28 46
23 48 38 62
55 40 11 41
26 47 14 48
46 18 57 24
15 60 3 0
29 18 45 48
21 20 24 58
62 47 34 0
17 3 6 40
62 6 59 2
34 45 4 43
42 9 35 56
18 29 1 27
57 4 35 24
58 42 5 29
38 28 7 2
47 34 40 49
7 18 21 0
34 62 12 53
21 22 28 35
26 60 59 56
62 1 43 17
36 10 9 47
27 60 16 33
15 1 20 10
25 46 24 62
57 63 60 25
62 0 20 27
41 57 10 8
60 56 22 16
61 15 21 7
19 41 56 1
10 39 21 20
52 12 5 53
39 26 2 29
49 33 36 7
61 32 26 35
22 42 5 15
4 29 47 56
20 44 56 3
46 63 28 35
20 1 30 5
24 58 16 53
52 15 2 1
44 28 57 5
51 45 18 20
19 59 43 55
61 20 56 28
13 23 44 6
8 10 59 36
35 48 23 18
22 56 30 36
46 17 60 15
52 5 10 21
49 12 45 5
39 62 57 23
20 45 4 11
6 44 17 56
14 37 1 54
4 25 40 10
18 0 38 56
42 37 27 30
34 4 15 59
20 11 14 33
5 26 40 54
35 55 62 16
9 4 61 2
61 34 2 37
14 40 55 13
1 25 61 3
38 29 55 11
61 46 49 33
39 48 27 54
56 45 33 48
9 56 45 32
47 15 19 24
36 52 38 19
40 27 2 26
10 55 26 41
3 24 42 25
6 50 60 20
35 34 12 47
20 28 37 9
0 46 37 51
7 26 29 28
55 24 26 20
4 43 0 24
14 52 34 47
28 22 3 59
13 19 29 14
43 14 26 60
55 14 31 63
45 50 33 37
58 39 20 23
37 42 27 4
61 55 24 32
22 39 23 17
63 36 62 23
38 54 61 51
34 10 13 7
43 18 34 37
44 41 58 5
48 26 41 50
21 16 36 15
21 30 3 54
30 53 61 1
32 47 21 12
11 43 59 21
21 54 19 13
9 41 50 7
23 55 12 0
36 19 39 43
3 56 17 26
34 47 49 36
61 4 42 44
45 55 31 63
28 19 15 27
54 25 3 6
57 52 21 28
4 16 7 61
13 44 50 33
6 58 18 31
29 58 17 53
63 49 14 54
57 63 30 27
21 55 49 25
45 59 22 8
33 57 4 3
53 34 21 0
39 7 6 52
13 32 38 50
53 33 30 16
45 47 10 56
56 27 26 18
48 38 43 49
37 57 9 46
56 33 38 26
0 17 57 2
24 2 19 58
37 8 27 55
20 47 30 5
33 31 27 3
14 16 61 62
15 14 17 63
16 45 60 23
53 30 14 12
34 12 52 59
18 49 3 7
11 49 60 45
53 13 6 62
8 50 10 51
42 23 46 10
54 51 48 8
20 63 47 42
54 33 15 51
60 39 48 2
10 8 53 38
23 56 35 30
38 50 52 27
49 60 3 26
4 34 25 19
17 33 16 63
31 62 25 49
51 40 49 25
16 52 13 30
14 2 45 48
43 2 29 26
2 7 33 46
25 17 62 29
60 8 15 56
2 6 22 40
7 57 13 8
35 42 7 23
10 18 60 12
57 10 24 39
23 58 9 35
8 54 62 14
37 36 23 3
33 5 58 24
43 8 47 11
42 23 59 28
12 16 29 30
19 23 60 45
25 7 61 55
45 54 37 5
12 32 14 38
56 35 4 18
50 19 56 20
35 6 32 7
60 5 2 52
20 32 35 31
32 9 22 50
14 20 62 34
28 38 13 61
43 54 38 50
4 54 6 29
57 27 59 33
37 31 35 62
4 15 46 23
32 56 46 15
17 20 15 30
40 44 42 6
3 43 2 18
60 8 10 30
30 13 39 63
60 3 29 45
56 22 36 30
36 41 9 49
23 1 32 18
32 53 0 54
41 29 7 49
62 48 47 33
7 12 18 21
18 20 3 46
51 13 43 50
41 18 55 57
41 3 29 5
51 41 58 38
29 27 40 8
47 15 17 41
23 41 2 44
17 34 42 57
15 33 42 25
62 55 13 3
35 59 57 20
61 48 44 56
42 28 45 32
46 44 9 18
55 34 29 28
26 49 15 48
23 24 43 21
20 39 8 7
3 47 37 52
31 27 10 19
61 21 0 25
7 15 44 50
33 56 44 32
63 6 7 20
37 24 36 0
51 53 3 55
47 13 10 46
26 15 8 6
16 43 33 4
23 40 20 26
63 47 37 61
62 29 11 52
48 23 10 9
51 41 10 44
23 47 1 43
55 14 8 22
3 12 24 53
39 15 49 12
63 52 48 35
44 54 46 18
54 35 30 24
4 23 7 21
10 11 57 32
22 53 63 62
57 55 13 58
50 17 61 52
4 50 18 32
55 28 49 33
33 46 32 21
8 20 7 57
61 25 16 14
12 53 20 49
28 60 31 7
53 48 47 50
38 24 50 37
34 38 33 42
57 50 25 31
26 38 40 2
24 22 43 3
18 33 57 51
36 49 6 31
51 10 19 50
1 61 20 40
5 25 61 1
37 30 6 58
19 55 56 3
17 37 32 2
4 63 22 18
10 45 28 41
24 54 20 22
5 34 27 33
31 35 60 49
10 50 28 3
13 58 17 42
42 22 60 23
60 52 24 44
7 19 59 21
53 2 11 63
32 62 31 10
3 5 25 21
61 45 42 27
61 31 51 6
32 26 62 21
27 20 14 19
33 32 46 31
59 56 46 8
37 57 26 59
21 26 11 54
62 3 8 29
6 46 25 48
43 28 14 10
29 4 18 49
54 27 3 34
8 10 42 14
51 22 42 12
31 33 58 2
50 32 2 49
28 10 49 2
43 19 20 15
43 3 41 55
45 60 34 43
3 16 34 14
61 8 48 6
28 61 4 12
22 31 63 57
30 6 59 11
2 18 48 3
18 12 35 50
63 28 17 61
30 25 63 24
33 3 6 41
31 58 6 27
15 34 13 53
12 52 39 60
31 36 40 44
24 52 26 33
58 8 27 62
9 36 15 42
28 26 15 8
6 18 7 30
48 55 51 46
1 43 15 33
56 35 60 58
24 45 14 28
27 8 2 38
56 31 9 18
55 38 40 29
15 16 50 19
40 12 11 59
48 9 38 30
35 32 10 21
18 32 36 19
19 39 21 27
11 23 33 31
47 14 17 52
48 20 57 10
52 49 43 40
42 26 38 41
56 38 2 20
11 53 6 59
45 21 1 27
45 41 2 10
23 21 15 29
13 26 6 36
7 6 38 29
34 52 60 42
5 49 47 11
51 3 34 29
44 57 6 23
24 47 43 57
53 16 47 9
2 42 28 3
53 21 4 18
28 27 6 19
53 48 44 30
10 33 63 15
9 35 15 34
62 42 40 63
59 46 3 25
57 53 59 39
23 27 50 31
56 52 57 45
35 29 48 61
60 45 13 24
16 53 3 42
20 40 49 10
61 31 11 18
0 20 21 56
13 11 44 38
60 35 9 5
12 41 17 7
5 52 37 42
13 54 0 46
41 53 32 58
33 2 25 59
2 38 8 31
4 34 19 3
53 63 62 36
56 57 5 50
63 52 23 10
1 42 53 28
56 63 50 32
22 36 32 51
2 35 41 32
55 57 12 16
28 11 18 58
19 58 39 8
29 17 18 52
9 39 54 1
23 34 41 36
25 33 59 8
55 26 42 14
8 17 30 21
4 21 43 13
59 58 32 49
51 1 21 27
49 33 6 45
15 52 18 47
26 12 30 0
7 19 31 12
6 45 14 11
56 3 33 43
50 3 57 38
2 43 58 15
55 9 11 37
41 10 30 58
45 2 33 46
21 10 33 46
53 51 40 62
36 48 18 23
63 56 50 44
49 0 60 58
24 50 54 1
18 16 51 39
48 24 31 1
24 63 3 55
35 29 19 58
62 40 27 8
38 19 33 32
47 43 50 11
41 38 29 16
24 58 32 17
13 44 25 43
7 5 22 61
50 26 56 13
9 24 8 59
53 48 16 58
2 33 18 13
22 57 9 53
8 20 54 4
34 0 28 2
56 63 46 14
22 58 28 14
54 35 43 7
33 10 16 13
55 52 0 51
54 58 41 57
61 15 52 49
24 26 63 55
52 30 62 46
30 27 29 13
60 56 39 35
60 24 56 46
42 49 31 23
25 57 50 17
13 61 24 5
14 13 25 54
40 45 36 55
4 0 54 25
62 49 3 41
41 51 25 59
40 58 59 46
24 10 55 34
29 60 56 9
12 2 47 26
24 5 58 42
59 40 23 30
14 32 17 38
38 3 25 10
44 20 29 16
27 56 0 40
27 15 11 12
10 56 11 52
19 23 22 3
46 35 29 53
1 57 42 43
9 59 60 41
7 20 54 45
23 22 8 49
42 6 12 31
60 7 5 33
60 46 10 49
31 21 4 27
41 36 29 60
30 18 35 37
42 55 47 34
6 41 3 29
5 52 54 41
52 41 62 61
62 35 36 33
60 19 22 3
13 47 26 57
61 53 49 42
27 19 43 56
46 33 60 29
27 11 54 43
16 48 22 7
40 31 17 53
28 6 43 37
32 9 13 54
25 40 3 15
9 52 49 44
47 25 2 11
52 28 27 10
4 43 2 61
39 46 49 20
28 33 34 16
35 7 53 20
52 46 30 16
55 32 53 63
45 55 27 32
42 2 0 18
62 13 43 31
3 29 21 63
61 6 21 4
23 2 47 27
54 33 55 15
1 23 45 21
43 40 25 19
25 36 44 59
34 57 7 9
41 35 27 15
8 55 1 4
49 39 41 40
53 10 12 47
40 59 10 46
16 46 20 18
40 41 33 6
30 34 56 28
7 9 29 39
9 59 17 55
6 34 24 3
33 23 19 18
37 23 57 44
27 48 29 36
10 18 49 15
41 32 40 45
31 23 2 45
60 50 4 25
58 52 33 35
59 57 38 6
27 28 35 51
10 43 55 25
57 3 63 35
60 49 34 15
40 31 13 27
21 61 41 1
21 56 11 48
50 34 7 43
39 48 22 41
14 49 9 36
25 6 32 52
52 13 62 18
48 29 24 13
27 63 4 5
47 25 8 27
53 29 44 25
30 11 48 26
42 35 54 20
28 56 49 29
22 38 53 62
22 17 28 11
24 0 62 14
43 15 51 33
49 8 25 48
11 55 59 12
47 51 22 58
28 16 17 60
31 44 14 58
0 45 21 17
63 7 2 42
6 5 39 50
62 44 50 4
33 27 7 44
8 56 30 38
6 51 5 34
48 34 8 26
10 36 63 35
54 42 20 15
29 60 3 58
37 36 45 38
53 4 23 60
20 49 31 46
46 32 30 26
13 38 29 55
15 10 1 33
42 41 36 3
27 54 37 61
35 63 6 26
45 35 16 7
49 22 17 4
11 10 47 54
62 51 4 36
62 7 31 60
7 1 9 45
40 25 43 10
16 23 37 28
22 43 40 53
9 14 31 62
14 48 18 42
6 51 34 32
32 62 53 56
38 50 3 59
48 40 33 54
58 41 24 48
22 55 47 21
40 54 36 5
50 32 54 22
11 55 63 19
1 3 17 29
0 33 7 40
0 16 2 50
7 54 62 30
43 28 40 63
49 0 4 30
35 33 9 30
47 28 39 7
55 20 36 27
48 45 38 46
51 40 12 43
60 41 55 49
36 46 23 59
54 7 23 13
53 0 3 11
52 51 36 62
44 37 34 48
4 61 24 32
59 32 49 47
62 17 51 0
7 16 33 0
27 63 57 53
46 40 33 17
26 13 21 4
4 52 62 57
18 14 10 11
42 56 11 26
23 49 45 0
27 12 40 45
33 25 17 56
60 0 12 10
39 50 11 62
59 36 10 1
29 34 49 20
6 34 26 19
13 52 49 0
21 3 15 61
22 52 45 13
7 40 51 34
14 20 33 60
10 53 35 1
23 16 5 42
37 59 0 23
9 46 14 24
1 17 14 36
31 34 63 7
6 8 5 4
22 37 48 54
27 52 35 63
18 14 38 30
36 0 50 35
24 28 25 55
13 40 9 24
22 24 61 8
60 0 18 29
6 54 56 51
45 13 24 28
12 60 41 5
34 6 62 31
11 56 26 55
51 7 14 20
19 25 15 54
25 11 24 6
62 30 22 51
29 22 21 47
48 40 4 20
1 37 21 18
3 19 5 40
12 7 29 52
33 20 21 38
23 48 32 47
51 34 59 52
9 16 8 15
50 26 5 54
35 46 1 33
16 56 14 27
34 58 44 49
17 7 21 27
9 31 38 57
15 5 21 58
11 9 43 29
15 20 47 17
4 27 6 28
49 44 34 19
47 14 16 31
54 13 15 45
40 25 49 34
51 45 21 22
29 15 6 11
10 15 26 20
23 40 21 50
15 63 31 57
6 26 38 1
29 12 10 0
52 10 57 45
2 14 13 22
6 26 15 59
42 55 25 15
30 54 11 36
28 57 1 23
20 8 33 11
59 17 23 29
41 15 18 22
30 0 13 21
33 16 20 51
15 13 54 24
15 21 25 52
59 61 54 4
53 61 31 46
25 9 27 30
27 46 4 57
23 48 44 62
45 21 15 46
26 37 17 49
38 58 40 28
7 53 26 52
1 63 33 61
53 11 2 19
46 6 54 58
25 24 56 35
44 39 14 19
59 38 32 43
28 54 16 50
42 31 36 58
48 36 5 58
52 46 60 1
44 26 34 36
61 51 63 54
15 14 11 2
27 49 57 54
4 50 28 11
49 19 42 3
13 52 48 33
14 19 62 61
18 40 30 43
29 1 38 16
52 14 60 9
60 20 49 46
20 25 46 53
63 7 50 52
49 22 20 40
60 29 25 23
60 33 57 54
21 18 52 47
21 32 31 38
16 40 20 5
0 58 41 30
57 61 40 27
9 48 50 21
19 26 60 57
2 19 16 13
26 54 55 9
51 12 18 5
43 33 25 5
61 16 47 59
36 53 58 20
2 46 1 30
62 2 24 41
3 21 38 7
45 51 44 53
4 21 54 47
42 34 47 6
4 21 52 38
13 33 51 53
1 41 10 28
34 57 46 63
60 10 41 62
16 51 14 1
50 23 55 27
17 58 0 30
25 49 24 15
48 58 29 32
49 50 4 8
15 26 4 49
58 8 39 19
4 47 14 32
56 24 16 40
26 6 9 44
12 9 8 28
0 33 44 13
12 10 3 49
7 8 50 1
37 17 27 34
33 45 5 59
54 10 13 22
17 15 2 34
35 56 59 36
38 13 45 62
23 30 54 5
25 0 23 9
8 12 4 34
4 59 51 12
10 6 19 15
40 35 25 53
42 18 23 33
16 3 7 40
13 31 53 30
16 56 47 59
56 19 41 21
47 56 14 1
40 34 5 8
31 58 33 20
35 34 16 41
61 5 21 24
63 17 60 54
38 24 30 41
58 4 7 3
12 6 2 45
60 46 61 4
40 30 15 10
38 2 35 6
18 11 5 34
51 49 60 21
37 53 22 50
34 23 38 15
12 4 24 42
48 60 52 44
37 25 33 46
47 9 31 20
29 16 59 50
46 5 60 57
49 57 28 4
60 3 9 54
47 18 57 32
40 16 46 37
10 46 38 52
26 1 20 10
49 15 22 42
51 2 17 42
7 49 47 29
2 17 3 10
56 1 21 50
57 0 4 50
54 52 40 50
60 56 45 40
31 45 11 25
42 30 13 31
23 8 55 44
55 19 21 0
43 57 60 46
32 48 13 40
29 3 31 34
14 37 62 8
60 39 36 47
32 41 49 54
7 26 36 19
21 38 23 24
14 33 53 58
12 5 20 62
26 55 36 59
43 3 0 34
59 34 5 36
56 27 12 50
42 45 23 55
21 37 55 28
35 44 39 33
53 15 17 26
41 63 18 24
58 37 24 45
26 44 29 51
46 44 28 11
57 26 61 3
60 34 11 16
13 34 22 32
52 13 50 14
0 45 58 18
50 6 38 59
55 57 6 32
23 34 48 58
18 29 24 45
45 33 26 1
57 10 26 4
47 42 11 39
40 19 28 54
36 1 61 50
26 39 56 52
49 4 1 12
19 21 32 18
33 21 34 41
14 46 43 9
21 9 26 29
44 13 54 42
38 48 3 20
55 54 35 15
10 43 5 35
29 61 30 6
42 41 24 10
25 56 26 13
17 38 50 26
36 27 45 57
43 56 3 10
19 52 31 7
54 29 24 47
62 18 24 54
0 46 42 53
55 61 11 62
54 13 31 10
63 26 23 6
62 10 8 28
56 45 28 32
56 29 26 0
55 8 26 35
10 29 36 2
52 21 35 28
32 1 49 37
62 16 10 6
63 6 37 32
48 8 43 28
34 35 27 21
28 27 36 14
10 0 6 12
18 2 24 22
14 7 26 19
32 44 8 35
7 5 35 57
11 55 38 48
27 21 57 47
47 34 8 18
45 16 57 48
5 52 41 48
36 52 46 25
11 60 38 50
39 3 4 12
15 29 56 30
14 9 60 0
61 52 7 42
28 13 26 6
2 33 18 7
59 2 12 35
44 3 13 6
26 40 50 27
6 57 38 5
35 9 5 30
2 26 13 9
39 3 14 45
5 41 36 30
17 44 51 23
20 1 11 37
49 35 30 62
52 2 19 42
18 33 9 58
13 58 6 12
34 56 21 0
53 33 1 51
50 17 38 18
45 25 23 17
53 31 55 0
25 4 49 47
55 38 4 21
48 2 5 51
6 4 56 7
43 6 55 49
5 4 35 12
60 14 6 26
12 14 47 18
20 46 24 60
31 58 34 51
49 3 0 30
19 54 16 18
61 0 27 50
16 11 40 6
15 10 32 13
56 48 0 60
17 33 15 27
46 45 52 60
1 14 4 29
39 57 31 30
48 26 14 17
41 31 21 8
63 59 15 50
59 25 30 12
39 1 14 50
0 58 51 27
43 53 38 12
31 36 57 61
12 34 19 58
19 60 23 48
30 58 6 22
59 4 34 50
6 22 37 48
14 13 7 20
24 5 35 29
35 47 57 45
55 35 40 32
59 63 16 35
63 20 9 35
28 23 62 33
45 36 40 4
45 12 7 54
30 50 9 12
30 29 62 28
16 40 7 62
63 48 35 41
8 36 24 43
15 59 52 13
49 12 29 22
47 17 16 26
46 39 34 31
51 58 63 27
17 51 12 35
23 10 43 0
1 21 29 15
21 50 3 4
17 0 33 26
16 58 25 41
3 39 42 27
57 55 1 13
56 25 26 5
4 5 17 22
46 7 49 11
60 46 45 53
40 16 41 31
63 54 58 50
3 50 25 9
48 59 25 44
31 5 56 35
1 16 36 21
46 36 15 29
49 8 34 16
25 0 35 57
18 21 24 50
36 43 45 55
48 54 47 55
12 35 39 31
50 16 13 32
30 37 39 45
3 32 29 14
51 44 33 41
14 39 58 1
53 3 7 21
31 22 2 63
19 49 36 57
26 42 48 4
3 62 41 30
41 63 30 45
46 2 8 28
7 16 54 21
36 20 14 21
16 52 46 4
14 5 33 16
30 43 4 63
61 23 12 56
52 48 33 12
43 4 2 22
6 61 43 42
5 39 9 16
41 50 48 18
27 12 31 56
26 45 46 31
29 24 57 51
43 30 63 24
45 14 37 34
50 63 24 20
35 55 3 25
44 33 43 53
49 16 13 56
40 28 46 48
9 22 28 23
56 42 47 41
7 40 38 3
16 0 27 61
37 35 30 34
20 31 24 48
1 48 18 14
41 57 11 63
23 1 24 31
54 43 32 11
16 47 32 34
45 31 23 10
5 25 41 56
39 9 20 28
0 50 51 54
8 59 30 5
5 28 37 43
7 29 5 56
22 10 17 34
34 25 61 41
4 16 57 12
25 7 63 31
36 4 1 46
38 63 13 11
38 57 30 50
5 12 15 21
13 38 31 25
36 46 27 54
19 22 51 50
22 54 35 42
34 45 47 58
34 54 24 5
28 55 35 6
54 25 27 13
2 33 10 30
43 5 46 41
0 56 61 8
52 33 36 56
44 42 18 45
47 4 21 32
36 21 55 2
31 18 9 32
38 26 60 0
5 12 46 18
39 33 18 25
41 44 59 24
27 57 58 34
9 54 50 43
61 37 34 51
42 21 48 14
51 54 25 49
63 58 62 57
9 48 0 16
15 8 58 39
3 29 25 23
28 7 57 36
12 6 31 56
29 3 34 7
53 28 58 9
52 59 32 26
21 6 26 53
35 46 38 13
57 49 10 6
9 26 57 62
20 41 34 32
13 16 35 62
37 51 45 12
24 16 43 62
40 34 4 9
62 23 60 19
35 33 6 52
61 2 30 16
44 10 21 53
52 9 14 36
2 55 12 38
51 47 24 18
53 42 14 16
17 2 40 47
34 8 44 46
7 54 23 57
28 23 53 56
29 21 41 27
39 49 10 50
31 10 41 4
5 17 14 54
29 4 6 53
4 16 53 12
58 0 48 62
54 21 20 3
47 34 36 11
63 16 7 54
38 33 22 43
57 33 41 44
11 21 12 20
59 53 42 61
45 57 6 62
43 16 36 46
37 12 2 13
63 26 13 41
14 31 17 61
32 49 56 44
34 7 62 40
49 8 23 39
56 11 53 14
27 35 58 46
56 1 23 58
20 43 55 50
36 30 13 43
43 33 25 28
12 34 2 60
6 16 61 49
22 2 0 8
60 51 30 5
46 17 40 1
60 62 7 29
31 39 14 36
5 8 34 27
38 52 10 21
39 1 31 53
5 10 19 63
50 3 45 23
22 52 63 43
38 15 16 14
59 48 54 38
49 39 58 6
51 42 25 49
40 34 12 62
28 6 25 60
51 41 50 2
52 4 63 62
8 9 63 45
62 34 15 35
9 51 63 24
29 38 21 49
50 13 27 58
34 10 4 19
30 18 33 60
63 61 6 44
53 57 54 52
8 59 49 29
3 34 5 61
24 14 58 12
1 20 60 38
7 37 62 36
14 5 35 3
58 5 19 22
28 20 45 41
56 45 43 42
31 59 49 4
41 24 62 19
25 30 29 18
21 30 16 26
0 14 59 7
45 7 54 19
52 51 48 7
14 58 26 50
32 56 31 15
61 40 2 58
8 20 46 14
22 5 54 26
6 49 4 33
29 33 19 26
12 18 51 58
18 31 28 61
0 50 19 37
26 8 52 7
1 32 34 44
43 32 57 24
13 31 63 53
34 8 6 45
50 27 15 30
24 35 38 25
15 47 58 30
10 7 4 39
11 39 24 9
30 41 11 32
16 44 53 8
21 39 30 52
42 46 29 62
24 33 54 1
16 62 24 11
36 45 15 61
23 27 47 24
47 3 59 30
15 35 56 59
53 62 42 12
41 60 63 9
50 36 44 51
2 61 30 37
54 39 41 32
10 50 28 16
59 16 2 57
27 43 19 8
18 51 7 22
49 17 9 55
62 10 35 46
23 46 54 59
45 38 53 36
57 20 52 6
2 16 46 30
19 63 58 40
8 10 20 16
28 45 62 63
61 5 49 19
28 18 5 36
14 19 52 43
16 36 12 38
41 36 31 39
10 60 32 39
37 58 50 60
15 42 23 8
7 17 37 40
40 57 54 0
13 12 46 28
38 53 23 45
60 47 10 49
57 19 56 43
27 33 16 59
2 7 6 29
3 21 0 31
49 24 14 55
4 23 25 15
22 5 51 17
59 56 27 5
4 23 44 10
23 11 12 24
28 52 6 47
60 3 27 21
58 26 4 52
0 6 63 13
61 23 49 14
52 60 11 42
22 23 11 34
61 53 63 29
32 9 36 38
39 60 16 62
19 11 3 5
29 33 15 9
40 22 27 55
40 25 4 51
62 30 61 27
31 23 0 1
49 5 18 37
37 7 8 32
46 22 27 3
56 34 52 32
36 52 34 26
54 10 48 30
61 59 21 9
29 56 4 45
49 61 42 40
12 58 50 43
0 45 13 30
60 36 24 26
50 32 42 55
11 60 17 26
33 59 11 6
1 23 52 16
19 42 33 61
59 62 36 30
63 47 15 62
62 37 53 38
34 47 44 5
33 60 51 16
41 7 47 0
42 29 21 4
55 0 37 2
33 18 5 20
28 56 53 6
19 25 37 34
30 37 56 53
53 36 51 28
37 18 57 43
50 32 19 17
11 22 5 35
3 37 57 46
62 36 41 58
0 31 63 17
28 33 17 13
57 2 5 10
36 7 44 4
27 50 2 49
13 45 14 12
20 52 56 54
12 16 28 55
10 30 33 38
29 20 5 9
13 40 16 1
55 62 59 42
63 13 2 1
26 51 39 48
60 12 0 63
39 26 9 22
63 8 7 22
41 15 5 20
21 39 15 34
36 61 22 21
49 61 26 24
47 12 13 26
14 55 37 35
44 5 0 49
62 29 54 31
0 3 43 33
9 13 36 5
19 53 23 30
40 5 62 41
34 53 39 6
38 59 56 15
7 56 44 31
25 53 1 12
42 19 23 47
58 33 9 42
57 23 43 22
63 57 16 14
26 18 47 1
6 45 59 2
17 21 27 54
3 33 52 24
26 0 33 48
33 39 49 35
9 10 56 37
50 51 36 5
9 25 0 44
17 30 28 15
45 24 44 59
40 53 63 6
2 21 31 25
26 19 43 55
50 47 45 37
6 52 20 12
27 8 62 45
50 54 37 24
7 52 48 34
40 22 55 61
62 0 48 5
42 8 25 46
50 28 22 35
17 33 58 28
24 43 16 48
61 8 54 53
37 51 48 34
7 10 59 34
61 39 35 23
52 50 58 24
42 22 48 58
4 3 20 48
47 20 19 32
29 57 28 60
11 52 57 5
8 19 48 22
58 2 59 16
47 55 62 26
47 12 23 2
7 1 43 61
1 53 15 20
34 1 59 45
10 0 9 22
17 11 7 50
18 37 53 43
8 49 19 25
31 59 21 47
6 42 35 7
54 44 27 5
12 11 17 6
58 36 2 51
61 36 4 9
60 36 54 43
29 53 37 7
34 1 63 39
15 59 38 1
43 57 21 28
29 39 18 35
24 56 52 14
16 31 5 61
52 12 18 35
28 51 46 7
26 28 58 25
27 21 11 55
52 61 33 27
8 60 22 26
54 7 26 56
10 24 28 32
47 27 49 15
5 60 24 41
63 15 23 7
21 28 32 59
7 39 40 10
3 62 63 36
20 52 19 32
3 39 61 41
35 43 22 30
8 18 41 51
1 36 58 52
42 33 35 23
52 41 28 10
32 47 48 7
4 59 28 1
1 40 46 30
51 10 6 20
41 9 14 28
31 16 34 48
4 54 50 2
39 7 15 47
10 54 61 30
35 39 44 60
58 61 18 5
58 38 5 15
24 33 42 50
26 16 62 40
54 47 1 43
44 34 7 24
30 36 34 55
5 12 17 19
19 24 62 5
9 13 41 14
57 7 34 47
26 40 30 45
2 0 8 14
61 20 3 33
10 33 60 29
45 38 20 27
17 24 32 51
31 45 0 30
29 28 8 56
3 48 54 33
2 18 20 61
17 27 33 14
29 12 32 37
20 19 58 3
28 45 25 54
6 25 33 15
52 62 14 8
6 24 16 20
0 21 50 3
61 25 35 19
3 17 56 59
31 33 7 9
0 4 6 34
55 42 10 58
11 44 0 8
27 32 16 47
43 63 42 34
14 6 45 8
39 7 22 16
41 36 61 15
20 7 36 39
23 9 60 1
43 3 42 31
13 14 35 24
42 59 6 33
26 45 36 54
16 37 40 59
23 41 10 47
29 40 51 60
11 62 57 44
38 25 13 23
54 16 27 62
37 31 59 39
16 36 30 47
36 43 62 24
20 47 8 51
53 12 36 27
59 11 12 38
61 58 14 25
56 40 26 50
10 16 51 24
4 25 29 28
4 14 46 1
37 30 47 1
32 10 48 16
45 56 20 52
25 38 35 40
4 57 5 42
41 11 40 20
44 42 62 14
1 62 2 39
62 27 40 34
60 17 36 26
19 32 40 60
59 61 16 17
21 7 51 19
26 28 4 57
28 36 26 38
54 5 63 43
60 34 1 3
27 35 19 24
24 47 31 40
22 15 23 1
35 0 49 34
47 20 15 12
59 44 45 58
59 19 33 17
22 29 60 28
6 59 49 11
1 2 15 6
54 21 18 29
52 11 49 31
31 22 11 58
27 16 8 6
12 40 28 38
3 34 51 54
20 55 34 1
41 34 39 40
58 57 9 24
22 56 52 10
8 36 61 39
48 4 8 46
0 29 53 13
16 21 50 33
61 5 39 46
33 24 31 36
31 56 62 48
35 59 25 0
29 23 54 10
51 12 10 54
60 5 28 6
34 11 38 1
56 57 48 0
30 50 63 61
36 17 43 7
12 25 54 26
51 14 47 18
15 28 47 42
56 58 14 11
46 41 62 30
48 33 32 54
36 25 29 60
54 18 16 14
12 45 7 14
40 9 33 39
61 17 37 19
15 43 28 38
39 63 21 57
41 15 13 57
28 12 52 35
47 55 21 61
21 53 60 45
37 34 25 32
25 42 51 29
61 9 22 2
43 35 37 41
63 44 31 6
4 58 26 11
33 22 60 14
25 48 40 60
44 30 50 14
30 10 51 39
40 13 16 26
28 14 7 4
44 36 60 10
38 53 6 36
6 35 8 5
23 40 53 31
23 47 61 50
6 31 0 63
4 37 5 18
42 6 56 52
5 6 10 29
24 61 49 50
34 53 42 41
54 37 56 38
46 52 22 39
4 7 35 58
25 18 40 13
35 8 54 47
43 27 38 22
55 47 10 49
45 36 25 29
16 6 50 34
53 28 46 13
25 14 34 7
45 58 28 37
10 21 9 56
33 12 53 17
53 29 12 32
19 14 37 45
3 23 40 63
39 45 54 27
30 34 8 52
50 22 63 8
35 62 44 29
50 49 5 3
46 44 43 16
18 35 10 20
34 46 49 29
24 8 51 58
37 27 29 0
33 46 47 15
43 48 26 55
46 37 22 41
61 16 12 35
31 3 30 59
15 21 10 17
21 18 55 54
17 19 4 14
44 21 29 40
48 55 37 24
25 42 34 63
2 39 10 22
58 15 23 6
41 36 31 29
54 50 16 60
21 13 40 25
15 38 47 60
45 5 54 9
30 27 1 41
34 41 59 23
12 25 18 17
45 8 42 59
39 50 6 52
54 57 6 51
46 34 44 0
5 62 32 52
51 6 1 10
48 15 6 35
19 40 34 4
30 47 18 58
60 29 41 63
19 25 55 20
45 43 25 6
5 2 43 20
25 11 36 59
48 47 25 34
32 37 12 62
5 36 33 26
61 63 11 2
31 58 55 56
6 57 17 12
50 58 10 12
60 58 19 15
25 55 54 58
22 42 47 48
29 11 55 46
55 24 28 18
31 15 30 0
34 58 21 57
1 22 39 42
20 19 55 43
8 29 59 27
4 3 10 35
51 36 19 27
5 15 7 47
7 36 6 37
53 58 42 38
23 61 14 16
14 12 62 60
33 16 30 32
41 31 20 58
62 41 6 51
31 62 46 41
40 63 42 28
7 30 1 47
28 26 21 9
17 45 38 1
20 47 55 13
62 59 20 15
33 23 34 37
6 43 40 53
49 40 52 24
22 33 20 61
50 52 55 14
47 8 60 10
10 34 16 17
1 14 42 34
60 23 49 28
7 46 21 20
56 1 55 12
10 37 1 2
51 63 34 10
2 24 8 25
54 23 55 52
29 23 21 37
26 2 38 7
21 44 36 59
58 33 47 3
58 63 28 43
41 50 62 9
42 13 49 6
20 17 25 57
31 28 24 12
31 19 18 33
4 20 16 26
18 1 16 25
6 54 25 19
57 10 48 9
16 62 32 53
31 9 41 60
8 28 48 22
62 9 36 24
63 26 25 17
61 26 16 57
49 45 31 16
46 40 0 53
4 10 15 27
47 58 23 11
9 63 2 35
11 18 19 29
15 33 58 63
17 4 52 54
38 7 23 60
60 32 48 44
60 41 1 49
17 33 3 0
5 27 56 55
42 10 38 48
46 7 34 39
1 41 14 46
37 45 3 23
20 52 13 55
25 29 56 58
45 50 48 28
39 27 38 28
28 4 55 5
38 37 21 17
7 23 9 6
54 44 35 46
22 28 0 49
21 12 35 16
32 60 40 58
28 2 56 6
24 1 49 42
39 57 6 23
48 46 7 52
19 34 26 55
56 58 28 46
42 17 16 61
12 50 46 60
0 4 22 33
22 0 18 51
3 41 33 4
24 54 28 63
34 23 62 15
14 5 20 3
44 18 50 55
22 32 53 5
11 29 56 10
60 45 33 8
34 15 46 43
36 35 53 2
55 46 11 29
9 20 34 53
39 48 50 46
10 46 62 52
4 10 21 60
10 20 16 25
18 7 56 32
24 57 35 15
26 47 0 18
57 24 22 43
62 24 22 58
18 32 40 38
60 44 25 20
28 26 32 2
57 0 33 13
27 51 20 48
52 27 22 8
38 9 15 3
47 60 1 62
55 36 39 48
49 63 11 33
3 43 15 33
28 15 55 20
46 6 17 38
39 12 4 27
34 3 50 53
44 12 7 9
48 2 21 6
46 37 63 12
55 25 7 59
54 36 20 58
60 4 52 39
32 10 7 17
61 7 27 38
24 30 18 27
44 16 1 30
14 31 11 55
32 29 36 11
48 29 51 58
48 9 55 11
63 38 51 31
54 32 10 17
1 59 11 7
31 37 24 56
36 5 14 55
3 47 58 22
5 26 0 58
39 20 24 15
17 53 62 23
21 12 31 34
46 59 30 20
25 27 44 30
57 31 26 2
8 11 27 62
10 47 37 30
30 9 24 49
49 58 42 52
17 56 42 46
25 60 13 54
18 53 36 4
54 44 15 32
26 19 50 28
44 51 36 29
21 44 48 29
56 41 40 25
4 3 61 33
28 4 21 18
57 61 31 49
11 35 19 26
53 0 58 15
37 16 28 18
17 24 42 55
11 63 42 19
50 47 45 3
2 1 6 27
49 50 25 23
31 16 15 37
29 38 4 49
32 56 11 31
11 5 37 3
7 2 27 31
35 29 33 22
12 39 41 9
22 3 1 13
58 2 17 38
59 25 11 8
45 58 46 50
18 9 61 16
62 32 16 54
27 39 62 52
4 9 26 52
32 45 7 10
15 56 43 23
53 61 3 27
1 25 34 29
21 23 19 57
9 53 45 0
24 58 10 1
61 53 32 18
46 49 6 34
2 49 6 33
7 49 57 52
3 0 13 22
15 62 18 24
13 36 44 46
41 27 51 24
47 15 0 7
43 41 24 11
41 11 40 25
45 63 50 12
54 8 18 14
44 48 59 2
1 31 38 17
23 17 1 28
45 49 38 62
8 30 32 23
46 30 42 49
35 33 9 34
30 22 14 2
46 49 48 1
27 44 32 16
6 4 11 33
29 33 41 10
21 14 61 28
55 25 46 41
38 60 34 14
14 43 36 52
30 48 11 10
47 4 28 35
48 19 61 3
9 16 55 29
23 27 24 5
20 3 31 46
17 15 19 48
61 29 15 49
18 44 38 41
33 45 22 3
57 56 12 62
31 6 57 50
56 11 60 29
5 2 62 10
2 40 24 5
50 38 14 39
35 42 30 19
24 5 17 38
49 42 41 46
57 9 41 14
24 48 8 23
43 35 52 55
19 28 39 45
41 10 43 19
22 48 35 54
56 2 50 13
6 18 21 46
25 55 31 10
42 24 17 60
41 19 15 54
60 38 42 19
62 29 5 30
44 45 40 32
38 31 61 24
50 15 17 42
12 49 33 36
15 55 21 57
61 53 9 39
25 35 11 28
32 42 6 8
53 5 31 51
24 17 19 32
30 50 27 20
22 61 16 25
45 18 22 49
12 5 20 26
10 50 31 57
25 39 59 18
37 27 21 41
33 31 42 58
41 21 6 36
26 8 50 23
51 41 56 26
44 3 59 22
47 16 3 0
54 8 56 2
56 47 2 14
12 55 16 21
23 44 0 40
12 18 41 54
39 23 30 55
28 23 24 62
57 2 20 50
9 60 17 46
56 50 24 38
22 3 7 63
39 53 7 11
63 39 43 37
29 48 16 28
29 36 4 50
53 27 1 48
58 3 47 19
36 4 21 24
7 49 63 35
47 23 29 7
7 21 18 35
63 61 37 41
28 4 41 57
55 45 56 53
10 9 62 31
56 11 14 38
15 27 46 4
22 63 37 41
49 52 22 51
20 60 37 36
25 38 36 31
24 30 13 23
60 43 39 27
46 51 37 20
5 54 8 49
18 13 9 56
55 31 48 12
51 57 26 33
50 43 42 27
27 48 29 5
56 53 19 63
49 9 11 47
41 37 31 6
9 50 42 2
39 18 17 7
59 32 7 46
16 28 14 7
63 12 18 8
14 11 45 6
46 12 26 3
36 52 15 49
57 4 58 53
28 52 58 25
15 6 48 28
58 38 30 62
55 59 62 48
28 18 20 3
32 25 20 9
61 1 40 50
28 0 13 17
50 61 41 55
41 10 39 61
8 47 34 61
54 40 12 34
19 24 34 54
60 20 51 30
0 3 8 12
42 13 4 57
17 42 41 1
26 51 18 44
33 4 46 48
36 20 46 55
41 25 5 18
41 30 14 37
6 24 8 19
3 25 22 61
27 22 56 13
57 52 36 50
39 10 23 18
60 53 12 43
49 31 20 18
59 11 14 56
28 46 14 22
41 10 30 3
12 15 37 24
53 2 4 17
54 0 35 16
3 4 62 5
58 36 33 28
43 55 42 14
58 52 18 48
58 44 27 39
46 55 53 2
35 13 5 10
33 62 46 42
58 27 22 42
39 10 18 59
30 21 51 48
1 51 63 46
39 34 29 57
12 40 35 8
62 44 38 59
39 17 43 2
20 35 22 47
28 33 34 11
4 24 57 2
52 29 13 39
18 24 16 35
5 60 61 18
22 5 53 33
15 16 63 44
18 48 58 17
12 31 16 44
14 6 16 60
29 38 3 62
7 8 9 2
20 28 18 52
9 26 43 24
53 21 30 13
38 13 48 58
5 26 60 43
2 31 43 21
9 50 14 2
38 14 10 11
39 6 35 14
45 37 36 27
22 6 11 13
0 32 43 60
39 44 21 37
4 61 36 22
35 12 28 26
61 16 23 17
47 20 25 42
27 50 52 1
15 44 43 18
0 48 47 10
10 61 42 26
19 52 20 56
42 16 5 38
45 23 1 2
49 15 48 43
37 41 27 15
26 56 51 33
14 40 42 20
43 22 13 31
25 37 10 8
56 62 39 26
42 3 52 6
44 16 34 25
0 3 52 36
12 42 36 46
12 33 18 17
2 50 42 33
5 7 51 57
60 63 26 10
21 27 57 54
63 19 61 40
35 60 20 15
37 17 13 42
46 50 49 59
51 27 26 16
15 49 29 13
59 37 29 22
16 62 28 38
8 16 10 11
36 54 21 51
31 55 53 39
36 32 55 26
35 14 50 49
56 25 10 43
35 17 62 52
28 51 41 56
14 37 34 30
9 31 50 19
8 58 28 60
34 7 49 42
63 9 54 38
11 9 28 1
15 63 56 33
34 30 59 54
39 45 60 41
15 35 55 40
13 35 56 23
15 30 42 22
37 31 50 30
41 4 28 15
33 2 63 19
30 40 24 18
58 31 34 40
58 27 60 40
11 7 58 29
5 29 53 35
3 35 11 59
35 26 47 34
34 4 56 36
19 9 22 63
15 25 16 50
53 48 47 26
13 14 3 21
8 55 48 5
3 19 37 58
49 1 53 4
58 59 47 3
25 27 54 39
56 5 59 8
46 34 48 12
26 35 7 24
35 32 36 34
23 60 28 44
41 28 42 14
35 29 21 6
51 52 29 41
49 6 17 52
36 58 24 26
28 61 47 18
9 18 26 37
33 43 49 44
63 5 10 56
10 2 6 20
60 12 16 31
54 45 20 2
47 1 36 42
53 43 41 12
22 47 49 3
27 28 42 45
57 32 59 41
33 10 36 27
50 25 0 47
34 51 30 19
18 27 0 9
1 58 15 32
6 56 61 57
11 14 41 0
40 57 63 35
31 27 17 46
24 25 41 0
30 8 20 36
55 33 14 26
4 52 43 31
19 3 29 54
35 41 49 28
48 46 30 60
61 42 24 18
15 54 2 62
46 51 54 26
59 13 56 42
62 17 49 5
12 2 58 57
8 55 24 28
29 12 19 32
20 22 13 47
28 54 27 60
56 40 14 37
63 1 52 42
53 17 0 33
18 36 30 46
20 35 4 7
45 28 23 8
57 17 20 63
41 58 35 0
19 40 10 31
60 8 41 59
29 4 20 13
19 49 47 54
57 19 10 4
27 14 35 24
33 55 19 37
0 55 5 45
2 61 37 55
33 37 38 61
31 42 3 0
41 29 5 22
43 36 27 53
12 16 8 24
15 3 47 29
54 36 63 38
9 53 31 25
30 31 43 40
59 26 27 62
16 23 26 22
3 34 24 6
7 56 10 35
42 63 5 3
22 61 14 35
56 32 23 27
24 5 55 23
40 33 56 5
9 10 41 5
28 47 61 36
28 48 49 17
30 47 48 8
28 49 0 5
4 44 0 52
49 19 22 13
49 34 21 48
4 52 60 41
36 6 49 13
13 51 45 31
54 36 60 12
58 60 16 59
56 21 19 55
11 5 15 41
25 12 40 9
33 5 20 16
22 33 25 44
58 24 21 6
21 53 61 35
60 10 15 17
49 27 58 52
16 27 14 1
2 11 50 30
58 18 31 39
62 5 46 13
36 31 58 29
31 22 17 59
17 43 38 2
1 27 33 56
28 3 54 45
27 31 54 37
34 21 54 45
26 18 38 37
63 47 36 33
15 4 19 34
30 0 31 62
33 39 18 51
1 20 50 51
3 57 42 53
55 21 35 7
43 47 63 52
53 1 35 31
40 55 54 5
10 13 58 8
37 58 28 31
15 32 56 19
21 38 19 20
5 22 34 23
61 30 48 34
40 32 60 34
23 22 58 6
63 19 14 45
43 54 61 53
25 8 39 5
7 10 49 46
5 31 38 45
10 54 24 19
0 50 16 32
55 61 20 3
5 42 1 52
29 33 39 60
24 12 11 10
39 48 9 58
53 4 23 18
7 53 27 13
30 52 22 43
5 9 37 15
24 49 45 61
52 44 23 21
27 37 24 0
48 50 36 11
37 48 57 6
27 26 48 61
36 30 51 63
38 22 13 42
28 6 27 40
61 32 19 56
57 11 8 40
29 21 38 47
60 59 50 17
47 6 30 24
6 5 11 10
25 37 5 62
22 20 27 43
43 23 47 36
35 23 48 8
12 48 33 51
53 54 45 43
32 53 24 48
5 27 54 19
18 47 55 9
45 44 13 10
58 1 4 3
54 47 50 21
46 16 49 39
48 40 22 55
48 59 3 36
43 36 51 56
0 31 18 20
29 25 7 32
46 43 1 18
8 51 15 20
23 21 17 36
29 55 25 36
2 11 12 48
51 61 44 13
32 41 2 45
55 61 38 27
26 36 0 35
48 15 4 59
45 61 2 16
6 24 13 25
51 31 59 62
15 31 40 28
23 4 19 63
62 14 15 39
48 46 17 1
28 38 56 45
8 56 17 58
48 41 57 10
52 55 19 40
54 48 11 62
32 47 12 3
40 41 5 59
42 30 39 54
37 63 19 44
21 0 62 3
25 10 30 12
62 52 61 1
30 58 55 15
32 18 4 29
30 6 20 42
51 8 53 0
16 38 11 42
30 25 18 9
57 55 45 20
37 14 27 23
2 34 18 43
20 35 43 24
53 4 25 10
56 7 39 14
19 31 57 34
13 28 46 22
44 22 62 41
43 22 36 0
8 15 22 63
46 53 37 50
9 37 22 23
22 63 37 3
15 46 22 31
31 19 1 13
8 60 20 49
53 39 62 37
32 0 2 50
28 30 62 36
42 34 61 1
27 18 53 50
0 61 4 21
17 10 2 63
51 19 33 15
38 61 44 32
42 12 50 9
40 28 48 32
33 29 10 53
3 9 61 43
2 33 13 24
2 36 25 10
10 3 24 32
33 15 51 48
33 43 37 48
18 27 43 47
46 44 35 61
60 50 23 16
53 23 4 33
38 16 56 23
18 50 26 23
60 58 6 50
5 20 3 13
25 0 47 45
16 0 35 9
63 38 20 52
4 3 30 63
44 3 19 50
28 27 40 8
59 53 32 41
45 22 59 11
56 41 48 21
16 3 58 33
35 33 13 44
38 35 24 56
62 56 48 4
48 63 58 27
32 43 10 58
60 47 50 5
35 41 23 6
63 45 18 6
8 18 54 29
16 11 19 44
5 47 58 21
21 39 29 19
34 27 40 13
36 7 37 2
51 41 24 3
62 23 29 3
63 32 59 53
58 10 22 35
53 34 35 61
35 33 59 25
7 24 1 18
34 7 47 48
30 59 5 62
27 26 34 62
40 39 8 25
55 57 39 31
39 45 21 49
0 44 5 12
41 39 19 37
34 52 18 39
5 49 1 51
19 2 15 62
51 54 42 33
20 50 4 42
5 43 48 34
32 39 21 63
20 59 62 14
10 18 35 52
38 34 59 45
3 28 55 41
54 21 34 45
51 8 20 11
40 1 8 4
10 23 33 4
36 37 2 50
1 33 57 8
2 15 20 38
36 15 61 9
42 53 30 45
17 27 51 21
16 9 39 1
39 55 5 0
32 26 21 47
45 43 34 55
37 31 30 28
11 35 9 62
11 26 36 42
23 14 19 17
19 47 52 3
7 45 33 28
15 58 11 10
3 10 0 9
35 57 25 48
1 61 49 14
60 4 44 18
18 6 42 29
46 28 57 0
21 53 9 11
0 7 35 39
25 14 61 31
62 5 3 1
28 42 49 2
39 27 13 38
12 20 23 16
41 46 30 39
18 0 41 45
21 39 51 10
15 31 53 49
62 36 39 19
5 11 61 62
11 45 39 17
28 63 50 25
42 25 62 2
53 21 52 37
10 58 0 31
37 45 59 40
23 19 14 49
45 15 28 61
11 19 8 51
50 30 45 56
5 6 47 33
9 1 52 23
18 8 33 16
35 31 32 30
46 17 14 19
14 51 40 32
49 58 27 48
31 58 37 36
46 42 34 10
21 44 40 5
16 11 51 31
20 21 4 8
57 56 12 2
16 63 42 27
49 17 10 48
8 60 25 2
25 22 32 59
21 11 60 15
0 57 12 30
61 18 14 46
31 24 61 28
49 61 18 42
6 7 23 33
24 8 43 41
8 62 55 3
36 40 0 17
14 5 2 62
33 42 7 14
24 49 31 27
27 52 48 63
21 50 18 42
19 54 56 49
52 15 21 57
34 25 20 54
34 1 9 21
62 5 43 16
2 3 35 45
12 46 53 15
4 37 6 25
31 8 48 22
38 53 63 2
24 5 37 36
11 59 62 12
4 50 6 18
29 13 22 34
24 9 36 48
48 6 32 20
36 61 32 63
34 5 36 55
55 25 33 11
14 9 23 5
46 0 27 9
3 24 19 4
42 59 38 62
56 22 45 19
61 2 25 14
23 3 25 31
34 1 48 6
28 29 21 41
37 48 46 24
51 0 24 38
9 54 41 35
28 13 45 20
8 58 53 41
32 1 31 54
55 24 44 39
9 14 52 12
5 59 33 43
58 13 12 63
28 37 32 61
40 29 1 49
6 63 22 8
39 55 2 44
20 58 54 17
19 41 9 56
12 11 16 53
49 46 3 14
53 42 25 59
0 24 10 37
30 50 28 40
47 52 19 49
6 33 17 18
22 61 10 6
47 14 52 48
41 14 22 59
42 46 20 36
40 51 17 37
18 44 38 22
36 57 50 26
5 6 37 21
15 48 24 45
51 35 17 43
39 15 33 11
44 61 18 53
9 15 47 48
54 18 32 41
63 38 22 6
11 57 22 7
32 51 34 2
29 30 63 60
24 54 17 43
30 50 62 46
29 12 19 0
48 25 8 17
9 42 1 45
57 19 8 16
41 54 36 26
57 15 26 51
33 18 56 25
20 44 17 49
13 27 53 18
21 0 40 44
42 49 26 15
15 48 60 59
57 36 8 61
40 44 24 37
24 57 25 56
56 43 17 18
7 30 3 49
61 28 43 22
41 52 51 2
0 25 55 44
24 55 56 15
21 44 60 29
46 15 39 29
10 28 42 9
6 16 46 48
3 8 42 4
17 40 60 38
16 13 58 7
17 30 10 16
55 57 10 6
6 22 61 18
50 13 22 47
43 36 8 63
36 33 58 38
30 51 49 34
5 29 32 24
1 20 38 33
38 60 13 63
15 22 2 43
0 55 18 14
0 54 23 9
11 0 2 48
27 52 37 45
62 8 59 33
46 31 14 41
12 36 16 50
8 22 33 3
57 42 1 9
40 9 30 20
62 37 34 15
57 36 34 24
52 8 58 12
57 50 47 37
41 15 34 60
17 18 53 55
33 60 6 17
17 15 62 30
46 24 25 0
35 32 43 4
9 51 20 36
48 17 19 56
40 59 16 14
15 6 25 55
25 50 30 51
39 0 53 30
26 53 34 2
51 46 48 52
60 9 20 3
16 32 30 56
44 2 62 24
54 2 29 56
16 34 47 0
51 3 62 40
54 17 1 32
60 37 11 53
39 19 25 46
49 32 3 27
58 32 42 6
51 52 26 6
43 11 55 12
52 53 21 23
44 58 7 6
44 34 28 16
47 50 12 43
30 9 40 50
1 11 22 9
59 42 18 50
1 63 14 12
32 20 63 22
58 19 60 7
33 63 53 35
7 59 30 33
62 17 13 0
34 10 20 29
38 44 11 46
41 16 50 10
36 16 43 38
58 35 51 48
41 10 24 50
62 9 56 47
37 51 5 52
17 4 54 3
37 24 40 63
30 52 38 41
35 8 58 7
39 14 2 20
11 42 50 63
11 60 18 14
24 16 42 22
20 54 5 50
55 12 50 52
5 16 48 25
49 36 58 57
5 62 39 40
48 6 46 44
59 30 11 1
16 35 53 60
17 46 42 20
5 4 12 50
2 51 17 28
23 50 48 40
33 50 3 40
54 47 49 7
13 63 24 60
6 11 40 56
5 58 57 9
2 35 49 25
54 36 50 60
14 19 33 63
43 32 63 12
33 58 23 55
33 17 26 47
28 59 61 38
51 38 42 25
12 43 54 22
