40 21 49 32 35 44
14 50 54 36 12 33
55 30 32 10 12 34
41 14 49 60 5 32
34 4 11 3 55 61
15 1 18 30 61 46
48 38 56 37 1 34
39 54 55 22 17 52
22 17 33 3 8 25
36 31 19 7 54 38
18 6 37 51 46 35
51 41 43 17 27 21
13 5 22 46 51 41
22 32 13 51 61 53
14 40 5 60 59 8
9 5 56 38 6 58
52 0 61 8 29 26
5 8 13 29 18 51
34 5 50 19 42 35
41 37 57 59 43 18
26 7 35 33 17 62
63 46 13 58 43 15
34 22 36 37 59 17
36 40 19 54 0 44
35 6 59 11 20 61
25 22 61 59 15 5
16 19 44 10 26 61
32 24 62 23 16 39
31 29 41 28 46 37
2 63 16 22 7 57
15 30 34 50 23 45
27 6 49 38 29 31
49 24 53 45 6 32
1 44 43 41 23 7
54 26 9 17 29 41
62 48 13 4 16 51
12 21 50 39 40 54
59 10 60 13 48 19
52 45 48 26 28 17
60 6 46 20 23 53
20 44 36 53 57 24
50 32 28 13 14 26
42 60 33 9 3 44
13 51 3 56 7 25
63 25 1 60 57 10
63 12 13 17 34 58
51 21 25 55 56 27
31 1 15 33 50 63
7 1 52 8 3 37
62 24 41 38 12 47
38 23 28 22 1 29
32 20 46 48 59 55
56 53 27 46 58 50
20 45 50 57 34 46
17 48 20 42 49 55
59 43 40 9 35 55
26 54 0 56 20 22
42 38 55 25 41 45
39 24 33 2 38 32
28 50 14 9 63 61
47 25 1 26 57 27
45 37 41 54 14 49
33 54 11 43 28 29
4 55 38 6 43 36
57 43 20 47 36 28
61 10 8 45 28 3
24 47 40 7 3 18
33 7 50 26 12 35
24 50 16 55 1 14
24 38 60 22 52 2
8 9 24 32 6 44
20 3 22 59 0 13
43 57 29 51 36 49
27 53 19 10 58 57
11 13 27 41 4 31
48 52 39 27 62 38
27 31 56 6 42 10
24 51 33 55 35 9
31 34 9 12 17 21
35 56 22 51 58 29
36 13 25 26 59 54
47 61 1 21 37 49
5 39 32 55 27 3
35 38 49 62 36 57
7 8 25 34 35 39
13 36 27 19 47 33
15 41 12 37 10 61
59 27 21 43 50 39
21 14 34 1 57 54
47 28 1 37 46 20
38 57 8 51 1 44
22 56 40 45 3 7
18 62 0 31 63 28
45 20 34 39 30 63
36 11 16 24 21 50
31 44 33 60 19 2
61 33 50 10 29 11
17 12 33 30 40 53
37 9 29 35 13 6
61 13 32 37 9 63
27 14 23 56 45 33
63 13 30 34 50 19
59 10 23 0 44 40
41 40 12 50 6 54
26 13 0 48 20 61
21 47 13 15 34 46
41 22 61 7 21 13
44 62 61 43 0 39
58 38 45 12 1 51
26 17 30 42 51 34
25 61 50 28 55 26
34 14 42 50 59 48
34 17 20 38 31 50
8 21 9 4 20 26
52 62 1 58 45 23
11 43 50 26 57 61
54 3 59 15 60 47
11 63 45 10 48 19
11 2 27 51 30 31
5 41 26 7 4 23
35 4 15 8 10 26
28 4 61 18 23 57
32 58 12 41 23 5
37 3 15 31 7 30
6 28 18 59 9 60
15 47 19 30 5 52
44 18 29 2 26 5
35 10 8 12 62 6
60 58 18 41 46 21
23 22 15 26 39 28
4 42 15 54 36 58
12 13 10 57 50 62
36 53 8 47 32 16
39 53 23 31 14 26
0 51 46 45 29 62
9 39 11 32 31 50
28 0 36 41 50 53
11 37 55 16 54 32
34 46 27 28 45 53
61 23 40 12 18 38
58 56 52 53 26 22
4 55 46 33 1 14
0 47 46 17 41 2
21 39 1 7 35 42
7 61 50 21 32 15
58 33 12 46 11 25
21 17 34 8 20 0
5 44 60 41 26 50
24 20 58 12 1 39
25 60 49 48 45 12
17 5 13 3 53 10
6 44 59 15 4 38
54 38 58 12 17 36
33 52 31 3 38 1
52 1 24 14 36 49
39 1 33 55 13 35
25 6 59 7 16 30
24 36 1 26 53 23
23 31 63 21 26 8
27 49 15 31 34 42
22 52 0 41 20 2
62 35 37 26 8 32
21 11 45 56 36 14
39 45 28 57 4 60
61 49 19 13 34 28
43 51 41 0 21 26
24 53 22 62 60 15
19 8 45 48 44 40
11 15 46 40 59 7
9 3 49 8 34 46
3 26 7 16 62 37
33 47 6 17 40 13
19 54 59 46 23 47
39 11 41 56 31 17
28 34 46 57 61 35
3 47 33 15 5 8
21 18 50 23 31 7
40 56 46 30 38 22
60 25 29 61 59 28
9 46 18 56 59 35
40 34 53 6 51 21
24 42 60 11 8 45
16 8 54 62 9 24
52 53 45 47 17 49
40 26 3 36 30 35
28 40 43 19 11 7
9 52 22 34 31 16
48 14 25 2 41 40
0 19 16 51 28 41
4 27 2 13 0 42
19 31 44 38 34 8
9 45 1 52 15 37
31 39 37 29 19 58
43 46 62 21 51 31
7 6 29 61 20 11
57 11 8 9 16 54
20 48 55 13 35 52
3 55 46 20 59 17
31 49 1 23 30 17
51 38 47 10 56 41
21 25 6 32 7 45
32 47 52 18 29 54
36 60 33 5 58 50
59 55 50 32 48 37
48 17 18 16 47 9
2 3 11 62 57 32
48 3 46 61 36 24
32 12 58 9 0 38
16 31 55 38 24 5
36 44 26 45 28 7
29 32 16 48 63 59
38 30 34 55 28 44
37 24 31 0 12 51
11 4 61 59 45 31
22 50 17 55 13 8
15 19 37 57 41 36
50 54 48 1 5 42
37 8 61 30 50 58
21 63 16 27 46 25
16 56 61 22 29 38
45 42 62 56 14 43
11 6 17 2 15 36
56 52 54 41 45 4
21 9 2 52 39 63
47 61 32 37 22 4
40 42 34 1 41 50
35 0 6 43 26 28
45 20 53 47 6 10
9 14 20 37 28 4
29 1 51 36 18 11
59 52 0 63 21 12
34 41 49 36 23 25
33 11 32 55 30 16
15 44 57 43 35 21
59 51 16 37 50 24
40 15 34 29 32 25
31 56 26 2 9 27
46 19 55 43 52 59
44 39 37 0 8 63
29 23 20 25 49 48
59 62 37 42 49 4
30 60 54 29 12 62
13 12 1 32 53 0
17 45 6 44 41 2
34 49 55 22 17 62
11 19 5 43 12 4
45 16 33 38 52 63
46 54 18 36 39 48
58 17 29 1 2 56
47 16 52 48 59 38
33 49 59 3 21 2
39 50 63 38 28 18
9 4 28 21 41 6
31 8 37 58 55 0
33 43 11 22 55 34
15 20 62 43 6 11
52 26 30 49 44 51
31 62 45 52 43 2
55 23 14 1 27 6
47 56 45 15 18 23
42 8 32 25 20 13
43 54 40 36 47 11
2 36 7 33 32 28
46 59 55 38 0 1
25 18 16 39 60 27
30 52 5 17 35 27
47 46 33 57 12 35
15 49 51 33 14 36
46 29 24 52 11 56
63 19 54 16 50 9
16 38 47 58 30 35
46 22 45 26 27 15
35 53 37 31 52 25
10 32 59 58 7 4
60 38 16 4 36 41
5 1 13 60 62 19
14 47 46 43 27 8
8 4 47 0 52 42
13 45 30 25 11 49
54 60 52 57 31 46
43 20 32 25 22 56
11 59 32 30 38 7
40 44 1 14 52 41
9 29 3 41 1 6
20 26 35 55 12 33
3 50 34 35 17 41
33 62 50 56 18 54
47 59 25 0 14 52
17 46 24 50 43 28
29 37 45 19 7 48
7 3 63 12 19 38
10 50 33 59 48 38
30 27 19 39 13 2
44 20 16 60 47 4
16 11 30 35 24 3
32 58 17 56 63 44
55 36 12 39 30 17
58 18 19 36 33 1
10 29 46 21 36 60
45 56 6 61 26 16
6 42 4 39 41 37
9 59 57 31 34 47
6 25 7 47 46 44
16 24 55 63 15 44
6 31 50 12 62 40
16 32 40 31 24 43
55 43 38 14 34 4
44 8 28 50 33 48
15 53 12 6 28 42
50 2 5 9 28 31
24 4 3 48 12 58
36 47 31 49 10 59
34 16 3 29 51 1
20 32 39 37 16 21
10 33 55 42 9 50
56 51 30 29 20 25
36 7 19 16 10 55
58 43 25 17 56 1
0 29 7 14 51 42
41 46 52 15 43 34
55 20 60 34 51 24
44 58 31 42 18 57
4 62 23 33 45 58
38 62 19 35 63 4
27 35 2 16 1 9
50 49 30 35 14 26
63 0 17 60 21 48
18 58 36 62 9 49
4 15 48 35 50 24
33 58 35 31 30 28
17 53 59 54 31 26
32 27 42 24 14 50
19 49 14 3 43 31
62 14 51 5 37 47
10 14 27 49 52 25
9 50 61 40 12 43
9 34 22 25 5 46
55 12 16 34 49 15
57 16 33 58 14 55
63 12 13 29 40 7
25 61 1 22 55 2
57 49 37 10 59 61
20 42 0 14 52 28
0 19 13 57 55 24
46 59 40 62 38 29
40 22 49 31 42 10
45 25 59 33 11 26
55 7 32 11 43 50
18 53 4 49 54 59
43 50 51 35 37 57
40 48 30 12 7 19
17 49 38 61 42 1
15 22 60 28 38 21
28 8 48 3 42 0
45 27 7 1 26 54
1 25 51 10 26 56
55 31 30 18 29 38
58 11 3 23 22 49
12 26 4 7 35 62
17 47 53 19 18 62
55 52 25 39 46 7
23 44 43 51 10 18
4 0 7 35 47 18
17 14 56 55 7 21
25 46 24 18 47 26
32 0 53 29 42 19
56 63 14 62 24 43
55 11 36 63 57 60
22 6 39 53 46 45
11 50 25 22 6 59
33 51 48 0 18 59
53 3 17 21 42 60
23 12 33 49 40 56
37 42 56 43 46 44
43 28 5 61 25 35
12 7 26 52 16 23
25 49 40 51 42 34
32 58 3 25 52 27
46 56 15 52 9 22
37 34 33 20 55 5
4 1 15 30 9 20
34 13 60 32 45 53
54 19 1 21 38 8
13 6 31 35 37 3
7 13 24 16 34 21
45 6 38 41 55 4
54 30 49 28 15 32
18 47 62 22 56 39
53 34 20 16 30 55
58 39 45 36 48 19
34 20 2 22 47 39
14 3 63 0 49 60
52 41 3 30 43 35
40 52 47 49 26 51
21 9 27 34 54 2
52 10 61 40 37 8
43 17 20 44 9 31
58 24 8 19 34 0
2 32 50 43 19 23
22 25 9 2 23 16
35 0 37 25 20 43
55 43 1 42 25 63
23 53 31 18 43 47
42 13 31 41 34 58
24 57 39 23 1 21
3 22 63 26 7 4
43 11 22 54 49 58
36 8 61 13 35 56
45 30 29 60 15 16
41 56 25 62 20 3
39 9 27 56 58 26
6 41 23 61 30 18
45 58 10 57 15 11
36 24 63 48 17 38
55 37 15 26 40 60
46 57 33 5 34 35
42 43 2 39 55 13
13 18 21 9 31 50
40 39 7 62 46 42
14 19 48 34 47 25
58 20 31 3 0 52
59 51 29 55 23 18
0 49 45 24 52 5
50 53 11 34 6 49
9 45 47 36 26 58
20 6 55 3 36 31
20 7 48 24 63 62
23 5 43 8 45 21
26 35 44 33 4 24
21 54 47 38 30 52
29 48 16 46 17 32
40 33 4 5 45 7
18 24 8 12 55 5
11 20 6 51 4 0
5 48 1 28 42 8
28 51 15 55 44 6
13 42 15 50 51 19
31 33 58 27 49 45
49 11 7 32 53 1
8 15 17 61 16 35
59 14 11 57 58 17
37 52 20 23 6 27
30 49 56 48 57 17
62 2 25 31 11 41
40 5 62 7 16 24
56 2 43 53 9 42
33 34 62 17 22 11
16 10 38 1 54 4
42 31 51 0 8 53
51 37 47 50 42 8
39 41 14 57 19 32
58 3 5 46 54 33
56 24 27 45 41 53
61 43 29 0 60 26
29 6 3 59 35 25
3 12 55 18 27 11
3 31 54 24 2 56
56 20 44 11 17 28
19 16 47 32 4 35
11 45 7 48 1 60
23 45 32 41 63 5
13 23 42 62 53 2
4 37 57 3 22 28
51 15 20 35 31 0
59 23 3 63 39 4
59 10 22 21 43 12
40 46 61 52 24 54
40 22 47 27 55 9
21 29 44 27 11 61
20 39 50 60 57 16
55 10 30 4 0 16
46 56 35 62 39 1
63 7 52 13 61 27
55 50 16 19 7 47
5 31 34 12 33 39
14 19 11 42 25 43
55 59 17 9 51 56
39 42 12 3 34 18
1 23 31 48 51 28
36 62 8 16 54 20
37 2 21 43 33 4
30 43 19 25 22 36
15 23 14 41 54 29
54 16 37 36 28 39
18 14 57 47 19 20
53 37 54 39 45 61
3 34 11 33 47 35
40 50 12 11 56 2
27 22 6 16 21 39
48 47 42 11 53 63
25 41 30 12 1 62
36 30 44 49 25 61
61 31 18 22 20 1
8 46 27 58 6 20
48 3 51 28 26 9
8 60 38 48 6 52
33 14 3 5 46 47
46 42 12 36 13 61
46 55 51 35 63 9
14 9 57 0 17 52
35 6 21 4 26 10
40 48 46 50 54 31
41 15 26 22 48 55
56 55 8 5 54 52
11 20 17 46 6 24
51 56 62 0 23 43
35 52 5 11 55 56
8 5 34 58 16 20
1 54 16 26 56 21
59 15 62 21 43 42
14 3 15 27 1 50
11 27 9 7 18 5
18 32 39 22 33 5
15 61 2 30 54 22
38 31 25 51 61 37
53 43 25 34 6 22
63 42 2 48 10 30
9 39 26 36 37 32
10 22 13 5 27 36
38 14 50 29 49 47
16 8 15 20 47 61
41 38 62 4 14 59
51 53 37 7 33 40
29 44 48 18 33 49
32 19 17 22 23 24
30 29 34 11 55 37
29 28 4 8 56 47
36 23 18 32 20 5
16 1 18 20 32 22
29 47 4 58 26 5
42 19 55 45 43 9
59 14 37 8 4 45
45 1 0 50 27 21
33 15 20 19 1 31
48 31 23 16 20 29
18 45 27 24 39 8
2 43 28 44 36 39
22 37 29 47 2 44
49 33 52 0 9 17
5 12 8 49 27 34
8 39 45 15 29 61
42 56 18 34 32 38
15 63 33 34 12 13
17 29 56 3 60 48
49 25 59 58 55 24
15 32 45 13 27 38
39 32 63 55 59 56
3 60 11 59 8 20
32 12 40 17 28 1
22 50 61 30 1 16
23 35 43 42 6 47
50 37 0 16 22 35
33 14 61 27 26 31
42 41 5 14 12 6
8 45 42 38 44 53
53 47 30 11 12 21
25 16 29 7 53 42
58 53 48 46 40 37
21 49 33 17 61 27
13 22 52 16 42 47
58 62 8 0 50 59
12 11 56 17 32 43
49 6 13 54 5 23
57 36 15 8 26 44
44 27 30 55 61 9
61 7 60 38 1 26
32 48 30 33 62 1
17 45 41 48 7 51
57 25 53 27 42 14
33 3 27 57 29 30
39 47 55 57 48 54
31 19 9 22 52 6
27 18 32 22 31 46
25 28 20 50 18 5
63 27 38 48 32 35
62 17 50 51 55 52
4 48 13 32 57 1
15 59 56 36 42 50
45 46 20 41 56 31
1 56 33 38 30 51
20 5 58 26 38 4
7 30 10 34 51 48
3 56 34 46 50 7
58 45 44 19 27 32
16 57 31 40 50 23
61 40 53 62 28 46
35 48 29 60 19 21
50 11 14 38 18 1
22 19 58 31 56 40
16 59 7 63 19 37
0 48 3 55 20 62
31 30 12 55 17 13
59 5 22 16 7 61
23 57 31 61 26 6
38 39 9 4 26 5
12 9 10 30 18 59
60 32 47 36 63 37
8 59 48 22 21 32
63 26 24 46 49 9
36 54 56 34 37 63
0 6 60 40 17 31
11 20 50 42 17 27
39 25 23 12 24 27
19 57 41 16 7 52
16 26 39 29 33 1
0 12 49 26 20 59
34 16 61 25 9 45
47 19 14 5 45 61
22 15 29 60 58 47
21 4 27 22 14 57
35 24 10 61 53 5
49 40 1 58 41 3
4 31 1 20 25 63
47 28 21 27 40 32
6 63 37 11 38 62
17 35 20 23 16 38
29 0 11 32 3 35
27 58 37 41 25 7
4 35 54 34 39 5
19 40 17 26 53 60
49 37 58 43 25 13
30 56 59 42 11 6
35 55 4 63 26 29
2 18 61 22 48 55
51 31 56 42 15 16
6 19 13 0 38 46
19 63 46 4 20 22
20 11 32 57 2 34
44 4 29 31 56 14
34 47 29 60 28 54
43 12 62 18 19 8
44 16 41 60 45 35
58 20 9 44 45 36
3 51 45 46 32 21
17 34 22 7 62 20
14 32 46 9 34 62
21 60 41 16 25 38
19 50 38 2 49 26
40 13 19 21 9 31
53 58 35 3 50 44
2 23 12 42 39 1
9 23 7 56 5 33
37 0 3 60 44 8
40 57 14 9 44 45
55 1 36 58 0 59
48 1 50 24 53 39
22 49 44 34 2 55
57 17 32 46 56 23
1 59 12 54 11 35
49 3 24 60 26 25
28 33 43 35 46 15
46 43 39 10 48 8
30 39 17 55 34 36
5 2 21 33 10 19
12 37 16 28 29 2
8 43 34 6 54 47
44 41 37 28 47 31
18 23 50 25 14 26
31 62 49 6 38 41
36 23 1 54 52 30
33 23 48 32 41 36
10 63 5 6 32 59
25 20 40 31 48 50
46 63 55 20 0 5
31 1 54 16 59 13
62 3 42 36 48 57
6 19 40 16 33 55
26 28 59 52 63 8
56 16 41 50 24 39
16 20 18 14 43 52
4 53 51 12 17 9
22 24 56 41 17 29
4 52 57 12 48 37
1 18 39 3 0 14
32 44 57 15 12 11
30 31 46 24 6 11
23 19 40 8 4 15
23 56 50 10 39 29
42 54 29 58 37 13
9 18 17 53 43 45
32 61 49 43 15 34
33 62 4 9 7 31
4 56 18 20 26 49
43 44 52 9 15 5
37 57 62 60 44 32
56 54 19 45 4 63
32 63 10 21 38 19
33 55 18 49 12 32
45 5 24 19 46 10
42 21 45 48 3 11
38 47 21 27 14 2
12 24 7 33 1 26
6 61 46 52 53 24
10 51 2 58 29 52
56 48 23 59 19 32
39 35 42 49 51 4
33 46 44 34 30 23
33 15 28 45 21 52
52 4 22 29 40 63
45 25 60 56 36 26
48 41 54 40 36 59
52 19 41 57 34 12
44 16 6 19 37 63
58 6 21 34 14 30
40 3 11 10 13 37
41 28 26 57 58 42
27 46 39 25 15 13
48 6 10 22 46 36
29 55 18 3 24 60
45 50 28 44 13 17
4 11 46 55 57 17
10 63 32 55 49 54
19 45 23 41 43 16
42 13 51 20 63 39
62 33 17 38 56 10
2 21 56 7 59 6
3 25 19 57 33 0
54 33 36 63 22 1
62 50 36 18 15 23
52 25 18 6 49 20
30 0 51 1 50 31
47 16 63 54 48 49
53 20 28 8 19 35
42 58 12 22 5 52
36 59 7 30 24 13
58 48 47 49 37 57
54 58 11 63 60 62
43 53 59 1 20 21
55 28 34 38 21 29
53 54 42 47 5 43
25 58 47 20 49 39
16 2 44 17 55 40
4 62 1 20 11 25
13 0 4 32 5 46
16 19 52 39 38 14
43 57 58 0 35 17
55 41 13 63 59 50
61 15 34 62 12 49
21 56 1 32 43 49
57 36 63 12 43 52
63 34 29 10 43 36
28 13 6 1 32 12
13 12 10 35 53 48
53 26 28 42 1 6
27 48 5 20 40 33
29 50 45 1 16 20
40 7 36 26 59 11
45 38 28 9 25 6
46 15 10 23 55 56
36 28 2 52 57 31
54 0 39 5 34 40
14 6 9 50 34 55
57 40 16 35 19 6
10 15 2 38 29 61
9 38 18 12 19 46
31 41 47 36 58 18
55 54 40 47 9 57
51 63 50 58 13 23
47 36 7 39 59 45
15 0 23 21 5 1
1 54 31 3 20 38
43 36 14 26 57 47
27 4 13 22 59 17
23 39 0 36 58 32
33 9 1 12 48 61
14 7 1 19 55 41
30 39 24 4 29 61
47 13 29 38 18 36
20 9 40 24 0 17
35 3 25 59 14 55
26 46 50 10 9 3
11 17 47 18 20 44
27 21 13 45 8 32
28 50 53 52 45 48
13 0 8 27 17 33
32 27 5 54 62 46
37 4 29 20 23 30
49 50 37 53 56 30
10 31 5 53 23 36
33 32 21 13 12 4
45 44 17 21 62 56
63 36 62 10 51 41
43 2 59 53 5 30
15 5 19 0 8 46
45 43 23 62 3 50
29 24 51 34 63 39
20 43 56 0 22 11
21 41 44 52 18 9
15 34 17 4 42 16
8 44 22 40 28 16
22 30 42 23 45 57
13 29 40 16 45 21
62 49 33 41 60 39
50 24 62 51 18 19
1 19 16 61 10 32
7 13 21 55 10 39
62 60 34 35 44 1
8 44 11 15 41 47
10 27 25 15 13 40
23 51 54 1 10 0
15 35 27 63 55 3
28 63 1 39 5 50
0 27 33 32 53 3
26 47 25 18 56 10
3 30 10 7 50 20
12 2 42 54 53 24
60 57 40 1 25 5
7 5 24 55 49 37
35 36 31 4 26 49
29 56 51 32 42 58
50 29 52 43 9 59
63 18 44 53 54 34
14 26 54 18 21 19
41 27 37 6 21 26
15 17 25 61 57 35
51 30 0 8 35 6
56 6 21 41 5 2
58 2 34 12 43 0
17 11 0 56 43 21
37 17 52 30 61 0
31 50 55 48 28 34
40 59 21 46 61 41
58 39 19 35 43 34
31 24 43 61 41 54
45 53 16 51 27 48
10 37 2 56 43 17
3 6 43 29 35 39
5 53 20 58 50 9
61 59 8 19 27 9
21 25 9 27 6 42
60 26 1 25 24 55
0 16 10 25 17 24
38 24 7 17 57 11
23 2 57 45 62 34
20 50 35 8 0 57
62 29 55 24 3 15
1 2 6 54 10 3
8 59 43 2 25 54
58 20 32 60 10 46
44 41 50 60 1 61
23 18 9 26 27 39
24 3 5 11 63 9
31 9 35 58 15 55
45 63 36 24 1 50
51 21 61 58 2 55
32 14 63 51 23 13
21 20 27 41 46 3
42 38 5 1 25 23
30 37 42 55 11 27
25 30 33 59 41 60
13 33 38 56 36 30
6 13 52 57 0 49
42 26 22 23 49 59
35 11 43 42 63 8
24 61 22 42 62 43
6 33 50 22 3 48
21 11 36 26 14 44
34 20 43 50 17 6
27 22 50 24 21 8
36 34 20 18 33 8
40 16 38 47 46 7
58 21 49 56 0 60
21 56 25 29 38 1
32 27 18 28 61 22
1 30 54 18 37 36
56 37 38 47 26 48
2 23 22 56 47 20
32 61 2 26 58 51
8 22 41 30 19 43
22 11 43 56 27 44
31 54 60 44 23 30
5 20 42 14 55 27
0 24 37 10 29 15
41 30 19 18 1 53
5 0 57 12 54 27
9 23 55 47 31 62
37 59 33 29 15 7
36 31 0 59 55 27
39 62 12 15 45 20
7 30 54 8 59 5
51 53 15 11 62 63
62 12 25 58 22 59
14 4 56 11 51 12
5 35 17 6 33 54
34 53 45 7 50 23
22 41 16 44 29 60
37 10 26 50 22 62
8 27 28 7 19 39
7 20 39 18 0 35
9 44 13 20 43 48
37 48 13 28 47 36
10 35 22 24 13 32
61 3 52 59 31 11
3 45 36 20 1 4
2 25 46 5 52 49
16 2 52 14 19 39
17 15 61 36 48 4
62 38 45 26 3 60
1 3 23 37 29 60
19 0 8 59 23 55
56 26 29 0 17 36
29 52 50 63 19 25
18 51 31 33 38 49
33 9 46 47 21 44
9 17 60 32 55 42
30 21 22 57 36 39
7 54 22 57 44 17
46 34 32 10 15 11
47 51 39 18 16 48
41 37 50 59 32 45
17 21 6 29 63 38
18 38 62 39 31 21
21 15 16 13 10 48
25 2 33 61 30 52
24 33 49 30 4 47
44 33 47 25 13 38
6 53 59 46 34 56
12 55 25 6 41 49
20 30 22 16 23 46
55 51 10 13 53 19
56 45 33 28 34 0
10 36 32 15 1 27
8 57 14 16 63 58
63 55 51 43 33 52
48 2 34 5 53 44
20 17 62 52 51 8
14 39 15 23 25 18
21 15 7 57 48 53
48 58 9 50 8 20
12 32 43 35 46 25
22 5 32 25 26 8
5 59 19 7 37 32
51 36 3 60 2 34
21 29 50 40 25 41
52 47 14 54 18 27
53 20 48 34 7 2
1 61 17 42 18 28
52 42 36 53 43 46
15 8 17 37 41 39
10 30 31 58 16 56
25 8 21 34 41 23
27 32 12 11 35 45
9 36 20 6 28 52
22 0 15 6 8 48
37 61 8 56 35 58
44 4 53 7 61 36
3 11 24 50 31 32
44 29 5 56 32 33
16 15 7 44 6 60
36 56 38 48 60 58
13 41 7 18 6 2
61 2 5 0 45 36
28 7 51 63 3 55
23 5 63 21 47 1
33 15 49 11 31 27
6 42 14 28 25 33
53 58 59 63 33 23
36 29 48 47 0 46
35 46 7 48 20 40
62 63 7 43 42 46
40 14 30 61 20 25
3 16 58 62 23 18
32 3 57 25 21 42
48 58 5 52 0 40
5 8 43 1 52 30
18 51 17 27 54 3
46 4 37 59 17 29
30 27 29 24 57 49
41 48 60 43 61 38
49 44 29 2 10 3
46 27 12 52 31 14
21 10 16 30 53 20
43 35 13 45 61 30
10 56 63 44 23 61
37 16 63 38 61 9
52 43 32 9 13 60
46 49 52 30 6 27
26 47 19 6 53 29
28 44 7 18 62 25
19 14 18 28 47 42
52 1 21 42 60 55
35 62 55 7 30 4
41 33 5 13 56 43
2 5 19 47 32 6
33 2 54 12 8 20
19 8 49 41 36 1
47 34 40 30 38 43
35 7 20 42 13 25
51 16 3 40 48 54
63 47 11 45 6 43
63 1 18 30 15 61
45 59 19 51 24 54
50 1 57 60 16 38
10 28 16 47 52 26
5 26 14 1 21 3
38 1 2 45 14 30
8 4 14 39 62 59
12 57 56 5 41 40
28 36 19 56 42 45
54 2 63 46 27 31
38 2 14 7 35 10
62 29 12 26 45 54
16 63 40 26 25 42
19 15 22 63 14 30
51 42 62 13 31 39
58 45 14 16 46 24
14 27 7 53 36 63
48 61 4 31 18 32
48 52 17 59 55 9
3 40 33 35 52 25
6 22 0 28 55 59
47 19 25 20 52 4
19 41 15 14 36 24
58 35 51 3 32 56
33 38 63 35 10 14
22 37 36 43 49 1
12 0 46 63 8 56
15 6 18 5 41 14
58 5 34 35 21 62
14 5 3 24 12 18
55 31 1 54 0 15
45 9 4 7 8 28
48 35 26 39 41 34
49 43 35 33 12 55
60 22 42 15 19 6
37 33 14 27 26 56
33 55 25 63 5 58
28 35 26 50 24 29
42 45 60 31 48 58
45 12 31 49 7 60
34 42 17 41 31 12
35 47 24 1 58 46
19 16 54 35 4 10
21 49 8 14 3 23
0 49 7 38 15 6
63 49 36 40 51 39
57 14 36 52 13 41
58 54 61 16 39 52
12 24 40 49 15 14
29 0 42 3 26 25
39 26 56 43 49 4
33 59 49 19 52 22
32 34 49 24 53 25
34 50 52 56 63 5
31 53 57 13 44 2
54 1 16 12 3 14
15 25 10 28 37 42
17 30 36 7 43 13
37 24 0 56 44 43
31 50 38 8 23 41
7 40 63 32 23 16
8 56 49 7 44 3
14 54 31 33 46 9
24 22 25 14 23 12
59 34 1 2 25 54
15 16 36 60 14 42
7 23 55 27 10 34
37 14 51 44 35 59
57 26 2 28 50 47
3 29 2 50 15 10
50 4 61 35 42 37
47 49 16 1 57 52
39 0 5 1 47 12
56 10 51 19 2 60
27 2 0 61 16 15
0 19 63 59 13 52
62 53 33 47 4 60
57 11 54 34 38 39
57 51 26 41 43 61
52 19 49 50 44 29
5 14 62 55 61 47
26 58 52 40 4 31
31 42 14 22 4 45
49 22 47 5 40 36
3 50 24 51 18 20
29 48 61 22 57 28
45 57 51 10 59 40
44 33 39 20 59 51
21 53 25 29 37 24
45 28 17 10 22 15
21 25 47 40 50 34
42 21 16 25 51 3
44 31 17 16 35 25
1 18 41 39 40 59
1 48 18 17 31 44
17 25 9 54 33 16
62 63 61 1 51 20
17 31 36 27 30 7
27 2 55 34 42 25
18 55 26 9 23 4
28 33 53 22 27 31
10 62 52 44 38 42
0 11 40 2 32 12
46 57 2 21 19 32
42 61 15 36 40 55
23 2 49 17 32 61
43 40 29 21 4 63
28 7 48 24 34 16
18 10 50 41 51 48
25 19 18 49 58 22
8 4 7 16 37 23
56 47 28 4 50 27
17 42 59 7 8 19
41 18 2 52 58 37
58 38 45 15 33 9
28 60 51 50 21 23
42 52 0 37 38 56
29 32 39 14 59 35
2 40 14 45 10 54
54 23 40 2 37 42
27 8 49 41 62 39
63 57 4 40 37 59
49 6 31 51 16 57
8 11 16 7 30 26
44 57 11 41 22 36
13 16 45 5 48 34
57 56 34 51 37 26
0 29 36 58 62 54
61 47 42 41 48 60
52 34 6 63 48 36
2 7 31 37 52 45
45 50 5 16 0 62
5 54 32 1 22 18
51 18 32 59 19 14
7 44 26 55 21 23
62 0 46 34 7 48
39 2 29 27 0 22
35 46 7 40 25 48
32 5 61 24 30 34
18 9 22 6 51 4
3 40 15 6 12 29
30 17 20 12 25 55
28 13 58 0 9 21
9 29 47 18 58 48
36 12 54 32 18 33
6 63 35 45 47 42
43 13 21 63 6 28
59 47 21 0 27 22
31 40 25 4 57 60
16 60 55 63 5 29
43 1 31 11 53 56
35 57 21 22 59 10
11 61 52 32 39 26
30 11 58 17 2 13
8 29 61 56 17 5
0 53 26 15 55 39
3 49 42 38 0 47
57 5 31 0 50 34
12 20 50 23 53 19
50 8 56 36 7 54
7 53 45 23 26 55
48 36 57 51 58 8
17 7 5 38 28 9
30 53 16 29 28 6
60 23 39 46 49 24
33 52 28 2 1 12
36 28 0 15 2 25
2 9 3 63 59 16
13 60 58 9 49 29
18 52 38 22 32 60
26 15 45 18 1 8
41 4 34 22 55 12
43 28 48 42 7 36
44 5 24 22 62 1
21 31 16 13 33 25
25 46 21 48 63 32
52 56 10 51 47 49
31 7 52 35 29 37
21 22 48 11 12 30
61 28 40 35 24 8
14 49 29 58 24 12
12 32 18 8 59 60
48 51 54 13 2 38
14 4 52 42 2 51
54 53 41 62 20 46
30 4 3 41 42 58
58 18 31 47 53 19
41 57 42 38 31 18
61 3 54 17 15 53
20 29 57 38 44 43
6 58 12 5 35 22
56 10 2 30 6 21
24 8 30 58 5 27
34 11 40 22 49 46
45 24 42 28 61 4
22 15 56 39 58 44
2 45 29 49 3 9
23 31 25 22 50 17
54 6 14 35 51 39
42 30 17 9 8 39
22 4 56 0 59 14
44 61 30 54 32 12
24 22 60 10 33 58
25 39 16 0 38 63
0 30 35 62 9 48
54 16 55 49 30 3
26 54 59 15 4 30
46 12 29 40 21 31
20 43 10 19 38 44
7 10 5 41 43 42
0 30 16 45 5 49
38 28 51 56 31 27
35 54 17 15 14 27
50 62 43 51 0 24
54 53 4 25 21 17
38 55 59 25 54 28
16 22 17 59 52 57
30 24 40 0 22 3
37 43 51 5 26 42
32 34 35 27 61 53
28 38 30 35 0 63
44 42 41 27 43 20
7 57 15 45 17 13
26 63 12 31 30 58
0 58 38 24 45 56
1 25 15 57 29 54
5 7 42 55 29 31
22 39 32 27 0 50
23 55 4 13 58 41
63 35 14 52 54 0
62 10 61 44 42 7
33 26 20 53 30 43
56 26 19 30 21 53
16 43 51 11 58 26
45 53 23 55 4 50
62 59 1 46 33 25
30 59 32 12 36 15
49 43 19 16 23 55
24 44 45 51 52 31
0 16 27 44 61 21
59 38 8 51 0 53
5 23 31 50 33 42
53 35 59 44 9 29
12 29 11 28 43 6
23 7 44 48 58 1
13 5 2 44 10 51
43 42 0 56 61 38
8 57 20 61 29 56
17 44 20 28 15 4
29 38 26 16 3 24
20 7 22 55 52 39
60 34 22 38 40 26
37 46 19 10 7 49
44 8 21 46 56 27
16 59 52 26 51 58
44 27 14 35 53 2
50 20 10 61 52 58
47 46 8 13 57 38
41 46 18 27 17 21
11 12 55 24 28 2
39 19 55 47 3 52
17 15 33 9 24 53
11 52 24 10 23 28
8 26 49 4 60 5
55 36 31 50 46 3
37 20 22 33 21 6
25 35 28 26 38 55
39 36 48 29 19 3
58 53 19 46 59 12
41 23 3 25 9 13
12 50 25 44 18 62
14 0 52 56 43 54
58 50 34 7 39 44
17 13 30 43 48 3
49 62 1 48 36 10
13 9 50 7 17 25
1 42 63 14 40 56
0 54 60 6 1 2
30 8 26 3 17 61
39 44 45 6 55 26
45 50 11 59 10 18
8 17 35 24 44 63
26 35 37 33 56 25
47 29 51 54 36 9
45 58 16 36 61 21
40 41 39 2 0 11
20 39 27 60 48 33
2 63 18 53 44 15
42 27 32 35 45 43
2 38 29 9 46 37
17 8 50 46 18 63
40 43 53 8 11 15
9 5 13 1 30 41
27 6 23 35 59 32
57 61 19 44 9 23
37 1 14 55 25 26
51 29 6 19 32 43
49 30 32 63 28 11
15 40 9 35 20 11
4 32 6 46 18 10
35 21 54 36 44 25
39 26 13 29 58 52
41 38 28 5 9 4
19 34 13 63 36 45
50 30 49 3 7 40
1 33 5 61 20 3
49 56 43 60 19 52
51 44 27 12 25 49
0 50 36 51 24 25
17 48 47 39 46 33
55 2 57 14 23 19
6 14 11 40 22 38
47 56 16 43 37 12
44 10 41 48 11 36
61 59 11 25 2 37
43 38 5 44 42 40
8 37 1 17 34 48
46 36 60 23 44 6
26 35 46 24 5 51
59 4 14 26 16 51
56 21 27 0 61 13
25 12 34 15 61 1
52 62 35 17 32 25
2 34 13 9 18 16
24 34 41 39 35 54
36 27 2 39 44 48
22 24 17 18 36 43
16 33 38 47 61 23
6 55 52 39 1 17
11 31 8 30 37 23
27 57 63 54 5 49
13 30 38 9 61 57
45 15 49 38 48 14
30 10 5 15 49 61
46 31 18 25 19 7
3 17 10 25 39 4
36 30 61 58 18 47
1 53 42 40 18 5
29 21 2 15 24 16
13 9 2 22 36 26
33 42 47 39 59 32
49 41 29 28 45 51
32 1 47 9 55 54
19 2 23 43 44 7
42 56 49 30 53 20
20 54 36 23 62 32
52 29 21 45 47 39
40 63 32 43 1 50
55 30 0 46 11 12
38 3 15 63 37 39
0 57 21 36 54 34
47 15 11 56 46 25
57 44 3 52 33 27
28 63 22 31 17 41
24 31 0 11 16 35
44 37 52 57 41 36
17 23 57 24 47 22
20 10 44 14 24 28
59 30 33 9 34 8
35 41 18 54 31 24
41 16 62 36 52 33
29 25 0 12 34 56
60 8 54 18 22 59
47 35 2 34 57 21
2 29 39 19 12 54
32 41 8 59 56 1
61 1 19 20 25 36
32 39 11 44 31 19
42 33 18 9 17 51
7 13 61 43 9 16
8 6 17 32 12 10
16 53 41 21 1 23
25 51 34 36 48 1
5 57 20 26 35 48
25 45 31 7 21 16
57 10 39 63 32 34
57 46 18 12 37 28
62 5 36 40 49 0
26 63 34 45 27 56
7 30 18 39 53 17
54 37 42 6 13 22
43 47 26 17 61 51
48 19 49 63 52 23
10 27 43 22 26 58
48 32 52 46 61 15
16 9 13 38 37 47
61 57 27 15 37 50
25 53 2 8 23 29
24 22 2 63 45 39
21 60 55 59 63 34
24 45 12 48 1 17
37 42 13 32 56 15
28 3 43 49 60 25
0 13 62 5 47 31
34 31 56 1 10 0
45 30 56 52 28 23
41 50 14 49 18 61
33 19 44 4 60 20
14 40 63 6 54 4
48 16 18 50 1 24
17 21 42 11 3 18
50 2 30 18 10 5
20 58 51 9 54 32
5 9 26 30 20 38
55 46 56 23 33 31
41 35 54 51 62 1
26 63 41 17 28 59
34 12 46 43 59 39
10 16 46 31 51 49
39 2 45 22 46 16
22 27 3 20 14 44
52 8 13 0 60 19
26 14 63 0 18 39
16 24 30 4 27 60
25 45 47 0 30 37
52 11 32 62 42 49
17 63 37 50 13 26
41 55 60 19 4 30
39 57 62 4 47 40
60 13 19 38 14 1
54 12 30 26 31 7
61 9 11 17 62 37
54 40 58 38 37 63
56 61 6 31 30 3
62 58 35 56 24 13
12 11 35 10 57 44
5 29 22 39 46 11
39 7 26 24 56 16
30 48 51 14 19 4
4 53 63 25 48 30
42 45 1 63 37 51
51 7 45 46 29 23
11 36 21 28 53 23
61 48 15 54 18 51
54 39 45 8 12 9
9 58 10 0 57 37
14 46 2 55 40 61
7 47 60 10 0 45
45 46 14 28 33 27
55 10 63 51 6 25
3 11 44 38 12 62
46 19 17 32 8 15
61 30 60 44 17 54
22 52 41 40 62 33
1 50 59 31 41 26
37 42 28 15 49 39
26 61 56 7 2 53
36 1 10 40 17 19
44 10 28 63 43 25
48 35 3 13 55 40
23 0 5 10 2 14
11 51 36 18 10 53
58 38 24 10 49 30
18 44 5 8 3 55
4 8 18 5 55 32
57 27 40 33 10 19
40 27 0 3 19 22
16 10 31 6 63 3
35 5 55 16 50 3
38 2 21 59 25 43
30 9 35 29 12 53
6 61 33 58 44 35
27 35 10 31 45 54
5 54 32 55 7 40
50 6 59 62 63 35
54 15 44 6 57 45
27 16 7 21 42 49
12 5 58 36 14 62
4 12 16 25 52 58
34 48 45 24 13 38
51 33 13 60 12 53
0 44 19 22 30 5
22 14 34 36 59 20
44 25 15 7 35 41
49 55 3 0 2 21
6 22 54 24 12 33
40 41 32 46 7 52
43 24 35 38 33 51
54 36 13 8 40 56
13 11 56 33 58 17
24 18 61 28 44 25
1 62 60 61 3 4
21 22 40 19 42 17
4 20 32 3 33 58
56 45 3 27 1 46
1 62 3 17 43 40
3 43 5 41 48 42
24 62 16 59 15 10
11 16 24 60 10 23
40 15 61 8 25 30
34 16 40 57 63 47
25 62 57 40 56 9
63 31 4 37 42 30
46 41 1 4 18 29
47 18 2 39 12 51
51 62 42 2 50 55
37 47 57 4 60 1
3 55 47 14 53 30
11 45 10 52 56 28
12 28 26 38 7 52
41 38 55 51 44 25
62 58 9 4 59 63
46 43 22 38 51 53
26 39 50 29 43 38
33 18 13 22 55 36
9 36 57 37 63 13
20 15 49 24 52 45
41 59 26 25 56 19
7 13 49 18 28 15
61 42 7 39 16 36
58 39 4 41 63 46
7 36 42 21 57 10
29 6 47 41 26 18
34 44 50 52 30 61
9 32 14 20 62 44
6 10 32 44 24 3
26 10 60 59 46 17
10 11 40 15 13 44
33 7 38 40 57 18
1 30 33 19 25 0
62 34 8 31 44 18
48 5 13 44 36 1
32 31 47 36 8 2
25 12 29 42 35 0
56 51 42 12 53 59
60 38 52 44 58 16
8 16 35 56 10 41
61 2 20 22 63 3
37 7 19 56 12 41
32 33 48 0 41 28
52 62 41 59 35 55
41 47 12 8 1 24
51 42 53 9 58 38
5 21 20 10 46 48
9 19 14 38 16 27
59 16 53 11 43 29
29 18 5 48 11 1
3 23 53 26 41 22
43 62 32 30 19 41
55 0 6 7 51 26
23 40 58 22 33 31
51 18 42 39 57 22
46 44 23 24 7 55
33 14 41 16 60 57
52 29 58 39 12 26
23 17 14 33 36 31
12 17 46 56 48 23
29 8 14 62 28 42
14 2 24 49 17 37
45 12 27 50 58 40
21 62 3 2 14 18
57 27 31 18 22 14
37 54 41 48 59 1
7 3 4 57 19 18
44 6 19 36 52 37
15 23 11 8 6 25
1 16 19 55 29 7
31 12 44 14 38 26
33 8 30 7 50 31
5 49 34 37 41 27
55 1 58 21 61 13
32 53 0 44 43 14
21 61 44 7 23 25
5 27 49 34 55 8
58 29 34 40 32 43
2 0 10 23 63 25
7 56 6 13 14 31
15 17 49 29 54 58
29 30 63 44 43 32
21 25 55 18 22 51
22 50 2 24 21 18
56 43 41 15 14 1
26 37 14 19 0 17
0 63 35 20 24 25
12 10 49 31 50 7
46 56 47 19 15 25
7 63 9 1 27 45
46 26 60 63 8 10
20 4 18 26 55 0
24 4 47 31 34 32
40 6 9 21 31 36
33 59 53 37 21 20
17 50 24 28 29 47
19 0 3 40 5 59
23 40 43 22 55 31
18 16 43 53 56 46
11 38 41 48 52 57
4 39 37 12 49 53
43 38 23 18 14 60
63 6 16 21 24 18
12 63 36 55 59 15
31 26 37 23 62 60
47 32 44 35 2 41
61 32 19 28 58 4
41 55 19 43 47 44
25 50 44 60 39 16
28 50 47 44 30 56
63 54 27 17 55 49
10 50 28 1 23 48
61 2 32 48 19 3
55 3 40 18 54 0
49 28 27 51 25 53
29 17 5 54 34 1
5 22 49 0 34 42
41 29 3 33 57 9
60 1 55 56 51 63
51 21 33 30 24 58
25 16 29 1 10 47
57 40 25 18 1 32
18 2 9 52 37 5
19 21 57 43 63 24
24 15 56 7 30 37
31 21 32 50 47 3
35 25 12 47 46 55
32 16 23 53 34 33
27 3 24 5 38 15
40 38 43 13 56 59
55 41 51 54 18 4
42 39 21 57 15 14
45 29 1 22 28 48
61 24 46 3 49 31
34 16 33 0 51 17
17 27 38 14 53 62
15 18 11 55 63 12
34 54 17 56 48 19
19 20 34 38 48 36
48 2 44 40 32 1
24 35 11 56 19 5
38 23 25 2 26 8
36 7 17 48 0 5
51 11 49 10 2 38
14 43 59 45 13 36
49 54 34 17 0 35
35 34 46 21 5 26
16 60 42 21 51 62
14 51 9 56 48 59
29 38 48 13 4 25
41 30 26 19 11 3
27 8 19 38 55 25
0 27 41 33 43 15
45 59 21 39 24 2
10 47 36 58 54 21
50 21 53 12 56 8
55 48 41 47 42 33
11 55 13 57 41 0
53 3 61 48 63 33
30 39 43 13 48 27
41 24 0 37 20 28
30 2 22 19 11 59
39 2 43 21 30 3
16 18 62 25 30 32
40 33 34 24 44 39
2 39 43 1 45 52
13 29 30 32 57 17
24 47 51 29 9 56
52 55 11 28 37 32
23 38 46 10 35 56
51 21 38 36 30 39
50 39 23 43 40 62
3 4 55 61 12 49
58 0 1 30 38 12
17 2 28 54 56 29
43 50 19 11 45 62
46 17 35 9 19 8
58 23 34 2 18 13
18 31 35 33 56 24
38 20 3 13 43 2
50 8 26 35 57 24
23 32 4 53 34 41
22 56 1 48 19 8
27 10 11 2 31 58
50 60 41 29 51 21
36 37 9 42 39 2
25 19 47 56 49 59
60 62 46 57 36 43
26 54 42 13 62 23
49 30 62 14 53 13
7 30 44 25 3 29
18 53 46 49 37 23
25 38 5 35 27 30
29 12 33 16 30 47
13 2 27 33 54 63
26 9 31 14 43 63
62 1 32 24 55 57
48 5 18 2 34 44
60 29 36 14 42 34
43 2 49 14 54 45
17 57 20 56 61 32
3 19 31 25 22 16
53 44 3 1 51 7
14 33 24 41 1 40
29 44 45 54 22 47
18 6 7 1 50 63
12 5 9 19 36 41
38 45 48 0 15 41
58 13 34 41 14 25
38 21 26 23 11 62
35 40 33 47 34 56
22 2 31 45 57 6
29 51 25 10 47 0
18 40 61 26 17 44
18 23 44 9 52 46
18 37 23 60 24 7
37 33 56 7 12 51
51 42 38 33 6 26
51 40 39 56 32 36
22 15 49 48 21 26
38 5 27 8 28 63
63 57 9 14 46 21
34 27 40 19 50 16
60 11 8 44 21 4
6 1 22 42 23 53
30 56 58 53 43 37
16 25 32 13 51 34
24 40 6 29 63 62
4 50 12 0 44 35
14 43 21 8 24 2
58 20 60 16 12 45
21 42 53 2 36 40
61 30 55 33 49 5
55 57 14 32 7 35
59 47 44 36 0 29
24 53 29 5 25 30
31 34 26 14 56 12
25 52 1 10 2 60
52 44 13 36 30 27
27 9 46 57 0 24
15 1 7 53 50 0
9 20 30 54 40 14
3 42 23 38 19 11
26 59 23 24 15 5
7 62 12 25 6 26
3 9 33 55 39 26
4 51 14 34 53 36
10 1 54 52 3 32
35 3 61 12 14 11
13 22 34 3 54 26
34 29 1 49 56 53
38 37 34 39 15 25
11 51 1 57 36 55
33 39 3 62 11 57
60 53 46 61 41 39
18 6 44 56 51 1
18 15 21 12 55 4
42 39 13 3 14 31
57 18 44 49 22 6
49 10 11 13 20 43
21 10 33 11 7 50
45 60 31 43 2 55
19 48 50 53 25 60
0 4 3 19 42 48
14 39 21 55 37 42
17 16 55 59 9 48
24 63 40 9 59 60
46 31 28 43 32 6
7 26 55 28 54 47
36 59 9 7 32 41
43 57 35 18 14 46
56 13 44 63 58 9
1 17 35 48 9 15
25 11 30 16 36 47
38 6 61 27 44 24
30 43 49 18 29 51
30 33 32 43 62 50
59 53 25 26 19 4
37 1 57 30 63 48
55 0 57 4 48 38
60 22 46 28 19 41
63 20 46 19 49 34
12 36 56 7 54 0
47 6 38 5 7 25
19 2 30 7 20 56
30 29 10 8 17 24
15 43 18 29 9 33
20 32 22 39 1 40
38 34 48 21 32 62
50 60 39 4 2 43
3 26 4 49 41 12
47 24 48 43 28 57
49 43 30 11 61 26
41 2 40 3 57 47
28 45 38 39 0 12
4 19 47 16 42 12
44 15 11 24 48 22
54 39 18 3 26 11
21 20 5 22 6 15
46 35 34 32 17 54
40 63 46 59 47 19
9 45 35 16 41 14
50 15 47 22 37 24
46 26 61 21 33 40
9 17 15 53 44 46
59 4 55 41 51 27
48 49 15 22 2 16
3 18 32 13 43 50
22 7 57 60 32 20
63 2 36 49 51 46
63 12 48 29 17 22
51 30 7 16 41 4
35 42 11 54 60 25
7 57 2 59 39 15
16 10 23 37 47 33
56 22 3 29 60 4
41 18 21 39 23 50
42 43 35 60 18 4
40 54 59 3 17 19
49 33 16 50 53 60
15 12 48 47 32 45
13 49 5 51 39 22
39 50 46 12 62 56
26 52 14 33 39 51
60 4 15 16 42 36
48 8 60 38 33 41
51 20 21 31 61 54
60 4 62 15 36 44
55 57 3 38 2 31
25 2 48 7 3 58
12 8 36 1 31 54
22 31 9 25 57 58
21 31 16 1 47 25
48 61 20 52 47 41
61 5 56 23 13 20
57 1 7 36 22 18
50 38 56 12 25 55
2 42 8 36 28 53
52 47 17 57 42 8
30 57 59 24 0 5
6 20 47 28 10 38
23 40 15 24 4 5
51 29 23 16 22 10
41 21 30 39 28 58
52 44 25 26 33 6
7 8 54 19 1 46
20 15 13 35 60 9
27 38 5 60 4 22
31 55 15 57 9 27
2 53 27 56 39 26
11 57 12 10 50 4
62 8 33 57 27 5
43 33 14 26 28 56
32 16 0 27 57 41
29 38 30 19 3 11
48 28 1 34 47 37
27 10 62 16 54 33
13 1 20 3 24 59
28 38 9 39 6 12
51 47 23 43 27 8
23 52 33 7 9 46
38 1 25 17 11 50
23 37 55 30 42 4
6 59 44 60 12 15
60 33 30 57 39 41
25 45 58 12 9 32
11 22 2 14 26 53
45 28 17 55 63 13
4 41 25 1 49 45
53 28 39 10 41 25
15 50 17 40 26 39
53 60 22 21 26 46
25 18 10 24 16 19
22 2 62 21 16 5
48 63 55 43 42 61
46 53 6 56 5 26
48 38 45 51 7 26
5 50 2 7 29 52
14 36 11 24 53 2
45 27 33 57 36 9
59 50 31 38 54 27
1 7 6 58 33 51
20 51 13 34 31 22
4 23 40 14 46 35
27 4 36 20 7 45
59 52 51 47 42 50
55 10 56 11 28 15
12 48 58 41 18 32
40 27 6 13 34 29
45 26 25 48 1 35
38 3 13 26 39 0
0 20 53 14 10 56
5 21 53 34 61 0
18 1 45 20 53 50
50 11 58 27 5 56
10 14 42 59 8 56
52 27 42 56 16 51
32 56 55 40 27 61
27 18 2 3 4 8
11 9 21 15 8 63
36 56 57 62 9 38
26 55 51 9 30 22
57 52 14 12 41 60
13 30 16 62 63 2
22 5 42 24 32 25
12 16 14 55 62 25
52 42 12 14 60 47
49 16 33 3 55 12
42 53 38 39 45 41
47 39 6 60 57 23
7 58 16 14 52 54
38 50 36 12 41 21
45 20 61 32 63 41
57 44 51 31 38 54
53 48 5 50 44 19
37 63 1 18 8 35
1 32 38 47 25 52
7 14 18 38 26 35
51 24 32 13 19 49
33 61 21 58 31 62
17 19 13 27 30 42
54 43 17 15 62 22
54 26 44 63 21 29
28 55 22 62 25 3
8 61 20 10 43 36
0 10 12 60 50 42
40 42 32 7 16 0
7 37 56 31 23 45
60 18 45 51 8 4
7 6 0 15 3 40
3 56 5 19 55 58
58 16 39 47 53 20
29 3 31 45 57 53
27 61 18 59 21 57
34 51 9 30 48 42
41 47 60 35 61 10
2 6 62 18 38 22
32 45 19 6 37 53
21 47 42 2 30 6
37 40 47 38 60 12
57 5 63 1 32 27
23 52 31 7 50 34
63 33 37 28 24 27
52 1 4 38 57 62
41 50 63 0 39 48
31 10 60 3 26 49
33 63 44 11 25 4
62 59 6 38 43 37
10 24 60 23 59 14
41 22 30 15 14 21
9 7 50 27 53 19
11 54 44 18 19 41
37 38 62 10 20 39
49 13 26 20 62 60
0 50 5 3 59 35
12 36 59 20 39 33
61 25 39 44 32 53
26 58 46 59 29 43
56 24 38 63 50 22
57 62 12 38 41 24
49 28 2 40 15 53
51 9 41 34 0 46
26 62 2 18 12 33
4 31 5 57 53 41
26 36 7 23 38 37
9 23 12 21 5 49
38 11 43 52 8 34
45 55 47 6 13 61
8 22 61 37 13 46
49 45 44 1 4 5
54 50 14 29 56 62
2 15 14 45 13 11
28 22 43 36 53 49
59 23 34 6 21 58
21 11 15 55 16 62
23 21 62 5 13 15
17 4 60 24 56 54
28 25 61 21 60 44
58 5 4 0 43 35
40 7 41 50 33 39
41 5 30 40 29 3
38 57 56 1 46 41
6 40 41 50 8 31
62 27 54 18 46 37
13 55 22 51 61 25
0 22 54 14 41 55
12 56 18 27 6 32
61 59 11 56 30 20
62 15 31 34 13 52
22 59 50 13 24 29
13 46 5 53 0 44
26 19 39 0 27 44
20 23 40 30 22 60
62 20 48 2 1 4
47 49 24 48 13 54
8 57 15 44 9 54
10 38 42 47 16 54
59 10 20 22 7 40
34 42 41 47 63 52
1 38 27 53 32 12
61 13 6 12 36 55
5 39 0 36 55 50
43 8 42 28 49 18
48 5 14 52 22 56
41 37 61 54 51 29
5 35 62 28 63 16
13 62 26 45 63 32
4 26 59 52 56 2
19 9 47 22 6 30
1 16 39 15 50 53
63 36 2 47 58 17
5 45 1 57 62 63
18 5 10 54 30 32
41 23 30 6 13 52
49 30 33 7 59 18
27 7 32 47 42 16
0 32 35 54 58 29
2 59 9 27 42 31
25 12 51 5 9 58
19 23 61 29 6 9
5 33 7 16 47 11
56 34 54 47 63 30
5 48 60 19 16 12
3 26 24 49 29 37
56 9 59 53 5 23
61 3 37 59 12 15
58 31 61 8 16 2
18 40 6 39 20 14
9 48 22 24 56 31
3 11 48 31 27 41
17 27 26 20 52 43
55 45 10 4 19 29
26 14 50 61 42 3
19 51 55 3 11 21
48 57 59 22 20 33
38 6 37 10 44 24
39 37 40 31 1 28
55 35 53 2 6 27
61 31 6 18 14 44
18 58 16 20 40 46
17 61 57 21 33 9
50 18 33 63 17 23
4 19 20 23 46 45
35 46 3 22 30 57
20 1 17 16 21 19
60 34 48 40 10 29
27 16 0 23 39 9
18 50 54 51 47 31
54 37 12 56 4 60
43 18 45 13 47 29
16 62 0 36 3 45
4 11 0 1 19 55
28 22 33 25 10 27
57 46 50 7 28 12
34 37 25 48 41 30
12 42 51 2 25 46
43 51 13 20 55 49
57 22 10 40 41 31
62 8 5 42 0 17
20 45 57 32 23 7
44 38 35 57 8 24
2 37 1 31 14 59
53 46 43 7 41 16
41 57 55 13 26 61
43 4 33 20 15 59
9 44 4 13 47 57
9 37 53 44 3 35
35 43 32 33 58 34
41 56 39 58 15 46
14 33 35 45 53 39
30 25 26 40 33 23
19 41 57 12 11 7
3 0 15 24 10 44
30 33 31 46 13 9
48 30 57 28 32 51
33 3 13 38 59 16
36 35 0 45 58 27
54 46 15 53 42 9
60 53 32 10 22 27
38 17 29 53 36 25
7 24 26 49 6 5
18 19 6 52 0 21
62 46 50 45 10 5
45 28 15 1 19 53
36 0 62 38 26 28
27 43 48 5 50 21
24 18 10 29 16 56
61 5 18 4 54 17
25 1 48 14 38 60
39 30 7 16 50 21
58 59 28 36 26 1
13 61 0 22 63 1
29 44 18 60 53 21
2 24 0 63 10 54
29 4 2 34 63 51
35 53 40 63 32 30
15 51 46 11 47 61
34 63 51 60 25 45
4 50 13 35 56 57
0 36 47 11 25 30
9 14 15 28 30 54
7 22 56 19 35 32
20 58 37 45 43 2
59 33 51 58 31 25
12 31 32 59 44 49
50 2 43 29 44 46
28 15 9 63 49 41
53 48 38 8 63 17
38 51 45 24 56 16
56 29 59 25 48 24
8 63 36 62 10 54
0 40 22 9 2 13
44 50 3 0 59 16
12 18 44 33 32 51
57 38 60 49 63 31
6 25 49 19 1 48
16 38 26 58 11 59
18 36 4 9 55 1
0 29 16 61 6 27
15 6 30 63 27 38
47 9 10 40 53 15
27 60 17 13 59 46
38 2 5 61 33 14
6 26 56 28 5 11
8 3 43 53 13 10
26 20 52 44 25 24
6 19 50 59 3 45
7 5 32 47 54 49
59 2 4 28 46 6
24 46 39 6 45 47
16 29 4 31 36 40
39 21 20 7 17 31
61 23 60 48 6 17
43 11 44 28 12 42
36 57 4 17 26 33
9 36 49 60 6 0
56 62 57 53 8 34
5 61 35 6 20 34
4 9 18 36 41 27
33 28 3 39 27 24
59 28 35 15 37 49
54 63 58 46 28 49
62 38 37 21 30 19
18 16 3 12 45 59
9 12 2 6 14 15
40 27 55 34 15 49
17 32 47 43 58 0
22 28 63 39 41 52
30 62 10 31 39 29
43 49 32 30 41 35
16 54 61 7 25 27
33 9 26 41 25 55
10 56 21 30 28 32
3 31 19 21 55 30
19 28 6 0 50 61
56 15 45 33 30 49
53 38 26 24 35 21
34 23 53 52 1 63
61 60 63 51 12 57
53 26 45 62 37 7
55 21 44 19 10 46
40 38 39 53 14 61
17 29 63 16 31 36
58 14 9 41 51 11
13 39 9 18 15 58
62 40 26 2 44 42
36 48 20 49 28 11
19 54 30 40 59 0
42 49 57 62 16 2
12 59 58 9 6 21
13 28 62 52 63 36
19 7 32 11 28 35
63 41 20 5 60 45
48 46 22 24 49 0
5 17 23 34 40 54
41 45 47 51 52 38
51 41 8 15 24 37
56 3 40 55 26 44
35 53 8 37 54 60
32 62 36 45 14 46
12 49 1 24 22 55
19 62 16 44 51 40
3 10 40 53 37 61
21 4 30 1 42 40
1 38 62 29 25 46
61 33 18 50 49 37
16 22 24 12 11 35
51 33 5 63 3 59
1 47 56 44 57 14
20 43 15 48 21 30
51 10 39 17 59 32
15 12 50 62 13 32
44 56 51 34 6 63
52 5 10 14 21 20
10 55 7 9 50 58
20 45 57 18 40 7
55 6 11 61 59 14
53 40 33 31 23 49
6 12 18 15 34 20
22 51 23 45 4 31
50 7 20 63 1 21
29 40 44 62 21 47
31 28 33 19 29 53
49 52 30 24 14 6
7 41 50 22 57 21
4 17 35 0 62 30
4 50 41 44 26 43
62 61 29 43 49 9
7 21 62 29 37 55
29 15 42 44 14 24
9 13 28 21 30 43
9 58 55 36 49 10
17 6 36 40 30 4
41 2 57 29 56 60
59 44 26 50 56 46
45 62 44 63 17 3
6 36 15 19 60 14
9 5 13 40 43 61
43 62 6 55 1 63
27 36 10 59 2 33
22 20 27 14 18 54
42 54 30 9 14 59
51 16 62 37 10 54
15 7 19 0 60 40
57 24 56 16 60 13
17 13 53 11 29 15
56 53 49 26 36 10
50 58 36 29 39 32
1 50 18 41 3 8
48 30 29 36 4 49
43 40 63 60 59 24
60 22 58 48 44 13
58 16 10 3 33 59
39 32 50 24 7 31
61 22 60 21 18 27
21 16 18 12 40 8
54 45 3 12 22 8
31 30 39 53 13 4
61 3 27 47 1 48
6 33 36 3 54 9
52 10 27 54 19 42
51 55 27 21 8 50
58 1 41 11 56 51
27 55 52 42 48 46
50 47 12 3 58 33
55 53 22 2 26 42
47 28 16 8 3 30
0 23 37 53 44 43
58 10 63 57 44 30
58 24 8 32 36 41
43 49 13 36 61 26
29 42 62 38 40 16
57 0 37 41 4 53
14 18 52 38 35 56
29 58 8 25 53 34
5 33 2 3 41 30
48 4 52 55 43 0
49 56 41 22 13 51
15 34 56 46 47 3
4 3 12 40 62 46
62 1 9 23 16 31
51 21 5 12 1 27
20 59 50 33 17 47
34 40 56 47 31 55
23 15 13 16 41 48
36 58 60 32 50 11
2 56 0 8 58 59
47 56 9 48 1 16
40 32 12 11 45 60
12 19 38 32 7 13
37 26 48 54 7 1
51 20 24 43 60 36
49 35 26 33 15 12
27 38 47 13 61 56
53 46 30 17 4 3
7 25 43 48 19 11
1 6 50 47 0 29
38 1 29 45 40 22
4 60 57 46 51 29
21 50 47 36 63 33
17 41 6 56 59 40
58 20 5 63 24 48
30 36 40 29 12 61
30 3 56 8 61 12
25 53 43 20 54 34
9 23 34 33 12 58
50 19 42 49 28 0
37 48 8 52 17 19
17 60 45 26 35 34
54 36 2 6 42 29
17 22 45 61 54 24
22 20 39 2 3 27
1 22 40 26 21 52
51 18 56 50 22 19
60 48 57 12 20 13
4 23 30 44 29 28
50 31 40 6 62 35
20 23 54 11 37 36
7 47 27 63 55 43
32 15 4 31 16 43
10 61 4 18 41 53
40 11 12 56 14 35
21 53 0 47 44 5
13 46 6 40 8 34
45 20 39 37 61 35
51 53 55 13 32 33
30 5 7 55 26 15
24 2 28 13 43 61
54 25 31 57 8 48
20 23 11 49 19 33
12 35 10 54 3 33
32 50 15 36 62 55
14 29 53 7 8 23
46 27 9 57 33 2
9 20 53 62 57 15
60 40 39 57 43 28
53 32 59 10 8 63
3 44 51 28 14 9
55 59 17 33 2 34
10 38 25 24 49 50
14 21 6 40 47 39
38 0 53 56 21 6
8 5 22 40 6 41
1 30 13 29 2 21
35 31 50 42 21 43
11 55 30 51 13 2
60 1 10 43 55 25
5 56 30 62 14 38
3 13 63 58 39 19
62 24 28 55 9 56
22 62 48 51 5 28
63 44 35 14 47 54
37 14 36 18 52 54
34 45 61 15 50 38
9 19 2 53 13 61
59 31 23 12 40 43
45 52 54 31 28 38
9 3 7 44 36 30
48 30 35 15 54 45
52 40 3 55 16 22
4 58 40 51 38 61
56 32 52 19 63 20
9 33 7 45 1 47
51 46 38 31 53 20
14 5 58 36 63 49
57 1 50 12 32 9
35 34 59 2 14 23
14 54 47 29 51 35
14 5 9 22 7 15
18 46 14 40 56 15
25 11 45 19 47 37
39 62 56 5 21 19
30 20 18 6 57 45
26 17 7 12 4 2
8 58 45 3 28 24
16 0 4 42 24 59
39 56 49 50 35 58
35 19 59 5 30 50
51 44 62 29 58 16
22 6 1 10 60 27
42 47 15 41 26 32
45 24 28 2 61 30
50 26 6 39 35 52
10 33 51 4 61 47
34 6 24 21 52 4
18 25 33 48 26 63
23 32 10 24 16 57
56 22 33 40 63 59
42 62 23 18 52 46
52 10 29 51 7 3
14 30 16 31 20 25
49 30 52 42 51 8
5 15 17 0 60 37
63 42 3 52 62 44
10 30 19 13 12 63
42 3 40 29 57 47
4 56 42 9 16 62
40 28 59 13 35 62
7 15 53 37 34 17
42 11 24 28 4 44
39 12 56 6 44 42
39 19 25 40 37 62
29 37 33 17 58 63
32 55 39 0 27 25
58 24 60 34 28 44
41 13 42 8 53 36
8 26 48 23 16 19
28 8 47 25 42 55
21 20 15 10 3 8
14 36 17 38 54 48
45 17 19 34 22 9
39 29 3 35 0 62
37 46 34 0 5 30
50 52 41 33 46 34
33 10 30 59 53 0
1 60 12 35 45 23
4 17 2 35 10 1
7 61 50 28 19 54
41 48 61 57 32 55
52 4 59 35 42 63
43 19 23 9 20 31
6 58 19 57 25 53
4 36 17 31 52 38
51 49 39 9 58 1
4 54 57 3 41 56
51 37 24 31 30 59
0 22 45 49 62 18
47 0 39 5 35 54
63 4 26 47 28 23
63 48 9 43 19 39
44 27 45 49 42 55
10 40 60 37 44 33
13 61 45 28 18 14
35 16 22 23 19 41
7 2 34 50 49 44
39 60 19 53 6 8
22 41 6 58 50 47
40 17 44 6 59 26
53 57 26 28 44 35
38 35 17 47 26 43
22 20 47 19 59 30
44 45 56 18 31 14
30 58 47 2 19 32
3 16 22 9 43 52
17 50 4 23 8 36
41 45 28 24 57 32
42 31 13 33 53 2
26 23 53 1 21 19
51 34 56 30 25 57
35 42 60 27 24 28
20 63 34 45 46 38
14 45 0 63 28 58
45 31 20 50 19 6
4 9 56 24 25 28
12 2 40 54 49 24
36 59 30 52 57 51
0 63 62 54 22 45
3 8 57 28 22 30
30 23 6 56 3 9
56 17 20 14 43 12
62 61 26 24 18 14
0 50 24 53 30 20
16 18 62 2 37 24
41 17 61 5 23 48
28 59 7 14 19 11
33 37 57 63 36 14
9 23 48 42 27 8
0 11 25 53 55 37
31 56 42 22 11 48
48 12 33 21 2 23
1 62 53 59 14 29
9 19 1 2 0 6
29 48 40 0 3 60
49 28 27 6 23 24
58 48 14 13 51 11
15 8 0 57 30 11
58 24 62 63 34 28
1 32 63 33 0 37
25 20 21 36 51 52
13 4 37 9 60 21
30 51 44 35 11 63
60 54 53 36 16 14
8 28 22 49 6 38
8 39 62 61 9 2
58 31 33 56 0 51
19 62 21 1 8 55
9 46 47 62 50 15
25 36 3 48 28 27
1 51 52 22 12 46
24 16 63 5 20 52
32 59 25 49 27 48
35 56 57 36 48 10
15 22 46 16 43 11
32 34 7 61 58 51
25 45 41 34 19 16
63 42 29 38 50 32
30 25 16 1 9 27
18 2 4 58 31 36
13 10 61 34 43 35
3 45 30 1 26 8
40 1 63 57 52 47
58 26 1 6 49 0
51 9 48 20 5 7
19 33 29 14 16 55
29 52 8 16 39 13
52 18 39 60 3 24
46 37 17 59 1 49
37 26 7 32 36 35
5 11 39 49 63 38
63 8 55 15 2 16
49 30 3 23 6 52
2 61 60 36 53 24
49 1 42 4 10 47
11 10 30 56 34 3
41 5 23 42 34 4
44 35 24 51 6 19
50 1 33 48 17 31
8 2 18 35 34 16
55 61 46 29 4 3
51 48 25 19 59 61
40 5 43 7 32 17
7 53 42 52 35 44
41 60 29 63 4 52
35 16 31 23 49 19
26 32 27 21 11 58
26 51 12 30 61 41
25 28 61 12 52 4
28 30 52 1 14 50
17 6 58 54 51 56
30 10 62 28 38 44
50 29 17 37 40 43
15 11 24 10 12 31
56 38 27 47 51 19
62 22 33 61 1 60
50 30 0 56 2 12
35 0 4 26 17 15
12 20 58 39 14 19
14 32 0 20 45 37
37 54 47 25 31 22
57 26 13 40 14 18
28 9 4 62 21 55
8 4 0 16 5 57
34 6 10 31 22 20
22 39 38 51 44 32
39 51 12 13 41 31
60 20 29 56 8 19
10 57 26 62 35 52
38 5 18 11 56 41
36 49 27 1 56 58
61 6 34 55 20 51
32 49 48 34 25 53
45 49 17 13 3 63
25 47 39 43 44 10
11 4 3 28 59 9
63 40 37 20 28 58
17 38 49 56 28 6
18 13 4 2 20 34
51 32 14 57 42 15
10 13 18 17 41 23
47 5 18 20 61 10
20 4 3 52 35 8
18 57 58 53 39 31
46 21 58 49 55 36
52 49 24 38 27 11
34 14 29 50 56 9
28 49 29 15 50 22
25 26 40 48 38 17
12 51 55 13 1 7
51 41 52 62 19 34
61 35 42 45 28 22
16 52 25 32 17 41
49 22 25 63 33 47
3 30 52 36 38 33
63 47 0 5 24 34
9 7 43 15 51 45
41 49 1 12 6 11
46 45 48 41 5 20
41 1 4 5 27 50
16 15 59 19 44 55
17 26 20 18 16 7
27 21 16 41 37 32
60 38 2 44 7 36
3 21 6 47 4 17
61 13 36 12 24 17
49 25 3 33 53 21
2 38 32 12 46 16
50 0 15 61 25 56
46 6 21 5 40 4
32 58 18 33 7 38
36 50 54 11 12 10
8 25 51 63 57 62
43 45 5 7 33 3
10 33 38 22 13 46
43 45 6 58 16 21
35 3 37 27 11 26
0 60 45 11 31 10
22 29 63 15 3 11
20 28 15 45 57 30
62 39 10 20 60 61
33 2 31 21 58 63
10 58 30 56 48 43
39 50 62 17 42 45
24 39 35 33 54 3
55 16 49 44 0 13
46 31 27 14 36 6
31 6 9 30 34 32
5 40 59 62 2 9
60 25 13 15 17 27
1 30 53 17 38 6
23 63 3 39 22 55
9 50 49 11 7 41
49 0 63 20 43 21
39 7 47 27 31 1
47 27 26 2 12 34
22 63 56 42 55 33
25 22 23 58 26 40
1 33 46 29 50 19
55 58 21 20 51 28
48 9 50 45 33 1
62 44 4 1 8 55
12 37 22 26 16 53
45 40 38 57 58 14
7 52 23 42 21 57
35 27 26 52 46 8
41 59 6 56 27 30
51 6 24 38 59 58
17 37 57 0 19 48
32 1 60 62 28 51
5 29 19 33 48 27
31 40 35 9 4 8
37 2 32 0 5 6
46 44 9 41 29 8
21 20 27 60 13 17
36 8 47 18 23 53
54 20 51 1 4 39
55 14 20 6 31 39
9 39 28 29 41 16
59 24 46 60 56 34
2 48 12 38 32 21
13 54 44 38 32 23
27 41 43 45 21 25
20 42 19 62 59 54
37 4 44 51 62 20
8 54 56 6 2 15
28 7 4 63 19 53
18 14 33 31 17 23
36 15 49 44 2 31
6 10 40 37 24 30
6 19 13 39 38 60
50 0 7 54 33 9
36 24 19 13 39 59
25 35 56 3 44 17
16 37 41 3 58 8
61 55 16 12 22 56
43 19 5 63 3 51
44 61 56 48 22 12
62 42 43 25 31 57
56 59 55 13 31 5
19 22 25 13 63 35
27 53 48 42 3 19
30 52 13 8 10 43
5 38 20 10 17 31
30 12 10 46 3 18
4 40 45 30 34 56
28 1 35 36 4 42
20 62 45 4 8 14
3 30 34 25 35 15
41 21 18 3 47 23
41 23 8 6 51 45
61 26 52 45 2 39
63 24 5 0 40 38
63 17 12 10 7 1
29 9 19 44 15 61
43 28 36 8 38 13
35 41 11 44 45 32
13 51 15 27 2 25
23 20 0 11 33 49
34 29 19 27 54 0
58 47 48 42 6 27
23 25 20 49 32 35
6 2 58 21 27 32
46 49 51 43 14 41
5 35 42 37 62 6
53 32 49 4 30 56
51 39 22 34 3 50
10 15 30 31 20 58
3 47 9 31 48 37
56 32 22 20 60 16
40 19 49 44 56 13
23 49 60 5 43 2
57 11 38 28 37 61
29 12 56 10 52 62
20 25 10 34 33 41
1 7 9 47 59 19
55 60 6 5 12 59
17 28 54 5 8 31
5 52 1 9 10 27
54 57 26 56 13 48
21 18 0 41 17 52
16 50 43 13 11 14
38 4 40 61 15 27
45 12 60 16 57 56
60 16 11 26 14 24
0 36 13 29 52 37
37 25 19 38 57 11
20 38 1 28 49 36
52 7 45 38 15 0
42 60 7 15 31 45
16 58 24 26 53 49
51 32 30 54 18 3
61 41 58 3 40 55
12 30 51 61 9 27
56 41 48 36 39 15
31 38 28 52 50 44
40 53 45 20 3 47
37 6 21 9 55 41
59 16 13 37 28 6
32 8 34 27 42 18
45 41 37 26 9 53
39 31 20 7 55 54
13 26 7 37 8 54
52 10 0 46 26 20
52 6 22 4 63 58
1 15 61 49 38 4
15 31 29 51 27 13
40 35 27 54 49 4
43 12 53 25 30 36
28 34 10 40 39 4
61 35 18 8 7 37
6 35 49 7 4 27
45 20 34 49 40 17
58 56 61 21 40 26
58 4 5 12 6 13
53 8 57 4 7 22
41 3 60 43 31 14
62 21 17 32 40 39
35 42 22 8 34 44
55 4 48 52 17 28
9 50 10 19 47 51
21 63 51 59 52 44
37 25 20 12 57 28
37 51 18 47 40 35
55 49 30 34 50 45
7 35 53 13 41 59
17 36 58 37 3 8
21 19 58 46 37 26
52 25 26 50 19 33
45 42 10 25 30 41
63 53 58 45 61 22
1 45 0 2 51 42
62 63 10 14 30 9
11 48 18 31 44 52
41 61 54 38 58 26
44 58 53 47 10 38
17 33 13 62 15 57
35 36 33 14 6 24
5 21 32 50 20 38
7 28 23 29 59 30
42 21 31 17 37 20
11 61 29 8 40 20
61 48 16 57 60 38
59 5 35 34 63 61
57 45 27 14 17 24
62 16 3 12 28 15
26 5 24 8 41 6
16 21 44 18 31 2
10 57 32 33 15 59
57 53 47 25 28 46
41 42 54 3 47 13
17 36 41 4 62 10
62 33 15 46 11 3
0 24 33 53 55 30
21 23 37 52 6 39
2 18 32 41 17 57
24 22 28 12 20 34
45 53 4 34 15 17
46 32 17 29 52 35
18 27 1 54 59 49
50 45 14 47 6 46
50 18 35 40 62 1
47 39 33 36 21 55
6 17 11 47 35 59
38 60 42 51 48 61
15 4 52 1 6 8
0 40 44 60 12 22
16 49 41 36 37 32
42 37 16 60 43 62
57 61 7 36 2 43
59 7 49 35 6 25
42 19 33 13 44 4
39 42 36 54 25 30
8 29 30 13 36 35
57 14 45 51 20 60
41 9 54 25 3 47
48 21 3 25 53 8
28 32 50 43 42 40
63 43 45 23 28 55
36 17 3 13 21 14
33 45 36 59 56 62
38 56 51 1 9 8
24 41 14 63 6 51
24 61 3 12 2 62
44 7 2 24 59 50
33 1 14 48 57 4
45 21 4 14 61 44
12 40 42 29 34 24
53 35 60 47 34 8
36 19 33 5 43 11
17 8 42 38 5 14
63 51 8 37 32 41
7 2 12 10 30 14
4 10 2 20 35 43
9 46 53 22 19 29
36 18 40 34 9 29
16 24 51 18 1 46
35 48 34 44 54 0
62 47 31 51 49 30
45 50 27 48 3 12
34 46 57 15 3 10
53 7 37 46 4 61
26 50 7 57 21 3
2 8 56 57 37 29
25 49 50 43 11 1
50 8 25 12 37 16
31 26 13 14 27 6
35 3 50 60 52 62
18 2 49 4 34 46
14 42 63 5 2 23
8 12 6 51 41 62
15 19 20 34 43 32
14 15 9 40 23 45
43 3 40 36 44 21
2 24 41 51 25 17
42 29 39 16 60 52
33 36 26 34 55 12
58 24 63 48 33 32
9 21 34 39 25 16
56 45 0 37 62 3
42 0 45 10 14 51
36 45 46 42 35 19
55 49 16 21 53 18
53 29 31 50 47 26
5 48 61 8 22 31
21 49 31 24 20 50
55 28 0 40 23 35
3 7 48 63 27 17
51 63 5 37 54 24
4 35 24 6 50 15
8 18 50 17 29 36
28 54 53 23 9 63
30 2 40 53 55 14
34 20 18 21 29 7
45 48 54 12 46 23
41 11 0 29 35 46
15 13 24 48 61 43
63 10 13 29 46 54
49 50 10 20 13 35
47 43 22 27 55 50
4 41 42 6 31 7
37 47 19 61 12 59
18 55 6 3 21 22
30 13 48 59 56 7
10 33 16 50 27 40
52 3 6 32 17 33
23 28 25 33 39 4
32 24 49 63 23 54
29 11 12 42 31 27
38 13 25 33 15 21
41 18 54 24 51 57
40 29 62 17 2 38
22 60 58 34 29 49
3 42 5 49 45 61
17 41 38 44 36 27
38 11 17 26 27 18
47 53 13 35 43 14
56 50 9 4 46 26
36 55 57 29 45 50
21 13 2 33 24 3
34 56 22 27 36 23
35 27 44 55 32 41
56 30 14 24 2 34
48 11 26 58 35 19
33 53 31 18 28 9
37 53 32 57 61 55
29 30 43 11 37 59
11 61 45 37 55 22
63 25 8 13 35 19
50 61 7 51 14 1
13 33 18 54 41 63
43 8 6 18 11 41
1 27 56 58 41 13
52 0 23 63 11 55
21 59 23 36 7 54
17 14 26 51 19 37
18 33 42 43 30 11
20 15 21 42 54 11
48 4 19 11 49 46
35 48 20 30 58 6
44 52 36 40 3 25
54 28 16 19 46 44
53 28 7 49 22 12
22 54 11 53 6 12
0 27 7 36 32 8
30 21 29 38 26 13
48 30 15 55 26 56
51 33 9 6 47 37
63 57 10 19 56 5
29 37 51 2 47 25
10 15 2 39 3 12
34 7 53 5 58 45
42 60 33 3 1 12
3 17 46 45 9 31
30 63 60 28 13 11
15 14 57 10 53 41
63 51 41 8 53 1
45 8 47 0 39 61
30 2 27 39 35 22
35 40 14 33 0 31
6 47 27 50 23 46
34 60 4 35 26 59
19 23 38 48 34 59
28 57 42 46 7 49
43 48 17 9 14 24
19 29 15 30 2 34
1 42 20 47 40 63
23 22 4 56 1 48
57 33 21 0 42 35
26 39 22 4 15 57
27 39 61 3 42 35
57 56 54 22 8 12
45 25 36 22 57 9
18 11 39 46 28 13
55 52 56 7 15 24
58 26 15 32 40 22
43 41 11 33 26 15
19 11 54 18 60 27
37 25 20 0 30 56
58 34 38 42 43 1
10 15 27 9 6 37
19 60 48 23 61 0
40 24 22 23 28 14
0 6 1 20 24 51
37 29 32 21 26 10
50 11 46 57 61 41
8 47 56 34 51 44
60 25 46 8 28 54
10 14 40 50 48 51
43 47 14 32 48 10
61 40 36 16 4 37
62 3 7 41 0 31
32 48 52 9 5 15
20 2 46 31 24 42
11 55 47 17 48 9
16 36 30 4 24 58
23 52 38 55 27 39
23 22 28 32 50 12
8 37 21 57 29 53
21 42 48 35 27 31
6 2 42 32 18 19
38 17 23 46 27 2
18 60 43 7 29 35
53 30 36 16 28 47
0 39 44 33 62 7
40 59 44 54 57 22
39 24 8 61 35 1
13 5 45 37 20 43
49 4 29 38 3 26
16 36 26 34 15 5
14 25 46 12 27 15
18 26 48 7 49 46
41 62 29 23 40 2
48 45 18 8 63 58
47 16 11 37 48 50
26 44 28 21 27 20
48 43 37 47 59 24
50 38 40 10 5 1
33 13 53 5 50 42
31 21 23 12 13 36
34 20 2 4 44 53
48 30 38 57 51 50
26 22 12 44 63 7
4 35 50 20 11 42
7 33 14 25 27 56
39 24 54 48 8 46
8 36 63 1 21 10
57 0 60 29 21 50
63 44 3 12 1 40
12 25 20 62 48 47
49 58 16 37 53 12
10 32 37 4 20 5
55 46 50 38 39 43
2 31 52 59 17 21
37 59 10 54 27 47
55 1 13 36 31 63
27 19 17 5 38 8
38 40 49 45 44 39
7 16 62 38 1 11
49 0 63 46 32 48
9 27 3 49 50 36
37 61 30 12 20 13
24 57 9 58 61 50
55 43 35 45 60 2
17 40 50 28 32 46
53 19 8 33 15 63
29 46 28 26 45 10
57 10 12 32 40 49
32 55 53 62 38 23
56 61 53 10 38 46
59 42 62 47 49 43
31 1 57 48 19 0
47 52 57 1 56 61
46 44 4 48 16 15
57 48 0 13 22 18
47 59 50 15 61 55
1 34 16 15 22 24
35 32 27 33 17 2
10 23 15 43 49 32
54 48 6 33 42 37
35 26 4 3 39 33
58 31 53 42 33 10
46 39 41 58 15 13
22 37 44 45 60 14
63 36 58 60 48 3
15 21 42 14 43 36
42 43 30 55 27 24
62 3 53 58 26 30
34 11 1 31 5 33
12 15 25 14 45 50
62 61 5 0 21 49
43 20 53 56 7 61
49 5 46 20 33 12
16 40 57 14 54 53
41 5 7 58 48 32
11 4 31 41 39 33
59 3 25 40 54 60
62 5 7 55 1 43
57 1 40 62 37 29
34 1 23 14 16 11
41 18 15 29 53 11
14 61 63 35 13 16
49 58 42 16 3 60
40 37 12 45 21 14
27 52 2 61 50 56
55 58 15 36 61 25
29 62 46 44 60 35
16 22 49 26 63 53
5 30 52 48 31 29
48 44 50 13 6 49
12 11 31 62 59 51
27 12 29 46 44 35
29 16 38 42 5 63
54 24 48 31 49 21
57 4 0 55 29 23
7 52 53 56 30 10
25 3 49 31 47 14
45 53 38 21 15 40
7 40 31 49 22 35
36 24 6 53 37 1
63 41 60 27 5 56
27 37 38 36 30 26
58 59 8 63 13 23
13 16 52 7 53 46
40 46 34 29 51 23
25 17 1 20 0 5
34 47 14 58 22 28
24 0 19 23 61 32
47 22 43 63 57 45
52 56 53 21 10 61
35 26 36 9 28 51
21 2 19 15 22 23
30 34 51 6 58 16
50 25 29 16 40 6
41 24 21 60 14 1
5 42 46 26 56 9
55 32 50 42 20 0
28 30 27 29 25 9
20 39 26 15 28 55
9 51 6 42 53 8
10 34 37 20 35 15
35 21 11 20 15 63
13 33 17 15 39 50
7 37 57 61 1 28
42 46 52 33 0 28
39 46 29 28 14 15
49 29 4 56 36 55
25 59 6 37 7 14
23 17 36 60 6 61
38 63 3 8 13 4
59 13 27 41 37 58
30 37 19 49 12 57
33 45 10 27 11 5
50 49 21 8 0 18
0 33 12 59 32 15
21 54 1 9 49 14
26 3 15 61 59 23
7 30 17 6 32 2
48 12 30 57 11 4
16 39 60 3 47 63
58 28 55 35 30 39
31 38 6 60 40 33
53 38 30 21 34 44
40 58 34 24 48 28
62 1 3 13 8 27
34 62 11 57 33 26
61 52 22 50 32 14
4 39 22 54 10 62
54 59 14 26 33 37
58 43 15 29 9 56
17 61 19 54 43 21
26 17 51 49 60 55
37 24 34 63 14 32
51 36 12 19 33 31
61 46 37 23 17 30
32 26 46 6 44 20
59 17 39 38 33 10
7 15 25 31 14 55
5 35 46 20 47 27
48 54 1 32 39 56
15 57 10 22 3 31
7 49 56 34 3 40
49 29 56 28 31 63
40 55 25 49 45 23
6 30 45 3 58 57
22 60 45 40 16 42
62 9 63 59 47 15
20 49 57 53 63 10
60 17 55 13 25 41
21 54 17 16 9 20
8 1 7 52 42 6
50 15 34 7 3 44
20 38 40 16 10 17
23 18 15 29 4 2
48 49 28 47 39 10
61 28 46 39 33 56
6 8 48 24 63 1
9 43 47 14 34 35
10 0 36 19 39 45
53 18 31 1 41 2
55 17 4 29 40 11
1 42 37 53 63 34
56 42 28 25 17 22
8 50 55 31 3 35
19 5 46 36 55 41
60 62 2 53 41 0
32 40 50 43 36 18
57 54 63 28 13 37
38 18 42 21 20 62
34 6 52 46 18 4
2 5 20 61 32 11
11 42 21 51 35 23
41 21 39 55 7 22
4 27 56 58 12 10
0 43 31 5 17 35
3 51 60 4 9 63
60 33 11 18 42 36
28 58 19 10 62 8
5 29 34 1 61 59
57 48 37 45 13 56
42 18 8 46 16 4
31 61 23 3 20 47
26 40 57 30 13 17
32 30 34 39 35 47
56 8 6 59 48 11
18 16 41 61 62 42
21 15 0 23 53 1
0 26 14 16 45 17
28 60 22 21 59 29
5 15 34 47 50 48
63 48 12 33 44 34
38 42 27 44 58 54
45 32 19 26 52 34
7 14 26 21 47 42
34 45 40 33 12 43
43 16 58 5 39 30
39 27 51 18 28 16
45 40 3 49 25 16
33 53 12 21 32 51
7 2 58 39 48 44
23 55 29 51 37 1
2 51 7 8 4 16
51 32 26 5 52 7
4 35 33 56 38 24
36 44 45 3 23 27
58 60 20 34 9 3
56 60 50 41 20 59
12 47 55 31 43 2
41 37 57 34 31 17
32 58 18 35 16 43
58 30 40 39 43 47
27 51 50 20 22 32
3 24 22 55 56 42
22 33 3 52 36 28
48 39 50 60 54 44
39 27 33 38 13 29
15 19 56 6 55 36
32 47 38 30 33 0
49 4 5 55 39 56
24 45 14 36 43 9
56 4 2 36 8 45
9 26 32 14 16 2
52 53 62 2 11 26
41 48 24 43 32 18
15 63 48 2 23 34
17 48 55 47 30 6
11 3 62 13 51 21
53 47 1 52 44 49
32 4 55 48 50 17
52 50 35 44 11 33
30 5 19 20 2 38
36 25 31 40 32 24
25 40 61 54 22 8
18 31 53 16 3 57
62 44 1 39 32 34
27 58 44 12 4 30
57 39 3 51 25 16
49 9 59 63 52 26
21 42 38 33 13 55
11 10 23 44 46 62
49 46 13 47 36 9
59 34 8 1 30 9
43 1 52 34 10 38
63 25 1 28 31 15
16 54 45 28 48 53
7 24 40 21 25 46
20 39 45 7 31 23
33 29 57 6 14 4
53 10 55 37 16 29
21 34 46 52 14 43
45 63 53 23 60 28
57 60 48 61 55 43
32 30 63 57 37 17
49 14 39 11 22 60
61 13 2 8 28 23
37 28 47 41 52 2
63 24 50 59 33 52
17 56 32 62 33 46
6 11 10 58 17 14
63 50 48 27 45 52
63 36 1 17 50 19
14 47 63 26 31 1
48 61 24 10 44 59
39 10 20 3 34 13
8 48 45 27 58 20
52 13 10 11 36 54
49 47 6 20 48 34
34 27 61 40 56 55
56 0 38 61 51 14
5 30 53 20 11 22
18 41 54 17 58 11
1 31 10 12 50 48
62 5 24 18 38 42
42 44 36 21 31 49
7 0 54 23 37 40
52 60 34 30 25 20
13 32 21 1 40 49
13 26 55 45 62 8
39 45 1 51 32 25
47 53 3 34 31 37
48 27 45 39 57 30
54 36 17 1 27 8
28 3 32 56 26 15
52 2 18 36 33 37
45 47 12 41 30 14
31 9 25 39 5 47
59 7 54 30 43 16
2 9 23 58 22 57
49 54 44 57 16 18
29 15 46 32 58 23
52 27 10 63 45 4
8 6 39 12 41 45
54 14 8 26 60 45
10 44 43 9 13 25
27 16 17 43 46 42
36 54 57 48 32 55
63 18 13 60 16 52
2 62 31 33 56 54
24 60 12 44 58 37
49 39 4 6 33 60
23 1 36 8 32 38
49 21 33 16 57 6
44 39 30 54 38 52
23 5 8 55 50 29
55 0 32 62 17 27
41 0 22 51 59 4
0 45 50 39 2 3
12 3 32 52 55 21
61 18 13 38 7 36
57 51 15 9 55 17
41 3 57 27 20 19
11 27 0 13 51 22
3 45 55 49 63 43
14 34 37 3 4 53
63 62 14 15 59 8
40 31 42 63 13 20
41 16 50 5 22 28
41 23 26 35 22 50
38 20 46 1 24 29
41 17 7 20 35 56
6 9 21 25 48 8
51 18 46 12 0 30
25 62 6 15 31 29
58 44 63 31 42 60
55 50 4 52 23 18
47 30 11 38 22 0
10 35 3 26 54 14
44 43 29 41 5 25
6 40 9 13 21 54
54 26 17 49 56 34
3 62 56 23 27 9
48 14 20 29 47 2
62 13 21 31 47 12
55 35 18 2 61 63
57 52 18 30 38 63
57 58 34 38 63 51
60 8 63 19 48 39
5 53 29 6 59 3
49 12 18 38 26 10
62 7 17 27 47 12
5 13 51 20 48 2
15 55 29 44 54 58
53 23 40 15 21 2
40 48 55 1 37 7
62 0 33 38 2 1
44 62 9 33 14 51
60 41 56 53 10 54
31 21 61 27 13 50
56 1 14 58 52 62
60 9 1 53 39 22
56 15 20 46 34 39
41 56 40 25 12 24
32 30 4 33 24 60
55 62 35 48 11 3
51 14 22 21 24 48
8 59 24 44 30 37
33 10 50 60 29 8
16 41 29 25 63 59
15 4 40 20 1 18
12 31 55 56 19 45
42 6 24 21 44 15
55 36 7 37 33 2
19 34 7 35 11 37
63 56 26 0 22 32
14 7 43 9 12 39
39 60 42 29 41 44
35 19 15 51 37 63
57 54 43 3 16 32
53 49 58 19 16 59
45 11 38 48 19 13
9 18 63 10 8 29
30 57 25 63 6 19
41 53 52 13 60 55
45 29 8 7 6 10
40 21 18 0 13 29
45 50 30 28 6 26
29 38 1 9 11 14
42 50 44 17 15 63
36 44 26 59 40 12
10 60 53 55 21 48
19 18 44 2 5 52
52 35 43 29 16 60
44 11 54 46 47 25
48 1 53 16 23 24
39 60 37 11 19 1
8 35 33 2 12 9
45 27 22 11 58 7
50 46 13 14 7 45
57 24 7 43 19 46
20 45 27 35 23 52
51 56 32 9 29 50
23 56 19 39 13 18
49 27 17 20 62 44
52 6 63 36 38 7
19 2 35 44 8 52
62 1 22 36 12 3
0 16 33 31 50 5
3 2 18 36 62 57
63 18 35 60 57 59
1 48 25 18 2 4
42 50 51 29 37 41
55 43 17 33 53 9
45 26 4 28 36 8
52 0 45 55 6 1
18 49 25 1 62 54
22 3 1 4 6 37
14 0 62 57 26 58
30 49 24 46 55 43
55 16 59 51 33 25
49 58 33 46 59 28
59 40 4 42 14 37
47 10 55 50 11 60
24 43 26 17 15 62
16 2 56 36 33 19
58 53 40 5 23 6
6 47 24 57 48 1
15 4 37 2 42 9
12 45 49 26 6 63
38 25 8 28 56 19
41 38 42 24 7 23
13 41 51 39 40 7
39 56 20 34 16 43
27 48 43 37 56 53
27 42 30 43 36 38
41 62 52 7 44 45
7 63 24 43 3 16
23 58 18 37 48 47
36 30 47 39 31 45
61 63 51 52 24 40
30 9 14 57 52 48
43 44 58 28 63 39
17 60 63 28 36 61
20 42 36 16 26 25
13 2 12 60 18 8
52 37 18 45 30 57
9 51 41 62 13 5
19 7 17 52 44 20
7 17 5 53 23 0
38 33 2 62 27 46
16 7 20 10 11 52
15 32 52 1 18 3
21 50 60 53 62 15
8 25 63 35 52 9
33 10 7 14 35 40
11 45 35 47 7 48
59 60 44 34 24 3
13 12 40 6 7 38
32 56 17 24 57 5
8 16 12 40 28 24
5 49 46 2 14 60
41 50 14 26 31 5
62 42 31 29 12 6
0 35 39 21 26 37
38 18 28 59 6 53
28 43 34 24 20 0
34 15 40 60 12 36
57 33 7 4 63 23
54 62 31 61 6 5
40 16 61 53 21 39
59 58 6 2 7 62
61 24 60 59 56 54
4 20 12 43 57 10
25 6 17 49 11 45
52 60 25 45 47 7
41 12 36 29 20 1
7 23 48 47 35 20
20 25 3 1 17 7
62 47 61 29 46 50
37 63 43 38 3 25
27 33 43 54 37 19
33 18 21 47 19 22
42 41 7 60 45 28
55 59 50 22 28 18
45 13 42 7 44 32
38 23 2 37 7 41
20 50 0 61 37 18
36 25 44 23 26 24
8 33 7 11 40 23
62 10 28 29 39 24
48 25 1 47 59 52
3 58 46 23 59 45
8 59 34 56 14 2
28 44 5 56 46 45
24 33 61 46 4 22
14 27 45 52 59 32
4 13 15 6 38 29
45 10 0 27 4 1
16 52 56 48 13 34
36 28 59 22 11 48
42 18 3 30 33 37
7 21 39 50 14 51
26 60 35 44 45 11
62 3 1 20 15 45
63 1 15 57 8 11
51 26 15 27 20 17
60 59 23 45 20 62
18 57 44 41 55 23
59 19 9 36 47 26
50 15 32 59 23 24
31 54 9 53 58 44
62 51 26 58 16 39
34 30 20 32 3 61
28 3 41 59 62 21
2 20 61 15 18 39
21 11 18 20 38 53
57 17 50 32 23 3
19 16 10 42 49 53
11 32 13 1 22 5
31 12 20 19 49 44
13 47 43 5 48 49
6 52 51 40 37 26
36 20 47 58 24 17
53 39 43 62 60 47
45 0 40 61 49 31
31 53 14 42 63 7
28 2 24 14 9 38
26 48 34 11 61 57
62 45 44 21 37 50
53 57 26 47 52 0
63 7 34 29 6 28
14 43 17 51 21 61
51 57 63 24 50 9
38 31 17 3 1 48
5 3 33 38 60 57
25 40 1 56 57 15
35 62 28 52 63 50
44 33 10 61 55 19
6 48 36 24 44 4
36 25 10 52 28 59
6 48 46 32 4 0
54 37 36 55 32 16
28 20 18 40 54 0
16 60 34 22 8 15
55 0 24 28 21 60
20 13 63 34 47 38
0 41 7 49 43 6
22 34 57 33 17 38
54 27 11 21 44 50
45 6 11 47 42 60
3 12 42 33 23 30
45 9 35 19 26 50
49 23 62 50 60 17
42 39 23 18 27 14
8 44 53 18 43 11
34 20 46 38 55 1
42 46 25 10 15 27
35 48 24 3 37 36
42 5 45 58 54 20
11 32 28 43 7 56
60 40 2 20 1 53
8 6 30 28 18 32
5 18 39 40 13 42
63 19 43 37 29 1
35 33 15 63 4 52
60 52 61 49 39 54
58 48 28 41 29 25
20 17 45 19 39 28
40 0 24 51 59 35
7 46 45 16 60 26
63 58 12 48 0 1
1 8 57 21 47 9
38 61 53 2 16 24
48 53 63 5 2 49
41 21 33 2 6 27
4 25 12 35 50 58
48 25 52 2 1 42
10 46 24 30 9 31
29 55 21 16 15 63
29 3 9 45 34 61
14 30 48 60 43 6
0 35 28 25 57 12
35 9 27 60 2 14
17 55 19 28 31 60
41 22 54 12 53 2
19 15 36 63 7 33
51 29 24 59 48 22
17 50 24 6 22 63
0 60 43 24 53 63
45 50 27 16 43 23
37 33 58 43 50 3
43 44 23 47 48 12
23 42 0 14 56 59
0 48 49 41 13 36
44 26 27 40 13 63
51 50 8 31 39 16
55 40 5 41 8 28
15 42 14 13 46 29
32 1 62 10 0 7
34 26 45 17 52 6
26 0 21 2 61 55
47 50 45 41 29 4
44 60 1 37 20 24
17 37 48 40 21 12
63 1 23 24 13 2
24 22 60 49 11 6
19 35 13 55 53 48
17 7 56 50 1 0
53 9 25 54 56 26
6 4 60 13 57 2
45 36 61 10 0 23
33 58 40 56 36 31
7 51 45 32 6 61
24 46 30 39 62 58
29 40 21 47 24 22
0 4 53 61 35 60
19 16 31 15 2 18
47 37 20 48 38 44
56 21 34 39 37 6
2 7 22 6 12 30
8 42 19 32 17 51
42 1 9 43 30 24
35 62 33 52 42 24
37 11 6 24 36 30
6 22 1 20 55 48
57 40 51 45 33 19
15 48 20 30 44 59
37 56 22 30 13 50
26 31 6 56 19 32
56 15 19 30 11 53
56 6 52 4 20 9
1 39 5 43 27 49
47 4 48 51 50 61
49 11 45 12 2 5
58 22 4 36 25 0
57 36 44 23 10 14
52 32 51 11 50 3
36 28 61 58 14 31
29 50 55 21 38 7
15 21 58 46 23 37
14 8 52 59 33 3
36 46 53 21 8 10
47 59 50 0 24 23
16 31 40 61 51 11
28 51 39 4 26 49
61 44 26 33 58 18
45 18 43 11 13 37
26 63 8 61 42 25
57 33 34 2 22 40
62 1 32 11 52 45
7 18 34 57 13 35
43 61 10 18 28 60
50 0 37 29 26 54
30 55 22 2 41 61
20 2 6 23 5 52
36 18 15 46 16 41
46 38 55 50 26 5
20 21 10 30 25 60
57 26 58 12 28 27
46 15 6 40 13 50
4 38 39 11 15 61
9 10 37 18 36 39
58 34 14 6 5 45
0 23 2 43 7 11
4 53 37 41 19 0
54 7 24 42 35 29
1 56 20 42 7 22
37 45 17 56 54 62
13 31 55 38 28 21
61 52 6 10 51 49
6 32 34 19 9 46
19 49 25 39 12 57
12 55 48 16 0 60
10 53 28 31 12 51
41 7 17 51 9 3
9 31 43 55 36 27
17 61 5 21 55 0
29 39 37 8 11 14
19 46 4 41 11 20
57 33 62 45 16 22
49 51 47 50 7 1
32 39 26 24 30 52
16 5 37 53 51 36
29 52 47 4 19 38
45 1 12 10 54 25
41 10 28 9 17 3
10 15 48 5 31 60
35 1 14 23 9 13
3 10 8 60 42 35
14 52 51 45 40 61
17 10 24 7 18 1
8 16 50 14 13 25
16 11 47 57 51 10
37 34 19 60 52 61
17 56 49 37 54 0
41 28 53 58 61 52
42 40 1 41 24 61
3 49 58 57 52 29
28 21 42 63 61 24
45 28 60 0 21 53
28 63 31 36 17 59
33 52 14 13 7 55
24 28 39 30 33 6
26 22 58 14 63 4
18 30 4 48 57 29
5 58 44 46 43 57
62 33 41 9 36 40
6 16 57 58 49 5
56 53 48 31 8 19
16 29 20 9 56 10
48 40 30 56 9 35
58 9 54 21 2 1
25 63 59 42 34 44
13 21 19 24 37 44
25 29 17 19 4 11
50 6 58 34 48 62
61 31 7 57 9 41
54 26 45 29 60 27
36 1 43 23 54 25
22 52 36 26 38 16
32 31 62 16 34 44
25 52 18 3 29 2
29 44 26 54 48 2
12 48 42 17 62 37
44 3 30 4 15 46
18 57 14 58 50 54
6 61 15 32 9 63
30 5 26 46 34 12
34 40 8 31 5 35
24 16 12 48 29 13
55 49 48 47 19 34
8 54 13 37 40 16
55 45 19 58 46 37
47 37 25 46 5 32
13 19 51 14 35 52
56 31 43 30 54 14
39 49 59 21 57 40
25 54 43 46 16 53
14 13 58 55 9 38
10 57 29 32 54 62
52 5 32 15 8 23
52 8 53 30 5 15
29 3 41 28 58 31
33 31 45 8 43 10
1 56 5 58 25 47
9 13 57 49 3 6
19 2 32 40 14 44
26 61 47 11 62 1
11 1 53 50 37 29
28 1 6 19 24 39
36 41 17 10 19 21
28 20 49 15 36 7
1 52 13 53 11 63
63 40 60 1 13 53
15 50 56 1 58 63
43 56 52 20 16 27
25 21 15 49 5 34
33 35 15 27 55 0
26 14 19 16 36 34
19 26 4 12 10 47
24 62 57 52 44 31
39 7 18 47 28 30
20 37 16 47 59 2
43 50 41 5 38 24
62 38 53 6 16 29
34 28 15 4 23 37
26 50 28 9 39 25
61 30 49 46 47 52
55 41 37 18 54 23
11 8 20 3 19 7
8 5 41 10 19 6
44 46 8 49 11 63
29 6 12 3 20 44
62 55 15 28 48 7
39 43 41 29 54 35
42 54 55 41 30 29
24 32 19 60 11 43
7 1 29 42 14 12
27 8 10 16 5 15
49 59 3 21 7 23
18 34 10 29 48 15
28 63 33 60 7 18
49 8 47 9 39 25
11 62 9 39 32 51
44 57 53 1 39 22
17 36 4 41 22 43
32 52 2 4 12 20
52 63 8 39 36 23
11 26 53 27 2 34
54 27 41 5 16 59
15 17 1 48 60 4
46 42 47 62 35 19
57 11 63 33 62 1
32 42 41 36 17 4
31 60 49 23 26 62
8 38 47 28 3 48
53 52 38 21 33 1
12 7 10 60 37 18
40 31 34 4 11 15
10 16 29 23 5 15
49 2 22 20 33 56
50 30 29 55 14 23
62 42 10 37 55 61
40 1 48 33 18 38
11 25 39 41 55 2
59 36 56 19 25 13
14 42 28 1 25 22
12 37 6 63 31 40
22 24 41 5 39 40
46 26 1 60 40 18
41 7 24 0 32 59
29 23 39 35 45 40
44 4 22 5 27 46
32 37 1 7 5 49
53 18 43 34 32 59
63 49 25 26 14 55
16 57 43 14 12 56
54 44 61 13 25 58
45 1 40 63 16 28
31 55 1 48 34 38
8 61 44 38 13 0
43 50 38 20 17 2
58 42 16 22 39 53
10 29 20 39 54 48
12 20 48 34 45 21
24 58 13 23 40 19
15 9 58 31 35 54
63 21 40 37 20 30
21 27 63 53 6 59
36 5 22 21 39 56
34 2 63 20 43 51
31 16 10 32 30 37
40 39 3 12 24 25
48 10 1 2 61 62
41 32 51 4 35 42
48 23 7 63 55 28
12 33 17 61 9 60
22 27 43 19 9 58
35 29 7 38 31 32
10 39 15 50 62 34
55 13 11 62 46 15
43 27 24 31 22 39
27 15 43 17 6 57
43 16 42 48 1 20
32 51 36 42 34 44
5 28 6 63 7 47
17 25 15 45 59 27
44 55 20 13 9 22
16 51 58 29 9 21
8 41 1 31 20 21
63 61 30 1 62 25
8 51 47 18 1 22
11 50 28 31 43 27
56 9 37 29 58 25
39 14 63 48 8 16
34 43 22 25 36 57
38 15 21 24 22 53
60 63 47 4 22 51
52 10 14 57 34 3
28 6 52 56 63 35
50 42 43 28 29 10
5 9 55 53 1 17
8 62 59 17 40 27
44 52 61 48 29 2
15 17 16 53 51 14
13 28 4 1 44 49
8 62 9 19 13 16
4 36 49 31 17 42
5 43 39 2 61 56
0 11 39 23 20 16
14 21 53 7 1 62
45 30 41 63 2 31
4 52 58 36 61 37
20 13 43 31 14 42
36 55 7 40 43 50
35 60 43 52 23 62
44 29 62 5 40 32
60 24 37 33 16 46
49 28 15 17 35 58
36 56 38 30 37 19
39 54 28 38 5 25
29 3 7 60 57 23
53 34 52 62 20 4
25 14 21 47 27 33
46 2 36 34 14 62
61 37 33 47 11 3
6 63 53 61 1 12
17 41 9 48 19 40
8 36 52 9 23 32
3 8 20 17 57 37
34 48 18 3 17 5
13 3 63 28 7 36
44 21 52 30 5 54
30 15 38 19 28 9
34 51 8 53 45 18
23 45 17 16 42 7
47 16 45 39 23 35
15 14 28 10 3 27
35 37 6 11 53 30
57 55 46 25 52 24
54 62 20 55 0 17
48 40 27 9 43 25
49 15 62 4 40 28
48 25 8 4 6 63
33 51 2 56 63 5
42 34 41 12 50 62
43 56 25 47 23 36
54 42 55 38 30 12
39 59 61 47 53 34
25 24 57 14 9 23
17 47 15 12 42 36
27 32 0 4 49 58
5 51 32 23 42 61
13 19 0 38 14 25
51 36 9 47 16 1
34 3 16 28 19 61
42 27 48 23 33 55
8 1 57 0 38 49
3 14 18 25 38 58
12 54 60 17 14 38
21 37 30 36 24 0
49 32 24 35 16 57
57 29 33 12 28 42
31 13 1 22 49 58
27 14 18 7 9 16
41 23 38 60 19 25
3 41 10 29 5 4
51 34 63 31 4 10
11 7 25 51 10 3
43 4 18 60 37 19
59 60 56 30 52 28
44 43 20 61 45 39
31 63 25 34 40 39
19 12 57 36 25 48
9 22 39 14 21 53
52 28 9 8 42 31
32 4 54 48 14 58
9 5 51 35 49 54
23 17 46 32 43 18
38 15 7 34 16 3
37 54 35 19 57 61
16 8 3 27 54 25
43 28 35 4 47 57
33 35 31 11 16 58
21 49 16 52 29 54
58 55 26 35 31 54
27 18 56 35 15 42
14 3 62 27 59 31
55 18 36 22 42 10
29 49 33 3 39 36
43 54 8 35 28 38
54 57 40 61 37 13
0 25 19 8 15 42
31 20 23 26 5 62
7 12 55 15 46 18
52 6 41 16 42 49
17 12 59 31 16 30
14 36 23 5 50 33
51 2 42 25 57 35
39 40 1 31 5 47
30 0 18 61 50 56
36 53 59 23 12 60
15 40 37 32 2 52
42 3 57 2 36 56
5 42 32 50 52 36
19 39 23 62 60 14
58 14 33 32 46 41
32 36 18 11 27 41
12 11 20 2 3 5
7 63 53 3 15 51
31 5 3 20 14 30
59 3 54 49 44 19
51 2 38 46 3 33
61 60 21 14 32 13
48 53 49 30 51 18
62 31 44 39 48 43
51 12 22 44 26 15
58 40 17 22 0 24
44 52 35 22 11 58
18 21 26 37 60 48
43 33 7 24 25 40
12 57 40 32 48 2
31 36 8 17 40 54
59 0 23 43 31 35
12 11 13 61 10 5
61 46 20 35 50 32
20 35 45 48 26 63
28 52 22 13 15 42
58 63 56 29 15 7
35 29 51 14 8 37
23 17 34 31 32 63
12 25 16 11 42 35
37 50 3 29 28 51
6 13 36 30 23 47
16 10 47 25 50 55
14 17 61 16 24 20
13 26 56 17 27 34
12 5 40 61 32 50
22 52 1 43 10 12
30 55 62 56 50 60
29 59 20 23 6 3
7 56 13 11 63 28
15 24 30 45 10 0
52 31 57 5 62 9
57 9 22 20 25 46
19 4 43 17 28 5
4 17 52 43 62 26
33 30 5 1 50 40
53 49 35 37 38 59
29 22 6 7 27 17
42 31 7 39 37 49
45 37 23 29 6 9
32 61 51 6 2 46
52 5 28 61 49 30
61 56 9 57 47 58
34 55 54 10 26 16
0 6 36 59 34 2
63 58 28 57 52 42
55 8 51 37 60 43
37 35 50 10 52 62
7 1 2 22 36 41
23 26 5 41 4 47
22 55 11 12 38 42
35 47 5 62 39 29
36 54 35 10 34 49
7 49 12 14 54 61
60 50 30 14 42 47
23 27 4 5 43 54
46 3 27 55 25 1
8 46 20 14 24 36
46 59 16 49 14 47
38 42 58 26 9 12
5 0 52 27 36 31
11 60 48 33 44 13
30 53 49 27 9 23
26 20 52 32 16 56
12 5 54 53 14 10
49 22 16 21 44 5
6 15 19 26 37 56
13 39 29 60 51 2
40 63 50 51 5 42
20 32 13 24 51 8
44 57 63 31 56 1
34 0 52 51 47 21
8 58 13 29 12 2
19 48 45 40 28 10
10 38 63 56 1 46
49 29 9 63 57 3
56 54 27 59 0 37
9 58 24 29 46 48
26 49 12 47 8 51
37 61 51 27 54 2
19 8 35 27 20 9
22 43 17 45 8 21
19 3 49 57 52 12
60 11 16 2 14 59
12 35 15 62 13 26
63 33 39 21 44 27
38 39 27 33 2 59
28 53 12 14 45 39
18 31 41 49 50 19
6 24 13 31 54 1
29 11 37 5 10 43
33 3 59 60 62 16
2 11 42 23 8 14
56 19 7 61 8 40
50 23 8 4 9 60
51 24 0 42 53 61
58 60 50 3 45 24
54 9 36 26 61 40
43 60 4 18 0 3
16 37 54 14 30 50
37 14 30 63 0 22
16 34 38 12 50 44
14 3 21 17 22 25
3 9 12 40 24 52
55 43 30 59 38 17
51 56 34 61 7 48
18 59 39 10 63 55
14 8 22 15 2 19
13 60 4 22 30 45
51 14 32 49 48 56
52 32 60 49 58 59
26 63 58 5 12 21
10 34 35 25 9 0
50 1 17 43 48 24
37 9 22 16 27 58
46 55 24 51 53 17
35 43 45 49 22 24
56 50 55 23 18 25
16 63 60 29 42 24
47 29 53 14 15 33
32 51 27 18 1 56
54 30 8 0 2 3
6 39 38 1 46 26
51 60 46 62 42 45
46 5 20 19 26 22
0 43 45 31 35 54
42 22 13 29 56 18
45 10 33 24 36 53
11 22 10 18 40 50
14 28 30 40 17 33
31 45 35 44 60 46
18 30 49 56 59 0
11 26 57 20 30 1
32 35 40 60 13 29
32 60 48 21 41 15
19 51 30 55 63 35
7 10 48 12 50 53
26 44 14 2 53 33
27 2 14 7 25 54
10 32 6 30 51 3
30 32 16 54 27 29
50 25 51 52 38 42
31 10 27 44 61 34
2 1 22 8 14 33
27 21 54 23 7 40
24 31 2 48 62 19
8 40 19 42 48 13
3 17 61 28 18 33
35 57 8 39 9 37
30 7 39 8 47 9
41 18 57 5 0 27
63 20 39 59 7 38
17 23 34 10 36 61
41 14 20 7 12 46
55 47 20 21 1 46
45 8 18 1 22 61
57 61 47 50 45 7
37 13 5 3 30 6
5 52 56 59 8 51
27 8 7 47 4 38
4 7 21 29 47 41
41 3 46 60 43 16
12 41 56 49 46 63
42 27 57 40 26 28
10 63 50 46 11 16
16 58 49 43 63 32
4 12 45 60 9 40
31 26 46 36 9 28
60 46 61 0 49 35
42 29 55 43 59 26
35 3 14 27 42 16
21 0 51 14 7 62
61 21 27 25 13 58
50 62 9 30 52 51
41 38 60 27 24 7
24 48 54 18 49 6
35 53 56 62 11 23
60 39 53 40 24 54
39 46 32 43 11 0
59 44 18 5 43 16
52 45 23 38 16 61
21 36 44 37 63 25
14 39 34 8 59 23
39 62 21 37 47 38
38 54 62 27 63 10
10 56 63 46 14 13
25 29 36 51 37 12
8 50 58 21 49 47
62 46 40 9 3 63
0 14 47 4 42 5
1 41 40 61 63 44
36 21 39 49 18 37
59 5 39 32 17 61
31 7 6 17 29 30
54 43 49 9 22 24
18 39 35 44 42 34
49 39 19 17 35 28
49 53 10 28 29 31
56 6 25 62 23 9
37 61 6 52 29 53
41 5 13 38 30 24
44 51 0 56 15 1
52 28 12 25 13 24
61 22 25 4 51 46
5 38 35 43 9 58
36 44 15 6 54 35
21 43 52 15 24 28
3 33 63 42 11 37
35 5 34 55 56 23
7 37 52 8 49 36
34 28 61 16 13 40
5 0 50 13 27 29
24 0 60 33 55 19
29 10 51 41 4 21
32 7 39 21 23 2
9 10 42 21 28 61
1 56 41 6 47 26
17 5 42 25 29 40
18 11 8 54 33 42
45 29 48 14 56 34
18 4 2 47 56 23
37 12 25 6 61 53
0 47 27 17 8 52
29 17 58 55 54 6
16 54 6 44 7 26
11 18 5 32 45 35
37 40 16 36 18 61
23 62 9 0 13 16
36 8 6 50 47 20
62 2 17 42 60 43
59 37 10 41 28 63
37 31 4 57 28 21
38 49 22 41 33 57
48 23 57 59 47 5
32 2 8 62 61 41
5 0 42 48 15 44
36 15 12 0 18 51
61 37 10 17 56 42
21 4 30 36 54 17
8 57 10 2 32 16
18 57 19 60 28 23
58 62 63 21 36 54
15 0 39 34 40 33
28 3 44 29 1 27
40 57 8 10 36 55
58 34 21 60 56 8
22 31 32 61 25 19
62 46 48 50 38 63
10 29 56 14 9 54
63 7 23 28 48 25
28 37 51 27 19 46
1 8 53 32 49 50
9 53 62 33 32 22
44 63 61 28 33 19
43 3 56 38 18 20
23 56 18 61 48 60
18 12 31 21 54 10
30 57 40 21 22 12
40 10 24 27 56 19
27 63 1 23 52 28
5 2 32 12 3 13
10 16 45 40 34 61
54 7 56 36 39 58
21 46 60 29 62 5
39 7 17 19 58 25
42 27 8 5 48 4
47 32 46 59 3 12
47 42 41 32 45 25
3 14 54 21 7 8
15 59 54 32 10 27
53 19 26 58 35 18
11 47 2 32 13 49
61 15 59 43 26 46
4 60 61 31 51 53
44 52 21 23 6 27
28 59 27 50 19 7
5 49 63 11 40 20
39 20 50 61 60 29
40 34 44 15 3 58
3 62 63 21 15 40
6 42 2 30 40 13
35 13 46 7 33 47
49 18 6 9 27 39
25 16 23 19 2 35
55 54 1 25 15 30
49 51 41 18 29 58
4 28 40 14 60 15
58 0 39 5 33 26
26 48 10 57 39 0
33 52 63 55 58 46
17 48 55 16 51 26
61 9 50 30 32 2
49 2 45 48 56 6
2 10 54 15 52 39
26 37 60 36 42 38
4 36 57 27 47 44
7 49 57 33 63 6
21 45 11 2 33 34
11 63 43 31 50 33
19 11 32 5 14 3
58 43 24 45 50 56
44 18 1 60 41 57
55 41 21 6 53 39
58 53 9 0 25 17
18 28 43 51 2 54
15 58 3 52 54 0
5 26 45 29 1 43
63 0 5 23 39 29
48 12 22 18 23 30
51 19 0 14 45 43
27 18 54 58 40 51
17 34 11 42 53 61
28 34 49 6 62 56
19 37 45 33 12 8
52 31 23 61 36 5
10 46 59 52 49 24
26 11 17 50 12 15
43 31 63 58 5 36
52 49 18 34 33 27
23 7 34 42 5 20
8 63 32 55 33 42
17 4 3 34 63 9
30 45 12 11 39 49
8 52 58 5 30 41
16 26 19 33 37 17
44 4 43 42 14 32
47 51 19 3 50 48
25 45 14 53 16 57
54 50 45 13 19 0
38 51 63 9 25 7
45 21 5 27 22 34
21 12 37 13 6 58
17 43 29 37 19 7
51 46 36 38 21 49
16 0 14 18 43 45
49 61 7 25 0 19
2 58 52 31 22 46
61 42 13 0 6 3
62 46 58 19 59 4
41 45 11 19 27 39
39 6 20 59 47 42
16 13 54 9 11 51
48 31 3 2 63 24
5 28 44 40 50 23
29 38 59 50 9 28
17 28 36 6 9 40
39 20 40 3 16 36
44 28 18 38 40 52
12 47 19 42 50 36
23 50 13 45 4 57
37 33 31 36 54 19
21 19 24 42 28 61
26 29 20 30 8 53
2 43 42 18 57 53
6 3 50 54 60 30
39 29 48 37 57 55
47 52 32 17 16 34
2 19 13 5 38 15
55 12 19 36 6 51
12 6 35 17 33 21
33 63 26 56 23 24
19 35 13 2 39 49
51 30 7 1 40 57
56 4 54 33 15 19
0 56 37 12 61 33
43 14 51 35 29 15
13 31 63 21 28 46
59 24 52 11 8 61
47 28 53 58 17 5
36 50 20 28 44 56
23 15 40 54 18 35
19 53 23 54 44 12
55 18 36 22 39 51
33 17 62 1 47 60
30 18 58 1 4 10
58 60 42 5 9 6
10 39 37 49 30 19
8 49 9 44 13 2
23 51 50 0 16 57
39 6 14 35 51 5
43 34 48 63 62 35
5 38 3 10 26 45
25 49 57 52 19 9
48 51 1 3 57 62
43 24 27 15 49 61
50 6 35 57 22 30
44 18 28 62 53 47
40 11 5 24 27 25
17 8 34 55 63 24
14 21 46 3 37 15
60 32 11 18 9 54
51 26 59 8 14 13
53 42 44 2 10 50
48 6 1 59 58 57
29 37 45 48 55 1
43 35 39 24 55 29
57 50 31 33 46 52
20 56 51 55 19 58
61 47 52 31 22 15
62 32 60 22 3 34
0 34 59 27 6 63
45 52 21 9 11 5
26 46 56 48 43 0
41 37 48 9 2 38
18 57 62 49 42 8
10 9 34 41 46 30
22 34 29 0 58 55
1 57 7 43 55 12
37 52 44 18 2 9
46 37 23 20 17 50
23 42 7 50 0 38
11 56 6 48 17 29
16 39 3 36 12 41
0 47 42 28 50 34
33 27 63 57 40 35
38 39 18 56 58 50
41 19 13 58 36 22
13 51 19 49 31 46
63 37 36 33 47 12
43 21 41 55 33 35
37 5 11 58 60 13
50 4 62 39 49 36
25 61 59 7 51 60
62 35 52 6 13 61
44 30 24 19 2 3
21 38 55 45 56 50
38 15 3 61 54 9
50 19 16 54 57 18
19 46 12 4 8 36
25 63 33 51 44 54
34 51 24 52 1 58
35 53 42 57 2 43
14 13 17 12 40 6
44 1 14 48 7 43
63 23 60 13 34 52
13 30 27 47 41 34
43 6 41 15 9 1
54 32 1 35 7 4
41 1 63 18 9 20
8 23 31 35 49 58
31 21 29 37 58 35
47 17 20 35 40 19
5 55 31 40 7 56
57 25 2 59 38 48
54 59 22 43 42 14
7 61 1 11 15 58
47 59 40 23 6 55
63 30 61 42 40 4
58 40 38 28 11 63
20 19 32 56 12 43
48 30 60 12 52 41
34 11 17 14 39 28
27 63 6 53 4 17
17 56 24 49 39 18
16 37 44 3 25 33
15 28 54 61 40 23
49 22 38 59 57 62
58 47 14 25 13 54
0 52 37 2 23 36
40 21 52 54 58 5
22 9 52 41 6 2
13 47 1 10 6 62
42 19 1 48 10 56
17 12 27 22 53 57
44 22 42 39 56 24
16 57 1 9 61 14
57 36 32 15 63 2
11 0 24 43 2 13
32 0 54 23 25 1
47 4 18 55 27 36
9 17 14 58 34 24
53 20 19 28 42 59
15 34 22 13 48 55
28 58 3 0 55 44
29 6 28 50 44 12
12 29 3 28 24 0
12 61 18 52 34 33
22 52 11 41 23 9
2 42 20 52 10 57
59 2 53 43 1 33
3 17 49 26 22 16
23 2 51 31 11 57
54 31 13 49 38 6
11 50 13 57 1 55
58 12 43 19 38 15
38 23 33 10 1 27
53 17 39 3 46 16
16 19 10 25 9 36
28 59 57 34 29 23
0 23 26 5 22 19
29 17 48 5 37 23
48 33 50 47 6 10
4 41 7 53 24 62
19 44 59 39 27 46
63 35 16 3 62 17
40 22 7 12 59 36
9 36 41 20 35 57
43 0 7 20 52 21
54 23 35 20 52 53
16 4 37 46 44 27
26 14 63 47 49 2
55 4 2 0 53 34
58 35 49 29 31 23
17 48 1 30 45 5
30 32 5 42 38 34
10 20 48 2 43 38
43 17 63 10 62 32
38 46 17 55 45 61
18 54 15 60 3 50
33 14 42 54 10 37
32 34 16 38 31 36
7 41 23 50 18 52
63 59 23 0 19 12
45 27 37 18 57 12
10 7 54 42 63 16
50 23 49 8 54 21
22 5 1 11 17 6
15 17 2 33 53 27
30 7 62 26 49 37
7 55 14 28 63 25
58 9 45 16 54 41
22 4 7 37 53 43
49 38 30 59 13 55
57 29 5 44 9 41
35 14 4 53 20 16
22 58 53 20 38 41
27 10 12 23 45 35
9 52 11 58 28 31
48 44 5 18 47 56
26 42 7 3 25 40
19 11 33 30 42 18
53 19 21 1 3 60
60 62 37 16 54 41
47 57 38 21 8 43
50 41 17 28 5 62
2 54 36 15 31 23
1 12 34 24 18 13
42 44 56 35 40 28
0 31 29 54 61 7
35 30 9 24 42 31
20 17 24 11 47 56
31 25 63 5 2 49
23 25 15 44 61 46
1 33 31 56 0 61
24 28 17 25 8 59
44 7 42 29 6 46
31 1 47 39 50 10
53 17 32 27 38 60
31 50 3 27 59 35
54 9 5 35 32 18
31 0 1 55 39 23
12 37 48 52 50 61
53 54 44 11 49 12
40 59 16 17 48 21
36 41 47 54 37 42
15 33 39 40 57 60
18 17 1 8 33 0
57 5 53 26 60 56
0 51 53 47 63 34
60 6 33 51 16 7
47 34 13 0 61 7
32 41 12 27 36 26
25 24 34 48 49 51
53 24 11 6 45 5
10 25 5 22 63 35
16 21 3 35 55 62
61 49 62 18 27 50
12 2 1 30 37 23
18 56 39 34 31 41
62 5 58 47 18 51
50 35 37 13 14 51
12 33 48 3 39 4
21 49 53 56 54 46
23 38 3 7 29 10
63 55 57 10 29 4
16 45 15 34 5 10
27 46 38 22 40 60
25 57 23 38 13 35
22 44 13 47 8 48
28 39 42 26 63 51
29 39 12 30 38 0
20 52 37 29 28 26
0 24 52 16 28 33
49 43 18 51 2 9
18 39 54 22 58 51
23 12 39 51 19 48
16 62 3 1 26 8
45 21 36 9 51 49
26 42 7 31 5 27
43 19 27 45 35 41
22 13 14 20 56 6
53 26 39 24 21 17
7 48 37 44 55 39
17 61 28 30 57 5
54 15 33 34 32 55
48 23 44 39 5 8
41 3 49 30 9 58
35 51 39 20 34 30
20 13 5 21 16 14
48 26 43 34 39 3
54 32 0 14 43 29
13 58 49 50 10 31
61 43 14 40 33 29
38 26 63 7 41 35
10 1 36 34 62 21
1 59 31 46 27 52
34 2 24 49 18 42
29 57 28 44 9 1
21 43 13 24 33 48
39 4 41 49 6 40
45 52 23 46 44 9
24 60 52 63 43 6
40 33 9 47 59 29
20 24 37 8 10 51
3 22 52 2 54 17
25 48 23 62 60 17
62 27 33 35 45 47
54 63 1 25 50 52
60 35 28 34 46 9
45 31 34 46 13 27
6 27 47 22 18 13
23 34 29 57 14 61
57 53 5 11 15 7
32 42 5 36 55 43
62 56 5 8 44 12
27 40 44 17 56 53
32 59 35 36 53 41
57 10 0 40 54 8
59 12 3 57 55 29
63 6 1 34 30 11
34 41 52 35 33 23
35 19 48 34 61 20
37 62 27 26 0 42
28 10 58 2 24 27
43 22 25 50 9 29
63 19 62 5 48 6
54 62 17 32 38 36
46 21 47 56 49 36
51 28 20 11 5 54
35 2 3 48 59 47
44 18 48 10 19 26
19 23 39 37 10 59
36 30 26 45 0 60
51 46 52 13 55 44
30 13 47 62 40 49
55 29 50 13 59 31
27 47 18 17 36 14
61 16 49 10 23 24
52 29 2 15 61 31
6 50 42 52 31 47
56 2 34 8 9 58
47 8 32 16 0 2
56 14 39 17 50 12
57 40 48 38 0 53
7 21 30 26 45 56
18 32 39 17 58 2
61 21 6 44 48 2
55 14 13 47 3 51
26 31 61 19 51 48
7 47 2 3 59 25
8 58 33 11 40 53
27 58 22 28 32 39
37 54 17 50 55 32
23 40 51 17 2 35
63 43 0 22 1 9
60 20 33 52 55 56
0 45 11 36 55 8
1 27 33 24 26 25
58 45 1 52 25 46
37 27 1 9 53 12
10 20 36 6 51 32
18 35 47 20 22 39
13 59 0 40 28 53
30 53 47 57 3 8
15 43 46 38 28 40
21 12 61 53 49 7
27 43 10 59 28 3
24 41 8 30 13 45
26 11 12 29 39 6
25 16 30 27 40 43
12 6 35 31 24 55
62 11 28 44 19 53
33 45 34 4 48 63
52 46 33 20 50 23
26 62 61 29 36 46
47 58 33 49 57 36
32 7 48 24 10 38
15 23 8 18 63 2
62 24 2 35 26 6
13 20 14 22 52 12
62 40 59 0 42 30
48 49 10 21 56 38
34 30 59 10 31 37
30 17 19 14 6 37
6 43 50 51 53 48
17 22 14 34 58 44
55 42 46 27 16 7
26 11 3 24 45 4
23 53 4 26 28 61
25 22 61 9 45 28
5 11 10 24 44 17
48 55 63 0 59 24
38 4 30 23 13 58
7 3 2 63 41 24
55 40 6 42 0 61
53 62 16 12 41 32
36 49 43 16 27 37
3 40 8 38 19 32
5 26 31 25 44 55
49 45 55 18 24 38
50 24 52 28 27 16
23 48 47 14 18 44
3 1 14 25 41 42
4 31 27 50 58 54
11 38 52 49 36 50
63 8 2 52 37 10
14 45 46 43 21 29
9 20 21 18 49 35
24 3 6 16 52 14
28 14 48 3 34 27
13 55 53 39 0 5
0 26 40 6 62 33
1 62 54 36 61 20
59 36 17 11 61 24
36 48 35 56 62 44
18 7 42 5 16 29
30 54 32 36 52 15
32 5 1 50 16 29
15 0 42 23 54 14
29 61 60 21 63 42
7 61 38 12 34 20
61 12 10 57 37 20
54 34 5 24 43 37
0 49 29 13 56 19
19 45 47 40 54 3
5 58 43 41 16 29
63 6 61 7 15 8
35 19 58 31 6 27
16 13 50 56 6 63
1 44 0 27 57 17
5 31 30 6 53 40
22 49 33 50 32 25
28 23 56 41 51 60
15 40 14 20 59 18
61 39 29 9 62 18
47 60 59 22 0 33
12 3 16 52 21 18
54 47 44 28 1 11
18 61 34 14 32 50
63 58 35 28 54 52
46 8 55 12 28 36
33 61 28 63 4 37
16 22 29 59 36 13
41 28 48 49 25 1
11 23 59 7 32 58
40 3 60 46 50 58
60 2 26 5 16 17
31 33 39 12 52 9
46 42 22 55 36 5
25 17 11 36 23 12
5 28 51 36 17 40
8 21 53 60 4 10
55 63 24 56 32 52
5 3 12 14 32 54
40 55 44 10 46 32
29 20 15 6 43 51
48 55 41 47 44 60
40 37 14 47 49 8
60 23 49 5 35 32
20 37 56 59 0 26
26 12 45 47 57 39
54 34 41 48 26 58
38 43 9 42 10 21
52 30 49 3 62 18
56 62 30 8 3 54
51 48 2 26 50 49
63 54 12 14 10 16
59 49 25 63 31 12
59 26 19 9 38 20
16 30 35 26 25 49
34 53 42 7 54 13
61 28 4 6 57 54
38 8 48 51 12 4
21 26 48 37 54 3
26 48 39 55 20 4
12 27 16 25 43 50
33 34 12 21 36 62
31 48 13 28 20 24
9 28 16 60 8 52
51 26 25 20 42 11
18 50 31 49 37 26
26 35 48 8 63 54
21 6 51 29 50 10
60 26 11 56 57 47
9 48 26 21 61 5
21 6 0 22 23 25
35 38 2 30 29 59
22 34 49 0 38 7
23 62 10 13 30 15
18 37 4 3 48 58
53 18 61 9 47 10
31 41 0 11 46 45
23 54 0 27 42 51
2 38 1 55 59 0
19 53 52 20 0 3
46 25 18 35 54 48
45 58 33 4 13 44
23 20 17 4 54 41
20 3 17 58 29 12
50 55 47 48 56 26
29 48 0 11 5 52
57 50 0 8 37 20
51 31 29 41 40 27
21 5 10 42 48 43
34 8 59 26 61 16
15 59 8 46 1 42
0 20 38 3 30 29
60 22 14 59 18 54
22 8 62 4 26 14
30 14 35 51 16 37
56 55 43 53 57 54
58 28 50 35 47 40
13 50 0 43 11 29
45 37 42 13 2 53
28 61 10 38 33 1
41 29 52 34 37 10
40 62 37 33 15 51
37 57 58 63 19 62
6 27 53 56 45 5
50 24 27 45 54 21
50 33 6 5 20 16
48 40 30 5 16 2
0 40 16 10 31 21
40 41 34 9 42 31
56 1 40 34 38 42
38 10 56 4 50 47
8 49 25 21 33 24
43 58 0 49 12 19
58 44 39 12 31 19
28 19 40 6 31 50
40 28 51 13 21 20
58 11 4 44 50 49
6 39 63 2 0 40
42 35 54 34 27 3
18 47 21 52 48 50
10 11 7 18 27 32
28 37 36 44 6 27
17 36 29 14 62 53
50 41 42 44 20 12
9 11 52 60 53 3
29 31 61 52 7 13
48 41 37 17 13 9
22 35 6 59 54 38
3 36 25 45 24 2
57 23 17 27 29 46
44 29 47 27 11 17
38 18 10 49 51 47
33 51 21 11 62 49
4 3 28 25 13 35
48 62 44 24 37 12
13 45 60 31 53 18
51 5 62 37 16 59
23 3 43 38 6 63
11 30 18 47 6 44
12 56 63 61 5 51
58 61 47 37 22 26
10 61 62 59 23 52
56 9 4 24 46 37
25 1 49 63 14 5
10 13 47 53 18 3
42 29 25 50 6 38
54 1 24 62 32 28
31 32 1 51 20 49
8 57 40 30 3 32
56 46 32 63 49 42
61 18 60 2 32 9
22 19 2 39 58 17
57 36 55 54 4 15
40 47 61 42 35 23
24 40 4 31 41 35
43 36 62 10 53 17
46 41 2 4 1 5
10 1 29 32 47 56
51 54 7 24 52 4
37 45 47 30 54 32
16 50 10 11 59 54
31 63 6 54 50 26
29 49 41 25 62 4
58 38 51 45 35 31
43 39 57 1 20 14
0 1 49 57 55 45
58 48 25 34 62 38
24 6 63 30 42 19
61 26 43 19 35 27
60 37 11 50 26 25
56 0 62 9 3 5
37 12 21 50 49 3
7 18 23 15 46 33
24 33 10 34 27 5
8 24 40 41 50 42
52 3 2 39 6 38
5 32 21 51 59 15
4 53 3 50 61 40
50 42 18 13 49 61
33 10 21 15 3 49
17 15 59 45 24 41
36 3 47 30 7 56
53 16 0 19 51 32
6 38 55 3 29 41
36 56 53 40 41 58
19 24 16 42 8 15
8 6 34 49 41 7
13 45 6 27 36 33
29 62 8 55 47 1
39 63 30 26 31 51
58 4 55 45 43 44
16 42 54 3 59 40
16 35 49 0 38 25
4 17 21 29 9 39
32 33 42 59 48 60
39 49 44 32 59 13
42 29 63 8 21 56
27 32 30 15 18 42
4 60 59 27 39 15
19 44 34 54 15 50
18 7 19 13 28 60
38 18 54 61 2 30
38 41 9 21 32 29
19 17 18 23 49 35
60 52 24 30 48 53
37 7 20 3 24 22
43 1 15 36 33 13
3 18 0 46 23 56
11 54 16 37 20 23
25 5 52 44 36 46
34 24 17 26 19 48
33 2 58 43 24 31
35 0 60 9 16 43
60 48 45 21 52 18
13 61 29 49 7 3
30 11 24 4 43 47
12 20 42 8 15 53
54 27 35 16 8 36
58 54 49 18 14 61
49 37 6 26 53 40
21 59 7 40 3 45
10 48 49 55 32 50
47 15 42 32 1 45
42 31 8 25 63 57
20 42 43 63 52 13
47 38 56 33 23 44
19 0 28 38 42 30
35 24 61 12 38 31
51 46 37 55 52 24
37 57 6 33 3 8
27 44 34 37 28 56
23 9 31 4 16 59
23 32 45 19 60 47
53 57 43 3 40 26
4 27 40 6 48 59
28 44 27 8 41 43
30 4 55 39 56 25
17 52 61 49 45 54
30 11 1 55 20 59
61 36 15 5 53 20
25 49 60 41 38 1
19 7 54 35 13 26
32 25 59 54 9 33
39 24 47 46 17 37
10 54 12 3 27 15
44 9 57 48 43 38
23 37 29 18 48 62
5 38 10 55 13 39
5 6 38 18 46 8
41 1 54 4 44 48
1 55 33 34 53 2
30 46 31 27 59 49
38 28 25 63 31 3
57 8 39 25 3 44
51 33 9 11 24 34
52 39 31 18 16 62
56 16 25 13 21 58
24 42 35 31 12 23
61 44 27 53 62 47
34 8 42 46 28 3
39 34 0 28 1 58
34 17 36 38 47 54
16 12 58 51 41 2
16 1 63 59 45 54
9 30 3 19 53 39
45 48 13 16 27 19
50 13 33 41 52 20
31 5 3 34 60 56
37 24 26 5 52 16
45 0 36 8 3 53
58 3 62 57 29 28
6 35 26 63 12 7
5 15 14 12 47 29
45 18 49 2 55 38
59 34 46 45 49 41
22 5 40 28 26 55
14 53 21 55 28 52
58 19 41 45 51 20
10 59 27 8 14 56
29 40 49 0 48 3
32 11 45 5 6 8
54 28 48 47 53 52
24 58 11 34 55 39
8 23 61 4 52 51
42 30 22 17 20 15
17 16 46 14 39 24
15 12 29 25 22 7
26 8 43 47 48 6
20 11 26 56 25 21
62 10 61 26 18 55
20 16 60 4 13 58
21 7 11 24 29 8
3 4 39 30 32 24
48 50 11 14 15 56
34 37 22 9 54 51
61 52 57 13 54 56
42 45 12 18 37 20
26 39 23 42 35 38
58 38 63 26 36 59
15 6 53 56 9 57
43 63 30 5 49 52
47 40 14 21 60 9
1 16 48 62 23 43
31 26 14 13 48 7
30 27 2 43 40 32
15 1 0 39 34 14
59 0 48 7 12 61
57 0 33 34 13 43
47 57 4 7 35 37
21 14 1 27 20 11
59 56 11 8 5 40
52 32 36 56 37 18
18 51 26 33 10 1
17 10 55 45 63 59
2 25 45 0 51 5
53 51 56 29 12 60
52 59 21 0 12 1
7 46 56 15 60 20
60 38 45 41 5 59
3 26 0 33 40 39
49 60 16 14 39 38
45 7 52 49 16 36
38 48 12 34 35 27
10 47 43 24 30 3
14 3 50 47 49 63
50 4 19 8 62 46
22 24 53 26 56 30
58 51 23 9 31 57
38 44 46 1 18 8
44 59 60 21 16 3
50 4 31 60 59 2
61 35 62 15 4 27
48 39 35 0 51 44
21 57 19 52 43 59
28 25 29 59 20 48
34 33 49 18 2 10
2 59 36 22 28 19
14 2 34 45 1 60
46 25 36 1 6 48
11 1 43 41 25 23
39 19 12 52 46 34
38 12 62 8 28 24
59 32 3 57 47 58
7 56 6 60 11 13
24 54 8 40 55 50
42 21 19 30 5 45
61 18 6 35 11 42
27 12 45 32 6 10
1 63 37 7 51 33
41 56 36 60 54 29
37 52 47 39 9 34
58 41 37 25 16 33
6 27 19 5 62 60
41 35 25 43 12 28
6 24 21 34 39 27
62 35 7 32 9 16
36 27 33 12 35 46
51 3 44 26 47 27
26 23 21 51 50 19
11 26 40 51 3 60
15 55 34 38 10 62
4 59 62 41 51 32
53 41 52 6 10 26
37 49 34 30 28 7
58 12 62 4 51 59
56 12 57 48 52 53
46 1 45 34 18 13
0 28 58 3 16 22
41 42 37 18 39 29
54 41 1 13 58 34
12 39 54 27 48 2
35 43 38 13 56 48
5 40 22 8 50 21
35 37 1 6 56 10
23 1 7 42 60 30
52 26 22 31 0 25
38 15 45 5 24 4
26 12 53 43 8 45
49 30 52 50 33 41
