41 3 14
46 6 31
45 0 31
36 18 17
36 3 23
63 59 54
4 26 44
31 44 56
11 50 26
62 25 15
10 1 43
62 57 56
48 14 7
56 59 40
35 41 57
63 2 9
23 56 61
33 53 42
47 61 52
17 30 7
60 8 55
33 43 12
45 3 46
58 9 4
30 18 63
32 22 23
14 20 29
50 40 53
62 43 54
17 38 43
21 30 61
52 9 19
42 4 28
41 5 30
27 10 8
31 61 17
31 52 6
60 57 52
39 46 55
56 30 58
11 0 19
52 25 29
33 23 32
12 15 35
11 12 49
53 62 49
63 21 27
29 62 60
37 43 9
33 7 32
53 49 16
62 38 39
48 12 8
21 18 20
47 31 46
19 31 6
40 26 8
10 23 61
40 31 26
23 14 52
51 16 45
7 28 50
5 37 32
54 24 47
39 16 53
53 48 17
15 46 63
27 9 49
4 61 23
47 48 8
21 37 48
59 8 15
60 31 46
50 17 31
20 12 27
31 27 28
13 24 3
24 36 43
15 46 62
54 10 12
56 57 27
45 19 49
19 32 52
24 20 36
59 10 14
2 10 41
39 28 52
37 41 27
53 33 39
34 9 63
40 13 58
19 61 2
43 58 50
19 47 40
35 36 56
22 46 40
7 16 0
21 10 11
28 44 58
16 41 14
41 39 37
23 41 62
2 13 10
59 26 49
7 59 37
28 14 61
0 5 33
22 55 8
1 8 19
26 49 52
33 58 4
15 9 14
19 54 49
7 62 29
13 50 62
55 22 50
5 1 2
43 31 38
49 16 58
0 13 41
15 30 56
40 24 8
63 51 43
44 13 20
26 0 27
22 9 3
43 48 30
60 57 44
60 18 34
47 4 18
39 17 14
23 54 6
42 32 34
38 46 19
47 51 56
62 41 54
6 53 9
17 45 2
23 12 24
44 12 58
58 41 44
58 2 36
50 40 25
36 61 30
20 36 26
2 42 54
11 3 60
9 6 41
26 14 8
23 13 25
38 42 6
9 53 38
37 35 11
11 56 52
20 16 23
1 31 36
49 59 63
17 47 57
12 32 50
16 9 25
11 23 6
23 1 13
0 28 56
7 20 56
4 39 33
46 13 50
30 21 46
60 29 43
5 18 43
14 26 33
42 35 56
30 43 41
8 17 29
63 53 50
15 27 26
46 37 35
18 30 7
55 25 11
3 57 63
25 13 53
52 22 48
23 61 16
37 44 2
27 3 42
11 36 14
60 23 58
36 33 34
5 38 47
41 57 17
46 44 61
31 58 41
4 58 39
11 32 9
39 58 11
19 4 12
2 38 33
18 63 40
21 38 30
59 27 38
29 38 16
59 0 53
21 12 62
60 1 55
46 40 52
53 22 36
23 15 43
36 59 54
38 8 39
59 42 62
21 40 19
25 8 32
2 34 32
21 2 61
28 29 23
49 0 25
40 28 55
15 31 25
8 55 38
58 32 14
18 5 36
12 36 34
6 43 36
63 11 50
10 30 51
23 52 41
56 13 60
25 55 22
46 63 34
23 5 63
35 6 25
63 18 15
42 33 29
3 27 20
9 7 40
15 34 36
45 26 46
5 50 6
63 37 15
24 60 28
20 13 46
19 10 53
42 51 3
48 8 17
29 22 4
44 17 14
51 18 59
45 28 42
46 0 12
30 61 39
58 1 2
48 41 24
8 23 30
24 22 34
15 49 16
0 26 47
13 18 44
5 15 13
34 8 10
55 16 53
1 42 4
24 28 62
39 27 3
38 18 3
3 22 6
45 43 16
40 44 48
19 48 35
44 53 57
63 13 18
0 3 8
22 60 18
57 13 11
58 7 45
15 14 3
11 10 22
33 8 0
6 17 51
61 46 14
44 25 13
59 29 53
37 34 49
50 57 37
36 10 38
12 16 1
14 57 50
6 2 18
39 6 37
55 8 33
22 7 35
54 61 28
4 15 63
48 38 49
43 26 25
12 26 11
49 20 46
41 1 54
20 57 1
48 15 1
6 51 24
30 55 32
61 40 20
6 30 31
6 43 32
3 5 13
22 43 21
13 9 62
0 3 4
3 30 35
61 57 52
58 59 21
57 11 19
52 4 53
33 1 8
31 59 44
2 56 9
51 5 53
3 40 16
44 22 52
30 17 36
59 6 62
58 3 9
4 45 16
52 28 5
54 60 29
58 44 19
11 62 9
43 16 27
8 34 3
57 59 8
10 32 23
17 25 54
38 23 4
44 54 47
20 12 56
3 26 19
34 38 12
19 57 51
1 10 6
46 32 41
10 45 51
5 26 54
2 3 21
60 26 11
10 44 18
20 44 45
54 37 59
61 47 9
8 46 48
0 9 30
27 20 40
19 52 11
2 39 20
13 31 57
17 29 39
12 60 14
31 61 26
40 62 34
17 31 46
60 31 1
16 9 47
57 51 23
49 39 32
2 4 44
42 15 37
30 32 29
63 50 15
26 49 41
31 6 8
45 27 49
48 49 40
18 31 37
35 47 28
63 57 10
9 34 54
16 28 23
1 53 50
21 10 6
36 33 38
18 4 63
7 50 41
49 45 3
34 16 9
12 8 46
52 19 61
34 40 60
10 63 41
31 38 51
55 16 34
29 8 21
38 58 47
44 21 58
13 40 60
51 42 3
54 20 59
51 0 21
26 16 57
54 45 60
20 16 30
48 9 38
0 48 41
31 35 40
7 13 56
59 22 25
47 32 7
48 41 57
58 40 48
44 42 16
29 27 10
53 13 61
61 43 60
28 42 35
12 47 50
24 13 15
15 21 5
15 17 36
19 30 40
63 23 29
20 33 22
45 53 39
34 47 4
20 46 31
45 20 21
26 55 54
28 41 43
56 62 49
8 20 36
22 56 3
43 60 48
52 57 28
42 43 16
18 34 46
17 38 42
39 27 32
0 5 38
46 59 6
63 16 51
59 19 20
33 3 46
43 37 23
42 59 28
37 16 14
48 37 63
36 50 46
51 48 50
59 28 37
34 58 36
63 10 40
2 17 25
47 52 32
39 6 9
39 8 35
31 62 40
45 11 4
47 41 57
19 3 26
35 10 43
10 55 35
0 18 20
4 18 63
29 17 63
44 53 3
45 46 19
41 63 19
19 14 50
20 0 18
4 13 47
26 24 5
12 26 47
2 15 42
59 62 33
15 53 43
45 23 21
46 12 54
5 41 0
22 56 51
15 59 16
17 59 16
39 6 29
60 37 54
10 47 26
19 44 37
7 29 21
46 15 17
14 19 45
35 54 25
3 12 39
15 43 36
17 18 27
40 62 39
3 16 8
44 51 33
12 56 15
1 62 39
3 8 26
62 7 18
5 26 13
33 5 0
31 1 32
13 56 6
42 37 58
29 26 25
27 24 51
49 40 48
11 26 45
23 40 48
6 20 32
42 21 24
20 3 62
55 40 7
0 58 23
46 27 45
25 22 2
24 27 5
11 31 15
53 19 9
19 51 58
48 33 32
56 19 9
4 9 26
48 22 4
11 29 30
41 23 24
32 11 12
46 23 62
37 41 47
62 51 42
13 19 33
8 17 44
51 13 58
29 36 21
3 31 2
21 50 6
31 1 43
43 60 54
16 19 10
20 18 24
30 44 29
60 11 32
20 12 37
14 41 6
35 19 56
37 54 58
10 18 34
25 4 32
16 13 37
57 28 23
39 60 57
49 59 8
45 15 20
54 42 9
55 11 32
54 48 59
35 42 48
13 11 33
39 57 35
38 52 4
58 57 48
26 27 63
15 60 49
4 28 34
3 15 48
1 22 28
21 43 40
56 27 22
34 27 39
4 29 23
56 25 54
34 14 47
14 19 45
5 13 43
24 50 48
28 48 18
62 51 47
51 11 1
28 46 13
62 39 60
31 7 16
48 29 34
51 11 38
0 41 15
19 25 6
52 58 28
11 55 27
56 17 60
5 42 60
30 38 53
57 43 0
13 48 0
14 62 43
49 41 16
59 24 25
19 28 1
3 19 24
14 46 15
56 3 31
38 34 45
7 41 40
35 2 30
23 61 46
41 30 33
21 42 57
31 4 21
19 61 26
5 57 4
28 25 39
11 2 3
31 0 56
56 32 21
52 42 45
13 24 29
4 23 63
23 40 24
33 25 32
54 21 10
61 37 45
10 0 63
19 37 18
33 48 43
52 17 26
34 40 51
18 26 4
33 42 55
34 39 3
7 22 26
48 52 33
36 58 10
4 56 32
46 58 3
1 19 46
27 30 4
19 12 32
23 59 44
41 62 19
34 55 58
3 2 9
0 28 52
37 8 45
42 62 38
28 19 10
6 59 30
38 57 37
60 44 30
5 55 2
39 22 55
46 10 52
22 34 56
50 30 33
56 17 41
52 49 11
53 38 45
45 34 57
33 14 40
46 4 7
24 30 18
8 1 23
10 11 52
35 11 42
1 51 7
45 27 49
61 11 57
60 19 10
17 12 19
16 31 50
61 37 54
35 10 42
43 7 16
19 52 58
55 0 29
26 17 10
11 22 26
59 39 61
53 48 15
31 39 7
21 61 7
14 6 19
34 31 25
5 35 38
19 60 31
16 50 18
46 8 16
62 48 25
26 59 8
10 9 55
1 55 35
7 52 42
50 61 39
9 15 2
25 47 21
42 19 45
43 9 11
31 0 55
60 20 28
45 40 54
44 0 52
43 4 33
62 49 42
16 56 1
27 19 14
55 37 41
22 4 27
45 17 36
58 14 53
1 10 38
41 45 10
10 11 47
28 61 12
34 6 26
51 54 14
0 1 51
35 59 51
29 19 31
59 15 37
6 63 35
9 20 8
59 9 21
60 41 54
3 32 39
21 32 61
59 12 61
19 26 0
14 23 13
6 61 59
41 10 17
45 17 30
25 58 34
38 8 46
54 62 8
35 14 4
53 43 10
20 41 16
39 12 60
26 34 62
34 48 18
27 10 19
57 15 37
51 53 50
22 6 31
50 22 32
58 3 57
27 14 11
28 58 39
1 37 15
24 6 29
57 5 44
21 6 30
19 59 18
50 33 10
57 22 63
6 31 23
14 57 16
48 34 43
50 12 54
36 39 60
28 10 0
48 49 6
1 18 9
14 63 35
41 20 59
55 51 20
44 12 54
63 11 3
13 20 56
63 49 23
59 2 46
22 50 63
7 32 4
59 54 6
25 19 23
44 33 7
52 16 8
33 45 23
52 24 5
26 63 11
35 26 53
41 59 24
41 1 26
40 60 39
2 0 53
9 47 0
11 57 14
21 43 27
34 45 10
58 42 24
13 15 49
23 22 19
31 46 13
20 33 42
5 45 39
56 50 47
15 22 52
63 19 43
42 34 38
42 51 44
27 34 45
20 10 12
39 42 59
45 35 3
15 4 19
31 58 1
18 15 20
58 0 3
13 54 9
30 46 17
48 0 20
3 42 50
0 34 44
9 27 43
1 58 45
28 3 39
46 29 4
32 6 43
9 11 59
25 59 9
63 54 62
62 41 34
57 39 11
59 18 0
20 32 7
62 25 49
57 11 10
1 17 61
5 51 6
55 43 46
14 48 54
58 24 47
11 29 0
47 15 37
42 30 45
0 41 43
54 1 42
52 19 43
1 32 45
7 32 41
38 49 13
43 35 23
39 47 44
15 23 62
31 53 62
28 4 6
56 38 13
49 28 7
34 16 3
37 39 46
10 31 48
43 62 45
1 16 34
6 12 26
18 12 31
6 16 21
21 44 27
13 40 42
16 45 36
63 30 45
28 51 2
19 24 46
3 18 35
3 5 37
35 29 20
24 40 42
59 30 23
58 0 6
11 47 19
38 37 10
30 36 54
1 62 58
54 32 24
2 8 1
47 12 54
1 17 53
15 54 19
11 52 53
4 57 39
7 62 44
0 11 1
43 35 5
27 47 39
16 26 7
62 19 58
2 19 30
6 46 11
39 40 36
44 11 38
45 43 0
5 19 22
54 35 9
21 26 12
50 22 15
8 45 59
9 26 35
18 46 62
61 35 33
62 17 36
18 9 8
10 11 55
55 34 1
18 7 46
55 29 31
15 22 54
26 58 56
26 56 12
50 39 9
25 48 41
30 51 32
26 47 35
53 40 48
15 5 12
6 12 13
12 32 57
27 3 40
11 55 4
61 49 13
16 15 63
44 18 1
5 22 19
7 34 10
21 50 60
32 16 21
38 53 62
25 45 58
57 25 12
9 25 30
60 23 44
17 5 16
17 45 23
52 42 13
43 14 28
59 15 63
36 54 27
45 2 47
16 40 17
62 48 13
8 22 9
49 5 16
27 6 58
37 12 41
0 47 38
41 23 4
9 42 26
33 21 16
54 11 42
29 44 58
56 43 16
31 54 58
51 33 7
21 50 28
47 22 26
11 15 8
55 52 62
50 29 7
19 14 40
33 10 22
25 23 31
59 9 19
9 37 0
18 56 57
37 39 36
21 31 1
55 25 18
57 48 26
8 11 23
35 45 11
48 3 13
62 13 41
45 20 31
31 38 24
0 58 62
33 2 50
28 15 25
34 5 15
12 6 49
9 14 45
48 61 41
12 59 42
20 2 1
42 4 51
0 8 12
59 15 8
5 47 54
7 5 32
40 51 27
23 38 7
49 38 8
49 45 0
6 21 29
56 8 59
11 29 46
59 17 37
61 44 9
13 7 31
33 32 23
30 18 8
28 29 63
45 46 37
34 28 41
63 54 27
58 40 50
59 34 51
57 13 34
26 36 56
54 49 33
16 10 15
27 35 7
8 52 30
0 35 43
35 55 24
43 19 29
24 4 23
26 41 0
13 15 56
11 10 48
60 7 39
30 50 33
29 11 58
32 35 9
19 8 27
36 42 26
26 42 43
58 24 54
50 31 25
39 35 10
53 4 35
63 23 61
21 10 45
17 25 32
8 49 31
40 54 18
43 6 37
52 15 28
4 39 0
8 26 27
12 56 31
31 29 61
13 52 23
30 53 35
26 27 8
29 31 10
59 1 48
8 61 51
10 23 1
13 51 57
1 56 17
45 18 34
52 33 22
0 51 1
44 63 38
29 60 58
17 11 3
7 51 28
36 57 5
44 39 6
15 62 10
6 27 29
62 39 50
35 0 62
48 30 55
50 41 21
55 11 20
29 53 38
13 47 61
9 14 53
18 37 23
23 22 42
4 2 15
33 2 28
26 3 54
33 18 51
8 42 0
19 33 49
56 13 2
15 46 13
57 63 56
22 54 49
57 7 20
45 18 40
40 30 18
24 27 26
35 40 59
6 42 1
62 42 38
9 3 51
29 31 9
0 24 47
41 10 12
33 54 57
57 7 13
39 14 0
20 51 38
23 18 63
58 57 22
26 62 52
38 32 24
58 8 57
21 31 56
18 35 52
24 44 58
47 5 19
12 30 1
40 63 28
10 32 62
42 33 11
37 46 24
7 53 15
50 0 55
22 16 60
50 1 44
20 22 9
16 27 52
43 13 24
43 53 50
36 0 40
6 19 8
60 40 48
15 48 46
39 53 56
54 25 41
43 41 5
25 17 24
34 42 14
4 46 21
24 37 4
53 52 16
2 58 10
60 27 42
29 31 1
30 59 55
11 51 7
10 37 52
61 15 42
60 19 10
59 29 24
51 35 36
2 52 10
42 59 44
6 16 42
59 45 55
57 10 12
27 25 46
28 55 58
48 36 32
46 38 32
55 26 43
17 55 11
18 0 28
15 6 14
30 49 21
21 31 46
41 8 40
26 60 33
59 25 44
24 7 61
9 55 32
32 63 30
32 25 61
17 27 60
13 63 5
51 47 13
53 29 30
45 38 51
30 0 6
2 43 56
51 63 15
9 41 24
0 41 55
22 55 57
44 23 63
53 49 41
46 15 63
5 1 44
60 38 12
63 1 15
7 37 9
39 51 37
23 61 7
6 46 53
62 59 27
21 2 28
21 8 24
16 60 18
4 37 33
42 35 59
19 51 3
15 46 56
47 15 7
15 48 25
58 55 42
19 32 27
9 51 18
59 27 7
10 52 57
36 39 4
17 41 6
37 14 34
8 44 49
52 24 49
44 39 61
13 9 45
11 10 16
32 51 12
36 13 61
40 4 46
37 43 56
39 34 61
60 52 51
38 22 12
7 26 48
55 62 32
35 42 20
15 43 3
58 26 50
59 63 25
59 62 35
50 41 20
17 55 23
23 43 18
35 41 48
55 23 30
27 45 38
52 5 9
61 37 48
40 63 45
62 11 12
14 4 25
14 35 21
52 7 0
31 48 11
51 27 56
41 4 24
32 12 21
40 25 20
19 39 45
26 25 28
37 48 14
27 37 47
45 58 11
27 48 61
54 46 28
20 14 45
49 62 48
35 27 18
17 63 44
25 39 30
9 11 46
48 20 10
26 4 20
48 17 16
46 33 30
34 33 12
12 58 45
19 28 14
36 33 18
26 32 6
35 3 57
18 2 43
7 42 46
3 45 62
13 7 25
4 61 59
20 21 27
51 57 55
10 62 13
0 15 63
45 39 4
59 33 22
58 14 59
47 46 15
54 48 50
41 50 16
9 23 20
38 19 33
28 50 60
4 50 2
3 13 15
5 52 29
30 44 39
12 36 62
1 4 24
38 60 28
11 55 52
33 52 21
14 10 59
39 58 4
50 21 48
5 59 28
35 6 8
56 31 50
57 43 44
18 10 55
38 58 16
48 10 63
63 57 28
13 17 12
8 4 27
43 10 60
3 45 24
63 58 13
47 36 58
63 36 10
26 21 59
53 15 61
12 40 59
0 19 12
9 7 53
51 30 36
62 27 4
25 13 43
47 33 53
27 7 8
49 32 52
49 13 14
59 43 7
24 60 26
25 46 50
39 23 30
25 8 22
53 7 4
16 22 56
48 50 7
32 37 45
61 5 32
56 16 11
6 59 27
41 57 56
11 45 62
33 46 52
6 35 47
61 54 51
5 49 27
16 55 22
61 51 31
33 4 16
30 7 12
4 3 54
23 36 26
33 54 41
35 27 57
46 27 50
16 8 49
56 53 4
13 19 49
25 26 55
63 46 29
45 44 20
59 44 4
20 52 41
30 55 59
13 27 0
32 58 28
42 46 41
11 0 14
28 27 41
53 52 12
4 23 32
1 49 9
7 50 25
63 58 12
45 56 57
36 6 38
42 13 63
60 32 28
9 12 34
27 13 22
58 60 44
6 22 63
0 4 54
27 17 1
15 46 12
46 2 16
60 50 43
48 62 22
52 36 28
51 25 32
53 11 33
28 19 45
58 47 13
58 1 61
15 41 31
15 6 12
32 42 41
24 38 12
27 8 26
2 24 41
0 19 60
17 15 63
17 5 12
34 41 15
59 42 15
2 61 4
46 17 16
7 55 17
4 59 7
25 34 28
41 55 54
1 4 16
62 59 61
2 48 0
4 49 9
3 56 55
2 27 22
18 12 42
19 4 25
32 9 12
56 42 6
44 43 2
34 45 28
4 44 7
37 53 48
33 48 15
55 50 19
19 15 58
50 43 2
37 49 30
11 22 35
21 45 61
49 16 35
34 48 40
36 60 17
48 37 33
0 33 58
59 34 13
20 39 7
38 16 25
58 35 51
17 48 26
8 42 39
32 19 50
46 48 53
27 2 52
42 52 4
19 50 8
9 44 59
47 7 21
14 42 62
45 55 8
29 30 18
38 56 46
25 2 55
35 6 54
49 17 31
21 53 42
48 38 20
17 33 20
32 58 60
31 34 32
32 60 5
16 39 19
32 6 26
8 3 36
20 42 13
36 10 14
58 6 26
24 40 12
4 42 50
1 17 40
46 28 1
22 10 27
47 45 1
54 49 42
7 43 1
23 5 20
50 13 0
32 1 26
37 38 6
58 25 53
9 47 56
4 26 31
32 20 22
22 3 29
41 16 3
47 50 38
44 18 14
13 50 51
13 23 38
61 2 4
12 63 51
62 15 14
0 60 57
31 33 36
21 63 56
4 59 3
19 53 5
43 21 11
60 34 41
29 10 59
16 22 14
19 3 21
24 60 20
33 17 47
47 18 28
34 56 52
12 7 25
29 51 61
36 8 38
11 46 43
38 9 37
52 2 15
27 61 59
21 0 10
62 41 53
4 44 52
34 39 41
23 53 31
10 16 34
63 9 31
6 60 18
60 32 55
17 53 31
22 20 47
1 49 21
62 16 31
40 32 9
4 3 32
51 35 63
60 4 39
35 44 10
52 18 36
40 22 14
17 37 7
40 57 33
53 17 22
27 13 60
55 2 34
49 2 30
52 2 1
27 29 1
34 2 55
5 60 6
44 30 57
50 14 4
9 22 14
12 21 46
25 11 23
16 51 53
10 52 45
4 52 12
56 19 15
7 12 20
50 63 57
63 51 18
3 62 63
24 45 57
58 63 4
44 51 25
13 56 9
26 59 17
29 12 27
44 37 27
21 63 36
3 18 46
57 56 26
59 6 13
11 47 31
19 2 20
45 4 58
25 12 0
59 36 2
27 26 36
10 8 25
30 16 47
15 40 23
9 46 6
40 48 37
13 60 3
25 63 55
57 26 28
12 56 30
23 63 55
24 9 17
33 61 60
49 26 60
53 60 31
10 43 14
53 61 35
25 8 11
2 10 26
24 55 14
59 6 51
43 7 42
31 58 63
32 58 38
26 56 33
22 7 59
37 28 61
28 34 22
26 11 52
12 27 1
58 62 53
22 24 54
30 33 9
16 30 42
2 9 47
41 10 40
60 8 62
24 60 19
3 1 51
56 26 8
12 25 14
27 22 16
43 61 59
23 31 50
33 55 9
35 1 12
18 42 31
60 12 19
31 12 49
40 4 52
27 45 32
23 16 11
39 62 42
0 11 62
17 1 59
41 18 49
34 43 20
35 27 26
11 43 58
3 63 7
28 21 13
52 17 33
29 2 7
11 57 38
25 3 8
17 47 5
56 10 2
9 35 3
14 61 35
36 37 46
14 31 18
11 47 63
39 56 58
15 44 3
59 25 38
44 36 0
10 22 39
50 57 43
27 35 21
4 17 27
19 62 53
2 7 45
12 39 23
5 61 6
58 59 25
24 41 28
7 3 30
49 47 19
40 63 3
52 50 9
37 13 39
19 2 54
40 31 50
30 5 0
10 44 2
54 15 29
23 9 51
3 29 0
33 49 58
44 3 21
36 10 47
27 58 57
0 13 34
25 12 45
17 59 20
41 2 47
38 25 49
56 17 29
16 50 17
46 47 61
29 47 7
11 57 39
39 8 32
37 54 16
26 9 49
16 35 3
13 35 34
3 20 1
27 10 53
46 42 36
12 60 15
38 44 49
45 55 44
22 55 18
46 49 54
53 27 16
22 15 39
15 32 37
3 27 54
59 27 29
7 52 41
43 7 60
22 59 42
31 14 36
28 11 30
17 13 44
52 58 28
48 3 22
5 25 47
17 18 5
10 8 61
61 10 31
53 10 16
29 11 36
51 4 22
37 61 46
26 31 4
56 6 7
40 11 19
40 34 29
35 19 34
23 62 19
19 26 36
10 18 55
12 60 21
2 22 19
0 10 41
55 45 36
6 46 56
21 60 59
56 57 62
35 16 15
6 38 51
46 3 5
11 43 30
47 33 36
36 35 58
44 22 15
32 40 28
14 43 59
4 17 38
57 13 23
47 60 58
46 13 61
15 46 8
1 50 30
44 10 50
21 20 57
13 17 31
15 4 56
58 9 62
26 33 43
11 61 14
38 25 1
3 2 32
38 39 19
41 60 14
20 38 15
12 53 8
62 4 28
21 6 31
33 12 46
39 1 31
13 25 30
49 10 45
14 42 24
41 40 26
25 46 63
23 47 21
33 62 35
27 25 53
4 28 38
12 29 37
48 42 50
17 2 16
37 49 11
41 47 9
56 16 58
39 55 27
57 1 50
4 2 32
28 34 54
56 1 57
13 51 33
24 61 62
23 30 39
63 31 49
44 40 13
44 47 63
61 51 40
58 60 45
61 36 60
23 17 20
27 7 51
6 14 15
12 26 51
28 34 16
43 42 18
47 16 60
26 62 28
15 38 26
61 24 8
11 8 52
7 23 53
24 12 60
3 22 51
62 61 29
60 55 54
12 11 19
54 15 35
30 1 51
41 32 23
19 16 14
39 43 36
21 56 17
27 20 22
54 51 13
0 63 38
8 54 41
24 19 37
19 36 45
9 21 47
55 45 50
18 0 26
37 42 12
44 0 31
57 40 8
43 33 9
7 46 33
39 33 63
61 25 48
53 32 41
4 36 30
38 10 35
55 16 7
57 42 60
29 30 16
50 15 22
19 62 63
59 22 24
15 27 9
33 59 62
17 60 30
17 10 5
37 38 50
3 5 62
59 45 42
39 4 62
21 11 51
30 20 47
60 32 33
56 50 2
11 22 48
49 34 32
34 60 3
49 34 2
10 19 6
32 48 35
27 1 33
24 19 46
24 41 39
4 59 46
5 19 39
46 1 39
3 22 14
17 49 4
46 44 50
21 48 10
49 41 29
57 6 14
3 7 41
18 44 50
9 37 49
34 5 56
32 2 36
0 49 11
58 61 38
48 15 54
3 23 61
39 45 57
54 11 55
42 37 36
33 13 11
19 14 30
52 53 61
36 9 26
3 11 6
23 51 8
49 5 50
0 22 41
7 60 23
35 2 19
38 1 14
4 60 21
23 60 8
24 43 44
30 13 20
30 19 7
6 26 47
42 17 30
32 10 20
14 50 36
46 37 57
62 59 46
15 36 6
9 10 22
24 60 31
20 62 11
18 26 3
4 40 9
5 22 44
15 17 25
33 36 44
4 40 6
5 28 22
2 39 49
15 59 53
33 34 36
50 55 26
29 43 62
3 21 8
26 58 45
53 48 63
9 22 17
28 38 49
5 1 35
15 36 51
13 30 40
35 23 53
18 3 42
45 43 5
57 12 60
7 41 57
40 37 22
48 24 61
15 6 12
34 2 12
63 48 22
3 25 59
12 23 26
29 0 37
24 42 54
13 52 42
4 57 54
20 46 42
53 3 61
34 14 36
25 20 6
31 39 14
26 24 62
17 39 38
34 32 55
63 59 33
53 54 30
52 36 38
46 26 34
60 36 55
42 44 61
32 37 59
19 17 3
9 35 16
13 47 11
57 55 39
63 38 1
22 14 4
53 24 12
1 12 45
63 54 35
34 5 37
39 36 19
46 54 53
44 61 47
42 1 43
61 58 42
13 33 6
28 41 21
51 52 3
31 37 28
28 45 44
35 60 40
15 35 31
58 56 0
57 48 27
40 45 54
6 34 57
4 55 26
61 28 50
62 4 47
42 17 54
16 59 44
48 54 61
5 47 9
59 10 60
57 26 59
39 13 31
20 3 45
0 17 5
48 44 22
42 26 14
11 57 19
25 40 26
5 50 12
5 35 32
22 26 57
0 29 32
50 21 33
23 59 2
15 36 37
45 25 37
63 23 3
54 48 49
11 48 54
56 35 6
29 17 35
58 35 59
15 17 49
63 61 38
33 38 63
59 42 56
17 57 21
23 26 16
61 54 39
55 47 34
37 1 24
38 20 37
28 54 40
10 13 15
57 42 5
18 38 10
44 38 60
32 25 63
39 40 26
54 18 59
47 35 20
49 3 55
16 42 19
31 60 48
8 57 23
6 27 28
24 47 1
59 36 0
13 9 55
47 0 41
63 22 30
24 35 28
53 57 16
4 57 28
11 50 23
1 4 58
44 1 62
7 37 14
32 12 47
38 37 5
31 13 33
7 2 3
32 8 17
4 30 37
16 24 36
31 37 34
19 51 53
55 59 24
18 27 16
19 40 59
24 38 47
50 21 35
42 52 39
4 55 31
53 44 51
10 61 17
36 52 9
19 46 31
2 25 59
30 24 57
38 11 51
36 55 0
55 44 20
35 17 39
36 62 21
6 26 39
33 18 38
36 19 5
52 4 25
14 47 19
59 62 60
20 51 9
58 35 19
58 51 18
53 39 10
3 5 26
38 24 16
0 39 10
16 31 32
40 0 26
42 61 17
50 16 13
49 46 13
23 14 43
61 36 31
47 41 50
0 22 50
18 38 7
57 5 45
16 8 26
42 61 17
21 16 22
28 11 24
36 42 1
51 32 30
15 29 38
38 29 31
31 42 23
36 8 62
20 21 5
32 49 18
7 31 25
52 1 56
2 11 59
38 23 42
31 57 11
56 33 32
23 51 55
35 50 62
11 47 34
61 46 54
46 19 9
2 9 51
55 9 31
29 21 28
40 45 20
32 14 47
56 12 29
31 36 8
42 57 29
51 32 25
43 57 12
11 61 18
3 45 17
1 58 34
4 2 14
43 9 45
0 26 15
63 47 37
47 24 0
28 17 13
4 25 40
30 58 61
60 35 63
52 61 23
34 33 47
35 14 25
35 43 11
5 18 51
39 46 48
8 5 41
41 34 42
5 58 37
34 23 24
27 17 3
24 2 7
19 9 3
39 22 7
16 6 36
45 2 8
15 16 8
48 47 17
30 8 29
43 55 20
23 24 14
34 15 6
46 14 7
19 1 5
44 33 19
54 43 45
35 23 58
13 45 40
20 30 44
12 51 31
30 52 43
48 27 61
40 55 61
30 55 16
48 11 14
24 39 37
16 62 32
4 47 17
52 39 37
14 21 38
50 38 1
46 62 2
23 1 40
10 12 17
34 60 15
14 41 7
2 19 3
7 6 48
44 10 25
37 36 15
45 47 59
35 48 51
36 34 52
2 52 28
44 11 4
8 6 38
35 44 27
11 49 8
31 49 53
59 29 52
36 39 11
56 10 43
32 63 31
55 24 16
25 4 1
12 45 16
47 56 22
8 39 12
1 11 27
45 35 21
58 7 1
33 12 62
50 20 32
53 56 31
58 0 14
53 42 19
22 29 21
49 24 15
52 42 31
7 47 13
5 31 20
1 10 63
16 22 42
51 55 53
36 20 18
3 33 12
3 63 29
52 19 2
29 10 6
47 35 51
24 21 0
56 43 37
9 4 41
34 49 8
63 58 50
9 45 0
35 34 51
28 49 10
32 10 31
55 18 38
46 21 33
32 2 44
6 21 18
42 15 38
51 43 5
51 52 4
27 16 48
35 15 2
39 1 41
42 16 24
23 1 10
11 5 18
46 3 62
10 35 2
47 14 46
24 62 18
26 16 32
3 42 6
5 59 36
58 29 8
1 7 13
57 59 39
1 23 51
13 24 41
3 52 54
4 39 41
5 51 4
22 41 36
16 17 42
1 37 43
19 42 32
61 7 24
62 58 57
13 21 41
22 12 56
35 33 18
54 61 21
25 8 49
32 5 31
41 51 14
31 41 12
22 8 1
26 11 38
31 49 50
62 43 6
49 58 57
26 3 28
0 52 8
21 16 39
28 39 56
27 55 8
51 38 24
31 40 14
17 44 39
44 21 52
24 53 23
15 12 27
15 22 9
63 26 55
57 59 61
63 35 13
20 54 1
39 24 35
48 25 40
5 62 57
26 38 49
4 2 26
40 31 1
32 54 56
11 7 40
61 14 53
33 56 53
48 51 21
2 17 60
46 49 1
46 41 54
7 35 8
31 9 28
12 54 62
14 63 46
56 12 31
59 63 7
24 22 7
8 50 42
43 63 21
52 33 13
38 10 9
35 26 16
33 36 19
51 63 8
19 46 1
26 63 49
63 33 60
35 6 29
20 43 17
5 32 9
62 13 6
50 56 34
63 14 25
1 40 35
22 63 32
3 30 55
25 33 18
17 15 8
42 0 17
41 26 10
21 0 14
54 51 49
55 48 15
35 47 33
17 32 3
56 49 34
12 53 8
25 54 34
24 54 59
8 19 25
13 30 32
32 41 55
60 39 2
12 42 60
0 60 35
51 25 50
19 1 26
12 49 30
4 53 3
17 36 5
53 3 6
57 30 41
5 12 51
34 27 55
36 22 40
12 50 48
60 52 46
0 51 33
28 62 23
56 44 3
35 23 9
16 62 38
29 14 40
5 38 55
55 12 34
6 36 54
19 5 39
48 4 14
34 29 26
33 55 35
55 35 13
52 51 60
5 4 56
63 14 60
56 3 13
19 14 41
48 3 60
62 13 30
62 30 42
61 25 11
43 42 41
24 59 54
33 29 3
41 57 8
43 49 38
36 26 27
0 24 33
45 41 22
60 28 62
42 8 15
47 6 33
18 62 24
22 52 14
28 21 48
29 24 19
58 20 33
23 29 61
27 32 39
34 62 60
37 38 27
31 30 55
50 6 32
49 30 52
28 16 0
21 8 31
60 44 15
31 52 25
40 23 14
43 58 44
61 60 47
52 12 25
37 30 19
62 2 33
26 52 55
5 3 0
10 7 57
29 15 50
38 35 57
0 2 51
2 14 18
49 24 10
33 28 29
30 9 61
47 60 43
59 24 14
51 1 8
40 63 62
42 25 55
62 15 42
62 47 58
28 26 20
58 7 30
48 35 37
62 49 35
2 3 5
42 27 26
18 50 36
63 48 1
7 62 11
12 59 45
8 57 33
34 10 5
39 24 6
11 5 52
35 54 27
15 58 55
31 52 42
49 16 9
26 15 58
44 24 29
21 22 52
46 25 42
32 41 23
52 51 40
42 8 29
18 43 2
36 32 15
39 1 61
54 3 18
8 33 26
32 39 50
45 19 51
32 58 10
20 9 55
38 2 22
7 59 45
48 43 25
19 32 45
24 33 42
31 6 45
0 27 48
12 31 18
26 56 43
53 62 58
47 15 27
25 11 12
27 55 41
30 60 18
13 47 40
30 43 59
1 55 46
43 17 10
63 33 52
14 57 20
11 59 32
10 7 14
19 39 54
37 16 56
7 33 60
9 4 2
37 36 46
26 40 25
54 37 55
56 55 43
36 26 54
17 43 21
29 1 5
5 31 34
31 9 49
9 57 58
52 61 2
57 20 1
62 2 21
51 25 5
49 51 35
26 51 63
50 8 39
37 52 55
41 47 37
54 47 8
13 43 36
23 52 58
38 21 10
34 5 9
32 43 33
0 26 8
51 56 57
38 7 24
61 45 6
58 54 29
61 4 53
31 49 57
20 19 35
31 1 10
59 18 62
61 42 20
1 33 3
58 19 56
8 52 39
55 53 32
1 52 2
33 14 50
20 55 39
38 19 5
39 26 56
56 25 55
29 0 19
26 37 9
17 3 50
57 8 62
33 43 22
38 44 6
4 34 45
41 4 29
44 23 48
38 24 18
41 1 59
4 62 13
54 37 63
38 61 0
6 11 3
45 20 43
39 28 42
21 29 35
59 10 44
21 29 55
8 28 31
0 24 11
46 23 37
37 33 27
51 22 4
17 26 41
59 60 56
12 25 16
35 7 63
43 62 59
44 55 38
58 40 29
35 17 31
5 39 20
1 45 8
6 31 35
33 56 51
51 18 22
28 1 34
54 19 59
34 2 6
24 63 48
61 19 54
57 41 13
30 37 54
61 17 9
49 37 22
54 61 22
52 63 43
21 45 59
18 39 35
7 49 45
30 37 16
35 23 1
20 37 0
21 32 11
24 1 33
24 43 37
54 11 6
29 52 21
6 44 52
35 1 56
17 50 23
42 20 25
46 42 2
27 51 14
1 18 42
57 13 45
40 51 43
52 16 7
25 24 60
2 61 63
34 54 6
1 48 22
22 32 53
57 6 52
2 18 6
56 38 12
3 27 61
8 41 7
13 25 42
7 37 8
11 10 48
7 37 16
0 34 39
25 21 57
31 38 19
38 42 49
15 21 45
28 36 38
11 45 3
45 31 15
9 31 53
21 8 58
29 51 49
38 36 61
51 14 21
56 26 1
7 19 30
55 10 30
11 10 46
43 14 12
28 54 58
28 26 29
4 20 42
53 30 11
4 56 13
19 35 16
19 15 50
27 35 42
29 32 12
62 60 35
49 47 33
22 16 59
53 49 39
45 23 29
18 20 26
37 15 34
29 25 23
28 12 17
33 34 7
44 4 53
0 59 30
0 40 32
48 37 56
47 54 3
13 56 23
50 53 40
19 33 43
14 45 17
31 23 41
58 47 18
55 22 45
48 40 33
39 8 59
17 11 7
3 41 4
37 30 57
9 51 37
50 48 18
48 59 60
26 13 34
15 22 47
6 12 40
15 33 63
39 30 60
46 1 23
35 36 63
5 7 54
33 46 54
43 13 52
39 58 38
14 26 19
16 28 40
1 22 5
40 42 57
17 16 35
8 30 23
1 63 53
5 4 25
15 3 50
23 11 58
26 17 53
57 7 15
1 50 10
46 50 29
44 40 37
1 19 14
17 6 46
57 31 51
62 54 51
31 13 18
30 6 11
6 9 53
63 15 53
61 4 42
57 51 26
25 53 11
37 24 43
14 3 17
56 3 5
11 53 14
61 52 30
24 52 23
37 16 27
63 5 61
11 46 8
24 35 62
62 31 3
52 61 39
26 20 12
42 9 59
32 19 51
46 27 40
32 46 22
37 29 34
6 33 39
12 14 51
21 1 12
1 9 59
42 63 11
54 53 0
35 55 54
6 20 40
36 28 46
11 3 62
10 47 13
0 57 63
49 30 63
11 20 14
56 9 37
5 40 39
37 16 62
13 23 4
40 8 59
13 43 36
40 18 55
8 62 18
13 60 51
52 12 13
23 51 63
22 26 11
0 56 40
15 8 50
0 31 60
6 55 38
39 17 0
63 35 38
31 1 53
12 33 5
0 40 43
11 62 33
32 16 55
2 50 42
44 48 0
30 31 29
6 3 9
0 28 38
24 42 49
57 63 6
52 29 3
14 20 25
47 9 3
5 28 22
9 28 55
49 1 37
56 1 17
10 5 55
56 34 12
33 12 61
19 51 29
27 61 54
13 43 2
36 43 19
15 53 19
39 18 1
5 17 48
60 8 27
50 10 60
42 60 31
2 62 48
12 2 42
32 56 3
60 24 48
50 36 25
5 39 2
41 42 2
11 3 19
24 43 53
22 49 36
19 21 28
47 24 25
7 44 28
11 37 20
22 1 0
11 49 33
57 35 18
32 11 21
4 10 38
24 53 37
16 34 21
16 23 63
49 10 27
41 57 17
11 13 62
29 56 48
51 52 55
37 27 10
2 61 46
13 44 56
61 49 13
2 6 7
25 13 30
46 43 23
28 23 24
10 45 55
19 22 8
39 56 4
55 44 52
60 33 6
55 4 44
25 19 14
2 46 63
56 20 44
61 47 45
11 28 7
21 48 43
9 4 51
37 15 62
26 37 44
4 13 48
53 42 61
55 38 44
31 33 10
35 0 6
14 32 63
57 31 45
8 38 24
63 38 19
55 39 13
36 9 54
2 11 17
30 10 29
25 35 32
13 1 37
55 28 39
55 48 56
40 41 53
60 39 61
20 59 34
29 26 39
45 30 27
58 26 20
35 32 57
46 48 37
51 29 20
58 46 13
26 34 59
28 20 49
56 44 26
56 18 2
19 15 14
18 11 8
28 49 11
37 14 45
56 27 18
39 11 6
20 25 19
33 10 34
51 12 31
1 50 31
32 35 37
15 13 42
23 44 25
29 41 3
41 53 47
36 45 49
8 4 54
33 16 1
5 58 50
31 16 5
56 13 15
22 51 39
26 48 41
36 7 27
46 62 27
42 50 61
8 32 15
46 34 45
49 30 34
33 10 36
17 11 51
28 47 40
5 14 9
12 30 61
26 57 59
12 59 5
3 0 47
49 41 31
18 33 28
13 56 51
19 33 63
44 43 48
28 27 17
34 63 20
49 44 13
34 27 17
45 7 38
18 34 14
21 55 48
39 53 45
53 29 37
9 17 22
4 57 40
55 60 9
56 11 35
43 28 51
45 7 41
0 8 9
51 1 21
11 32 22
51 52 53
44 21 13
18 27 57
24 17 13
22 15 46
60 24 42
43 6 5
48 23 42
23 4 3
12 45 17
41 22 35
12 20 3
53 51 30
32 28 48
14 41 45
56 63 5
63 59 16
63 32 47
52 61 21
20 6 11
43 50 20
16 1 36
57 27 4
44 63 30
25 41 19
10 25 57
17 49 29
46 47 23
16 60 13
4 23 12
13 47 63
20 7 16
27 29 5
48 23 21
23 47 11
56 4 53
31 15 20
52 55 29
11 26 57
29 61 59
48 38 40
18 53 2
31 0 57
29 5 25
27 44 26
45 52 16
52 61 42
59 58 36
31 16 20
20 49 3
54 63 17
26 32 61
16 21 57
21 50 18
60 44 62
44 17 13
40 34 37
8 53 46
17 23 53
52 57 3
33 12 32
20 62 25
36 20 55
38 36 45
62 23 10
39 11 29
43 54 4
47 44 21
37 33 26
26 60 8
25 34 54
48 54 12
40 4 47
27 31 28
42 24 49
60 58 40
50 38 35
6 41 31
13 32 54
47 43 9
38 30 57
39 31 22
13 0 56
45 16 13
17 53 43
43 37 26
44 6 41
23 55 11
8 12 18
55 37 2
17 47 58
29 48 23
45 3 47
44 31 4
38 25 14
39 0 8
17 29 16
10 19 54
33 59 41
56 28 44
5 23 3
4 10 8
8 59 49
34 57 59
40 0 19
43 26 60
46 61 33
29 16 22
36 24 59
42 56 5
32 35 44
27 9 2
59 51 56
8 4 22
25 22 48
43 23 30
29 35 15
48 24 31
10 30 58
7 27 9
36 44 8
58 42 38
51 3 46
30 62 19
46 24 34
19 45 61
10 0 26
6 44 21
55 2 45
13 32 60
7 38 39
34 35 50
44 45 2
43 42 22
40 12 52
1 63 49
44 31 55
19 22 57
31 52 33
15 6 17
1 51 46
10 8 25
16 8 29
29 22 60
59 41 31
9 20 26
1 36 32
55 37 42
5 47 15
8 36 20
63 38 46
5 29 16
11 7 28
8 28 12
34 44 25
32 62 29
60 17 23
22 52 55
37 7 29
46 59 31
49 39 16
49 60 29
45 16 46
31 33 39
31 59 44
0 37 17
48 49 29
0 28 10
47 24 46
52 48 59
63 41 6
29 61 15
25 50 33
52 30 57
55 37 36
42 7 11
30 22 3
21 34 29
23 54 29
35 11 15
5 42 22
8 49 3
50 24 12
35 12 19
33 61 6
62 35 28
6 18 13
17 2 0
5 38 33
60 6 20
36 61 54
6 31 40
16 51 31
32 61 28
63 52 50
11 43 15
30 19 45
57 18 48
22 5 42
55 22 24
36 56 53
32 23 10
2 50 19
11 48 4
63 42 54
22 43 27
42 55 31
57 50 41
38 15 12
15 44 26
47 55 25
35 8 42
43 52 23
13 11 36
63 7 16
43 10 27
21 18 33
43 58 10
9 42 44
35 24 42
16 37 54
2 22 19
21 11 56
17 56 23
55 61 60
39 1 55
32 58 60
17 39 48
60 0 25
10 34 27
16 22 51
4 13 44
51 26 32
27 48 15
15 19 1
7 63 22
31 53 51
20 35 5
28 49 26
40 52 18
20 17 26
6 50 2
0 8 10
43 11 18
30 14 11
8 61 63
20 17 34
27 26 53
33 5 11
25 14 50
51 5 63
52 29 46
57 9 35
34 59 41
8 51 48
18 49 40
17 16 48
37 47 46
44 57 58
5 26 60
19 16 60
17 22 38
6 39 16
15 41 17
17 34 62
33 59 29
19 26 42
9 22 34
55 58 26
24 36 47
38 5 20
31 56 42
31 9 35
27 18 52
33 39 46
24 58 49
55 48 1
28 40 26
32 38 15
63 41 20
58 25 11
21 37 17
27 0 28
13 39 58
38 13 1
57 58 56
39 47 61
20 34 14
16 2 28
3 21 48
23 16 56
5 10 22
43 57 33
13 26 42
19 32 36
10 56 16
50 13 17
5 39 7
47 53 44
32 38 50
48 19 52
18 21 30
7 56 62
44 33 58
47 49 41
35 41 44
60 54 21
9 7 42
47 41 24
44 17 62
43 29 59
38 6 14
59 58 15
60 50 51
1 23 28
17 1 52
7 35 63
63 5 38
8 38 39
16 62 3
36 45 23
6 34 47
41 28 36
46 15 43
53 56 5
32 47 13
2 30 27
38 61 39
52 25 23
8 5 11
4 52 7
40 56 51
8 41 4
13 5 16
7 14 36
27 45 50
4 29 10
55 37 43
55 43 20
24 21 6
22 3 41
38 27 6
46 44 6
35 19 41
15 23 31
2 20 17
1 20 48
44 55 9
47 10 8
4 2 36
21 10 59
25 59 11
20 45 18
46 62 7
19 49 26
32 58 44
1 27 39
57 61 22
24 54 1
62 42 57
41 17 10
5 48 47
12 37 0
31 23 57
33 26 57
28 43 50
62 6 16
7 8 3
0 44 3
54 16 11
29 57 61
55 45 13
49 0 24
1 50 36
48 33 37
58 17 39
53 25 55
23 3 55
36 27 57
24 40 32
47 39 40
36 20 46
20 36 4
47 63 21
14 26 6
18 35 21
24 8 9
51 37 23
9 8 10
21 58 9
47 9 36
61 37 4
32 48 9
13 44 50
6 11 61
23 33 7
48 1 28
58 14 27
50 4 59
34 47 39
12 30 57
37 24 47
17 56 60
59 28 40
30 18 6
38 27 26
63 34 58
5 23 12
5 45 26
47 45 41
29 60 22
48 44 60
12 33 26
50 48 30
33 42 48
63 6 23
33 22 59
17 47 52
3 2 30
2 38 58
52 47 11
54 13 31
39 22 20
3 4 7
23 55 57
51 36 20
20 58 24
58 17 34
43 51 34
3 45 62
20 44 60
55 50 19
47 24 49
50 8 53
5 8 0
47 57 16
3 56 8
57 53 48
1 14 51
36 12 47
13 62 55
43 26 14
4 20 9
48 5 11
51 56 60
5 42 38
28 56 32
5 3 42
37 10 13
60 22 47
8 1 22
47 2 6
38 29 22
52 7 47
41 31 21
0 2 11
27 41 10
2 37 30
50 16 63
40 20 26
42 3 10
35 55 49
36 27 44
8 42 22
29 28 14
0 53 22
13 3 16
42 60 34
27 59 2
21 42 30
52 32 61
16 19 10
24 41 43
23 15 63
62 22 10
10 59 26
30 39 44
11 14 18
22 53 30
54 12 10
9 55 29
40 18 50
12 25 7
27 23 32
29 45 22
41 25 61
54 28 18
27 57 6
41 22 38
15 21 59
52 22 45
11 54 51
36 49 59
27 4 36
4 25 44
31 30 56
60 15 56
55 11 47
10 1 34
53 7 14
23 46 7
59 45 58
16 22 53
0 50 31
7 44 8
7 52 26
12 61 30
61 9 27
56 11 8
16 59 25
63 54 62
25 57 6
2 22 8
49 47 41
5 32 52
20 41 58
0 54 53
11 13 38
6 57 60
17 50 6
27 47 5
62 50 22
58 25 47
8 56 45
13 59 21
21 42 33
36 21 41
23 57 22
62 34 30
23 14 55
59 15 43
33 23 58
42 1 58
16 32 35
48 7 36
51 17 31
25 0 57
12 54 8
28 29 6
57 5 19
37 16 29
5 12 3
39 4 15
30 34 17
42 14 6
43 58 63
22 19 40
33 56 29
33 23 31
11 26 30
19 21 9
56 27 11
62 31 46
40 41 61
61 49 40
24 9 44
56 16 31
41 34 54
45 36 9
54 18 10
37 45 24
25 13 16
61 16 32
41 35 6
54 27 36
12 43 59
30 19 13
20 61 32
12 6 36
19 27 62
35 18 10
9 53 3
21 44 43
50 2 29
4 17 40
63 51 37
42 13 21
56 23 55
12 52 51
15 31 50
38 19 21
40 42 50
14 36 30
48 10 63
25 1 16
15 4 50
17 10 57
15 25 33
9 43 50
43 50 59
40 18 16
3 40 21
16 6 30
32 42 40
10 58 32
1 2 33
62 9 34
51 55 11
50 55 43
62 59 4
0 18 30
23 16 2
17 43 5
16 53 28
13 29 59
55 46 56
53 41 16
57 17 50
55 19 20
14 55 56
47 5 34
19 40 63
6 2 60
18 50 54
26 41 17
29 19 26
7 59 10
54 6 43
33 58 46
9 62 51
44 9 50
1 61 41
56 15 29
3 31 17
8 28 2
51 15 21
19 16 41
17 53 12
21 7 42
11 9 46
52 56 18
12 11 59
60 33 31
25 37 3
9 13 52
32 44 45
10 25 9
12 8 58
20 26 60
2 10 52
59 26 1
14 29 45
32 19 6
2 52 18
23 1 33
54 26 9
32 43 34
42 36 21
54 59 36
47 25 59
46 60 7
44 57 29
9 61 44
63 27 43
5 61 45
45 17 36
61 53 26
9 21 18
56 7 29
33 17 54
18 55 54
14 24 22
7 19 18
61 23 40
10 6 46
42 47 41
26 39 48
45 5 50
6 60 57
15 35 34
61 52 41
39 57 17
22 13 30
15 30 6
51 23 46
21 25 10
51 16 53
12 15 6
37 47 38
19 55 47
48 2 7
35 14 7
27 13 58
44 41 8
52 0 19
33 54 19
27 3 33
11 0 19
63 55 14
10 14 8
1 19 38
57 11 45
49 57 53
62 0 51
31 27 54
50 61 0
30 57 25
35 4 8
38 27 14
4 51 59
56 13 38
48 14 62
50 18 11
54 31 33
50 30 4
54 52 2
56 13 57
19 41 58
32 37 13
61 18 36
10 38 0
45 5 8
26 59 36
63 14 37
55 52 24
35 7 24
49 57 56
63 57 33
19 60 54
14 2 35
0 45 19
23 35 44
52 55 60
13 7 0
40 15 63
19 51 7
55 59 28
12 5 58
60 56 29
22 20 50
63 43 19
63 11 36
7 51 26
41 38 56
27 2 62
60 58 49
52 2 49
37 1 29
53 43 51
38 50 34
16 35 13
14 49 34
18 51 58
13 17 39
20 42 46
11 62 27
11 44 15
63 37 41
9 4 12
55 34 52
49 63 20
51 26 48
17 31 9
29 6 60
12 5 45
61 51 7
11 3 56
41 21 17
55 56 5
11 16 27
59 17 39
21 31 50
13 0 3
61 9 14
40 34 42
45 20 49
5 17 30
21 45 57
27 54 32
56 58 6
26 45 39
13 31 22
14 18 37
53 35 7
57 15 26
42 40 51
45 22 26
33 2 26
26 53 40
16 17 21
1 21 54
47 51 55
8 61 14
4 57 20
5 33 15
51 7 58
36 32 55
58 5 43
51 14 55
38 16 40
52 11 14
6 37 31
2 24 37
5 32 13
44 29 19
34 41 59
31 25 54
13 40 59
47 7 5
35 57 19
18 4 5
22 47 46
58 7 22
12 45 27
23 18 61
37 0 6
3 6 33
8 56 46
27 6 19
40 54 42
60 6 1
0 62 38
11 7 51
37 18 10
26 20 33
6 13 40
45 50 38
45 40 23
11 2 38
16 45 26
11 55 38
56 57 58
9 39 54
35 39 26
57 25 56
47 62 63
26 9 48
63 55 23
7 63 19
47 57 62
42 41 20
11 51 47
58 54 42
2 19 3
22 36 32
44 8 50
4 3 31
29 61 36
44 12 6
3 5 43
13 35 7
25 29 50
35 33 22
46 34 11
6 63 0
57 12 63
48 16 8
5 8 23
3 60 13
4 33 53
53 60 27
63 25 4
46 39 4
26 17 31
25 47 43
35 17 25
15 24 50
40 52 1
33 8 3
51 15 42
58 49 59
20 26 8
58 8 22
43 53 7
26 13 15
61 37 39
41 15 4
55 20 3
22 37 48
49 9 51
30 19 3
34 0 2
43 24 46
29 39 5
15 56 25
36 32 51
10 25 60
55 29 54
15 22 4
60 33 32
17 34 11
63 48 7
44 3 24
62 25 59
38 52 40
2 21 48
55 45 14
14 30 48
36 20 13
59 52 16
46 32 14
47 33 62
24 56 29
40 9 24
43 6 21
25 29 30
59 8 46
37 13 36
45 6 57
55 9 46
43 41 17
62 55 60
16 13 45
21 7 59
13 60 34
37 27 24
19 13 39
36 57 39
28 26 40
51 30 60
49 5 14
52 49 55
17 61 33
27 45 21
40 3 33
46 6 5
16 5 48
32 60 45
59 53 48
38 4 25
3 29 27
35 14 51
6 56 2
35 20 38
52 11 36
62 20 42
38 18 35
10 34 17
52 33 57
36 32 12
2 50 45
61 6 54
27 61 48
43 56 58
32 49 62
28 57 56
17 45 60
29 45 23
60 27 58
26 48 45
56 46 29
47 51 27
19 37 13
30 48 25
38 47 25
12 52 54
15 18 11
50 20 1
12 52 6
9 47 6
57 48 36
30 59 12
9 26 15
57 39 62
46 37 63
40 54 33
35 59 40
61 28 49
20 25 45
38 21 63
55 60 62
57 13 55
20 48 42
40 8 51
0 63 19
5 9 2
62 41 43
51 46 59
58 52 41
8 59 47
34 46 54
61 12 62
49 38 23
58 50 18
22 25 11
46 5 49
9 10 51
39 14 37
12 37 11
27 41 46
45 63 4
5 17 52
10 20 14
11 60 48
24 21 62
21 58 40
31 24 14
50 45 21
55 14 20
13 14 8
19 25 32
48 57 28
21 44 15
56 17 13
31 36 55
44 57 11
44 57 20
57 30 56
34 41 18
4 2 46
63 43 31
10 12 17
39 52 31
52 35 41
54 32 9
22 21 41
1 44 57
47 5 18
38 44 51
33 0 22
22 5 18
36 60 38
14 27 63
25 6 0
11 28 58
55 59 56
57 11 30
25 58 62
61 35 50
4 19 61
10 6 27
12 62 8
49 11 0
56 40 63
28 25 33
20 2 36
54 8 61
31 38 58
29 23 20
25 52 45
40 18 59
31 11 25
41 46 35
45 54 18
4 30 47
1 32 4
13 33 61
61 26 57
16 57 3
44 17 62
15 61 53
26 63 10
15 61 26
11 15 12
34 18 46
45 60 38
57 48 61
56 9 59
47 62 15
13 31 0
21 49 7
38 10 13
18 26 9
7 16 26
21 6 32
49 11 22
54 45 62
48 45 40
36 8 21
39 52 25
49 53 6
34 23 5
4 8 35
4 31 14
21 4 52
33 50 22
51 20 37
18 10 58
10 46 39
26 30 39
10 2 37
42 61 51
15 59 5
61 9 41
7 33 4
11 19 50
35 12 9
34 37 30
19 34 31
2 63 20
32 23 13
37 36 4
52 37 6
20 8 19
56 4 61
6 40 53
49 7 44
35 32 21
17 27 18
5 37 13
33 61 52
53 57 63
2 18 25
9 46 15
60 62 52
41 63 20
21 36 11
12 7 29
13 51 27
32 0 5
38 7 50
20 10 50
48 18 63
23 15 41
56 60 41
17 26 37
47 53 36
11 61 10
37 34 16
33 30 25
17 51 57
25 1 32
0 26 62
31 28 19
15 10 19
31 62 17
44 60 41
5 1 57
27 25 44
42 15 11
12 43 31
20 49 62
55 3 25
27 9 34
0 62 34
19 58 41
51 44 48
10 22 42
58 60 20
21 12 3
29 1 17
27 3 15
60 43 49
62 18 10
53 39 33
14 20 13
20 44 45
53 27 3
43 11 56
60 35 37
37 11 49
22 20 46
26 24 47
2 0 8
44 28 17
43 42 9
33 36 41
14 0 51
44 39 9
31 26 47
34 58 36
10 13 39
40 59 7
41 32 51
11 54 57
21 32 11
39 1 15
35 28 60
11 7 22
20 50 14
3 55 4
0 30 13
5 4 19
38 43 27
30 22 2
39 3 12
11 27 1
46 58 19
37 5 19
60 38 41
20 16 7
35 23 3
35 5 47
7 51 9
17 41 38
36 63 8
33 54 47
10 42 7
19 42 57
57 60 31
39 10 44
53 19 39
35 25 15
17 36 51
62 57 38
15 56 14
42 21 17
20 15 61
27 2 5
29 0 10
18 50 1
0 31 7
43 15 55
16 37 32
22 59 37
48 29 39
53 43 41
5 47 48
53 18 9
39 10 29
61 7 30
34 11 51
3 54 44
6 49 9
46 7 57
59 27 46
21 36 20
13 32 23
9 2 15
63 56 32
8 52 32
63 0 14
32 41 20
44 0 19
8 62 52
43 26 4
39 47 60
56 5 25
33 63 4
12 54 63
20 19 21
12 14 48
52 12 48
12 20 47
30 57 14
29 23 6
41 17 56
16 25 49
40 5 3
47 58 33
47 27 30
48 7 18
44 31 59
40 47 41
31 26 36
5 19 34
44 58 30
25 36 58
4 13 52
11 9 6
36 23 20
20 5 18
41 9 21
13 25 8
13 2 27
4 11 41
9 21 5
7 30 40
15 22 14
32 1 17
16 26 23
52 53 47
4 22 13
59 62 48
6 21 43
52 37 42
52 54 44
34 57 11
23 19 48
33 6 45
16 4 56
4 35 42
28 43 52
43 33 25
55 6 19
20 5 51
55 32 29
43 33 16
14 34 35
15 42 51
14 2 54
51 60 22
44 43 1
60 58 30
57 29 51
36 10 4
0 35 30
19 60 58
48 42 55
61 50 38
45 30 6
16 42 52
12 62 40
30 62 33
34 6 46
34 27 11
5 35 61
49 40 55
61 57 58
52 33 41
62 28 50
50 34 47
58 60 42
7 63 38
23 50 7
20 12 23
57 51 59
35 48 6
3 32 16
1 45 0
18 47 16
47 22 30
7 53 8
40 10 28
16 52 32
19 42 31
52 14 53
47 54 30
27 4 62
39 7 10
40 16 35
47 61 58
42 17 36
15 53 1
51 44 3
9 36 52
18 0 14
60 16 8
46 34 19
60 26 5
51 61 32
31 53 15
31 54 28
2 55 15
30 48 63
59 48 57
49 25 32
46 39 28
41 23 49
14 5 20
1 54 41
43 60 14
13 42 48
0 13 18
6 59 21
7 36 17
40 52 28
11 26 18
60 41 27
33 7 40
57 5 19
6 25 18
11 20 18
55 34 31
60 6 35
30 46 53
38 54 26
40 31 21
28 12 45
1 57 48
29 32 8
22 33 39
25 5 55
14 3 5
8 19 9
56 11 32
55 23 49
43 5 9
19 60 16
53 47 19
34 53 30
29 17 9
33 57 43
26 24 36
54 59 6
20 42 41
7 58 5
11 38 5
27 9 36
22 43 62
37 0 18
22 3 23
49 31 24
11 28 42
36 8 48
45 9 52
52 40 29
19 62 44
9 0 4
15 35 14
56 47 41
28 58 51
44 35 47
44 27 1
30 29 17
20 46 26
9 33 54
57 29 26
23 43 11
24 5 38
62 14 29
34 8 29
24 2 25
39 30 50
61 14 13
57 48 26
22 41 16
51 35 20
51 49 36
30 57 5
10 7 38
5 37 58
7 56 2
43 47 53
18 59 6
7 57 0
34 37 21
24 27 42
57 56 48
33 28 41
59 2 41
7 63 34
13 42 8
28 12 58
3 36 29
24 60 20
20 0 18
4 25 53
55 28 50
38 45 59
26 0 59
27 21 58
53 28 5
55 15 52
31 11 20
41 46 18
32 33 13
21 60 22
41 18 8
24 51 33
58 50 29
42 27 54
41 43 10
61 21 51
6 53 33
59 44 14
52 32 47
58 27 4
0 60 41
39 50 52
3 5 34
53 40 44
60 16 38
55 31 21
5 56 34
9 20 3
42 30 60
46 7 22
27 15 39
51 16 38
34 0 46
61 34 8
24 29 1
11 57 62
51 33 46
37 30 33
41 63 58
58 25 41
15 44 13
44 50 58
30 1 10
22 1 13
63 59 4
18 34 36
31 13 11
42 23 40
29 51 2
11 50 47
10 11 56
35 56 47
54 55 0
38 62 16
57 16 54
1 11 35
4 35 2
7 38 17
58 61 40
45 32 36
1 20 62
59 3 39
55 1 22
20 8 57
19 17 28
58 38 29
4 17 40
35 10 28
6 46 31
8 29 42
32 46 50
26 63 19
42 44 25
11 40 58
51 61 60
13 10 6
0 41 47
49 38 23
20 0 30
61 5 46
20 34 3
30 15 24
24 25 13
38 0 50
40 0 56
17 58 27
63 18 30
35 53 62
58 23 43
49 14 21
48 1 2
28 14 52
32 39 21
18 34 17
2 47 60
39 26 23
60 44 8
22 52 4
4 25 22
52 9 6
23 33 9
34 18 5
45 10 62
27 50 14
24 35 9
39 18 58
40 55 34
27 15 42
20 36 8
43 58 63
62 56 5
7 59 28
39 63 43
1 35 53
48 47 4
24 2 51
8 63 42
29 51 62
27 38 30
61 33 38
0 62 48
38 53 42
47 17 4
53 1 54
10 37 1
0 53 12
29 45 0
2 15 11
38 35 0
30 40 18
59 12 26
10 35 59
22 13 10
38 1 3
47 22 27
27 51 31
29 60 32
30 17 11
51 17 20
56 11 0
57 19 60
33 30 26
27 43 60
62 61 56
30 17 1
61 12 1
21 42 55
63 34 4
41 2 17
43 50 29
42 10 51
57 63 36
36 7 31
11 34 60
2 19 46
10 30 49
48 7 13
24 54 43
50 10 37
54 23 42
44 58 6
56 35 25
16 25 2
47 9 46
61 40 44
7 37 44
53 11 8
6 1 36
13 57 5
26 2 46
10 61 20
46 37 42
37 61 27
59 27 0
22 60 63
32 10 13
21 22 0
3 36 29
9 62 3
0 27 4
36 48 32
60 20 29
29 13 0
41 51 19
24 42 33
16 19 14
0 59 52
45 25 44
30 6 24
53 56 26
2 13 49
54 16 60
62 45 24
30 60 15
54 3 58
14 53 31
2 62 20
48 60 6
15 28 5
56 21 24
49 34 20
30 47 36
56 35 2
6 26 1
25 35 34
30 52 34
50 15 10
0 55 34
9 54 27
22 61 19
13 35 12
45 4 55
39 40 16
2 44 47
61 8 11
42 3 18
2 29 24
0 56 61
18 47 31
33 44 40
61 60 36
7 35 47
2 44 47
60 27 10
40 60 37
7 34 32
55 60 6
55 52 39
11 15 36
7 3 57
6 37 47
44 52 21
27 9 19
29 11 21
61 44 39
56 29 49
2 8 39
14 29 23
0 57 54
9 48 28
29 15 53
1 21 54
36 20 8
16 40 34
34 12 44
7 17 5
52 45 31
11 40 0
59 26 36
19 44 37
12 35 18
6 9 44
28 6 51
1 27 45
37 0 51
39 45 1
61 27 53
22 50 45
38 19 49
63 0 6
17 58 44
12 14 39
14 4 52
29 56 10
3 39 14
17 62 40
41 63 25
25 6 42
2 14 59
55 35 2
42 24 6
55 22 44
17 51 18
43 27 36
60 50 30
56 8 46
23 19 17
28 62 44
46 11 52
48 28 0
1 37 9
18 20 42
19 53 2
42 29 15
62 17 6
58 19 30
60 53 22
1 30 20
19 60 2
29 61 4
6 63 45
61 32 24
50 55 4
61 18 45
45 44 12
36 18 4
54 31 30
7 20 53
47 24 14
52 11 15
47 16 13
54 30 45
27 52 58
40 16 61
11 12 57
14 28 58
34 60 26
19 8 49
54 1 7
3 41 54
8 28 18
39 5 11
6 7 22
7 38 33
48 52 15
12 49 41
10 34 19
63 44 11
53 16 50
61 27 7
14 62 8
23 28 16
7 56 2
28 4 14
37 18 38
8 62 35
51 61 28
37 13 47
3 60 21
37 28 40
46 28 51
22 42 47
23 40 35
47 24 8
47 23 7
44 53 33
13 33 25
14 30 55
10 14 35
35 33 12
2 55 13
29 32 47
43 22 18
32 51 40
35 43 34
53 60 54
61 19 37
55 25 28
27 20 62
28 48 37
38 37 0
8 38 6
63 47 2
1 8 17
29 36 42
56 7 53
23 11 59
15 8 13
61 13 39
41 46 30
13 55 48
37 60 54
7 2 54
19 20 39
18 39 32
21 33 41
9 24 29
17 8 41
40 36 4
27 5 38
27 41 38
31 33 28
62 12 31
55 52 27
57 34 17
22 10 53
61 3 19
6 7 60
34 62 35
12 20 10
36 44 29
21 59 57
56 13 1
36 11 25
37 47 54
12 25 31
0 41 13
23 2 12
24 26 46
31 16 2
53 61 63
47 48 21
34 57 21
23 52 45
26 9 28
1 56 51
49 8 24
51 44 47
61 0 18
58 38 61
61 27 24
59 43 19
55 21 58
9 24 27
62 3 45
43 46 34
14 20 8
3 51 58
62 40 52
44 25 27
25 58 50
7 15 46
56 21 24
22 25 61
1 48 53
34 51 25
29 20 6
10 8 4
5 54 33
27 32 19
55 9 54
6 59 44
41 26 7
39 8 25
49 9 28
30 5 54
47 54 3
13 2 61
22 23 41
33 16 1
42 50 41
37 54 61
4 38 2
0 14 3
45 63 51
63 52 51
49 3 59
34 6 59
35 31 10
14 19 29
58 15 48
54 21 46
42 38 10
50 8 26
1 47 26
52 31 10
40 44 36
46 56 7
60 4 3
0 3 55
34 41 6
17 41 57
17 27 2
13 54 49
2 29 41
11 31 29
1 30 14
35 15 13
58 20 24
63 34 40
25 34 4
10 28 4
56 27 2
34 14 27
7 2 13
9 35 34
18 15 52
33 5 26
31 7 12
34 10 21
42 4 2
16 42 60
62 57 8
55 14 19
1 18 53
12 51 19
33 52 50
43 26 21
16 57 41
52 25 10
59 63 50
30 35 19
41 21 62
32 5 6
47 55 13
34 51 21
57 45 2
33 55 36
31 33 13
59 25 29
36 19 4
47 60 3
5 35 9
3 48 58
21 15 28
28 37 6
61 39 20
35 39 13
18 44 11
40 54 5
18 49 48
38 14 7
57 37 11
19 24 33
46 55 4
1 15 51
53 40 29
52 25 15
22 5 9
25 24 14
34 32 60
39 58 46
26 27 38
12 22 63
60 52 33
40 49 33
56 43 58
47 13 3
33 28 19
11 21 34
4 15 41
14 29 28
15 12 38
33 34 28
16 30 9
12 21 63
7 57 15
23 47 20
41 24 0
51 44 8
49 22 35
15 52 6
34 19 10
26 53 24
34 41 11
30 15 12
43 34 41
51 61 0
13 31 17
39 52 44
47 34 41
17 21 22
59 32 48
9 6 36
34 47 2
17 59 61
22 32 40
38 54 30
46 9 22
2 18 21
41 10 59
37 34 17
61 59 8
8 15 5
56 58 37
32 38 48
5 25 35
29 2 4
25 23 37
49 0 42
19 0 23
23 60 25
54 25 55
58 41 63
32 19 7
12 63 34
33 61 25
0 47 21
48 37 16
61 32 3
60 5 1
10 62 25
62 29 5
15 23 16
2 30 14
44 25 54
50 60 59
17 29 49
35 26 28
16 41 35
0 28 29
62 51 14
4 41 54
17 47 1
48 50 15
62 39 34
41 32 50
7 41 55
10 25 28
56 31 15
61 32 31
6 18 48
5 18 57
49 26 37
59 11 40
50 63 51
38 14 43
27 43 13
40 44 55
13 34 37
26 11 49
33 62 4
27 2 33
53 18 21
20 7 3
25 34 19
28 33 41
37 49 18
18 54 56
54 48 0
56 52 17
36 3 8
6 38 60
6 28 21
32 42 20
26 13 51
46 23 29
58 10 45
45 25 60
63 35 16
58 8 18
46 36 59
37 32 23
32 10 47
23 12 59
3 14 31
59 21 44
14 32 40
56 40 42
48 14 13
5 40 0
17 20 54
55 12 35
34 50 3
44 23 38
48 47 49
26 59 58
