9 69 90 
0 49 90 
0 39 90 
30 90 99 
0 8 9 
9 98 99 
0 96 99 
4 90 99 
0 6 90 
9 70 90 
9 29 90 
0 9 96 
0 95 99 
0 40 99 
90 97 99 
0 9 20 
7 9 90 
9 96 99 
6 9 90 
0 7 99 
8 9 90 
9 90 95 
0 4 99 
90 98 99 
0 10 99 
0 80 99 
0 93 99 
0 7 9 
0 9 10 
0 9 69 
0 10 90 
9 91 99 
9 49 90 
9 49 99 
6 90 99 
29 90 99 
9 92 99 
0 9 91 
0 92 99 
9 40 90 
0 60 90 
9 50 90 
0 9 93 
2 9 90 
0 8 90 
59 90 99 
90 94 99 
0 50 99 
80 90 99 
49 90 99 
9 90 92 
9 29 99 
0 9 49 
9 95 99 
9 94 99 
9 40 99 
9 89 99 
0 79 90 
1 9 99 
3 90 99 
0 59 90 
4 9 99 
60 90 99 
9 30 99 
0 50 90 
7 9 99 
0 90 98 
0 2 99 
9 90 97 
3 9 90 
0 90 91 
89 90 99 
90 93 99 
9 90 98 
0 9 29 
0 69 90 
9 19 90 
4 9 90 
9 89 90 
0 4 9 
79 90 99 
0 80 90 
0 1 9 
90 95 99 
0 2 90 
2 90 99 
8 90 99 
9 50 99 
9 10 99 
0 94 99 
90 91 99 
0 79 99 
0 49 99 
0 3 9 
0 9 19 
0 8 99 
9 39 99 
0 59 99 
9 19 99 
9 39 90 
0 97 99 
9 79 90 
9 59 99 
0 20 99 
5 9 90 
0 9 30 
39 90 99 
0 2 9 
0 70 90 
0 91 99 
0 20 90 
69 90 99 
9 93 99 
9 10 90 
9 80 99 
0 6 99 
9 20 90 
9 90 94 
9 20 99 
0 9 59 
0 30 90 
0 9 60 
9 79 99 
0 60 99 
9 80 90 
0 5 90 
9 90 96 
9 90 93 
0 9 98 
90 92 99 
0 9 80 
6 9 99 
0 29 90 
9 59 90 
0 9 94 
0 1 99 
10 90 99 
9 70 99 
3 9 99 
0 90 93 
0 90 92 
0 30 99 
1 9 90 
7 90 99 
0 9 39 
0 1 90 
90 96 99 
0 98 99 
0 89 90 
9 30 90 
2 9 99 
0 5 99 
0 29 99 
70 90 99 
0 3 90 
0 70 99 
0 3 99 
0 40 90 
0 90 95 
0 9 97 
0 89 99 
8 9 99 
9 69 99 
9 60 99 
0 19 90 
0 9 92 
9 97 99 
1 90 99 
19 90 99 
9 60 90 
5 90 99 
5 9 99 
9 90 91 
0 90 96 
0 9 40 
0 90 94 
0 6 9 
20 90 99 
0 5 9 
0 9 50 
0 4 90 
40 90 99 
0 90 97 
0 9 89 
0 9 70 
50 90 99 
0 9 95 
0 39 99 
0 19 99 
0 9 79 
0 69 99 
0 7 90 
