9 58 99 
0 13 90 
9 87 99 
57 90 99 
0 44 99 
74 90 99 
9 23 90 
0 73 99 
0 41 90 
9 17 90 
0 32 99 
9 13 99 
83 90 99 
9 46 99 
0 68 90 
9 82 90 
0 18 90 
9 15 99 
0 45 90 
0 52 90 
9 48 99 
9 76 99 
54 90 99 
9 47 99 
0 9 53 
0 23 99 
24 90 99 
9 36 90 
48 90 99 
0 9 81 
9 31 90 
9 42 99 
9 27 99 
0 15 90 
9 88 90 
0 75 90 
0 86 99 
0 9 26 
9 12 90 
0 9 33 
0 22 99 
42 90 99 
55 90 99 
25 90 99 
9 17 99 
9 82 99 
0 9 42 
44 90 99 
0 9 25 
0 9 71 
9 35 99 
76 90 99 
0 57 90 
0 78 99 
9 72 99 
32 90 99 
0 9 65 
0 77 90 
9 71 99 
0 9 58 
9 28 90 
0 85 99 
0 65 99 
0 9 44 
9 56 99 
0 53 90 
9 77 90 
9 84 90 
9 13 90 
9 33 90 
9 58 90 
33 90 99 
0 51 99 
9 43 90 
77 90 99 
0 47 90 
9 25 99 
0 16 90 
9 22 99 
0 75 99 
9 86 90 
0 14 90 
0 78 90 
9 43 99 
87 90 99 
0 25 99 
9 77 99 
9 68 99 
22 90 99 
9 24 90 
75 90 99 
0 42 99 
0 9 55 
9 52 99 
9 45 99 
0 9 47 
0 28 90 
0 9 43 
85 90 99 
9 47 90 
0 66 90 
0 21 90 
9 64 90 
0 56 90 
9 26 99 
0 9 61 
0 35 90 
0 62 90 
0 51 90 
34 90 99 
81 90 99 
9 14 90 
0 9 63 
11 90 99 
62 90 99 
0 37 99 
64 90 99 
0 87 99 
0 43 90 
36 90 99 
0 71 90 
0 33 99 
9 22 90 
9 11 99 
0 22 90 
31 90 99 
9 38 99 
9 85 99 
0 24 99 
0 61 90 
0 33 90 
0 83 99 
0 21 99 
9 62 90 
0 13 99 
72 90 99 
9 54 99 
0 25 90 
9 37 90 
9 14 99 
9 45 90 
9 18 99 
0 9 85 
0 67 90 
0 66 99 
0 17 90 
0 77 99 
84 90 99 
9 81 90 
9 44 99 
9 72 90 
14 90 99 
86 90 99 
9 41 99 
0 46 90 
9 21 99 
0 9 21 
0 17 99 
61 90 99 
0 86 90 
0 9 34 
0 65 90 
0 64 90 
0 55 99 
65 90 99 
0 23 90 
0 27 90 
51 90 99 
9 67 90 
0 9 48 
52 90 99 
0 46 99 
0 9 75 
9 75 99 
0 84 99 
0 9 16 
0 81 90 
9 71 90 
0 9 77 
0 62 99 
9 36 99 
0 9 68 
9 63 99 
9 33 99 
9 73 99 
43 90 99 
0 9 24 
41 90 99 
9 26 90 
0 9 57 
0 9 78 
0 54 90 
0 9 15 
9 74 90 
0 55 90 
0 9 76 
9 63 90 
16 90 99 
0 9 38 
9 25 90 
0 88 99 
82 90 99 
9 44 90 
0 9 35 
9 37 99 
9 52 90 
9 15 90 
9 53 99 
27 90 99 
0 24 90 
9 64 99 
0 9 74 
58 90 99 
9 31 99 
45 90 99 
38 90 99 
0 14 99 
0 9 41 
9 21 90 
9 61 90 
63 90 99 
0 9 11 
9 85 90 
9 67 99 
0 9 82 
0 16 99 
9 83 90 
9 16 90 
9 42 90 
0 41 99 
0 9 87 
0 32 90 
0 27 99 
0 9 13 
0 87 90 
0 64 99 
53 90 99 
0 63 99 
9 75 90 
13 90 99 
9 35 90 
0 26 99 
9 83 99 
0 82 90 
0 9 37 
9 86 99 
88 90 99 
9 34 99 
0 9 86 
9 38 90 
15 90 99 
9 81 99 
66 90 99 
0 81 99 
0 9 32 
0 85 90 
0 63 90 
9 55 90 
0 54 99 
9 12 99 
0 43 99 
0 9 27 
9 78 90 
0 9 28 
0 73 90 
37 90 99 
0 12 90 
0 35 99 
9 73 90 
9 68 90 
0 45 99 
0 9 62 
9 18 90 
9 51 90 
9 61 99 
0 53 99 
0 82 99 
0 56 99 
9 54 90 
0 9 88 
0 74 99 
0 9 18 
35 90 99 
0 15 99 
9 78 99 
0 83 90 
71 90 99 
78 90 99 
9 32 99 
68 90 99 
0 11 99 
9 65 99 
0 71 99 
56 90 99 
0 37 90 
9 66 90 
0 67 99 
0 57 99 
28 90 99 
9 84 99 
0 31 90 
0 31 99 
0 61 99 
9 28 99 
9 57 99 
0 11 90 
0 72 90 
0 36 99 
0 76 90 
73 90 99 
9 57 90 
9 32 90 
23 90 99 
0 38 99 
9 27 90 
18 90 99 
9 16 99 
0 9 83 
0 9 73 
0 84 90 
0 9 54 
21 90 99 
0 48 90 
9 88 99 
0 9 17 
0 9 64 
0 9 45 
0 48 99 
0 58 99 
47 90 99 
0 9 84 
9 41 90 
0 74 90 
0 12 99 
9 55 99 
0 38 90 
0 9 14 
0 34 99 
0 9 51 
0 9 66 
9 34 90 
0 9 12 
0 9 72 
67 90 99 
0 9 52 
0 18 99 
0 58 90 
0 68 99 
0 9 31 
9 24 99 
0 9 22 
9 23 99 
0 52 99 
0 26 90 
26 90 99 
0 9 36 
9 53 90 
9 76 90 
0 9 67 
9 48 90 
0 9 46 
0 47 99 
12 90 99 
9 46 90 
9 87 90 
0 34 90 
0 9 56 
9 56 90 
0 28 99 
9 62 99 
0 36 90 
0 44 90 
17 90 99 
9 51 99 
9 74 99 
0 88 90 
0 72 99 
0 76 99 
0 42 90 
9 66 99 
9 11 90 
0 9 23 
46 90 99 
9 65 90 
