2 50 99 
4 90 92 
0 93 95 
9 39 96 
1 9 95 
0 50 95 
6 90 97 
9 70 80 
39 90 95 
30 90 98 
70 90 98 
0 50 89 
49 70 99 
1 20 90 
4 69 99 
3 29 90 
9 92 94 
0 60 79 
50 60 90 
9 39 49 
0 1 70 
80 98 99 
8 80 90 
2 98 99 
5 70 99 
0 2 5 
19 98 99 
7 60 90 
4 6 9 
0 8 93 
0 3 20 
9 93 95 
79 92 99 
0 93 94 
59 70 90 
39 49 99 
3 59 90 
29 92 99 
4 7 9 
9 40 94 
50 90 97 
50 79 90 
70 97 99 
1 3 90 
8 92 99 
0 40 92 
2 8 90 
9 94 96 
30 80 99 
2 3 99 
29 90 96 
8 9 59 
5 9 97 
2 30 99 
90 92 93 
9 80 93 
20 91 99 
1 90 91 
0 80 95 
9 69 96 
79 80 90 
9 89 95 
59 92 99 
6 10 99 
30 79 90 
20 90 96 
5 98 99 
4 40 99 
0 40 96 
9 79 89 
9 80 92 
0 2 40 
0 20 49 
1 50 90 
0 20 93 
5 90 94 
0 3 91 
3 4 90 
39 60 99 
0 79 93 
0 6 80 
1 9 92 
9 10 20 
8 9 10 
7 9 97 
9 96 97 
0 20 40 
8 9 94 
6 9 69 
20 70 90 
60 90 92 
9 39 92 
0 6 93 
49 92 99 
2 9 94 
50 59 90 
19 69 99 
5 9 40 
9 29 70 
4 90 98 
0 5 79 
39 80 90 
6 95 99 
8 70 99 
89 90 92 
3 4 99 
59 80 99 
79 90 96 
0 39 49 
6 90 93 
9 59 95 
0 5 50 
0 50 80 
2 7 90 
0 3 96 
40 98 99 
3 98 99 
91 92 99 
59 90 91 
2 9 10 
0 3 69 
9 79 97 
30 89 99 
0 3 4 
1 9 59 
19 29 90 
9 19 50 
3 30 99 
0 70 93 
6 8 90 
4 9 96 
0 20 80 
19 90 97 
4 6 99 
93 96 99 
39 90 96 
80 90 93 
20 92 99 
0 10 89 
9 69 79 
6 9 93 
0 49 95 
40 91 99 
0 39 96 
20 70 99 
9 30 69 
0 40 69 
49 69 90 
49 90 91 
0 1 92 
6 40 99 
1 9 94 
0 59 89 
59 94 99 
30 94 99 
0 1 97 
0 49 96 
0 39 70 
19 97 99 
90 92 98 
9 40 98 
6 9 29 
1 90 98 
9 30 89 
1 95 99 
3 91 99 
9 19 80 
91 93 99 
29 79 99 
0 1 49 
91 94 99 
3 9 60 
0 29 40 
6 9 97 
0 8 70 
6 9 19 
89 94 99 
0 2 39 
39 70 99 
7 30 99 
9 10 39 
9 29 96 
90 97 98 
0 30 93 
3 9 80 
5 9 70 
0 20 30 
0 3 98 
40 80 90 
0 30 98 
9 10 19 
0 2 8 
0 19 93 
6 98 99 
9 10 89 
0 1 95 
9 29 94 
0 4 79 
6 60 99 
9 29 98 
69 91 99 
3 9 70 
2 60 90 
2 40 99 
10 30 99 
20 49 90 
29 50 99 
0 3 79 
1 59 99 
0 6 79 
0 5 6 
10 79 99 
0 39 69 
0 19 91 
9 50 79 
9 39 60 
49 91 99 
10 69 99 
10 49 99 
60 91 99 
0 20 29 
40 90 92 
9 39 80 
0 8 69 
0 8 91 
3 19 90 
9 49 70 
10 92 99 
5 40 90 
0 91 97 
0 10 98 
0 2 30 
0 89 98 
1 3 9 
0 3 70 
6 9 91 
2 60 99 
49 50 99 
1 30 90 
9 59 97 
9 92 96 
95 97 99 
1 70 90 
0 89 92 
1 98 99 
59 98 99 
1 10 99 
0 59 98 
0 8 92 
0 29 69 
0 4 40 
70 89 99 
79 90 92 
39 92 99 
93 97 99 
0 50 69 
9 50 93 
7 96 99 
2 9 39 
0 8 29 
29 96 99 
19 59 99 
5 9 19 
0 5 7 
50 80 90 
2 19 90 
1 9 91 
9 49 80 
90 93 94 
92 95 99 
9 91 93 
9 50 92 
0 29 50 
0 92 97 
5 9 29 
0 40 70 
9 30 94 
3 10 99 
2 69 90 
70 90 97 
20 60 90 
7 97 99 
3 8 9 
20 79 99 
0 69 70 
9 30 79 
5 9 93 
9 29 92 
29 90 92 
3 9 29 
90 92 96 
2 9 97 
3 50 90 
29 98 99 
60 98 99 
8 93 99 
3 92 99 
0 69 79 
9 30 97 
5 8 90 
19 94 99 
0 30 79 
7 70 90 
1 4 99 
10 60 99 
9 60 94 
7 29 99 
19 91 99 
90 91 95 
4 9 40 
7 9 79 
9 29 91 
0 59 93 
0 5 20 
7 9 19 
30 39 99 
3 5 9 
39 50 90 
0 2 60 
29 90 93 
60 94 99 
9 50 94 
0 10 29 
8 9 96 
90 94 97 
49 90 98 
9 20 59 
19 89 99 
50 70 90 
29 97 99 
9 96 98 
40 79 99 
29 40 99 
79 98 99 
0 7 30 
0 60 96 
1 80 99 
0 4 95 
29 39 99 
9 91 94 
0 60 92 
3 89 90 
9 93 97 
1 9 39 
0 50 70 
7 80 99 
2 9 79 
3 80 90 
4 39 99 
7 19 99 
9 49 79 
0 5 59 
30 98 99 
9 40 50 
7 92 99 
0 1 4 
9 59 60 
9 49 92 
5 9 10 
4 6 90 
20 96 99 
0 39 98 
0 39 89 
9 29 59 
0 49 50 
9 49 59 
1 9 30 
7 9 60 
4 9 29 
59 91 99 
2 7 9 
9 69 97 
4 9 20 
60 90 95 
19 80 99 
0 6 97 
9 89 92 
0 20 79 
9 91 95 
0 59 60 
59 69 99 
90 93 98 
0 4 7 
7 9 50 
20 90 91 
9 50 95 
4 90 95 
90 92 97 
7 9 40 
8 9 98 
70 98 99 
9 40 91 
0 93 98 
29 91 99 
5 9 60 
0 1 3 
6 49 90 
0 40 59 
90 94 95 
4 9 79 
3 9 91 
20 29 90 
0 30 60 
92 98 99 
0 69 92 
40 90 97 
0 79 95 
9 49 95 
0 3 30 
40 97 99 
0 3 5 
6 39 99 
0 69 97 
0 39 80 
9 89 97 
7 94 99 
2 90 97 
0 95 98 
9 19 59 
1 6 9 
1 90 92 
40 70 99 
6 96 99 
3 79 90 
0 69 93 
1 7 99 
40 90 91 
0 6 60 
4 29 99 
7 10 90 
20 39 90 
6 19 99 
8 9 19 
2 89 90 
9 69 70 
30 79 99 
0 4 97 
2 9 30 
1 49 99 
3 30 90 
19 40 99 
2 70 90 
0 40 95 
9 39 97 
4 10 99 
0 40 89 
9 29 50 
19 89 90 
10 90 91 
90 95 97 
5 40 99 
3 29 99 
4 20 99 
1 8 9 
1 60 99 
90 91 92 
3 93 99 
10 70 90 
0 3 40 
0 2 80 
1 4 90 
6 9 49 
0 50 79 
1 90 93 
4 9 92 
4 9 19 
0 39 93 
40 60 99 
20 97 99 
20 30 90 
0 70 92 
9 60 95 
0 6 91 
10 40 99 
80 90 91 
0 30 95 
0 60 97 
80 90 94 
0 7 39 
9 93 94 
0 59 95 
7 9 96 
0 69 94 
9 89 96 
6 9 80 
30 89 90 
39 97 99 
0 5 8 
20 30 99 
9 10 93 
0 30 80 
0 10 50 
9 20 70 
0 1 40 
90 92 95 
7 8 9 
0 7 89 
7 19 90 
89 95 99 
8 94 99 
8 10 90 
9 29 30 
9 70 98 
0 19 89 
0 59 79 
0 2 70 
2 10 90 
8 9 93 
9 80 97 
40 92 99 
7 39 90 
5 8 9 
6 90 98 
8 90 91 
39 90 97 
79 90 98 
9 40 59 
50 90 94 
0 2 69 
8 9 97 
0 93 96 
4 30 90 
9 30 91 
4 92 99 
0 1 94 
9 59 92 
4 60 90 
6 70 90 
79 90 91 
0 10 91 
0 19 20 
9 79 93 
79 90 95 
0 4 92 
39 89 90 
9 70 91 
0 1 2 
0 80 92 
0 94 95 
19 95 99 
0 7 93 
9 30 50 
9 70 93 
4 9 97 
5 10 99 
0 3 89 
9 39 70 
4 50 90 
20 29 99 
49 50 90 
49 90 94 
9 50 98 
3 94 99 
3 90 97 
3 9 40 
19 80 90 
7 90 95 
1 69 99 
2 90 96 
0 94 98 
9 91 97 
8 50 99 
3 69 99 
29 90 98 
10 89 99 
1 7 9 
8 30 99 
9 10 96 
9 39 91 
0 30 70 
7 9 30 
9 89 93 
9 29 40 
20 98 99 
0 6 69 
0 3 7 
2 92 99 
10 70 99 
0 7 60 
19 90 98 
0 4 59 
5 9 59 
39 94 99 
69 90 96 
5 59 99 
20 69 90 
6 59 99 
9 69 93 
0 2 93 
8 9 30 
39 59 99 
9 20 79 
1 50 99 
9 70 94 
30 69 90 
4 91 99 
8 40 99 
0 4 98 
0 19 79 
4 20 90 
9 30 49 
7 69 99 
5 29 90 
10 50 90 
2 9 80 
0 3 92 
3 9 94 
1 89 99 
59 90 93 
4 94 99 
8 9 20 
80 97 99 
0 79 91 
40 69 99 
92 97 99 
70 90 95 
93 94 99 
20 90 98 
9 60 91 
1 9 40 
9 20 94 
0 3 95 
0 6 10 
20 90 95 
1 90 95 
1 9 29 
0 10 39 
0 8 30 
0 29 79 
0 60 70 
69 96 99 
0 4 69 
8 39 90 
7 9 59 
0 39 59 
79 90 93 
0 10 93 
0 95 96 
7 95 99 
3 8 90 
6 90 94 
10 90 96 
9 39 40 
0 20 69 
9 79 80 
2 5 9 
6 50 99 
0 39 79 
2 40 90 
90 95 96 
2 8 9 
2 9 91 
5 50 90 
19 39 99 
9 19 79 
50 93 99 
6 8 99 
7 91 99 
0 49 80 
3 9 89 
6 89 90 
19 20 90 
29 89 90 
0 70 89 
8 9 60 
1 9 89 
0 8 94 
9 40 49 
5 7 90 
9 50 59 
10 80 99 
29 90 94 
29 30 90 
2 97 99 
0 7 94 
69 90 97 
9 10 30 
0 29 49 
5 90 93 
4 9 98 
0 80 98 
0 6 49 
0 3 93 
60 80 90 
30 95 99 
60 70 90 
0 6 39 
70 80 99 
0 5 60 
0 91 96 
0 7 79 
7 70 99 
0 80 91 
4 95 99 
89 90 98 
0 8 89 
4 49 99 
1 40 90 
0 92 98 
1 93 99 
49 89 90 
0 19 94 
9 50 97 
0 40 50 
9 49 91 
79 91 99 
1 9 80 
5 9 79 
0 5 30 
19 29 99 
0 3 6 
4 40 90 
40 59 99 
2 90 91 
70 92 99 
5 6 9 
0 20 70 
9 19 40 
0 3 39 
4 19 90 
3 9 19 
3 5 90 
0 19 92 
3 6 90 
7 8 90 
94 96 99 
3 4 9 
79 89 90 
0 50 92 
8 39 99 
0 1 59 
60 89 99 
4 79 99 
9 10 50 
70 91 99 
3 9 98 
1 92 99 
96 97 99 
49 94 99 
30 90 96 
8 19 90 
29 94 99 
9 60 96 
89 92 99 
0 7 80 
9 94 95 
9 30 93 
9 50 91 
0 8 95 
0 39 60 
3 90 93 
0 6 70 
94 98 99 
0 29 80 
4 29 90 
69 79 99 
0 49 91 
89 90 91 
9 29 80 
60 90 94 
10 90 94 
50 90 95 
1 7 90 
6 69 90 
9 49 69 
0 2 97 
0 1 10 
60 92 99 
8 60 99 
0 20 60 
0 40 98 
0 8 59 
8 29 99 
9 10 92 
6 9 94 
4 70 90 
0 2 89 
9 80 94 
9 60 70 
2 79 90 
4 80 99 
50 70 99 
49 59 99 
0 59 80 
5 69 99 
10 29 90 
6 69 99 
39 96 99 
59 70 99 
2 9 69 
9 10 79 
4 9 69 
60 90 93 
0 40 60 
69 90 92 
9 19 93 
2 91 99 
7 20 99 
0 59 69 
9 39 94 
29 60 90 
5 95 99 
5 97 99 
3 9 93 
89 90 96 
10 80 90 
1 9 93 
30 40 99 
9 40 96 
2 9 20 
3 9 59 
19 49 99 
1 59 90 
5 90 92 
7 49 90 
30 90 93 
9 20 92 
0 3 49 
20 93 99 
9 20 39 
0 40 80 
8 49 90 
40 90 95 
19 90 94 
0 69 98 
6 59 90 
49 90 92 
6 97 99 
69 94 99 
0 92 96 
0 5 94 
0 10 96 
0 96 97 
7 90 96 
8 97 99 
9 10 60 
0 4 93 
4 70 99 
94 95 99 
79 90 94 
0 20 96 
0 6 40 
0 70 98 
5 7 9 
6 80 90 
20 50 90 
20 50 99 
1 96 99 
9 40 69 
9 29 79 
5 50 99 
0 89 94 
0 5 91 
0 10 30 
0 1 39 
0 10 92 
0 39 40 
3 89 99 
49 96 99 
0 29 39 
5 9 80 
3 9 79 
3 9 92 
29 69 99 
20 80 99 
19 39 90 
1 9 49 
4 9 10 
0 70 97 
9 59 80 
1 49 90 
69 80 90 
4 5 99 
19 92 99 
50 92 99 
0 30 40 
0 4 29 
60 89 90 
3 60 90 
20 80 90 
0 3 60 
0 6 30 
10 98 99 
0 40 94 
50 91 99 
4 89 99 
49 89 99 
9 95 96 
3 90 92 
2 80 99 
7 9 91 
9 39 98 
9 49 98 
0 5 95 
20 69 99 
2 9 70 
5 90 96 
4 9 89 
1 9 19 
4 5 90 
7 40 90 
0 1 60 
0 4 50 
80 90 98 
9 30 98 
8 50 90 
5 39 99 
2 9 92 
0 2 3 
0 3 50 
9 95 97 
2 90 92 
5 90 98 
0 6 94 
4 90 93 
39 60 90 
8 90 95 
0 94 96 
49 90 96 
60 90 98 
0 2 49 
70 79 90 
50 96 99 
70 80 90 
6 9 40 
8 90 96 
7 8 99 
9 50 96 
90 96 98 
0 2 29 
3 59 99 
2 20 99 
8 80 99 
70 90 91 
9 19 60 
4 30 99 
9 92 97 
2 29 99 
6 89 99 
8 70 90 
6 7 99 
2 9 49 
9 69 98 
2 30 90 
8 89 99 
9 29 39 
7 93 99 
8 60 90 
59 60 90 
2 9 19 
7 9 49 
0 5 10 
0 39 97 
80 93 99 
3 7 99 
0 91 94 
9 40 92 
1 3 99 
6 79 90 
0 19 70 
30 70 99 
29 50 90 
8 98 99 
9 60 97 
3 9 49 
9 20 93 
0 30 91 
9 80 96 
1 29 99 
0 1 89 
9 80 95 
0 2 20 
0 49 59 
3 49 99 
39 50 99 
3 90 98 
9 59 94 
4 93 99 
0 30 69 
20 60 99 
9 49 96 
8 96 99 
0 79 96 
1 6 99 
0 29 89 
9 20 60 
1 5 9 
59 90 96 
7 9 80 
8 59 99 
6 93 99 
9 10 95 
0 10 20 
9 79 91 
0 60 80 
49 95 99 
0 89 96 
7 9 69 
0 29 30 
4 39 90 
10 30 90 
50 80 99 
10 49 90 
9 10 80 
50 89 90 
2 59 90 
0 19 96 
10 69 90 
0 1 50 
7 59 99 
9 19 91 
0 7 59 
0 19 69 
1 9 97 
0 3 59 
59 95 99 
9 40 95 
0 49 70 
0 69 80 
6 9 50 
95 98 99 
7 9 20 
0 30 96 
9 59 70 
10 89 90 
2 39 99 
4 9 50 
8 91 99 
40 59 90 
10 40 90 
4 96 99 
0 29 92 
30 90 92 
0 2 94 
70 79 99 
19 70 99 
30 92 99 
9 10 97 
5 79 90 
2 4 90 
0 40 93 
9 19 49 
0 59 97 
80 89 99 
69 80 99 
9 39 93 
39 90 94 
0 1 5 
19 49 90 
9 10 94 
30 90 91 
10 59 90 
9 60 92 
0 39 50 
30 50 90 
90 94 96 
90 95 98 
7 90 91 
0 94 97 
1 60 90 
10 94 99 
9 40 89 
9 49 60 
5 7 99 
1 9 70 
92 96 99 
4 19 99 
0 1 98 
59 97 99 
0 19 95 
29 49 99 
7 29 90 
20 89 99 
9 80 98 
9 29 89 
10 59 99 
9 20 49 
2 49 99 
0 59 96 
49 59 90 
0 79 92 
19 90 91 
9 40 93 
0 89 93 
9 40 97 
20 40 99 
0 8 39 
0 29 91 
8 49 99 
10 20 90 
29 89 99 
2 90 94 
5 19 90 
6 60 90 
0 30 49 
9 69 92 
0 30 59 
69 95 99 
7 90 98 
95 96 99 
0 5 92 
69 89 90 
0 91 95 
9 39 89 
9 60 93 
0 5 39 
0 2 10 
6 8 9 
6 39 90 
2 20 90 
4 7 90 
6 9 98 
0 60 95 
9 69 80 
90 96 97 
4 7 99 
5 9 95 
20 95 99 
2 9 93 
0 2 7 
10 79 90 
6 9 30 
2 9 40 
9 89 94 
49 93 99 
0 20 92 
39 90 91 
0 70 95 
0 50 96 
39 69 99 
30 50 99 
19 69 90 
5 80 90 
0 8 20 
2 19 99 
2 59 99 
0 7 98 
2 8 99 
1 9 10 
10 90 95 
0 6 20 
9 20 98 
0 29 59 
70 90 93 
8 90 92 
49 70 90 
9 30 96 
40 96 99 
89 90 93 
6 30 90 
40 49 90 
7 98 99 
30 91 99 
20 59 90 
4 90 96 
6 9 92 
0 19 59 
9 30 70 
0 3 94 
6 9 95 
40 90 96 
59 79 99 
29 39 90 
9 29 97 
0 6 19 
6 79 99 
9 50 70 
2 29 90 
2 9 95 
40 50 99 
69 98 99 
8 20 90 
29 90 97 
9 59 93 
2 6 9 
1 2 99 
7 9 10 
60 90 97 
0 2 50 
59 93 99 
9 19 95 
89 98 99 
0 7 8 
5 29 99 
7 90 92 
9 20 89 
4 97 99 
0 29 70 
7 9 93 
0 70 94 
19 90 92 
0 70 79 
9 70 89 
2 9 96 
7 9 39 
20 39 99 
2 5 99 
9 20 50 
19 60 90 
3 50 99 
3 80 99 
1 20 99 
39 49 90 
0 1 91 
0 10 19 
0 20 91 
9 60 80 
6 9 79 
30 39 90 
4 80 90 
80 90 97 
0 4 8 
5 9 30 
9 79 96 
5 6 90 
29 80 90 
1 19 99 
0 7 97 
0 4 60 
9 59 69 
0 92 95 
6 90 91 
2 9 60 
0 1 19 
3 95 99 
8 79 90 
1 8 90 
5 9 89 
30 90 95 
80 92 99 
8 10 99 
0 10 97 
30 49 99 
9 89 98 
1 90 96 
30 97 99 
0 29 97 
3 9 39 
7 9 94 
59 90 97 
6 50 90 
3 90 96 
9 30 95 
5 9 94 
4 5 9 
3 9 20 
39 69 90 
90 91 98 
49 80 90 
8 40 90 
7 59 90 
9 40 80 
0 4 20 
40 90 94 
0 92 94 
1 9 50 
4 98 99 
0 69 95 
97 98 99 
0 5 89 
9 10 91 
0 19 30 
0 10 40 
69 90 95 
0 50 60 
70 90 92 
7 80 90 
0 1 8 
9 79 92 
19 70 90 
6 91 99 
6 80 99 
60 90 91 
39 90 98 
80 91 99 
0 8 60 
4 9 80 
2 90 95 
0 91 92 
91 95 99 
93 95 99 
9 49 94 
2 3 9 
50 95 99 
40 94 99 
4 9 49 
0 4 5 
2 95 99 
3 9 95 
20 90 93 
9 70 96 
49 79 90 
2 7 99 
19 96 99 
7 79 90 
3 20 90 
2 90 98 
3 6 9 
49 69 99 
50 94 99 
50 69 90 
49 80 99 
29 80 99 
8 79 99 
0 79 89 
0 6 96 
0 8 97 
91 98 99 
29 90 91 
0 7 20 
0 70 96 
0 30 39 
2 39 90 
40 95 99 
9 69 95 
29 70 90 
0 4 94 
0 1 7 
59 90 95 
1 39 90 
60 93 99 
30 70 90 
2 94 99 
2 50 90 
8 9 70 
5 19 99 
4 79 90 
60 95 99 
70 90 96 
0 40 97 
79 96 99 
0 5 96 
0 6 98 
70 96 99 
79 89 99 
5 69 90 
6 7 9 
0 7 70 
9 59 89 
0 89 95 
10 39 90 
3 96 99 
4 10 90 
4 49 90 
9 30 92 
0 5 19 
0 29 60 
2 6 99 
8 9 89 
8 95 99 
0 49 98 
70 95 99 
10 19 90 
39 59 90 
3 90 94 
0 20 98 
39 98 99 
9 29 95 
9 20 30 
0 80 97 
79 93 99 
9 89 91 
0 1 29 
9 20 29 
0 70 91 
0 6 29 
8 9 69 
80 95 99 
30 90 94 
0 7 95 
0 19 80 
0 10 95 
9 39 50 
3 97 99 
0 89 97 
0 39 95 
29 70 99 
7 9 92 
3 5 99 
0 1 20 
19 30 99 
10 20 99 
79 90 97 
0 7 96 
0 40 79 
6 7 90 
29 60 99 
19 59 90 
4 9 91 
69 90 91 
20 59 99 
90 91 97 
9 19 20 
2 5 90 
0 93 97 
9 39 59 
0 69 96 
0 2 79 
0 49 79 
9 50 80 
49 90 97 
0 80 93 
20 90 94 
5 20 99 
0 1 6 
4 9 95 
4 60 99 
8 9 39 
89 93 99 
9 20 40 
5 8 99 
1 30 99 
10 60 90 
5 9 96 
5 89 99 
49 60 99 
0 79 98 
69 90 98 
0 69 91 
19 50 90 
2 49 90 
90 93 96 
6 92 99 
50 97 99 
0 6 95 
30 59 90 
9 69 94 
49 79 99 
50 90 92 
9 49 97 
0 97 98 
2 10 99 
0 20 89 
9 59 98 
0 7 91 
10 29 99 
4 9 70 
19 20 99 
0 4 30 
79 97 99 
9 50 89 
40 90 98 
5 20 90 
9 19 98 
8 29 90 
50 69 99 
92 94 99 
0 5 97 
1 6 90 
40 69 90 
5 9 39 
9 29 60 
2 79 99 
9 93 98 
0 6 50 
0 29 93 
49 60 90 
7 9 95 
10 90 92 
39 89 99 
9 39 69 
5 10 90 
69 70 90 
0 50 59 
10 90 93 
2 69 99 
90 93 95 
5 90 95 
0 40 91 
0 10 59 
30 93 99 
8 20 99 
0 7 19 
6 9 39 
0 2 59 
0 4 39 
1 40 99 
79 80 99 
3 9 96 
9 91 92 
59 60 99 
69 93 99 
7 9 89 
29 40 90 
9 50 69 
0 79 94 
0 1 69 
5 9 69 
7 9 70 
3 40 90 
0 39 91 
39 90 92 
5 60 90 
29 30 99 
50 60 99 
40 80 99 
2 3 90 
0 5 98 
40 90 93 
0 5 69 
9 40 60 
0 10 60 
10 95 99 
0 60 69 
9 79 95 
0 30 97 
1 5 90 
1 91 99 
5 49 99 
8 9 95 
4 90 91 
9 19 96 
5 90 97 
8 9 49 
7 30 90 
3 7 9 
5 94 99 
19 50 99 
39 93 99 
30 96 99 
0 49 93 
0 5 29 
8 89 90 
6 19 90 
0 4 96 
5 30 90 
2 9 89 
50 98 99 
9 94 97 
0 19 50 
5 9 20 
0 29 94 
0 80 89 
6 70 99 
0 2 95 
19 79 90 
9 19 89 
0 1 30 
0 2 19 
90 93 97 
9 94 98 
1 89 90 
0 6 59 
9 60 69 
5 91 99 
1 19 90 
19 30 90 
0 30 89 
59 90 94 
5 80 99 
80 90 96 
7 90 94 
5 9 91 
49 90 93 
0 19 97 
6 9 20 
1 8 99 
0 20 59 
1 70 99 
0 59 94 
2 93 99 
60 79 99 
89 90 97 
0 3 80 
1 90 94 
29 90 95 
1 90 97 
3 69 90 
3 90 95 
5 93 99 
29 49 90 
9 80 89 
9 69 89 
0 10 94 
69 97 99 
4 59 90 
0 49 92 
3 9 10 
8 9 50 
10 19 99 
0 49 89 
5 9 92 
30 69 99 
19 60 99 
20 79 90 
5 60 99 
59 90 92 
0 3 19 
90 92 94 
60 69 99 
2 80 90 
1 79 90 
80 94 99 
0 7 49 
10 90 97 
0 4 6 
50 90 93 
2 4 99 
3 39 99 
0 20 94 
2 89 99 
60 90 96 
3 39 90 
0 8 19 
0 5 93 
0 79 80 
10 91 99 
6 40 90 
8 9 40 
9 39 95 
7 79 99 
0 6 92 
19 90 95 
9 29 93 
20 89 90 
1 2 9 
5 9 98 
1 94 99 
0 6 8 
39 70 90 
59 79 90 
7 40 99 
9 95 98 
4 8 99 
90 91 94 
1 9 98 
1 39 99 
0 1 93 
0 49 94 
7 89 99 
9 91 96 
9 10 49 
9 29 49 
7 10 99 
40 70 90 
50 59 99 
29 93 99 
0 29 98 
8 90 97 
3 20 99 
3 70 99 
5 96 99 
9 79 98 
8 90 98 
9 30 60 
0 5 80 
50 90 91 
0 20 39 
5 30 99 
9 40 79 
0 8 79 
0 59 92 
7 9 29 
8 59 90 
6 49 99 
69 90 93 
5 49 90 
3 40 99 
0 8 96 
0 19 49 
3 7 90 
0 10 80 
5 90 91 
0 95 97 
0 8 10 
9 59 79 
0 60 98 
0 5 40 
30 59 99 
1 9 79 
49 97 99 
8 19 99 
9 20 97 
7 49 99 
4 59 99 
9 79 94 
9 19 70 
79 94 99 
0 2 91 
39 80 99 
6 90 92 
40 60 90 
9 92 95 
0 2 98 
30 80 90 
7 60 99 
0 60 93 
9 60 89 
0 80 96 
0 4 89 
60 79 90 
9 20 96 
8 9 79 
20 94 99 
6 9 59 
1 2 90 
5 9 49 
0 10 70 
0 50 97 
2 70 99 
0 5 70 
60 80 99 
9 59 96 
0 10 49 
9 60 79 
9 10 70 
10 90 98 
30 60 99 
1 79 99 
4 89 90 
0 3 97 
2 9 59 
0 29 95 
0 4 70 
70 93 99 
0 6 89 
70 90 94 
6 30 99 
80 96 99 
2 9 29 
6 29 99 
3 19 99 
5 79 99 
3 9 50 
1 9 60 
0 8 49 
20 40 90 
7 90 93 
10 93 99 
0 10 69 
59 69 90 
0 49 97 
6 29 90 
9 20 91 
0 8 40 
9 10 40 
49 90 95 
4 50 99 
30 90 97 
0 7 10 
6 10 90 
89 91 99 
3 6 99 
0 4 10 
1 4 9 
6 9 70 
91 97 99 
9 19 30 
29 95 99 
40 89 90 
0 39 94 
9 29 69 
0 96 98 
39 79 90 
8 90 93 
69 79 90 
0 91 98 
60 70 99 
19 90 96 
0 70 80 
1 80 90 
0 60 91 
0 30 92 
3 79 99 
2 96 99 
9 49 89 
8 30 90 
0 3 10 
70 89 90 
0 30 50 
69 92 99 
5 92 99 
7 39 99 
50 90 96 
9 30 40 
9 40 70 
69 70 99 
39 91 99 
2 90 93 
90 91 96 
0 2 92 
0 7 92 
0 79 97 
59 89 99 
0 49 60 
39 79 99 
29 79 90 
1 9 20 
1 5 99 
29 69 90 
8 90 94 
6 90 95 
5 9 50 
49 98 99 
40 93 99 
0 30 94 
9 10 59 
0 7 69 
4 69 90 
3 60 99 
0 89 91 
69 89 99 
6 9 60 
94 97 99 
0 5 49 
6 9 10 
8 69 99 
19 90 93 
9 19 92 
50 79 99 
0 19 29 
4 8 90 
0 80 94 
0 8 50 
7 69 90 
0 20 97 
9 20 69 
6 94 99 
89 90 94 
9 30 59 
19 93 99 
5 89 90 
29 59 99 
90 94 98 
19 40 90 
1 10 90 
8 9 80 
30 49 90 
8 9 91 
9 49 50 
59 90 98 
9 70 95 
9 19 39 
0 4 80 
0 49 69 
59 96 99 
9 92 93 
4 90 94 
9 20 95 
80 90 92 
50 90 98 
2 4 9 
59 80 90 
9 19 97 
9 80 91 
6 20 90 
0 29 96 
9 19 69 
4 9 60 
0 19 98 
0 60 89 
2 9 98 
9 19 29 
9 19 94 
40 79 90 
0 40 49 
6 20 99 
7 50 99 
60 69 90 
9 92 98 
6 9 89 
20 90 97 
0 6 7 
0 2 4 
40 89 99 
8 9 92 
4 9 94 
4 90 97 
60 97 99 
0 8 98 
0 4 49 
0 1 79 
80 89 90 
0 3 8 
9 97 98 
20 90 92 
0 60 94 
96 98 99 
92 93 99 
0 19 39 
2 9 50 
9 91 98 
40 50 90 
39 90 93 
1 69 90 
10 39 99 
7 90 97 
0 3 29 
0 19 40 
9 30 39 
0 4 91 
0 91 93 
0 2 96 
39 95 99 
4 8 9 
91 96 99 
7 20 90 
9 10 98 
3 90 91 
89 96 99 
7 89 90 
39 40 99 
70 94 99 
0 10 79 
8 69 90 
0 1 80 
1 9 69 
3 70 90 
80 90 95 
4 9 93 
5 6 99 
0 50 91 
0 4 19 
0 50 98 
0 92 93 
9 39 79 
3 8 99 
9 70 97 
89 90 95 
3 10 90 
0 59 91 
4 9 30 
6 9 96 
0 20 95 
89 97 99 
0 50 93 
3 9 69 
7 50 90 
0 69 89 
9 49 93 
0 7 40 
69 90 94 
9 30 80 
40 49 99 
30 40 90 
3 49 90 
9 50 60 
9 20 80 
3 9 97 
39 40 90 
0 19 60 
60 96 99 
93 98 99 
19 79 99 
9 69 91 
90 91 93 
1 97 99 
9 59 91 
9 10 29 
9 60 98 
5 70 90 
0 59 70 
9 70 79 
9 70 92 
50 89 99 
0 1 96 
0 8 80 
8 9 29 
1 9 96 
9 10 69 
30 60 90 
6 90 96 
9 93 96 
4 9 59 
0 7 50 
4 9 39 
0 20 50 
5 59 90 
29 59 90 
10 96 99 
10 50 99 
20 49 99 
79 95 99 
5 39 90 
0 50 94 
0 2 6 
59 89 90 
1 29 90 
2 6 90 
7 9 98 
3 9 30 
0 39 92 
10 97 99 
0 7 29 
