4 87 90 
20 74 90 
55 60 99 
5 9 13 
0 4 73 
5 9 16 
0 75 80 
2 9 55 
9 80 83 
20 44 90 
7 15 99 
50 51 90 
9 22 69 
75 92 99 
5 44 90 
8 9 45 
0 62 96 
2 78 99 
1 9 54 
0 5 48 
15 39 90 
3 83 90 
0 18 97 
20 52 99 
3 9 34 
9 69 76 
9 23 93 
9 18 96 
5 83 90 
14 40 90 
44 49 99 
49 67 99 
6 41 99 
4 11 99 
0 54 59 
8 25 90 
18 29 90 
43 70 99 
32 59 90 
85 94 99 
40 41 90 
0 6 24 
39 84 90 
43 90 92 
39 72 90 
65 96 99 
8 58 90 
9 12 29 
13 50 99 
0 4 51 
0 38 93 
0 16 92 
4 17 99 
9 18 70 
2 9 56 
11 98 99 
70 87 90 
9 16 95 
3 9 18 
50 76 90 
9 57 96 
9 88 91 
9 20 44 
7 9 14 
9 57 89 
12 90 93 
49 84 90 
0 88 97 
9 75 79 
44 70 90 
51 70 99 
12 79 90 
1 35 90 
3 9 45 
9 86 96 
75 89 99 
0 37 94 
68 70 90 
49 73 90 
3 32 99 
0 2 34 
0 20 55 
0 11 49 
10 74 90 
18 79 99 
9 30 53 
52 69 99 
9 72 91 
3 43 90 
7 76 99 
2 77 99 
49 56 90 
9 10 88 
14 90 97 
0 19 81 
6 54 99 
1 33 99 
1 17 90 
76 90 91 
9 79 84 
14 19 90 
0 73 91 
0 14 93 
8 26 99 
0 36 49 
47 59 90 
15 90 98 
11 90 97 
20 66 99 
18 19 99 
5 77 99 
9 20 83 
9 17 49 
0 11 95 
39 47 99 
9 68 93 
86 90 96 
27 50 99 
9 51 70 
9 48 49 
0 6 81 
0 71 89 
42 96 99 
0 2 31 
0 50 73 
1 85 90 
82 89 99 
1 26 90 
6 25 99 
0 10 86 
36 90 94 
0 7 13 
63 89 99 
0 10 41 
52 96 99 
9 31 95 
9 31 94 
0 66 89 
12 60 99 
45 93 99 
5 78 90 
10 84 90 
0 19 31 
0 17 94 
44 92 99 
33 69 99 
0 33 40 
40 83 90 
0 40 76 
48 50 90 
9 42 69 
0 2 25 
7 28 99 
28 59 90 
1 84 90 
0 59 62 
9 10 84 
10 33 99 
9 34 50 
9 24 40 
0 87 98 
9 46 80 
35 39 90 
9 53 59 
1 83 90 
5 9 25 
0 59 64 
9 47 70 
9 49 88 
0 48 97 
88 89 99 
0 7 57 
29 57 90 
28 90 96 
0 50 54 
7 47 90 
46 60 90 
67 90 91 
5 48 99 
62 96 99 
76 89 90 
23 93 99 
84 90 97 
0 22 60 
30 32 99 
4 24 90 
0 10 67 
6 41 90 
1 15 90 
0 77 96 
0 55 79 
56 90 92 
6 76 99 
46 96 99 
0 37 98 
9 16 94 
39 66 99 
0 21 97 
9 59 85 
9 30 73 
4 37 90 
6 38 99 
9 60 83 
26 90 92 
1 45 90 
26 69 90 
0 14 94 
3 71 90 
0 8 67 
47 50 99 
27 39 90 
5 64 90 
30 78 99 
10 47 90 
44 90 91 
30 77 90 
20 71 90 
44 60 99 
50 52 90 
48 59 90 
42 79 90 
29 34 99 
23 69 99 
0 4 36 
11 79 90 
9 71 97 
0 21 69 
0 29 74 
55 90 92 
6 44 90 
8 9 55 
12 70 99 
14 79 90 
9 10 75 
0 83 94 
0 64 93 
0 16 70 
0 51 79 
0 42 91 
9 20 73 
2 51 90 
19 85 99 
29 78 90 
3 9 27 
60 87 90 
30 61 99 
68 90 92 
6 58 90 
15 29 99 
21 39 99 
9 63 94 
0 15 59 
0 29 64 
9 12 39 
16 30 90 
0 24 96 
6 47 90 
52 89 90 
0 20 47 
29 81 99 
0 46 98 
0 7 36 
9 39 67 
7 9 15 
2 9 27 
3 54 99 
3 56 99 
31 97 99 
58 59 99 
4 77 90 
9 63 97 
18 60 99 
19 78 99 
42 90 93 
0 30 67 
2 9 65 
39 64 90 
60 62 99 
6 76 90 
9 42 95 
66 90 96 
20 22 90 
9 50 81 
9 20 23 
0 22 95 
49 57 99 
9 75 91 
81 90 96 
0 1 22 
0 58 89 
2 9 85 
3 68 90 
21 97 99 
7 9 47 
34 90 97 
0 59 88 
0 71 98 
0 47 79 
40 65 99 
6 9 63 
1 37 90 
9 59 62 
9 20 75 
17 20 99 
9 12 49 
6 26 99 
0 2 71 
9 51 91 
0 37 80 
0 6 26 
1 9 12 
1 9 75 
3 88 99 
9 20 64 
3 24 99 
8 65 90 
41 90 95 
9 60 64 
0 16 40 
53 90 94 
53 80 90 
37 40 99 
80 84 99 
47 60 99 
3 9 52 
8 9 53 
1 33 90 
0 39 88 
0 5 85 
5 9 54 
9 32 95 
8 13 90 
9 62 89 
50 62 99 
28 95 99 
16 49 90 
10 87 90 
9 35 59 
9 10 21 
0 6 76 
9 34 93 
16 90 93 
0 59 73 
8 57 99 
0 1 53 
9 70 75 
1 11 90 
0 4 28 
0 56 79 
0 45 60 
0 62 95 
60 68 99 
6 71 90 
64 80 99 
81 90 94 
4 9 74 
48 90 92 
8 31 99 
0 30 84 
0 56 98 
77 90 92 
0 6 48 
9 30 58 
9 54 89 
69 87 90 
4 18 90 
60 68 90 
0 36 79 
9 59 61 
10 45 90 
9 36 93 
65 69 90 
9 20 72 
61 95 99 
9 26 50 
9 77 92 
46 90 96 
40 54 90 
10 52 90 
27 90 94 
48 69 90 
0 57 89 
86 90 91 
30 31 90 
58 97 99 
9 10 85 
0 68 96 
3 48 90 
41 90 96 
14 80 90 
7 53 90 
0 33 69 
9 49 56 
20 41 99 
9 81 96 
40 44 99 
9 43 97 
77 89 90 
9 12 80 
0 68 91 
2 33 99 
67 98 99 
0 64 80 
42 59 90 
19 55 99 
9 42 96 
59 65 90 
18 50 90 
2 9 88 
0 50 77 
11 90 94 
4 9 46 
3 72 90 
60 72 90 
0 31 59 
9 28 93 
20 65 99 
8 9 13 
9 43 91 
0 74 79 
9 24 97 
0 19 88 
0 34 79 
0 16 59 
9 50 63 
88 90 98 
5 9 65 
0 60 76 
48 49 99 
9 12 20 
21 90 97 
39 78 90 
0 19 46 
9 20 67 
29 67 99 
0 44 91 
9 33 60 
9 58 97 
0 30 48 
43 80 99 
0 17 19 
19 48 90 
30 46 90 
0 61 80 
58 69 99 
5 9 82 
0 49 77 
9 67 92 
8 9 18 
0 29 47 
0 2 62 
0 39 53 
0 8 72 
40 83 99 
0 72 98 
31 50 90 
9 15 49 
4 12 90 
8 24 99 
0 42 80 
86 92 99 
1 31 90 
8 38 99 
24 94 99 
9 23 98 
9 44 89 
72 91 99 
8 9 71 
58 70 90 
78 90 93 
0 26 95 
0 5 67 
3 9 42 
9 28 50 
9 19 23 
9 57 79 
52 79 99 
9 43 59 
25 40 99 
9 29 48 
30 43 90 
0 30 78 
50 56 99 
0 46 89 
9 79 83 
0 7 42 
0 11 94 
0 61 79 
69 72 99 
9 71 95 
29 88 99 
6 35 99 
14 59 90 
50 87 99 
27 60 90 
9 10 86 
8 11 99 
0 39 46 
0 45 97 
64 70 90 
9 65 95 
10 32 99 
46 94 99 
9 66 69 
7 65 99 
0 39 72 
44 90 96 
50 81 90 
18 95 99 
38 59 90 
0 7 88 
9 40 62 
0 57 91 
0 38 92 
9 37 59 
9 50 64 
34 59 90 
0 12 95 
21 79 90 
3 13 90 
24 39 99 
0 30 65 
40 77 99 
20 45 90 
12 90 96 
0 30 76 
42 69 90 
33 59 99 
4 11 90 
11 70 99 
30 54 99 
7 9 12 
14 90 94 
0 50 83 
29 66 90 
27 70 90 
0 6 71 
38 80 99 
0 45 79 
6 72 99 
0 61 98 
8 9 42 
9 36 70 
9 54 69 
9 35 98 
50 58 90 
2 53 90 
26 79 90 
0 3 55 
87 90 92 
57 80 90 
37 90 93 
7 9 68 
9 19 35 
2 32 90 
0 6 21 
54 96 99 
0 3 88 
5 52 99 
2 26 90 
0 76 93 
0 5 54 
30 64 90 
0 8 27 
23 29 90 
9 61 93 
36 90 91 
47 90 91 
59 77 90 
0 1 68 
72 98 99 
0 41 80 
39 48 90 
21 94 99 
5 9 88 
5 17 90 
0 24 98 
0 34 92 
0 10 85 
7 31 90 
36 89 90 
0 50 66 
9 17 80 
45 79 90 
0 44 59 
22 90 94 
62 90 91 
9 76 79 
3 9 25 
9 59 74 
57 69 99 
58 90 92 
0 74 94 
0 11 60 
7 9 83 
29 58 99 
6 17 99 
0 30 36 
0 36 69 
0 7 32 
0 10 78 
9 52 91 
30 74 99 
69 76 99 
0 1 35 
41 95 99 
2 9 45 
18 98 99 
9 26 29 
0 21 30 
69 73 99 
9 61 91 
19 63 90 
0 2 47 
3 35 99 
59 83 90 
26 90 98 
45 49 99 
7 46 99 
0 5 27 
35 90 96 
9 33 95 
0 28 94 
28 59 99 
2 47 99 
9 15 40 
5 54 90 
12 59 99 
9 59 76 
66 69 90 
58 59 90 
0 60 63 
0 54 96 
20 85 90 
41 90 91 
66 98 99 
39 56 90 
0 39 41 
7 9 41 
3 9 21 
2 9 35 
12 89 99 
67 90 96 
16 94 99 
0 26 70 
0 2 61 
9 11 92 
61 91 99 
0 3 75 
41 89 90 
22 89 90 
0 19 37 
18 79 90 
40 53 99 
82 90 97 
0 2 58 
9 16 60 
9 41 50 
70 74 99 
0 2 77 
14 59 99 
0 29 72 
6 14 90 
0 6 51 
0 46 50 
9 68 79 
8 53 99 
9 76 93 
37 40 90 
3 64 90 
6 9 82 
0 27 94 
49 71 99 
0 51 70 
0 78 97 
9 59 65 
6 64 90 
0 36 91 
9 31 50 
0 20 35 
18 96 99 
9 69 86 
0 13 98 
18 90 92 
0 86 91 
0 52 92 
70 86 90 
23 89 90 
9 29 81 
87 90 91 
8 11 90 
6 86 90 
28 49 99 
9 63 91 
0 11 96 
9 30 44 
38 60 99 
0 5 17 
0 50 57 
9 15 91 
71 90 95 
8 48 90 
2 71 90 
28 96 99 
7 12 90 
14 92 99 
9 20 36 
74 90 94 
0 8 64 
1 53 99 
10 11 90 
9 78 95 
14 29 90 
0 29 41 
7 9 61 
20 67 90 
7 22 90 
9 71 89 
0 19 36 
0 72 97 
0 13 97 
1 9 22 
0 30 86 
6 9 87 
0 12 70 
68 90 91 
9 30 48 
1 22 90 
3 9 86 
4 24 99 
8 66 90 
0 12 19 
75 94 99 
9 59 73 
9 14 97 
9 29 43 
6 9 85 
9 23 96 
0 13 59 
4 9 71 
0 58 94 
4 87 99 
0 6 33 
70 75 99 
19 32 99 
0 77 94 
9 29 86 
9 10 53 
9 49 57 
30 52 90 
29 85 90 
9 62 91 
3 18 99 
7 37 90 
78 90 96 
9 20 82 
0 40 48 
54 95 99 
0 31 70 
0 55 59 
78 89 99 
9 49 78 
4 9 87 
25 29 99 
17 50 90 
9 37 80 
9 17 69 
77 95 99 
0 39 81 
9 52 89 
59 76 90 
0 53 80 
60 72 99 
1 9 28 
6 46 90 
0 31 96 
29 84 90 
5 9 42 
0 31 92 
0 65 89 
9 73 95 
9 70 78 
0 33 97 
9 19 61 
23 90 94 
9 67 94 
34 50 99 
9 80 85 
4 9 62 
63 90 94 
76 92 99 
44 98 99 
6 9 61 
0 39 85 
51 90 94 
9 70 72 
56 69 99 
5 9 58 
6 9 41 
0 17 69 
3 54 90 
16 50 99 
65 80 90 
72 89 90 
9 10 37 
6 31 90 
6 42 99 
5 75 90 
31 90 91 
35 90 94 
2 54 90 
17 60 99 
0 40 85 
11 80 90 
9 29 55 
39 78 99 
1 86 90 
9 20 25 
0 8 26 
61 80 90 
13 70 99 
0 2 84 
30 48 99 
9 66 70 
50 77 99 
70 86 99 
20 34 90 
9 10 64 
4 84 99 
6 25 90 
40 86 90 
55 90 97 
87 90 95 
0 8 76 
67 95 99 
62 91 99 
9 12 70 
10 35 99 
7 9 25 
17 59 99 
9 39 85 
87 97 99 
29 56 90 
0 18 19 
9 51 98 
78 90 98 
27 96 99 
3 9 67 
9 24 50 
86 90 94 
14 93 99 
0 1 52 
3 18 90 
17 80 90 
27 79 99 
0 11 30 
31 49 99 
0 6 66 
0 1 73 
22 60 90 
0 2 72 
7 67 90 
10 56 90 
1 43 90 
27 90 91 
70 82 99 
5 43 90 
30 62 99 
5 47 90 
14 70 90 
0 52 60 
39 74 90 
9 30 66 
0 10 14 
17 90 98 
15 89 90 
49 66 90 
9 32 93 
9 53 96 
9 22 89 
12 19 90 
9 27 60 
10 81 99 
0 1 46 
4 9 67 
9 32 89 
9 19 73 
15 90 95 
0 7 31 
29 42 99 
20 35 99 
0 81 92 
9 86 98 
0 60 61 
0 7 72 
9 37 97 
0 40 54 
0 7 76 
6 57 90 
36 90 96 
86 96 99 
0 40 58 
9 49 63 
0 19 86 
0 19 71 
0 81 97 
49 53 99 
39 58 90 
9 60 67 
0 3 41 
8 9 83 
0 4 48 
22 79 90 
9 84 95 
12 20 99 
9 30 36 
60 63 99 
6 81 90 
0 14 49 
72 95 99 
6 37 99 
0 19 55 
25 49 99 
3 36 90 
6 18 99 
40 42 99 
55 60 90 
44 80 99 
9 57 94 
39 71 90 
13 19 99 
62 80 90 
55 92 99 
5 83 99 
9 62 92 
21 90 94 
63 98 99 
6 9 33 
9 27 80 
74 96 99 
0 75 95 
60 82 90 
0 33 91 
28 94 99 
7 82 99 
37 90 97 
4 9 75 
4 9 24 
85 90 93 
69 71 99 
62 70 99 
53 90 96 
54 92 99 
25 59 99 
84 90 96 
0 59 82 
1 64 99 
0 11 93 
36 40 90 
23 95 99 
9 62 93 
4 9 54 
0 18 60 
35 79 99 
55 89 99 
19 31 90 
0 39 82 
0 24 79 
53 93 99 
24 95 99 
0 10 68 
0 58 70 
64 90 91 
3 9 11 
8 9 46 
44 95 99 
7 66 99 
9 12 98 
50 88 90 
22 50 99 
9 53 92 
0 7 58 
4 34 99 
0 42 89 
66 93 99 
0 33 59 
49 53 90 
21 89 99 
9 54 70 
65 69 99 
6 66 99 
7 9 74 
19 43 90 
45 90 98 
60 82 99 
9 68 97 
8 9 43 
40 51 99 
19 44 90 
0 60 75 
9 16 79 
19 31 99 
0 8 18 
38 98 99 
0 28 29 
60 75 99 
20 22 99 
0 13 60 
30 41 90 
15 89 99 
0 7 18 
4 74 90 
11 60 90 
9 21 40 
9 71 98 
19 84 90 
9 37 96 
9 15 97 
3 41 90 
0 3 26 
26 30 90 
23 80 90 
61 97 99 
7 18 90 
0 49 58 
0 51 59 
8 18 90 
3 16 99 
9 39 46 
0 30 46 
9 70 71 
9 17 79 
0 10 11 
0 6 46 
9 30 88 
13 50 90 
0 23 92 
0 34 60 
20 23 90 
0 30 72 
5 45 99 
0 69 73 
5 9 23 
0 20 27 
4 9 44 
46 70 99 
49 76 90 
30 68 99 
9 31 93 
32 89 99 
56 90 93 
0 47 94 
9 30 78 
35 98 99 
32 70 99 
5 9 83 
0 16 79 
59 72 90 
48 60 99 
0 17 79 
9 58 70 
7 9 62 
35 97 99 
5 9 48 
63 79 99 
56 90 97 
81 97 99 
30 34 99 
9 50 73 
20 61 90 
9 11 49 
35 59 90 
0 7 64 
6 61 90 
7 73 99 
0 58 79 
39 51 99 
0 4 42 
85 90 92 
67 93 99 
46 59 99 
9 46 92 
10 14 90 
9 19 74 
24 70 99 
0 2 57 
0 25 80 
2 9 82 
0 74 91 
9 29 75 
9 40 75 
6 13 90 
59 83 99 
6 55 99 
0 30 44 
47 90 93 
71 90 97 
49 55 90 
2 9 71 
0 5 78 
0 26 29 
10 34 99 
17 93 99 
39 76 90 
39 64 99 
9 73 91 
2 9 31 
40 58 99 
21 69 90 
0 57 97 
0 46 91 
0 8 63 
0 88 95 
2 74 99 
0 56 70 
0 2 83 
0 24 70 
9 66 95 
57 79 99 
0 83 97 
9 26 97 
0 44 80 
0 39 68 
0 24 49 
5 51 99 
9 16 92 
0 10 47 
6 21 99 
0 60 82 
0 64 89 
1 78 99 
9 33 40 
9 39 86 
0 6 53 
9 10 51 
27 97 99 
4 36 90 
0 62 98 
0 76 94 
21 59 99 
9 69 78 
54 93 99 
2 86 99 
9 27 29 
6 74 99 
20 66 90 
27 30 99 
28 80 99 
0 6 68 
9 14 69 
0 44 50 
9 20 61 
59 81 90 
9 41 94 
9 32 69 
9 28 95 
24 40 99 
75 95 99 
1 81 90 
0 39 87 
2 9 33 
81 98 99 
9 45 93 
0 59 76 
45 80 99 
76 95 99 
34 69 99 
1 28 99 
0 7 77 
0 5 81 
16 98 99 
6 86 99 
10 85 99 
0 38 96 
1 9 33 
9 87 92 
25 60 99 
0 13 39 
83 90 95 
4 21 99 
38 91 99 
6 68 90 
73 90 94 
0 40 74 
29 51 99 
69 82 90 
22 30 90 
0 11 70 
9 61 70 
9 83 97 
4 81 90 
0 5 43 
0 49 56 
9 44 94 
5 71 90 
8 12 99 
0 68 92 
70 73 90 
3 65 90 
0 64 96 
9 41 69 
2 9 38 
83 90 94 
4 56 99 
30 87 90 
82 96 99 
2 9 11 
9 51 96 
0 17 96 
75 90 98 
38 90 91 
40 66 90 
9 41 79 
9 13 89 
2 42 90 
60 73 90 
7 28 90 
9 34 96 
3 9 78 
23 49 90 
0 41 94 
0 81 91 
9 14 98 
68 94 99 
5 37 99 
74 79 99 
41 80 90 
19 46 90 
11 90 93 
9 40 87 
3 9 46 
8 84 99 
0 15 98 
0 20 77 
9 19 46 
0 63 92 
5 9 32 
0 1 21 
0 20 44 
9 68 91 
0 70 83 
0 34 69 
0 56 93 
0 80 88 
0 47 96 
9 10 35 
22 89 99 
7 9 16 
30 57 90 
2 14 99 
0 19 22 
50 87 90 
9 13 39 
9 66 93 
9 66 94 
68 96 99 
0 34 40 
23 29 99 
9 72 95 
0 39 83 
9 28 79 
5 24 99 
0 56 59 
10 17 90 
0 60 84 
50 57 99 
9 85 94 
0 10 36 
9 35 95 
10 11 99 
5 46 99 
0 51 80 
50 74 99 
36 39 99 
19 75 99 
9 58 79 
9 65 92 
38 89 90 
9 20 42 
9 37 91 
21 60 90 
3 84 99 
35 89 99 
9 14 93 
0 30 34 
0 21 29 
28 60 90 
3 61 90 
54 80 90 
44 59 99 
42 91 99 
0 24 69 
59 61 99 
9 80 86 
9 36 95 
36 69 90 
21 30 90 
39 81 99 
0 88 92 
5 23 90 
24 59 90 
6 15 90 
26 29 90 
0 13 49 
0 27 40 
0 5 37 
0 7 26 
8 35 99 
2 9 48 
10 35 90 
38 90 94 
27 49 99 
6 83 99 
5 41 90 
9 40 82 
29 88 90 
0 42 96 
9 10 32 
0 27 70 
9 35 49 
9 59 78 
14 39 99 
9 14 60 
59 66 90 
0 7 55 
9 36 89 
9 63 89 
0 35 80 
20 45 99 
6 9 36 
5 72 90 
0 33 39 
9 27 96 
7 9 58 
3 87 90 
10 31 90 
9 48 94 
9 50 84 
7 21 90 
9 37 79 
40 53 90 
30 77 99 
0 2 82 
6 24 90 
60 64 99 
19 62 99 
9 40 58 
6 51 99 
71 90 91 
39 68 90 
66 92 99 
9 77 80 
49 62 99 
9 27 79 
30 51 90 
9 20 46 
0 39 76 
52 90 95 
0 6 61 
9 45 70 
2 33 90 
3 15 99 
3 77 90 
1 21 90 
0 7 61 
5 9 71 
1 82 90 
0 37 60 
3 9 48 
39 87 90 
8 16 99 
7 51 90 
41 49 99 
1 9 76 
14 49 90 
5 9 35 
53 89 90 
7 77 99 
72 90 91 
37 50 99 
40 52 99 
25 39 99 
2 73 99 
2 9 25 
0 7 12 
0 3 84 
22 40 99 
4 28 90 
0 86 95 
7 9 64 
47 80 90 
9 43 69 
0 7 24 
0 2 14 
41 69 99 
0 5 77 
63 80 99 
74 90 93 
9 19 45 
7 9 73 
46 89 90 
19 74 99 
54 90 98 
37 96 99 
80 81 99 
38 95 99 
9 27 91 
9 79 81 
9 28 97 
58 70 99 
9 26 94 
0 37 96 
0 12 20 
58 89 90 
3 9 14 
9 74 80 
0 64 97 
9 53 98 
9 10 71 
71 80 99 
7 9 66 
2 56 90 
0 83 92 
40 76 90 
9 57 70 
10 57 99 
9 39 66 
9 11 94 
3 58 90 
19 44 99 
62 90 98 
0 69 74 
9 56 60 
61 94 99 
9 29 56 
13 30 99 
4 9 53 
8 85 99 
69 88 99 
1 9 25 
77 80 90 
0 1 74 
11 96 99 
83 90 93 
35 91 99 
74 95 99 
4 58 99 
0 53 69 
0 63 70 
52 91 99 
6 24 99 
20 83 90 
0 65 96 
48 80 99 
30 33 90 
9 30 62 
6 67 99 
9 21 94 
71 96 99 
0 27 98 
9 39 41 
0 41 97 
3 33 90 
6 33 99 
29 55 90 
0 6 56 
40 61 90 
4 86 99 
53 90 93 
30 71 99 
0 24 50 
29 35 99 
15 20 90 
8 43 90 
1 9 43 
26 90 94 
42 92 99 
29 41 99 
26 90 91 
9 72 94 
79 87 90 
0 3 87 
69 75 99 
22 92 99 
4 48 99 
9 84 98 
9 13 40 
8 46 90 
9 36 40 
9 18 79 
0 52 96 
31 90 93 
0 67 92 
9 17 95 
4 13 99 
9 80 88 
0 76 97 
38 40 99 
69 85 90 
69 81 99 
0 72 92 
7 17 99 
9 18 91 
35 90 95 
39 46 99 
27 90 95 
9 52 95 
1 25 90 
25 50 99 
0 6 25 
0 65 79 
0 58 80 
40 78 90 
36 80 99 
11 90 96 
8 86 99 
0 45 70 
0 6 73 
52 89 99 
40 68 90 
0 29 84 
0 54 70 
65 90 92 
0 8 56 
51 90 96 
23 59 90 
9 11 91 
0 66 92 
18 70 90 
5 9 52 
0 68 94 
9 13 92 
0 46 80 
22 80 99 
43 98 99 
18 70 99 
19 71 90 
9 59 66 
9 59 88 
10 53 90 
9 49 85 
4 68 90 
50 65 99 
9 21 30 
6 32 99 
0 51 69 
2 9 46 
9 43 95 
32 59 99 
0 3 54 
32 90 91 
42 70 90 
9 56 59 
19 43 99 
9 24 39 
1 41 90 
2 9 63 
45 49 90 
9 64 79 
0 82 93 
53 59 90 
20 31 99 
38 89 99 
58 94 99 
0 47 91 
67 80 90 
6 9 42 
25 90 92 
0 17 70 
66 90 97 
69 77 90 
46 70 90 
9 72 80 
3 9 65 
60 77 90 
68 90 94 
0 4 12 
19 76 99 
20 63 99 
3 38 90 
75 90 95 
9 50 83 
0 40 78 
64 90 96 
9 88 92 
56 69 90 
9 13 93 
9 30 41 
6 9 23 
19 36 99 
9 33 79 
8 12 90 
84 98 99 
9 33 94 
9 41 91 
40 74 90 
9 27 59 
85 89 90 
9 30 86 
2 88 99 
0 6 41 
2 41 90 
10 62 99 
9 26 39 
9 26 92 
0 70 84 
50 51 99 
9 60 88 
5 9 72 
8 51 90 
9 38 40 
68 89 99 
9 66 98 
0 6 36 
0 25 50 
0 1 78 
21 70 99 
9 28 59 
66 95 99 
7 23 90 
62 79 99 
9 12 19 
49 68 99 
6 9 18 
3 57 99 
31 90 96 
2 23 99 
39 66 90 
0 41 60 
52 79 90 
15 93 99 
0 5 34 
9 42 97 
9 20 68 
66 89 99 
0 40 83 
30 35 99 
19 34 90 
9 61 80 
7 46 90 
3 73 90 
4 9 43 
1 9 27 
66 89 90 
0 13 93 
0 71 94 
0 20 87 
0 51 89 
9 73 94 
6 9 55 
2 55 99 
37 80 99 
9 75 95 
0 49 74 
74 91 99 
22 90 98 
35 60 90 
9 45 94 
22 90 95 
9 30 74 
19 26 99 
15 96 99 
6 75 90 
9 17 96 
0 18 98 
0 4 88 
39 62 90 
19 23 99 
0 87 89 
81 90 91 
5 9 81 
16 49 99 
9 13 29 
0 58 69 
0 7 85 
74 90 95 
3 22 99 
66 90 94 
13 80 99 
0 68 98 
44 96 99 
7 76 90 
17 89 90 
39 75 90 
60 73 99 
9 69 82 
0 12 40 
70 88 99 
85 96 99 
22 96 99 
9 51 80 
9 19 52 
30 82 99 
9 41 59 
9 21 91 
18 89 90 
9 33 96 
9 11 97 
2 45 99 
37 59 90 
0 27 96 
9 34 92 
9 26 98 
50 73 90 
4 9 25 
9 43 89 
42 89 99 
9 33 49 
40 58 90 
79 84 90 
8 9 62 
0 65 92 
9 39 76 
10 65 99 
51 59 90 
28 91 99 
5 78 99 
49 63 99 
13 49 99 
9 19 77 
0 50 87 
9 34 39 
51 96 99 
9 60 73 
9 13 97 
0 35 59 
9 39 75 
0 10 31 
0 44 60 
36 93 99 
0 2 52 
0 22 79 
9 48 97 
9 17 94 
29 86 99 
9 33 80 
9 40 44 
10 44 90 
0 5 32 
9 20 32 
6 9 25 
9 75 89 
0 2 65 
21 89 90 
42 80 90 
36 49 90 
45 97 99 
4 64 90 
79 81 99 
74 89 90 
9 84 89 
0 29 57 
13 69 99 
2 43 99 
0 84 93 
17 79 99 
10 53 99 
34 60 99 
0 10 63 
9 14 89 
3 68 99 
9 46 79 
10 48 99 
87 98 99 
9 46 91 
9 63 95 
5 73 90 
3 27 99 
0 41 59 
0 3 74 
73 90 92 
0 1 42 
74 90 97 
9 82 98 
6 9 16 
8 9 52 
88 90 92 
3 9 64 
9 40 73 
15 20 99 
9 13 96 
32 60 90 
5 32 99 
6 48 90 
24 90 98 
1 37 99 
0 41 93 
9 55 94 
9 38 98 
51 89 99 
35 94 99 
9 32 97 
0 1 15 
0 55 60 
9 39 87 
9 32 94 
9 62 70 
8 56 90 
55 70 90 
25 90 95 
0 50 81 
29 33 99 
0 7 43 
0 61 70 
5 42 90 
1 73 99 
9 26 59 
2 15 99 
13 90 92 
8 9 28 
9 42 80 
49 64 90 
9 50 56 
4 9 31 
52 90 91 
0 67 91 
10 26 90 
0 45 91 
9 37 94 
50 66 99 
21 40 99 
5 9 22 
0 15 89 
29 72 90 
0 5 71 
29 46 99 
33 90 96 
0 49 62 
9 32 98 
0 49 52 
8 21 99 
42 50 99 
0 1 77 
9 15 70 
72 96 99 
0 31 89 
0 51 93 
7 9 37 
0 76 96 
7 26 99 
47 95 99 
3 42 90 
8 32 99 
9 39 84 
0 29 44 
9 85 93 
0 67 96 
9 48 69 
60 77 99 
2 73 90 
0 11 79 
0 23 96 
43 60 90 
26 93 99 
8 47 99 
5 9 31 
14 90 96 
0 20 73 
0 74 96 
0 39 58 
8 82 90 
30 72 99 
57 97 99 
12 90 94 
9 45 69 
9 39 52 
0 20 81 
53 91 99 
0 1 83 
9 49 76 
38 50 90 
3 34 90 
69 81 90 
9 18 97 
9 20 33 
29 36 90 
9 32 39 
0 61 92 
29 34 90 
43 69 99 
0 44 89 
39 54 99 
87 90 96 
0 12 30 
7 71 90 
13 60 99 
16 50 90 
18 89 99 
0 2 68 
17 30 90 
59 67 90 
30 42 90 
67 96 99 
13 91 99 
51 69 90 
0 3 17 
9 20 81 
6 34 90 
59 74 90 
0 85 97 
0 2 42 
7 9 53 
10 15 90 
0 30 41 
20 68 90 
0 40 53 
0 1 47 
0 57 98 
9 40 68 
30 53 99 
0 8 25 
5 67 90 
40 63 90 
10 71 99 
40 66 99 
23 96 99 
35 50 99 
0 78 95 
0 11 19 
7 9 81 
0 17 50 
0 50 72 
0 75 79 
9 19 21 
1 74 90 
62 98 99 
9 45 91 
0 48 69 
8 62 99 
12 29 99 
9 10 44 
5 84 90 
9 47 60 
0 15 50 
70 88 90 
1 9 31 
0 4 31 
0 23 39 
1 71 90 
88 90 94 
20 34 99 
8 34 99 
20 48 90 
9 28 70 
9 36 60 
0 10 28 
3 75 90 
56 90 94 
9 25 92 
9 40 72 
7 44 90 
35 90 93 
0 55 80 
9 65 93 
4 75 90 
39 74 99 
9 28 89 
9 51 69 
0 46 60 
73 98 99 
0 42 92 
3 83 99 
0 49 68 
45 59 99 
0 54 79 
3 75 99 
39 46 90 
3 73 99 
40 67 90 
0 27 93 
0 71 95 
0 4 64 
6 44 99 
31 89 90 
47 79 99 
61 80 99 
39 88 99 
5 9 37 
0 46 59 
29 68 90 
25 49 90 
0 4 34 
0 5 21 
7 77 90 
8 81 99 
0 15 96 
0 79 86 
1 9 55 
0 34 80 
0 69 83 
50 77 90 
0 87 92 
7 9 65 
3 9 66 
9 21 79 
9 50 52 
49 84 99 
11 40 90 
82 91 99 
0 69 86 
0 40 77 
38 39 99 
9 45 49 
9 26 30 
20 21 99 
0 64 98 
0 53 60 
50 82 99 
65 80 99 
0 5 56 
8 9 81 
33 49 99 
68 95 99 
32 92 99 
76 90 94 
45 90 97 
9 53 95 
0 36 96 
0 20 54 
3 9 53 
9 45 79 
9 64 91 
0 29 45 
11 79 99 
9 50 58 
17 70 99 
9 88 89 
0 35 97 
0 49 87 
12 90 98 
15 19 99 
44 50 99 
9 73 93 
0 38 40 
9 82 91 
0 52 95 
0 39 61 
35 70 90 
0 30 61 
0 44 79 
70 83 90 
51 60 99 
22 40 90 
24 79 99 
34 89 99 
9 88 98 
0 7 73 
45 96 99 
34 79 99 
55 70 99 
9 50 67 
1 9 84 
9 40 53 
9 76 96 
0 39 67 
20 43 90 
40 81 90 
7 72 99 
20 27 90 
36 59 99 
9 30 47 
9 19 86 
0 21 92 
13 90 98 
20 25 99 
9 28 40 
0 57 69 
0 53 97 
9 29 52 
36 96 99 
60 74 99 
9 54 94 
0 35 96 
9 57 97 
49 85 99 
13 98 99 
0 24 80 
10 22 90 
9 78 80 
40 78 99 
0 58 97 
37 90 98 
0 6 16 
11 20 90 
53 70 90 
31 49 90 
0 47 92 
8 87 90 
52 70 99 
77 79 99 
8 9 48 
9 35 96 
2 9 81 
64 93 99 
59 82 99 
4 27 90 
0 63 97 
0 3 42 
14 96 99 
10 42 99 
0 61 97 
0 17 98 
1 9 68 
0 11 50 
0 45 93 
21 49 99 
9 88 94 
9 30 38 
25 89 90 
5 9 63 
0 38 60 
0 56 96 
52 59 90 
0 65 69 
0 30 62 
9 21 98 
8 9 33 
9 78 93 
5 13 99 
36 94 99 
0 3 65 
55 95 99 
4 42 99 
39 52 90 
17 59 90 
0 3 28 
45 60 99 
0 17 39 
57 96 99 
79 88 90 
72 90 95 
0 20 61 
1 38 99 
59 86 90 
9 61 89 
2 11 90 
0 12 69 
9 59 83 
0 50 88 
22 79 99 
50 64 99 
5 36 90 
9 10 34 
9 47 91 
9 25 80 
3 44 90 
10 43 99 
65 70 90 
4 73 99 
9 13 79 
9 52 70 
9 78 98 
9 44 59 
46 91 99 
74 93 99 
37 80 90 
39 83 90 
0 40 45 
10 68 99 
44 90 93 
36 60 90 
0 23 98 
9 10 15 
1 9 74 
9 80 87 
9 25 96 
0 75 96 
15 90 97 
10 16 90 
4 65 99 
8 76 99 
67 90 92 
9 75 92 
51 70 90 
28 69 99 
0 15 39 
58 90 97 
6 37 90 
0 59 68 
42 90 97 
9 68 69 
3 74 99 
75 79 99 
0 2 41 
48 94 99 
0 41 89 
25 70 99 
6 88 90 
6 77 90 
9 55 91 
9 19 66 
49 75 99 
34 80 90 
19 24 99 
9 18 40 
35 39 99 
10 18 99 
9 10 46 
0 8 81 
80 88 99 
27 90 93 
9 50 76 
17 69 99 
0 1 57 
22 70 99 
0 5 44 
30 81 90 
0 53 94 
9 81 97 
42 69 99 
10 62 90 
20 81 90 
50 63 90 
16 97 99 
7 31 99 
9 51 59 
76 98 99 
0 30 81 
9 54 91 
26 80 90 
0 80 86 
70 81 99 
29 45 99 
7 64 90 
0 5 22 
4 9 21 
20 83 99 
0 40 41 
30 38 99 
48 95 99 
1 9 88 
1 9 72 
26 70 90 
9 29 61 
48 80 90 
9 16 96 
2 56 99 
9 84 92 
0 35 89 
0 36 92 
2 25 90 
53 96 99 
29 75 90 
35 90 91 
9 39 56 
0 35 60 
1 9 51 
53 59 99 
0 25 30 
2 9 37 
41 69 90 
33 90 93 
58 90 93 
0 14 97 
6 78 99 
41 60 99 
57 89 99 
7 9 35 
6 87 99 
8 44 90 
77 90 96 
8 15 90 
9 19 57 
37 90 95 
26 94 99 
0 10 72 
1 56 99 
18 40 99 
30 37 90 
0 8 46 
9 63 96 
0 1 44 
1 22 99 
0 19 33 
0 25 91 
9 17 91 
9 20 26 
0 50 71 
29 75 99 
0 3 14 
0 41 69 
9 36 59 
0 29 88 
26 39 99 
9 76 80 
11 49 90 
0 8 35 
7 52 99 
40 64 90 
3 32 90 
0 73 97 
9 14 50 
6 83 90 
15 19 90 
1 11 99 
19 38 90 
16 20 90 
76 90 97 
0 82 89 
0 8 78 
14 90 92 
64 95 99 
5 31 99 
8 74 99 
14 19 99 
34 79 90 
66 79 99 
9 40 67 
46 92 99 
0 39 78 
0 39 47 
0 55 98 
0 39 63 
9 29 84 
9 10 61 
50 78 90 
6 9 35 
7 56 99 
0 32 94 
59 68 90 
0 10 27 
0 6 28 
31 90 94 
7 18 99 
13 97 99 
1 85 99 
9 46 94 
0 1 55 
20 56 90 
9 11 79 
5 38 99 
9 17 39 
8 9 21 
0 31 80 
46 90 92 
9 29 37 
67 90 97 
20 86 99 
64 96 99 
7 13 99 
0 1 12 
1 61 99 
0 2 67 
68 91 99 
13 96 99 
29 58 90 
29 86 90 
9 55 89 
33 90 94 
9 30 82 
25 29 90 
18 40 90 
19 72 99 
39 45 90 
2 21 99 
0 3 32 
9 38 95 
25 94 99 
9 15 92 
8 42 99 
9 60 86 
4 55 90 
0 10 64 
0 6 64 
7 58 99 
9 11 40 
2 82 90 
4 62 90 
23 60 90 
9 27 69 
9 19 67 
1 61 90 
16 29 99 
9 30 65 
64 98 99 
83 97 99 
25 90 93 
7 73 90 
0 4 85 
9 51 60 
19 68 90 
30 58 99 
0 6 58 
15 70 99 
0 7 68 
6 45 90 
14 90 91 
9 20 35 
0 1 43 
57 98 99 
0 28 50 
49 52 90 
9 41 97 
4 71 99 
71 94 99 
2 81 90 
21 50 99 
33 60 99 
9 87 98 
56 79 99 
0 58 95 
0 85 95 
34 90 95 
39 45 99 
26 91 99 
0 59 61 
0 3 76 
0 6 14 
1 62 90 
10 46 99 
0 52 79 
0 71 80 
0 26 91 
20 62 90 
9 44 69 
0 17 30 
9 19 54 
0 4 86 
4 25 90 
88 90 93 
6 9 32 
9 64 92 
0 29 34 
9 11 59 
28 80 90 
0 44 98 
9 21 80 
9 56 97 
21 59 90 
0 26 30 
56 90 96 
59 87 90 
0 65 95 
12 70 90 
31 90 98 
10 27 99 
3 47 99 
11 70 90 
8 9 84 
10 21 90 
0 40 86 
0 24 30 
27 60 99 
7 14 99 
9 40 43 
24 91 99 
0 38 97 
7 75 90 
9 30 64 
3 26 90 
3 55 90 
84 90 98 
2 57 99 
35 40 90 
52 97 99 
0 54 91 
9 49 61 
4 66 99 
8 76 90 
9 29 88 
6 9 71 
0 58 91 
3 9 74 
9 19 88 
0 50 74 
3 15 90 
1 84 99 
7 88 90 
19 83 90 
87 90 98 
19 87 90 
25 39 90 
51 90 91 
80 88 90 
9 16 89 
9 75 93 
4 9 17 
29 63 90 
8 75 90 
4 81 99 
5 53 99 
9 20 87 
9 30 51 
78 98 99 
9 12 50 
9 72 96 
0 15 29 
9 77 98 
0 10 22 
0 73 89 
0 33 60 
48 93 99 
5 9 33 
73 97 99 
0 20 37 
54 91 99 
39 77 99 
0 19 85 
57 90 94 
9 43 79 
0 56 89 
6 9 24 
34 39 90 
2 57 90 
0 82 94 
37 70 99 
20 84 90 
26 95 99 
34 60 90 
9 33 97 
0 10 54 
0 40 56 
9 58 91 
0 4 81 
14 20 90 
9 27 97 
18 93 99 
9 37 92 
37 95 99 
0 3 67 
61 69 90 
45 90 95 
0 25 93 
0 26 80 
75 79 90 
1 14 99 
9 47 50 
0 22 96 
84 94 99 
33 89 90 
43 97 99 
0 32 98 
7 42 99 
45 95 99 
20 35 90 
20 87 99 
16 95 99 
19 61 99 
35 79 90 
0 3 27 
39 41 99 
0 11 69 
0 10 65 
50 81 99 
0 40 61 
0 1 58 
72 79 90 
0 37 95 
9 33 89 
5 33 99 
0 44 92 
39 62 99 
22 90 92 
0 86 94 
72 89 99 
0 40 88 
0 40 51 
8 27 90 
8 41 90 
25 89 99 
9 24 92 
3 21 90 
9 87 97 
0 30 32 
0 36 89 
1 9 62 
44 79 99 
0 46 94 
40 86 99 
3 42 99 
0 77 80 
8 13 99 
0 14 98 
9 11 39 
69 83 99 
40 46 99 
0 69 71 
14 39 90 
18 90 93 
8 68 99 
10 33 90 
36 90 97 
37 60 99 
17 20 90 
9 42 98 
46 79 90 
56 90 91 
0 18 20 
0 39 62 
0 74 95 
0 30 73 
9 85 92 
0 44 94 
9 20 43 
0 20 85 
0 24 39 
14 60 90 
51 90 98 
0 4 24 
45 90 91 
7 81 99 
0 4 41 
0 73 94 
9 25 94 
3 9 63 
9 54 98 
0 41 92 
9 23 59 
6 66 90 
54 79 90 
34 96 99 
18 90 94 
0 1 17 
16 80 99 
65 91 99 
19 45 90 
9 16 50 
8 9 63 
2 72 99 
11 29 90 
9 20 34 
0 17 91 
21 95 99 
13 60 90 
78 90 95 
65 90 93 
9 20 38 
69 85 99 
3 9 44 
60 83 99 
4 9 72 
0 78 89 
84 91 99 
9 70 74 
9 60 61 
9 55 59 
17 39 90 
19 41 99 
17 90 96 
9 35 69 
2 62 90 
9 15 80 
0 3 83 
51 90 93 
10 15 99 
18 69 90 
0 2 12 
9 71 79 
8 62 90 
20 28 99 
10 87 99 
68 70 99 
2 31 99 
0 33 98 
81 90 95 
5 32 90 
0 2 24 
39 52 99 
3 86 99 
9 31 97 
34 90 91 
57 59 99 
39 61 99 
2 38 90 
4 27 99 
20 78 90 
39 58 99 
8 64 90 
34 40 99 
25 90 91 
0 1 11 
9 13 98 
3 9 41 
9 20 48 
0 23 69 
8 9 34 
10 65 90 
4 22 90 
9 87 96 
12 94 99 
9 56 70 
9 41 49 
51 94 99 
6 63 99 
0 17 93 
9 39 73 
2 82 99 
9 54 59 
2 67 99 
8 55 90 
10 76 90 
9 45 89 
4 9 81 
0 84 92 
1 48 99 
2 87 90 
9 51 97 
52 90 94 
51 98 99 
69 86 99 
84 90 93 
0 19 61 
9 15 30 
0 2 78 
3 53 90 
1 32 99 
57 89 90 
9 50 53 
19 66 90 
9 39 43 
9 10 73 
9 10 76 
7 9 24 
27 50 90 
10 83 90 
0 25 79 
47 91 99 
9 49 75 
19 84 99 
47 70 99 
9 27 40 
0 8 34 
8 9 31 
9 58 69 
9 12 92 
4 9 18 
6 62 90 
4 9 23 
87 92 99 
0 50 86 
1 9 73 
0 32 93 
26 59 90 
17 90 97 
9 21 60 
0 10 26 
0 1 16 
0 8 47 
9 36 96 
9 65 97 
9 56 91 
0 21 94 
20 75 90 
9 82 95 
59 85 99 
35 80 99 
18 97 99 
0 19 57 
0 1 27 
22 59 90 
9 60 82 
17 70 90 
10 31 99 
63 90 96 
4 41 99 
9 17 19 
61 69 99 
0 15 97 
0 47 98 
0 49 51 
2 88 90 
0 59 85 
9 44 50 
24 92 99 
73 90 98 
9 32 59 
75 90 91 
1 64 90 
8 9 61 
5 57 90 
37 89 90 
0 60 62 
0 86 98 
9 31 80 
0 33 93 
61 96 99 
43 95 99 
9 34 69 
21 80 90 
2 68 90 
0 23 91 
54 89 99 
28 39 90 
64 69 99 
74 97 99 
7 87 90 
2 38 99 
6 9 78 
9 38 70 
9 63 79 
9 19 44 
37 90 91 
7 9 17 
82 98 99 
29 42 90 
10 72 90 
9 39 45 
30 36 99 
0 58 59 
9 22 95 
10 66 90 
39 68 99 
35 60 99 
9 10 56 
59 71 90 
0 4 21 
10 88 99 
0 30 64 
8 9 87 
7 55 90 
10 36 99 
9 19 32 
9 83 94 
19 22 90 
0 3 31 
63 91 99 
0 2 37 
0 49 54 
15 79 90 
9 12 94 
70 78 90 
7 86 99 
9 73 98 
4 55 99 
8 23 99 
35 93 99 
4 15 90 
81 91 99 
0 16 19 
42 60 99 
3 9 38 
0 22 50 
1 54 90 
39 71 99 
0 17 49 
30 82 90 
9 48 70 
10 84 99 
30 48 90 
0 7 74 
21 93 99 
0 1 51 
8 66 99 
52 90 97 
9 40 86 
0 5 15 
57 95 99 
7 16 90 
9 40 61 
13 59 99 
7 33 90 
79 88 99 
5 9 85 
14 91 99 
0 10 25 
9 19 63 
2 9 21 
10 72 99 
0 3 81 
15 50 90 
27 94 99 
0 3 71 
0 5 45 
10 82 90 
0 29 65 
0 82 95 
84 89 99 
85 90 96 
5 12 99 
8 51 99 
0 15 70 
88 94 99 
0 6 84 
88 92 99 
5 9 24 
13 40 90 
2 53 99 
64 90 94 
5 67 99 
4 9 55 
5 24 90 
0 55 89 
0 72 89 
0 66 94 
12 92 99 
3 52 99 
79 86 90 
0 18 79 
0 28 30 
0 63 93 
44 90 97 
24 89 99 
0 8 17 
20 37 90 
4 43 99 
40 48 90 
9 37 89 
59 62 99 
50 56 90 
3 23 99 
0 88 94 
9 56 93 
73 89 99 
19 55 90 
0 7 48 
9 50 57 
0 77 93 
35 49 90 
0 60 66 
88 90 97 
0 6 82 
9 24 69 
0 48 80 
12 80 90 
8 88 90 
50 88 99 
44 90 94 
78 90 94 
19 63 99 
0 47 97 
9 10 13 
0 27 59 
58 96 99 
9 76 95 
3 86 90 
28 90 97 
7 25 90 
40 67 99 
0 35 95 
0 8 54 
31 91 99 
39 76 99 
0 6 62 
40 43 90 
0 66 98 
46 98 99 
71 97 99 
9 70 77 
62 80 99 
0 65 98 
0 70 86 
72 97 99 
20 62 99 
19 36 90 
15 98 99 
8 9 38 
39 43 99 
4 88 99 
80 87 99 
4 9 86 
8 22 90 
9 10 43 
0 29 54 
29 44 99 
9 17 40 
4 51 90 
48 79 90 
80 84 90 
1 62 99 
9 61 79 
29 65 90 
0 4 33 
14 89 99 
8 82 99 
0 42 98 
28 49 90 
0 59 78 
88 98 99 
9 10 72 
7 27 90 
30 51 99 
9 67 96 
10 64 99 
37 91 99 
0 39 52 
27 30 90 
12 90 95 
47 90 98 
64 89 90 
0 54 92 
28 50 99 
13 80 90 
24 69 90 
0 10 38 
9 60 81 
9 30 31 
17 80 99 
10 44 99 
0 38 59 
0 3 43 
9 17 70 
9 73 92 
0 4 78 
8 55 99 
0 6 22 
0 69 76 
23 70 90 
0 49 73 
67 69 99 
9 19 42 
6 22 99 
4 54 90 
0 30 77 
20 85 99 
56 98 99 
9 45 97 
0 20 76 
9 40 52 
0 11 91 
6 9 34 
0 19 64 
0 66 70 
9 15 50 
0 8 82 
0 80 85 
5 9 17 
14 30 90 
0 72 79 
85 90 95 
9 26 91 
9 70 81 
9 82 93 
9 44 79 
9 12 69 
7 75 99 
4 9 14 
0 5 64 
6 16 90 
9 20 88 
59 88 90 
9 40 85 
1 9 71 
9 62 95 
5 65 90 
6 9 13 
18 90 98 
6 31 99 
7 66 90 
0 6 67 
7 57 90 
0 1 28 
21 79 99 
4 9 11 
6 9 81 
8 46 99 
0 8 68 
9 18 69 
55 90 98 
47 80 99 
48 90 93 
0 17 60 
9 19 64 
58 98 99 
74 90 98 
9 39 82 
51 79 90 
38 70 90 
0 48 93 
0 31 91 
9 67 98 
5 9 11 
0 19 65 
0 78 93 
0 43 91 
0 20 66 
49 82 90 
0 8 12 
54 94 99 
9 50 66 
15 90 91 
0 1 56 
9 20 57 
11 30 99 
0 40 73 
0 5 31 
63 90 92 
32 94 99 
45 70 99 
67 90 98 
27 59 99 
50 62 90 
73 89 90 
9 19 81 
0 47 80 
72 90 97 
49 52 99 
9 30 37 
0 5 42 
9 29 65 
24 98 99 
0 6 87 
0 6 37 
5 85 90 
43 93 99 
2 75 99 
0 1 45 
0 37 97 
50 67 99 
1 41 99 
2 47 90 
9 29 33 
68 79 90 
0 49 85 
9 32 80 
0 80 82 
54 89 90 
45 89 99 
68 89 90 
9 75 94 
1 15 99 
0 71 97 
75 96 99 
5 14 99 
7 81 90 
5 11 99 
0 19 83 
5 22 99 
1 74 99 
62 70 90 
9 86 92 
2 9 87 
9 26 60 
5 9 73 
12 93 99 
16 59 99 
0 2 55 
32 80 99 
53 79 90 
9 49 51 
0 8 31 
19 54 90 
87 90 93 
29 32 99 
30 45 99 
73 93 99 
0 2 28 
9 38 59 
7 9 52 
65 89 90 
36 90 98 
76 94 99 
71 90 93 
55 69 99 
19 81 99 
9 65 79 
19 77 90 
36 50 90 
7 9 33 
0 52 89 
47 90 92 
0 10 88 
9 18 59 
9 27 95 
7 87 99 
0 47 70 
34 49 90 
0 3 34 
9 30 63 
0 35 69 
41 90 94 
0 25 92 
4 45 90 
87 94 99 
20 75 99 
60 71 90 
5 25 90 
0 15 80 
39 73 99 
61 90 96 
21 80 99 
9 17 98 
8 9 14 
9 50 86 
68 90 93 
74 80 90 
2 61 99 
9 20 63 
0 1 67 
9 30 83 
0 20 21 
0 1 26 
9 88 96 
23 79 99 
39 65 99 
9 46 50 
5 77 90 
9 39 65 
9 61 95 
0 6 11 
9 24 96 
0 1 86 
0 82 91 
27 80 99 
7 9 44 
0 15 94 
34 95 99 
0 62 94 
0 13 89 
9 30 87 
9 49 84 
8 9 74 
10 41 99 
0 16 97 
38 90 92 
9 10 54 
0 2 81 
0 20 74 
33 89 99 
21 98 99 
0 5 57 
21 92 99 
9 67 79 
13 90 96 
45 94 99 
12 59 90 
73 91 99 
0 87 94 
9 34 94 
0 21 96 
0 32 60 
16 70 90 
9 29 41 
0 1 76 
0 56 97 
9 40 46 
6 78 90 
6 21 90 
30 83 90 
30 55 99 
1 9 78 
25 60 90 
1 18 90 
13 40 99 
30 87 99 
13 29 90 
9 40 41 
0 3 23 
38 69 99 
9 44 95 
8 28 99 
65 90 94 
7 9 28 
9 29 73 
4 9 51 
6 9 73 
13 79 90 
0 10 44 
9 49 68 
0 8 74 
39 87 99 
19 35 99 
1 9 48 
9 18 93 
35 92 99 
9 50 71 
5 9 76 
0 30 82 
9 12 59 
0 54 60 
7 24 90 
9 16 29 
0 23 94 
9 10 28 
50 53 90 
0 26 94 
46 49 99 
7 61 90 
11 50 99 
29 84 99 
55 98 99 
0 18 70 
66 70 99 
53 95 99 
31 50 99 
0 27 30 
0 20 64 
9 30 34 
9 68 95 
0 27 97 
44 59 90 
53 60 99 
5 55 90 
9 15 95 
5 9 26 
20 77 90 
8 9 85 
10 55 90 
4 9 41 
0 13 92 
17 29 99 
0 22 69 
9 47 95 
57 60 99 
5 28 90 
0 30 53 
2 83 90 
9 69 73 
0 42 60 
0 7 75 
0 60 77 
9 10 17 
0 6 57 
10 86 99 
1 51 90 
0 15 19 
9 46 95 
34 50 90 
49 65 99 
0 37 40 
1 9 46 
0 7 66 
2 62 99 
5 62 99 
9 33 93 
18 69 99 
32 39 90 
0 52 93 
35 90 92 
2 81 99 
41 70 90 
9 63 92 
45 90 93 
28 93 99 
9 18 30 
38 90 93 
19 27 99 
29 46 90 
4 26 99 
36 70 90 
5 76 99 
81 90 92 
9 28 39 
9 85 96 
4 41 90 
49 77 90 
0 61 95 
5 72 99 
29 63 99 
0 47 50 
48 96 99 
34 90 94 
12 79 99 
0 29 56 
66 90 91 
27 49 90 
38 70 99 
0 19 26 
68 97 99 
0 42 93 
7 62 99 
0 4 17 
0 13 20 
0 5 36 
6 46 99 
10 25 99 
43 89 90 
2 9 23 
0 5 55 
9 49 58 
0 65 91 
2 85 90 
9 74 93 
0 28 98 
74 90 92 
40 68 99 
30 56 90 
2 18 90 
2 9 52 
0 4 56 
0 2 53 
0 29 52 
38 49 99 
19 82 90 
0 17 20 
0 48 50 
9 11 50 
1 67 99 
29 43 99 
9 10 31 
7 9 86 
0 18 30 
9 19 62 
40 47 99 
9 45 96 
9 40 81 
18 49 99 
0 28 91 
4 9 47 
24 29 90 
59 84 90 
9 73 89 
9 27 49 
9 60 72 
0 21 79 
9 35 80 
5 9 67 
43 59 90 
0 11 20 
21 90 98 
0 48 79 
0 48 49 
22 98 99 
0 19 34 
0 19 27 
0 16 39 
0 4 58 
82 90 93 
29 67 90 
0 49 67 
0 5 68 
37 49 99 
19 61 90 
62 95 99 
76 90 95 
51 80 90 
80 83 90 
0 80 83 
3 9 35 
0 68 95 
0 20 25 
6 87 90 
0 59 65 
11 80 99 
9 28 80 
9 21 39 
9 71 93 
9 42 60 
43 59 99 
9 55 60 
9 70 85 
16 79 99 
9 68 80 
0 4 83 
5 44 99 
50 67 90 
9 18 80 
0 20 28 
4 9 66 
86 90 95 
38 92 99 
0 7 27 
13 30 90 
0 72 91 
2 16 99 
1 66 99 
29 64 90 
9 20 52 
52 80 90 
0 84 97 
5 27 90 
9 70 83 
55 93 99 
29 31 90 
6 9 68 
4 26 90 
8 9 37 
0 49 72 
49 67 90 
74 89 99 
0 3 86 
20 53 90 
78 80 90 
9 83 89 
47 98 99 
0 44 69 
22 30 99 
57 90 98 
21 90 95 
9 45 59 
60 63 90 
30 73 99 
0 65 93 
9 26 49 
3 16 90 
6 15 99 
55 79 99 
19 58 90 
6 68 99 
16 39 90 
50 71 99 
9 23 94 
0 15 20 
0 4 44 
0 18 40 
1 9 23 
0 2 15 
0 6 42 
0 15 79 
26 97 99 
9 25 98 
9 52 80 
83 93 99 
36 49 99 
0 64 69 
2 63 99 
62 97 99 
0 4 71 
44 79 90 
71 90 96 
8 74 90 
0 70 87 
9 69 75 
16 69 90 
0 61 93 
8 61 90 
9 39 55 
14 70 99 
19 57 99 
3 9 51 
0 5 76 
0 75 92 
0 6 52 
29 38 90 
8 78 99 
34 59 99 
26 90 95 
0 17 59 
0 1 66 
64 90 98 
0 79 81 
56 92 99 
73 90 95 
55 97 99 
9 78 91 
34 90 96 
9 26 70 
9 48 59 
0 67 97 
0 11 92 
0 26 50 
30 55 90 
52 92 99 
73 95 99 
37 89 99 
7 43 99 
0 10 84 
45 91 99 
49 55 99 
6 77 99 
0 63 95 
22 39 90 
0 87 96 
0 21 50 
7 32 99 
9 33 50 
9 34 95 
28 29 99 
0 85 94 
1 66 90 
1 88 90 
59 63 90 
55 91 99 
4 17 90 
9 11 95 
1 77 90 
9 13 94 
0 53 70 
79 83 99 
9 10 12 
26 29 99 
0 31 69 
31 59 90 
0 43 98 
20 76 90 
9 46 98 
0 3 18 
9 70 82 
9 34 91 
86 90 98 
0 56 95 
9 50 54 
0 5 62 
0 68 69 
0 8 38 
0 64 70 
0 28 89 
55 96 99 
0 71 79 
3 66 99 
9 77 94 
2 13 99 
4 14 99 
4 9 28 
20 21 90 
20 47 90 
87 91 99 
0 36 94 
43 49 99 
9 36 39 
32 49 90 
66 96 99 
0 84 89 
0 51 97 
4 9 45 
4 45 99 
5 9 14 
0 53 89 
0 5 73 
0 60 81 
0 25 89 
9 40 51 
6 62 99 
40 77 90 
29 54 99 
8 65 99 
0 6 35 
25 80 99 
2 9 14 
35 59 99 
0 10 52 
0 70 85 
0 1 23 
9 67 95 
17 30 99 
23 39 90 
29 71 99 
7 65 90 
9 13 20 
0 5 82 
82 90 96 
41 89 99 
9 30 55 
0 6 88 
0 6 13 
69 78 99 
3 31 90 
9 39 77 
0 43 49 
0 70 72 
0 15 69 
9 37 50 
3 81 90 
32 40 99 
0 78 98 
9 48 95 
17 50 99 
0 4 72 
73 79 99 
3 9 26 
9 50 78 
24 93 99 
1 9 65 
0 23 59 
0 38 70 
0 8 57 
9 17 29 
0 21 93 
6 85 90 
54 70 90 
0 42 69 
3 77 99 
22 90 97 
1 83 99 
4 46 90 
0 8 62 
0 6 15 
9 44 92 
0 10 71 
19 67 90 
9 39 47 
0 30 88 
0 8 83 
0 21 40 
0 81 94 
0 11 59 
9 38 69 
14 90 98 
9 80 84 
5 81 90 
40 54 99 
20 47 99 
69 74 99 
9 23 50 
9 54 93 
14 49 99 
46 90 94 
7 45 90 
0 70 81 
40 82 99 
33 50 99 
0 41 91 
9 18 92 
0 27 39 
0 19 87 
29 82 90 
29 78 99 
9 60 78 
0 48 70 
79 83 90 
0 86 92 
65 79 99 
17 79 90 
0 10 48 
27 80 90 
1 9 16 
0 43 96 
67 92 99 
27 29 99 
60 85 99 
29 32 90 
21 50 90 
9 52 97 
20 26 99 
0 29 35 
48 70 90 
9 20 77 
9 36 50 
0 29 82 
69 76 90 
1 72 90 
45 70 90 
9 67 69 
62 89 90 
10 82 99 
1 9 85 
9 31 92 
10 76 99 
49 82 99 
1 18 99 
51 90 92 
9 10 81 
0 31 49 
9 64 95 
0 14 92 
0 80 84 
7 38 90 
0 7 86 
9 43 60 
20 33 90 
23 97 99 
4 82 99 
0 19 32 
9 16 59 
0 30 71 
5 54 99 
11 59 99 
7 36 90 
0 4 52 
7 9 34 
4 16 99 
39 53 99 
9 10 22 
10 37 99 
9 48 80 
0 5 13 
76 90 92 
0 20 86 
0 5 41 
0 47 93 
20 37 99 
28 70 99 
9 74 92 
30 84 90 
29 72 99 
33 92 99 
57 90 96 
0 2 18 
64 79 90 
4 65 90 
0 56 92 
7 9 84 
43 90 91 
0 61 94 
0 46 96 
77 96 99 
34 91 99 
69 82 99 
0 10 15 
9 42 79 
0 15 92 
9 61 69 
0 7 47 
30 68 90 
15 94 99 
8 9 78 
46 50 90 
0 16 20 
0 30 52 
9 53 79 
0 59 77 
32 49 99 
14 69 90 
0 43 79 
5 63 99 
0 10 76 
9 72 93 
9 60 65 
9 50 68 
0 5 12 
0 46 69 
45 90 92 
9 52 96 
9 81 95 
68 90 96 
21 90 93 
0 69 77 
3 9 12 
0 45 95 
73 92 99 
2 23 90 
0 20 42 
24 89 90 
0 25 40 
0 29 51 
29 37 90 
8 9 68 
19 73 99 
30 42 99 
9 29 87 
20 31 90 
0 4 82 
7 74 90 
9 28 91 
9 24 98 
4 51 99 
0 37 50 
0 52 70 
32 40 90 
0 5 33 
0 45 89 
9 21 97 
0 67 98 
7 9 85 
0 20 36 
9 12 96 
0 74 89 
0 16 80 
0 63 98 
30 44 90 
2 9 83 
8 81 90 
65 92 99 
7 57 99 
9 28 98 
9 76 89 
9 58 96 
0 87 95 
0 50 51 
7 63 99 
42 93 99 
6 9 28 
20 64 90 
9 63 80 
10 74 99 
7 9 87 
0 14 91 
6 9 75 
74 79 90 
5 22 90 
9 29 74 
38 60 90 
0 32 49 
0 24 92 
0 16 94 
52 80 99 
9 43 70 
0 8 32 
0 33 79 
0 8 53 
6 9 67 
64 69 90 
26 98 99 
55 69 90 
41 90 93 
0 36 50 
9 39 83 
0 31 79 
14 40 99 
39 67 90 
0 4 53 
0 39 77 
5 86 99 
6 9 58 
51 59 99 
9 12 89 
3 9 43 
6 27 99 
9 24 29 
44 89 99 
34 92 99 
0 66 80 
51 69 99 
2 76 90 
9 40 55 
6 9 26 
62 69 99 
10 78 90 
9 16 39 
9 30 75 
0 10 66 
5 88 99 
17 60 90 
0 24 97 
49 81 90 
0 66 91 
0 13 80 
7 9 55 
42 90 91 
60 81 90 
40 43 99 
16 60 90 
9 14 79 
0 49 78 
88 90 95 
10 61 90 
0 3 57 
0 5 65 
0 59 74 
14 90 95 
0 29 48 
6 73 99 
34 90 98 
0 51 91 
22 69 90 
5 71 99 
76 89 99 
9 31 40 
25 90 97 
67 79 99 
0 7 51 
58 93 99 
26 49 90 
75 80 90 
12 90 97 
0 56 60 
0 48 96 
45 79 99 
25 30 90 
0 7 41 
9 11 98 
0 35 39 
33 49 90 
9 77 91 
2 28 99 
8 9 57 
0 39 71 
2 77 90 
0 29 68 
0 35 49 
0 36 95 
9 52 98 
75 98 99 
8 9 67 
0 14 59 
9 19 82 
9 39 61 
5 9 44 
9 50 85 
9 23 79 
9 19 41 
10 24 99 
1 16 99 
0 20 83 
8 83 90 
45 89 90 
0 29 76 
0 43 94 
0 64 91 
18 39 90 
6 42 90 
0 34 89 
50 76 99 
0 3 45 
26 79 99 
62 90 95 
9 20 45 
0 11 80 
38 80 90 
56 60 90 
16 30 99 
64 90 97 
2 11 99 
0 73 95 
15 70 90 
69 84 90 
9 19 31 
8 22 99 
37 90 94 
5 33 90 
19 56 90 
0 12 91 
6 9 88 
69 72 90 
4 9 12 
85 90 94 
8 37 90 
40 62 99 
9 29 38 
60 84 99 
0 40 43 
4 75 99 
0 33 70 
0 20 78 
34 69 90 
26 89 90 
9 31 49 
61 79 90 
1 81 99 
2 52 90 
46 69 90 
60 87 99 
39 63 90 
9 41 92 
6 73 90 
9 47 80 
49 54 99 
5 74 90 
3 36 99 
81 92 99 
9 17 97 
8 9 25 
9 24 95 
30 66 90 
0 36 40 
9 46 89 
6 9 21 
9 20 27 
9 77 79 
5 9 74 
6 56 90 
10 28 99 
1 9 56 
65 89 99 
60 78 99 
9 48 93 
9 69 87 
8 9 17 
9 30 33 
29 31 99 
41 92 99 
0 29 62 
54 79 99 
6 9 31 
9 18 19 
70 85 90 
1 73 90 
0 35 50 
46 50 99 
16 89 90 
5 9 47 
2 9 72 
0 43 89 
10 77 99 
0 21 80 
6 12 90 
0 13 91 
59 73 90 
65 90 91 
71 90 92 
5 18 99 
20 72 99 
7 83 99 
8 9 72 
36 39 90 
3 41 99 
40 62 90 
32 79 99 
29 33 90 
0 10 45 
9 51 92 
24 49 99 
79 84 99 
0 5 14 
0 49 57 
9 41 70 
53 60 90 
0 22 40 
62 90 96 
5 68 99 
0 42 95 
0 85 98 
22 80 90 
69 88 90 
3 67 99 
0 49 82 
4 44 99 
8 72 90 
6 84 90 
8 9 56 
0 4 61 
20 57 99 
5 21 90 
7 9 31 
4 9 57 
0 31 95 
87 93 99 
9 14 20 
29 83 90 
25 80 90 
39 63 99 
15 59 90 
3 44 99 
9 29 68 
8 9 47 
66 69 99 
39 73 90 
81 90 98 
66 80 99 
0 20 46 
9 66 91 
73 96 99 
0 4 77 
5 86 90 
0 40 47 
9 22 39 
9 37 69 
4 62 99 
9 23 30 
24 97 99 
76 91 99 
47 50 90 
29 81 90 
9 67 97 
0 34 96 
9 19 38 
2 32 99 
9 50 72 
33 90 98 
3 62 90 
30 56 99 
13 90 95 
9 57 59 
68 79 99 
9 56 89 
5 9 12 
1 9 34 
0 41 70 
9 30 43 
0 4 23 
14 97 99 
0 5 28 
9 21 92 
9 10 52 
0 20 84 
19 65 90 
2 28 90 
0 70 88 
0 50 64 
9 11 96 
19 53 99 
18 30 90 
9 29 35 
9 38 94 
75 93 99 
25 59 90 
1 45 99 
0 32 89 
4 32 90 
0 84 94 
60 64 90 
9 35 97 
3 85 99 
0 55 69 
34 70 99 
48 69 99 
50 55 99 
72 80 99 
0 72 94 
9 21 29 
0 28 95 
9 20 78 
7 54 99 
54 60 99 
9 48 98 
19 62 90 
0 36 60 
0 31 98 
0 29 46 
4 53 90 
9 86 94 
9 14 94 
79 82 90 
66 90 95 
37 50 90 
5 9 56 
0 20 71 
2 44 99 
8 9 65 
1 36 90 
10 41 90 
53 79 99 
3 9 61 
9 41 60 
0 77 95 
38 90 95 
19 51 99 
4 9 73 
23 59 99 
9 84 94 
0 7 15 
0 83 93 
4 61 90 
0 50 68 
0 60 78 
9 50 74 
17 40 90 
9 71 80 
0 8 85 
0 10 81 
25 93 99 
8 67 90 
9 70 86 
2 9 84 
4 14 90 
49 88 99 
0 27 29 
9 21 96 
8 18 99 
28 97 99 
0 8 66 
9 10 23 
84 93 99 
1 13 99 
1 38 90 
9 76 91 
36 79 99 
41 50 90 
0 7 46 
29 68 99 
37 79 90 
49 61 90 
0 10 55 
4 31 99 
9 54 95 
9 64 69 
27 79 90 
54 69 99 
9 46 96 
56 60 99 
0 2 33 
36 70 99 
41 70 99 
6 9 72 
1 9 57 
82 92 99 
42 98 99 
0 7 16 
0 25 60 
31 89 99 
15 90 93 
0 30 55 
9 27 30 
0 6 74 
20 46 90 
9 11 70 
54 60 90 
12 69 99 
19 33 90 
3 9 68 
11 29 99 
9 49 65 
71 90 98 
4 52 99 
84 90 94 
9 11 89 
23 98 99 
9 25 29 
76 97 99 
9 17 92 
39 75 99 
59 68 99 
3 14 90 
0 14 19 
65 79 90 
9 20 85 
85 90 98 
0 8 61 
5 23 99 
9 66 80 
9 61 96 
18 80 90 
0 10 24 
0 4 65 
0 55 92 
3 9 77 
9 38 49 
5 9 38 
0 30 43 
9 59 87 
9 39 81 
24 50 90 
6 64 99 
3 11 90 
0 30 68 
72 80 90 
0 75 91 
87 89 99 
9 23 92 
9 69 88 
7 9 46 
23 90 96 
42 50 90 
9 32 50 
14 80 99 
42 95 99 
0 48 94 
7 68 99 
6 67 90 
40 75 99 
0 45 69 
9 48 92 
6 9 14 
0 33 49 
17 97 99 
16 90 94 
22 93 99 
0 3 35 
30 43 99 
0 4 25 
20 81 99 
16 19 90 
9 43 98 
9 49 62 
3 9 36 
0 34 70 
69 77 99 
0 55 96 
9 44 98 
9 35 92 
0 2 66 
5 9 53 
9 35 60 
39 56 99 
0 18 49 
57 59 90 
0 27 89 
0 38 69 
50 73 99 
9 50 75 
13 29 99 
43 50 99 
0 2 86 
8 54 99 
1 63 99 
9 19 87 
59 61 90 
9 34 60 
12 90 91 
5 53 90 
22 49 99 
0 27 60 
46 69 99 
0 1 36 
35 90 97 
32 91 99 
0 86 89 
9 62 98 
0 10 17 
9 60 87 
0 35 79 
0 66 79 
0 57 80 
56 89 90 
71 92 99 
19 46 99 
3 76 99 
0 6 12 
58 89 99 
0 4 74 
50 54 99 
33 69 90 
9 48 79 
0 25 29 
0 19 24 
9 39 48 
0 13 40 
0 88 93 
20 58 90 
0 8 41 
0 43 80 
39 86 99 
70 78 99 
18 90 97 
2 37 99 
0 2 23 
65 70 99 
0 16 50 
9 23 89 
0 10 51 
0 20 75 
23 49 99 
25 90 94 
0 19 41 
9 52 94 
0 43 69 
7 78 90 
0 6 44 
17 90 93 
5 82 90 
33 60 90 
76 79 99 
9 34 89 
8 67 99 
9 37 95 
9 36 92 
0 49 81 
68 80 90 
40 82 90 
0 20 51 
12 90 92 
9 20 53 
65 94 99 
9 40 78 
0 14 89 
49 57 90 
9 30 72 
63 80 90 
9 55 69 
11 30 90 
3 45 90 
5 58 90 
70 82 90 
0 8 44 
9 23 40 
9 77 95 
1 9 61 
0 10 32 
18 90 96 
2 75 90 
44 90 95 
0 50 55 
0 58 96 
4 9 22 
82 90 98 
9 60 63 
9 84 91 
8 36 90 
9 20 21 
0 5 75 
0 60 83 
67 80 99 
9 25 39 
0 70 78 
46 97 99 
9 15 98 
10 21 99 
12 95 99 
0 67 95 
9 30 68 
26 69 99 
9 47 59 
0 76 92 
0 7 62 
3 9 56 
9 80 81 
0 35 70 
5 81 99 
0 49 84 
7 51 99 
53 98 99 
31 94 99 
9 19 53 
0 38 50 
0 23 95 
19 85 90 
0 20 63 
67 70 90 
6 9 56 
41 94 99 
22 95 99 
9 23 39 
9 34 97 
46 90 93 
44 97 99 
5 65 99 
0 37 49 
86 94 99 
9 34 79 
46 90 91 
41 96 99 
16 69 99 
40 55 99 
69 73 90 
22 29 99 
9 55 95 
0 13 96 
8 37 99 
42 90 95 
9 45 50 
30 45 90 
4 78 90 
10 37 90 
5 28 99 
66 70 90 
40 73 90 
0 29 61 
9 14 29 
0 7 52 
32 90 95 
29 38 99 
5 31 90 
19 23 90 
6 9 65 
29 52 90 
6 9 53 
9 14 91 
0 63 80 
0 21 70 
4 21 90 
9 49 64 
22 70 90 
9 21 70 
17 89 99 
0 10 53 
2 12 90 
9 30 54 
7 9 27 
9 50 77 
9 74 97 
29 87 99 
19 64 90 
7 56 90 
8 9 35 
0 42 49 
0 60 88 
9 10 33 
19 57 90 
71 89 90 
0 31 93 
19 47 99 
0 6 55 
9 19 28 
9 31 79 
45 69 99 
67 91 99 
0 8 36 
6 9 57 
23 92 99 
0 77 91 
9 71 92 
8 17 90 
0 49 63 
0 17 29 
32 90 97 
9 67 93 
9 35 39 
8 9 58 
0 57 95 
9 24 59 
0 3 63 
0 7 33 
9 19 26 
0 69 87 
9 45 80 
20 82 90 
0 39 45 
41 98 99 
0 23 80 
9 44 96 
8 9 66 
0 57 70 
18 50 99 
0 16 29 
9 53 94 
17 69 90 
0 67 93 
26 49 99 
0 20 32 
0 69 82 
24 70 90 
9 42 50 
80 86 99 
3 57 90 
83 89 99 
0 15 93 
10 13 99 
65 95 99 
13 89 99 
35 50 90 
28 29 90 
4 32 99 
0 11 29 
9 24 30 
60 65 90 
59 87 99 
74 98 99 
9 25 40 
30 38 90 
9 15 29 
0 2 73 
32 90 98 
6 85 99 
6 11 99 
42 89 90 
0 8 55 
0 61 96 
1 57 99 
87 90 97 
0 67 89 
0 36 80 
6 88 99 
11 20 99 
9 85 97 
30 52 99 
9 36 69 
0 55 94 
4 86 90 
9 72 98 
0 29 32 
0 8 21 
30 75 99 
57 70 99 
11 90 95 
0 47 49 
0 3 56 
0 30 33 
57 90 91 
45 60 90 
4 35 99 
2 9 32 
71 79 99 
13 20 90 
3 52 90 
20 28 90 
0 54 93 
0 4 76 
2 9 51 
9 20 74 
5 9 45 
69 87 99 
50 84 90 
9 48 50 
9 30 84 
75 91 99 
0 10 13 
9 19 47 
0 5 16 
5 9 64 
53 70 99 
77 94 99 
7 61 99 
0 39 73 
9 36 98 
9 88 95 
2 35 90 
0 49 86 
1 12 90 
0 26 89 
9 13 80 
4 64 99 
5 11 90 
9 50 61 
0 55 97 
9 71 94 
30 57 99 
0 11 98 
49 63 90 
26 59 99 
49 83 99 
41 59 90 
43 92 99 
48 97 99 
2 9 26 
6 72 90 
9 29 71 
8 36 99 
9 81 92 
6 14 99 
0 7 14 
5 62 90 
59 88 99 
0 34 93 
11 93 99 
7 52 90 
39 47 90 
83 96 99 
2 83 99 
0 28 97 
38 39 90 
43 90 94 
0 82 96 
72 90 93 
0 10 77 
0 61 89 
7 54 90 
0 16 60 
9 28 30 
29 73 90 
8 43 99 
4 9 32 
4 9 33 
3 33 99 
86 98 99 
0 73 80 
40 41 99 
9 44 97 
9 71 91 
58 69 90 
0 46 97 
58 90 91 
2 18 99 
12 50 90 
9 57 92 
0 32 79 
39 48 99 
4 72 99 
82 94 99 
0 44 49 
81 96 99 
30 33 99 
0 65 97 
31 40 90 
0 7 37 
49 56 99 
9 54 92 
19 54 99 
0 7 63 
19 81 90 
16 40 90 
19 51 90 
73 90 97 
0 17 80 
0 60 64 
14 29 99 
10 83 99 
9 54 96 
60 65 99 
3 17 90 
0 16 91 
0 4 26 
63 69 90 
5 87 99 
32 80 90 
21 90 92 
0 25 95 
9 73 97 
11 92 99 
9 73 96 
73 90 93 
39 85 90 
84 89 90 
9 22 79 
52 60 99 
0 34 97 
80 82 99 
40 81 99 
0 19 58 
9 62 96 
42 79 99 
2 9 67 
0 7 11 
77 90 97 
0 32 91 
83 91 99 
9 19 72 
4 9 36 
0 70 71 
0 8 23 
0 15 91 
51 90 97 
2 68 99 
7 9 26 
0 7 21 
9 10 57 
9 39 68 
7 9 18 
0 19 43 
2 9 77 
7 84 99 
6 9 17 
9 22 50 
24 39 90 
14 90 93 
9 26 40 
3 9 58 
2 36 99 
3 9 24 
76 80 90 
29 74 90 
9 10 24 
0 53 79 
10 12 90 
9 55 92 
57 93 99 
81 89 99 
8 58 99 
0 52 94 
8 14 99 
4 43 90 
62 94 99 
2 13 90 
0 2 76 
9 53 80 
6 45 99 
9 26 80 
2 9 57 
0 54 69 
21 96 99 
57 90 95 
18 94 99 
46 89 99 
9 54 80 
3 63 90 
49 65 90 
53 94 99 
15 80 99 
39 85 99 
55 94 99 
55 59 99 
9 51 79 
57 94 99 
1 36 99 
53 92 99 
33 80 90 
19 65 99 
47 97 99 
0 11 39 
9 70 87 
9 23 70 
7 45 99 
9 69 83 
49 78 90 
0 4 13 
30 63 90 
9 29 45 
9 56 80 
81 93 99 
2 78 90 
2 24 99 
29 82 99 
1 65 90 
0 62 79 
0 1 85 
0 5 86 
7 24 99 
59 84 99 
9 25 70 
0 58 60 
29 48 90 
44 89 90 
0 60 74 
9 18 50 
50 63 99 
0 31 39 
9 65 89 
8 78 90 
49 54 90 
1 9 63 
27 92 99 
31 59 99 
9 40 84 
0 68 79 
5 48 90 
3 9 37 
0 31 60 
0 45 94 
3 9 23 
0 10 12 
31 95 99 
9 36 97 
49 62 90 
54 70 99 
60 76 90 
0 66 95 
43 69 90 
30 71 90 
0 3 82 
44 91 99 
61 79 99 
0 48 89 
3 63 99 
4 28 99 
0 2 56 
0 40 68 
25 40 90 
9 15 19 
7 74 99 
47 90 95 
9 38 97 
9 44 91 
0 20 56 
23 80 99 
15 69 90 
9 13 19 
0 44 95 
9 39 78 
35 89 90 
0 8 87 
9 22 59 
9 13 30 
0 7 87 
0 50 56 
42 90 94 
5 9 77 
0 83 91 
9 20 86 
3 9 72 
70 84 90 
13 95 99 
33 59 90 
27 95 99 
0 50 78 
0 38 79 
2 9 13 
0 38 39 
0 36 98 
0 46 95 
41 90 97 
9 19 65 
0 1 81 
0 26 59 
9 20 56 
9 29 83 
56 90 98 
9 46 49 
7 9 82 
9 54 79 
22 94 99 
4 9 82 
0 24 40 
39 86 90 
4 9 48 
0 12 39 
24 30 99 
10 16 99 
23 69 90 
8 9 15 
3 9 55 
9 35 40 
0 15 60 
9 15 69 
0 19 47 
17 98 99 
5 9 21 
4 84 90 
13 70 90 
0 8 77 
0 2 51 
7 9 32 
9 23 29 
9 38 79 
10 36 90 
73 80 99 
3 78 99 
3 9 81 
33 70 99 
4 52 90 
25 30 99 
9 10 74 
0 12 89 
0 73 93 
29 76 99 
35 69 99 
3 23 90 
29 43 90 
9 78 97 
0 39 57 
9 16 97 
41 50 99 
23 90 98 
0 12 79 
44 80 90 
46 90 98 
78 90 97 
9 31 60 
9 84 96 
41 79 99 
9 81 93 
10 57 90 
3 25 90 
0 16 89 
0 4 22 
36 98 99 
1 9 64 
4 73 90 
24 90 94 
78 96 99 
55 90 91 
6 28 90 
5 16 99 
45 90 96 
46 93 99 
0 12 29 
9 74 98 
9 37 40 
0 25 49 
0 74 80 
65 90 95 
2 26 99 
19 27 90 
26 60 90 
9 60 76 
29 37 99 
4 33 90 
0 5 87 
68 92 99 
30 85 99 
5 26 90 
20 32 99 
0 6 63 
7 27 99 
45 69 90 
9 78 92 
9 20 47 
0 3 77 
0 32 92 
0 78 92 
0 73 92 
28 89 90 
9 72 97 
19 28 90 
0 8 15 
10 85 90 
7 9 36 
8 45 90 
9 87 93 
13 79 99 
9 26 89 
2 9 42 
3 25 99 
9 22 96 
4 23 99 
0 24 60 
6 9 66 
0 25 69 
0 14 50 
0 43 50 
60 88 90 
20 42 90 
15 49 90 
9 40 71 
0 11 97 
0 2 22 
2 9 12 
13 49 90 
54 90 96 
0 2 11 
3 12 90 
0 10 73 
4 9 26 
39 81 90 
55 79 90 
0 1 33 
9 21 50 
0 14 30 
36 92 99 
49 87 90 
9 64 70 
2 37 90 
9 21 69 
9 38 93 
30 86 90 
1 9 13 
1 54 99 
83 90 91 
40 55 90 
60 76 99 
9 83 91 
9 65 94 
8 9 54 
9 18 29 
20 46 99 
80 85 90 
56 97 99 
41 93 99 
9 18 60 
54 90 93 
9 70 76 
68 90 95 
4 9 42 
0 68 89 
42 49 99 
0 39 51 
0 19 38 
10 63 90 
9 63 98 
9 82 92 
9 27 98 
0 32 59 
9 31 91 
44 60 90 
9 64 89 
49 73 99 
9 72 79 
9 29 72 
66 91 99 
7 62 90 
8 9 76 
9 26 79 
31 96 99 
9 86 93 
9 40 76 
6 9 62 
78 97 99 
18 59 99 
9 20 51 
9 26 69 
2 66 99 
9 26 93 
0 14 70 
2 9 66 
4 37 99 
6 12 99 
4 83 99 
0 20 52 
9 31 98 
19 68 99 
17 96 99 
19 25 90 
0 22 39 
7 9 51 
38 79 90 
52 95 99 
8 16 90 
78 80 99 
0 5 72 
71 79 90 
7 16 99 
9 50 55 
84 90 91 
49 78 99 
43 96 99 
11 39 90 
15 90 96 
34 70 90 
56 91 99 
9 24 49 
2 46 90 
4 74 99 
0 33 50 
29 66 99 
9 56 92 
6 82 99 
9 42 93 
54 59 90 
1 75 90 
1 82 99 
20 32 90 
9 10 48 
9 10 26 
9 88 97 
40 84 90 
4 9 83 
0 58 93 
0 4 32 
0 30 58 
49 51 90 
45 80 90 
4 38 99 
6 9 86 
0 45 49 
24 59 99 
19 78 90 
20 57 90 
9 35 70 
59 75 99 
3 66 90 
0 18 80 
0 59 71 
9 47 94 
1 9 32 
9 47 92 
30 63 99 
9 68 94 
9 30 81 
9 35 91 
23 90 92 
0 23 40 
9 85 95 
0 68 93 
0 19 76 
6 36 90 
0 59 84 
9 67 89 
38 79 99 
8 9 75 
1 34 90 
9 55 98 
3 9 73 
37 39 99 
10 25 90 
38 97 99 
9 58 95 
8 73 99 
0 43 92 
0 84 91 
0 10 83 
9 78 96 
3 35 90 
0 78 91 
0 49 83 
75 80 99 
87 96 99 
0 17 97 
0 32 97 
3 82 99 
0 29 36 
0 88 96 
3 74 90 
4 63 99 
49 81 99 
59 64 90 
9 22 40 
0 29 37 
37 49 90 
32 90 96 
34 80 99 
9 78 89 
79 85 90 
0 46 49 
20 51 90 
50 66 90 
2 66 90 
9 65 96 
8 9 77 
45 92 99 
12 49 99 
3 9 76 
1 27 99 
0 7 54 
66 90 98 
0 36 70 
0 74 98 
10 12 99 
26 39 90 
7 71 99 
10 63 99 
9 42 92 
19 42 99 
4 47 90 
0 37 79 
44 50 90 
47 90 94 
1 55 99 
0 4 66 
9 79 87 
21 90 91 
4 12 99 
0 3 22 
20 77 99 
9 44 60 
9 16 98 
0 40 55 
54 90 91 
38 59 99 
1 46 90 
0 40 82 
5 27 99 
9 68 92 
15 95 99 
8 9 44 
10 73 99 
49 76 99 
5 57 99 
1 76 90 
20 56 99 
0 81 93 
9 49 55 
17 19 90 
42 70 99 
85 98 99 
65 93 99 
8 61 99 
48 90 98 
37 69 99 
9 64 96 
6 51 90 
0 53 91 
9 83 98 
7 41 90 
1 13 90 
0 18 96 
48 91 99 
10 88 90 
0 50 63 
75 89 90 
9 63 70 
0 4 14 
40 75 90 
87 89 90 
0 54 97 
77 90 98 
6 9 45 
11 69 90 
0 12 59 
6 22 90 
9 16 49 
0 73 96 
49 58 99 
0 21 39 
30 35 90 
0 4 11 
0 40 63 
9 85 98 
35 70 99 
4 9 16 
0 6 77 
0 5 51 
0 86 93 
59 81 99 
49 72 90 
0 26 79 
46 80 99 
12 89 90 
9 45 92 
0 42 50 
30 64 99 
24 60 90 
29 55 99 
9 57 69 
47 96 99 
71 80 90 
9 24 60 
3 12 99 
9 57 60 
9 10 58 
0 30 35 
7 78 99 
84 90 95 
60 83 90 
4 76 90 
10 81 90 
1 9 86 
7 38 99 
0 43 60 
0 4 63 
0 25 59 
6 63 90 
12 49 90 
0 69 78 
8 84 90 
9 40 54 
0 6 38 
0 82 92 
0 33 94 
0 74 97 
30 41 99 
5 46 90 
19 86 99 
0 32 69 
22 90 93 
9 37 39 
20 58 99 
50 78 99 
63 90 98 
27 89 99 
9 29 46 
2 48 99 
9 27 50 
10 48 90 
6 9 52 
0 16 93 
0 57 92 
83 89 90 
9 10 41 
0 5 23 
85 93 99 
0 26 69 
0 3 36 
6 9 43 
63 93 99 
20 44 99 
0 28 49 
6 9 12 
76 90 93 
16 60 99 
0 2 32 
9 13 69 
9 25 59 
0 70 82 
19 75 90 
0 76 89 
9 19 76 
23 60 99 
0 50 85 
8 28 90 
9 29 85 
9 47 96 
9 29 58 
16 92 99 
44 93 99 
9 46 60 
0 76 91 
64 94 99 
9 16 40 
3 9 57 
47 89 90 
9 55 70 
5 9 34 
0 10 35 
88 90 91 
9 70 84 
57 70 90 
10 66 99 
55 80 90 
0 1 63 
8 38 90 
9 17 89 
0 1 41 
83 90 98 
3 9 22 
42 97 99 
9 13 50 
40 84 99 
20 24 99 
9 50 65 
9 40 48 
0 28 80 
9 40 63 
9 14 95 
1 25 99 
62 89 99 
2 72 90 
11 59 90 
0 48 95 
5 45 90 
10 32 90 
22 59 99 
0 55 91 
47 90 96 
49 68 90 
0 1 64 
3 9 32 
9 43 92 
7 9 63 
0 8 16 
0 20 88 
32 90 94 
0 62 92 
47 93 99 
6 56 99 
6 9 74 
0 67 69 
70 81 90 
15 69 99 
0 34 39 
0 78 79 
14 20 99 
11 49 99 
81 89 90 
0 2 85 
5 34 90 
0 57 79 
29 73 99 
9 28 96 
0 10 57 
0 7 71 
2 67 90 
14 94 99 
0 63 69 
9 53 97 
50 75 99 
8 44 99 
9 40 57 
0 30 51 
5 43 99 
1 9 81 
0 10 62 
0 81 98 
50 83 90 
9 41 93 
7 36 99 
0 40 72 
0 23 79 
13 39 99 
9 56 69 
47 94 99 
67 97 99 
10 77 90 
30 74 90 
9 25 93 
20 82 99 
0 29 77 
0 3 78 
9 30 77 
27 70 99 
11 89 99 
1 86 99 
0 40 64 
0 22 49 
77 97 99 
9 16 69 
20 43 99 
0 4 16 
37 39 90 
2 9 86 
9 24 79 
9 19 58 
0 24 89 
0 18 39 
30 37 99 
0 16 95 
1 9 58 
8 88 99 
0 1 14 
2 25 99 
0 48 92 
0 56 94 
9 57 93 
1 63 90 
20 88 99 
0 61 69 
0 6 34 
0 77 89 
33 98 99 
0 10 42 
0 19 45 
6 35 90 
16 40 99 
63 95 99 
0 49 71 
23 90 93 
31 39 99 
0 65 80 
9 19 37 
17 49 99 
0 66 93 
0 69 75 
9 10 25 
9 23 97 
2 9 44 
9 69 84 
9 27 39 
39 82 90 
9 16 93 
16 19 99 
0 74 93 
7 63 90 
5 63 90 
2 34 90 
27 91 99 
0 3 38 
43 60 99 
33 97 99 
3 9 71 
0 23 97 
39 44 99 
9 76 92 
64 92 99 
0 70 73 
5 9 41 
74 90 91 
0 39 74 
0 30 42 
2 9 73 
85 95 99 
4 57 90 
9 40 64 
0 1 61 
0 83 89 
0 6 32 
8 86 90 
86 90 92 
20 38 99 
9 35 79 
44 70 99 
9 32 60 
82 93 99 
0 16 49 
9 50 51 
0 51 95 
0 49 64 
0 59 83 
20 42 99 
0 28 39 
82 97 99 
57 92 99 
1 23 90 
0 13 50 
67 70 99 
0 54 89 
0 61 91 
17 19 99 
4 9 84 
40 48 99 
10 68 90 
3 9 33 
0 3 16 
9 30 61 
85 91 99 
15 97 99 
0 29 66 
6 38 90 
85 90 91 
0 20 68 
0 13 29 
8 31 90 
5 9 18 
29 62 90 
0 19 73 
52 59 99 
9 59 84 
70 72 90 
39 44 90 
3 9 87 
4 9 63 
9 58 60 
4 66 90 
8 9 82 
9 20 84 
50 53 99 
57 90 97 
25 95 99 
0 22 80 
84 96 99 
21 60 99 
8 27 99 
9 68 98 
10 42 90 
5 9 55 
23 89 99 
17 94 99 
6 9 22 
9 20 31 
0 2 36 
0 29 42 
19 73 90 
0 60 67 
36 60 99 
0 20 34 
9 21 59 
2 63 90 
9 10 62 
60 86 99 
9 51 89 
16 96 99 
18 20 99 
20 84 99 
0 76 95 
9 30 32 
9 43 93 
0 78 80 
0 22 93 
0 23 70 
9 13 60 
19 35 90 
9 17 60 
0 81 89 
60 81 99 
0 38 80 
50 61 99 
0 71 91 
9 32 92 
29 56 99 
26 60 99 
6 27 90 
34 49 99 
58 60 90 
7 9 11 
2 22 90 
2 52 99 
0 38 91 
9 10 82 
19 33 99 
0 16 96 
28 90 98 
2 9 47 
0 22 94 
9 67 91 
9 25 97 
0 36 93 
0 70 76 
19 72 90 
8 48 99 
25 69 90 
26 89 99 
0 3 21 
0 32 40 
9 43 96 
9 42 91 
0 35 98 
9 52 79 
55 90 94 
31 70 99 
29 53 99 
13 90 97 
58 90 98 
9 16 70 
6 26 90 
9 59 63 
7 22 99 
9 39 71 
22 90 91 
72 92 99 
9 69 74 
0 60 87 
77 90 94 
0 42 94 
6 16 99 
8 73 90 
10 14 99 
9 41 80 
3 11 99 
3 31 99 
9 49 66 
0 2 46 
10 47 99 
36 90 95 
12 91 99 
9 19 25 
55 90 95 
59 75 90 
42 59 99 
0 19 35 
11 90 91 
19 25 99 
74 92 99 
0 41 96 
9 59 75 
5 9 68 
5 74 99 
9 38 89 
20 48 99 
0 2 38 
33 90 97 
9 52 92 
0 43 70 
9 59 68 
29 41 90 
9 30 71 
6 52 99 
1 52 90 
0 30 47 
0 70 75 
3 87 99 
9 14 30 
9 54 60 
51 90 95 
2 42 99 
64 97 99 
8 9 23 
0 40 57 
9 29 54 
9 47 97 
0 64 94 
69 83 90 
0 84 95 
23 90 91 
32 90 93 
0 16 69 
0 22 59 
9 35 94 
10 54 90 
0 29 73 
5 12 90 
9 82 89 
0 12 94 
29 51 90 
43 79 99 
0 47 95 
4 46 99 
9 19 71 
0 32 70 
9 81 91 
0 7 84 
9 22 92 
28 92 99 
0 8 51 
21 69 99 
0 22 91 
45 50 90 
0 29 86 
9 15 96 
0 44 96 
48 98 99 
0 25 96 
8 25 99 
1 75 99 
9 49 83 
9 86 97 
9 23 69 
31 90 92 
0 58 92 
61 70 90 
22 50 90 
0 1 72 
3 37 99 
0 58 98 
9 39 51 
59 66 99 
0 38 89 
66 97 99 
0 81 96 
11 95 99 
37 90 96 
0 3 85 
27 93 99 
30 36 90 
8 53 90 
9 47 93 
70 76 99 
0 1 38 
0 29 55 
0 72 95 
0 30 31 
8 33 99 
0 29 67 
10 13 90 
73 90 91 
9 23 95 
43 91 99 
23 90 95 
54 90 92 
75 90 94 
9 61 94 
4 18 99 
71 93 99 
9 12 79 
0 42 59 
30 73 90 
9 39 53 
16 80 90 
5 9 87 
0 67 79 
7 85 99 
3 72 99 
19 26 90 
0 32 80 
33 40 99 
0 29 38 
2 74 90 
0 4 43 
9 49 53 
7 9 42 
9 35 89 
2 35 99 
0 41 49 
47 69 90 
4 57 99 
0 50 52 
0 1 48 
0 6 47 
0 8 24 
30 62 90 
8 32 90 
0 2 13 
0 2 48 
0 1 31 
0 29 31 
9 19 24 
62 90 93 
5 38 90 
0 6 78 
2 16 90 
0 64 95 
8 9 36 
9 47 89 
0 7 25 
5 15 90 
2 45 90 
9 56 98 
3 82 90 
9 88 93 
8 9 16 
1 9 14 
0 52 80 
5 85 99 
48 90 96 
1 9 18 
2 21 90 
5 56 90 
0 19 28 
40 71 99 
29 47 99 
15 60 99 
21 40 90 
15 80 90 
9 55 97 
9 65 70 
4 58 90 
6 43 99 
9 34 40 
20 87 90 
0 40 67 
19 74 90 
1 48 90 
0 79 85 
50 71 90 
24 29 99 
0 36 39 
39 83 99 
22 90 96 
24 90 92 
9 74 94 
1 47 99 
1 9 87 
0 67 70 
3 53 99 
23 70 99 
9 41 95 
9 39 72 
41 49 90 
0 59 86 
24 30 90 
0 29 75 
6 9 11 
40 65 90 
32 69 90 
1 67 90 
63 69 99 
4 35 90 
40 45 99 
54 97 99 
9 49 86 
9 13 59 
39 42 90 
68 98 99 
0 47 89 
0 28 92 
9 55 79 
1 71 99 
0 39 65 
9 59 86 
1 9 52 
15 30 99 
0 2 87 
10 34 90 
0 4 15 
0 79 83 
0 46 92 
1 42 90 
0 28 40 
19 52 99 
18 91 99 
9 17 20 
2 9 43 
2 9 68 
29 76 90 
33 90 91 
59 82 90 
49 64 99 
3 9 28 
9 30 57 
9 62 69 
51 97 99 
0 5 35 
40 44 90 
40 47 90 
34 90 93 
3 46 99 
35 49 99 
9 34 70 
0 7 81 
9 11 20 
39 55 90 
0 69 85 
0 34 50 
5 51 90 
0 53 93 
9 19 56 
0 2 35 
11 69 99 
5 26 99 
0 7 65 
0 1 32 
19 87 99 
0 12 92 
7 9 71 
4 71 90 
23 30 90 
9 10 78 
8 9 27 
0 2 88 
0 62 91 
0 54 80 
43 79 90 
0 33 96 
48 70 99 
0 29 85 
70 76 90 
27 89 90 
77 91 99 
0 6 54 
40 42 90 
31 79 99 
30 81 99 
9 19 83 
0 29 33 
16 20 99 
9 29 32 
47 70 90 
0 5 26 
1 9 82 
9 47 69 
0 2 44 
0 6 17 
67 90 94 
62 92 99 
0 25 94 
1 52 99 
7 9 23 
0 20 65 
2 43 90 
9 69 85 
9 31 39 
9 20 55 
9 19 75 
9 79 85 
0 8 13 
17 90 92 
9 60 77 
3 48 99 
12 98 99 
19 88 99 
61 98 99 
0 20 43 
2 9 53 
72 79 99 
32 70 90 
37 92 99 
9 48 60 
0 22 92 
20 61 99 
1 9 36 
0 60 72 
9 34 59 
9 58 59 
2 9 54 
9 18 94 
2 36 90 
81 94 99 
27 39 99 
0 56 91 
32 50 90 
39 51 90 
78 79 90 
9 18 39 
0 5 61 
0 40 75 
52 93 99 
34 98 99 
8 57 90 
8 14 90 
4 25 99 
9 55 80 
0 84 98 
0 3 15 
26 92 99 
0 68 80 
9 71 96 
29 44 90 
42 90 98 
0 12 98 
84 90 92 
8 17 99 
0 19 54 
1 87 90 
0 49 61 
29 77 99 
9 30 35 
46 90 97 
0 5 84 
9 56 94 
0 42 70 
9 74 89 
23 39 99 
65 98 99 
0 53 96 
9 39 44 
0 83 96 
9 27 92 
12 30 90 
0 8 88 
10 28 90 
4 9 61 
9 20 28 
40 64 99 
29 71 90 
0 39 44 
9 32 91 
28 30 90 
0 34 95 
9 66 89 
0 20 67 
0 3 68 
0 40 44 
43 90 98 
15 30 90 
2 65 90 
9 50 62 
0 82 97 
9 63 69 
61 92 99 
9 10 67 
0 7 34 
9 81 89 
0 18 29 
12 20 90 
21 30 99 
0 1 25 
38 50 99 
7 82 90 
1 58 99 
0 40 46 
36 69 99 
0 62 93 
0 1 24 
0 2 45 
0 22 30 
30 84 99 
42 94 99 
0 44 70 
28 90 93 
65 90 96 
6 48 99 
2 27 99 
64 70 99 
0 3 37 
46 49 90 
0 21 91 
9 16 30 
3 21 99 
30 61 90 
20 53 99 
0 46 79 
0 3 58 
9 31 59 
30 85 90 
48 90 97 
64 91 99 
9 28 94 
40 56 90 
0 14 69 
0 85 93 
9 11 80 
9 36 49 
42 90 92 
37 93 99 
10 18 90 
78 92 99 
6 9 47 
52 60 90 
9 60 62 
5 9 84 
0 50 82 
7 9 67 
59 71 99 
0 39 56 
62 79 90 
0 21 60 
9 39 57 
20 55 99 
9 24 80 
7 35 90 
6 53 99 
0 54 95 
9 20 66 
0 67 80 
2 9 16 
9 44 93 
8 9 24 
31 80 99 
0 30 56 
31 69 99 
0 25 70 
77 90 93 
59 62 90 
4 54 99 
9 45 95 
2 9 15 
2 54 99 
9 10 68 
0 4 55 
7 23 99 
0 6 85 
8 34 90 
0 51 94 
0 13 69 
24 40 90 
59 78 90 
88 96 99 
0 35 92 
6 17 90 
9 14 92 
88 90 96 
30 88 90 
53 90 92 
14 50 99 
12 40 99 
16 90 91 
77 90 95 
17 95 99 
3 51 99 
9 79 86 
7 9 48 
9 39 88 
0 7 82 
0 7 23 
9 69 71 
60 85 90 
21 49 90 
2 46 99 
0 19 48 
79 81 90 
0 85 92 
52 90 92 
0 57 59 
9 60 74 
0 79 84 
69 74 90 
9 20 41 
4 9 58 
14 69 99 
16 59 90 
41 80 99 
0 1 62 
9 62 94 
6 9 76 
48 89 90 
9 59 71 
33 96 99 
9 10 27 
49 61 99 
3 9 62 
78 90 91 
4 9 34 
0 1 88 
1 65 99 
39 42 99 
1 9 67 
0 39 86 
8 85 90 
0 6 75 
8 9 41 
31 69 90 
2 85 99 
39 67 99 
70 87 99 
62 93 99 
0 39 64 
40 61 99 
84 95 99 
0 30 38 
0 8 86 
0 7 56 
1 55 90 
50 68 90 
36 97 99 
8 56 99 
66 90 93 
5 18 90 
0 14 39 
10 78 99 
17 92 99 
56 80 90 
9 14 59 
40 72 90 
10 38 99 
9 29 67 
16 91 99 
25 96 99 
19 28 99 
0 2 43 
46 60 99 
10 51 90 
82 89 90 
3 9 47 
60 67 99 
9 19 84 
52 69 90 
0 80 81 
9 31 96 
0 33 89 
78 93 99 
24 80 90 
54 98 99 
36 89 99 
0 43 95 
0 57 60 
27 90 97 
0 57 93 
53 90 98 
77 93 99 
0 21 95 
29 45 90 
8 9 51 
5 84 99 
50 72 99 
9 27 70 
7 9 22 
1 44 99 
60 62 90 
0 75 98 
9 33 91 
0 16 98 
9 38 50 
1 9 15 
10 64 90 
79 85 99 
0 19 77 
6 13 99 
43 80 90 
30 31 99 
70 74 90 
72 90 94 
4 9 35 
22 91 99 
88 89 90 
7 83 90 
9 76 94 
0 35 40 
2 58 90 
9 53 93 
29 87 90 
54 90 97 
0 39 66 
83 98 99 
48 90 95 
0 44 97 
0 26 40 
0 1 75 
3 81 99 
9 54 97 
0 30 87 
5 9 36 
0 47 59 
40 88 90 
9 18 95 
0 24 95 
2 9 62 
20 67 99 
0 20 26 
0 48 60 
3 17 99 
47 69 99 
3 9 85 
46 95 99 
0 12 97 
23 79 90 
40 85 90 
0 8 52 
0 68 70 
0 10 87 
3 56 90 
20 88 90 
7 55 99 
19 22 99 
0 55 93 
9 66 79 
7 86 90 
7 9 54 
0 8 75 
50 85 99 
9 70 73 
0 59 67 
5 9 15 
0 37 92 
18 20 90 
4 82 90 
8 75 99 
10 23 99 
9 26 95 
79 87 99 
0 63 91 
44 94 99 
10 56 99 
2 9 74 
37 79 99 
0 83 98 
8 9 64 
5 21 99 
0 15 30 
1 46 99 
16 79 90 
0 65 94 
4 83 90 
30 75 90 
2 12 99 
5 68 90 
12 97 99 
0 20 58 
0 30 74 
0 49 88 
80 87 90 
28 30 99 
7 34 99 
28 89 99 
7 9 43 
9 22 93 
9 57 91 
9 38 96 
24 90 93 
3 28 99 
0 20 31 
51 95 99 
0 18 91 
48 49 90 
0 27 50 
1 68 90 
39 43 90 
9 43 49 
0 76 80 
0 29 87 
6 9 37 
10 61 99 
9 18 20 
9 40 42 
78 94 99 
10 38 90 
0 10 46 
0 31 50 
9 22 97 
9 22 94 
7 9 57 
9 29 64 
56 59 90 
0 28 69 
0 14 95 
2 22 99 
0 4 38 
1 88 99 
42 90 96 
9 10 45 
12 80 99 
9 22 30 
57 60 90 
30 83 99 
0 37 39 
9 24 91 
33 79 99 
10 24 90 
25 97 99 
15 90 94 
57 90 93 
8 77 90 
7 64 99 
9 69 77 
8 83 99 
0 6 86 
1 9 41 
0 50 58 
0 12 80 
27 40 90 
9 32 49 
12 19 99 
13 39 90 
0 24 91 
82 90 94 
1 53 90 
9 10 36 
48 92 99 
0 68 97 
19 47 90 
4 47 99 
33 70 90 
73 80 90 
40 56 99 
7 9 78 
7 9 75 
30 76 99 
5 34 99 
86 89 90 
0 49 75 
0 10 37 
9 10 83 
9 64 97 
87 95 99 
0 19 51 
9 40 88 
36 59 90 
0 75 89 
31 98 99 
16 90 97 
56 94 99 
63 90 93 
32 50 99 
49 86 99 
63 90 91 
9 81 98 
2 55 90 
9 30 45 
0 20 53 
0 40 87 
9 29 36 
0 28 70 
0 34 91 
71 91 99 
4 33 99 
3 85 90 
8 41 99 
68 69 90 
9 31 89 
0 30 85 
0 4 62 
40 52 90 
9 19 48 
0 24 29 
29 65 99 
63 96 99 
17 40 99 
9 19 22 
0 7 45 
0 22 29 
0 4 37 
0 26 60 
58 90 95 
16 93 99 
0 37 89 
31 92 99 
6 23 90 
31 90 97 
9 40 83 
4 9 88 
62 90 94 
0 4 75 
9 19 33 
0 7 28 
59 77 99 
0 75 93 
0 63 89 
5 9 78 
30 76 90 
0 8 58 
16 90 92 
9 20 76 
69 75 90 
2 17 99 
7 84 90 
33 90 92 
49 85 90 
27 69 99 
0 67 94 
10 51 99 
48 60 90 
24 79 90 
9 19 55 
7 26 90 
86 91 99 
13 59 90 
3 51 90 
9 39 74 
0 29 81 
0 22 98 
25 79 99 
4 78 99 
8 26 90 
9 20 71 
0 1 34 
9 11 29 
61 90 91 
20 51 99 
0 15 40 
0 26 49 
8 47 90 
20 38 90 
4 61 99 
9 36 80 
0 41 79 
0 5 46 
9 56 95 
9 22 49 
0 38 49 
0 2 64 
0 8 45 
9 10 77 
0 19 44 
23 30 99 
1 56 90 
9 15 79 
50 86 99 
40 74 99 
0 25 98 
9 13 70 
9 51 94 
36 79 90 
0 4 35 
0 43 59 
0 37 93 
0 23 50 
32 98 99 
9 52 60 
8 71 90 
41 79 90 
0 5 83 
40 87 99 
30 47 99 
14 60 99 
14 89 90 
6 81 99 
9 41 96 
0 62 70 
72 90 96 
0 50 75 
25 69 99 
57 80 99 
6 75 99 
1 47 90 
29 52 99 
9 10 47 
1 23 99 
34 39 99 
60 67 90 
32 93 99 
20 71 99 
9 64 98 
9 17 93 
4 63 90 
0 75 97 
39 57 90 
51 89 90 
9 18 98 
18 49 90 
0 28 59 
9 35 93 
9 10 55 
25 90 96 
9 75 97 
0 38 94 
0 3 51 
0 7 78 
4 15 99 
0 5 63 
49 71 90 
85 97 99 
11 94 99 
0 10 21 
65 90 98 
76 90 98 
9 23 60 
53 97 99 
54 59 99 
0 4 45 
0 23 30 
9 47 79 
9 12 30 
0 18 94 
1 76 99 
0 2 17 
9 72 89 
70 77 90 
9 33 39 
47 90 97 
0 37 59 
4 9 56 
10 43 90 
19 37 99 
9 22 80 
3 55 99 
25 92 99 
11 89 90 
9 59 81 
61 90 97 
4 76 99 
28 70 90 
20 74 99 
63 90 97 
0 2 74 
0 4 84 
8 63 90 
22 49 90 
69 71 90 
6 52 90 
9 57 80 
0 3 24 
15 40 90 
39 53 90 
0 83 95 
0 37 70 
7 25 99 
70 83 99 
20 73 99 
25 50 90 
62 90 97 
4 9 65 
30 34 90 
67 89 99 
0 30 57 
29 77 90 
0 18 93 
10 67 99 
1 21 99 
9 57 98 
0 36 97 
9 65 91 
0 5 58 
76 93 99 
0 6 72 
23 94 99 
16 39 99 
6 9 44 
9 77 96 
85 89 99 
32 90 92 
9 87 91 
7 53 99 
39 88 90 
33 95 99 
9 48 91 
0 19 25 
0 10 61 
42 60 90 
0 11 89 
7 13 90 
9 15 94 
9 12 40 
59 64 99 
79 82 99 
63 97 99 
9 52 69 
9 30 52 
20 27 99 
0 19 23 
48 89 99 
9 74 79 
9 10 11 
29 48 99 
72 93 99 
13 20 99 
55 90 96 
9 38 39 
9 61 97 
63 70 90 
46 79 99 
64 89 99 
14 95 99 
32 60 99 
0 29 43 
25 79 90 
40 46 90 
19 32 90 
49 77 99 
36 40 99 
11 50 90 
9 34 49 
0 6 18 
0 86 97 
1 35 99 
9 77 97 
26 50 99 
71 89 99 
0 76 79 
0 37 69 
10 75 90 
9 58 93 
4 13 90 
29 57 99 
9 19 27 
0 69 81 
0 24 59 
0 27 49 
7 47 99 
36 90 93 
9 24 89 
0 19 42 
50 58 99 
47 49 99 
0 12 50 
68 90 98 
9 37 60 
83 90 92 
9 48 96 
51 60 90 
9 36 79 
81 90 93 
2 9 34 
5 36 99 
0 69 88 
19 83 99 
9 47 98 
81 95 99 
10 17 99 
30 67 90 
9 85 89 
4 85 99 
7 9 72 
9 10 87 
9 14 80 
19 48 99 
3 9 88 
0 87 91 
0 30 66 
0 8 22 
19 37 90 
43 70 90 
21 70 90 
0 7 83 
20 24 90 
0 7 22 
45 59 90 
9 40 65 
9 34 80 
9 14 49 
9 28 92 
9 64 94 
5 9 27 
5 66 90 
62 69 90 
9 13 49 
20 73 90 
9 56 96 
19 67 99 
9 15 20 
32 39 99 
72 94 99 
9 38 60 
50 72 90 
31 70 90 
59 63 99 
18 39 99 
9 44 49 
60 61 90 
7 9 77 
7 32 90 
0 33 80 
8 68 90 
64 90 95 
20 65 90 
0 20 22 
0 53 98 
86 90 93 
27 90 92 
0 69 84 
9 20 54 
0 29 83 
19 42 90 
19 86 90 
9 30 46 
40 76 99 
9 29 51 
23 40 90 
9 78 94 
0 39 55 
60 61 99 
9 22 60 
9 40 77 
3 14 99 
0 10 75 
61 90 92 
1 9 83 
0 5 11 
0 85 96 
37 69 90 
1 34 99 
34 89 90 
50 57 90 
19 71 99 
24 90 96 
7 41 99 
9 49 81 
24 80 99 
0 64 79 
43 90 97 
0 75 94 
47 49 90 
50 54 90 
0 4 57 
7 11 99 
9 66 96 
83 94 99 
0 1 82 
5 76 90 
7 12 99 
6 9 84 
46 80 90 
3 62 99 
21 39 90 
43 90 96 
1 9 42 
0 36 59 
0 7 35 
7 21 99 
9 49 74 
0 14 96 
58 79 99 
30 65 99 
9 61 92 
0 77 79 
5 61 90 
9 34 98 
24 90 91 
4 67 99 
3 45 99 
9 65 69 
1 42 99 
33 39 99 
0 5 47 
9 64 80 
33 93 99 
0 49 66 
0 66 97 
8 42 90 
29 85 99 
88 93 99 
16 90 96 
9 39 42 
5 9 62 
25 98 99 
69 86 90 
9 70 88 
0 4 47 
9 49 67 
65 97 99 
3 28 90 
28 90 95 
19 24 90 
8 9 22 
38 40 90 
40 85 99 
40 57 90 
66 80 90 
0 45 92 
40 72 99 
9 14 39 
2 61 90 
3 34 99 
0 6 31 
68 93 99 
85 90 97 
34 90 92 
9 29 31 
82 90 95 
9 60 66 
28 50 90 
35 80 90 
0 6 27 
51 80 99 
0 2 26 
0 53 92 
1 12 99 
75 90 96 
1 77 99 
9 42 70 
21 91 99 
9 11 69 
38 90 96 
0 77 98 
66 90 92 
3 9 15 
0 14 40 
6 65 90 
0 5 18 
50 82 90 
0 51 60 
8 9 26 
56 80 99 
9 58 89 
2 84 90 
0 27 92 
0 23 89 
6 82 90 
7 9 38 
19 88 90 
0 51 92 
18 90 95 
0 17 89 
0 13 30 
53 90 97 
10 75 99 
70 72 99 
75 97 99 
9 49 54 
18 30 99 
0 39 48 
9 36 91 
4 9 64 
6 61 99 
19 66 99 
41 90 92 
29 64 99 
9 21 89 
9 49 87 
7 9 88 
9 42 49 
8 33 90 
0 32 50 
33 90 95 
0 4 68 
55 90 93 
9 11 93 
2 9 17 
0 29 71 
21 29 90 
9 59 72 
0 25 39 
58 90 94 
55 59 90 
0 59 63 
9 19 43 
9 50 88 
64 90 93 
19 64 99 
9 30 76 
0 29 58 
0 19 53 
9 29 53 
0 8 42 
0 25 97 
4 9 27 
66 79 90 
9 68 70 
0 41 98 
9 33 92 
9 20 24 
49 88 90 
0 20 33 
0 35 94 
9 25 69 
6 53 90 
28 79 90 
71 90 94 
0 49 55 
78 90 92 
1 24 99 
0 2 54 
16 89 99 
29 47 90 
9 40 66 
3 67 90 
5 87 90 
2 9 76 
18 19 90 
0 45 96 
8 23 90 
0 5 66 
52 90 93 
0 53 95 
5 88 90 
10 73 90 
58 95 99 
8 52 90 
9 21 93 
2 24 90 
44 90 92 
0 19 21 
9 75 96 
7 48 90 
6 43 90 
9 68 89 
0 40 65 
10 54 99 
0 63 94 
4 9 37 
62 90 92 
39 54 90 
9 12 91 
8 9 12 
0 2 75 
9 10 65 
28 90 94 
5 58 99 
58 80 99 
2 17 90 
15 40 99 
0 15 95 
54 80 99 
0 62 80 
9 10 42 
31 39 90 
0 30 45 
17 90 91 
23 50 90 
0 3 72 
18 59 90 
4 9 13 
6 33 90 
41 59 99 
9 38 80 
26 50 90 
77 89 99 
15 39 99 
1 17 99 
9 29 76 
0 1 87 
9 32 40 
9 62 80 
0 20 62 
0 13 19 
0 3 13 
0 6 23 
9 48 89 
0 76 98 
9 65 80 
78 95 99 
47 79 90 
9 11 60 
24 96 99 
0 46 70 
15 49 99 
6 54 90 
5 16 90 
9 59 77 
44 69 99 
28 98 99 
0 23 93 
80 86 90 
38 94 99 
49 87 99 
67 89 90 
0 19 66 
70 75 90 
12 60 90 
9 82 97 
0 34 59 
9 41 89 
0 18 92 
0 56 80 
0 7 53 
0 57 94 
9 84 97 
14 98 99 
5 61 99 
39 55 99 
7 9 21 
37 90 92 
0 60 65 
20 68 99 
71 98 99 
7 88 99 
24 50 99 
67 94 99 
11 90 92 
3 78 90 
8 15 99 
0 53 59 
7 35 99 
8 72 99 
10 52 99 
74 80 99 
0 32 39 
4 9 52 
5 42 99 
2 27 90 
56 96 99 
0 26 92 
28 40 90 
50 85 90 
29 61 99 
0 66 96 
0 48 91 
5 66 99 
49 86 90 
17 90 94 
6 9 83 
39 84 99 
0 64 92 
49 74 90 
83 95 99 
47 59 99 
0 32 96 
22 39 99 
33 80 99 
19 53 90 
6 71 99 
7 67 99 
0 5 53 
9 17 30 
17 91 99 
53 89 99 
9 40 45 
9 10 63 
27 59 90 
49 51 99 
0 24 94 
0 20 72 
13 92 99 
77 90 91 
9 75 80 
10 46 90 
9 25 49 
0 4 67 
77 92 99 
20 26 90 
39 82 99 
0 65 70 
0 79 87 
2 9 36 
75 90 93 
0 5 24 
15 90 92 
0 3 48 
9 13 95 
60 84 90 
0 2 16 
48 59 99 
36 90 92 
2 9 28 
0 19 67 
59 74 99 
50 55 90 
12 50 99 
29 54 90 
7 9 56 
9 33 69 
10 71 90 
60 66 90 
5 82 99 
0 8 73 
31 60 90 
30 53 90 
9 20 62 
9 19 85 
9 11 19 
0 48 98 
9 53 70 
9 52 59 
30 58 90 
9 57 95 
13 89 90 
1 9 38 
0 69 72 
20 54 99 
9 55 96 
1 9 66 
0 1 71 
67 90 93 
16 90 95 
0 7 38 
0 50 67 
35 40 99 
40 87 90 
9 14 70 
0 21 49 
52 90 96 
9 53 69 
58 92 99 
9 76 97 
9 60 71 
9 12 93 
3 9 31 
26 40 90 
15 59 99 
0 63 79 
9 56 79 
0 45 50 
9 25 95 
9 17 59 
8 9 73 
0 6 43 
9 29 63 
1 9 35 
4 85 90 
59 76 99 
9 46 93 
37 59 99 
0 60 71 
9 13 91 
11 40 99 
8 52 99 
4 88 90 
86 93 99 
5 52 90 
0 12 93 
0 77 92 
0 17 95 
9 83 96 
9 29 62 
9 29 42 
50 68 99 
12 30 99 
7 43 90 
44 69 90 
0 16 30 
56 93 99 
5 13 90 
38 90 98 
76 96 99 
30 47 90 
9 22 70 
3 65 99 
8 45 99 
1 9 21 
20 36 99 
9 46 59 
9 29 34 
1 58 90 
3 24 90 
4 44 90 
9 86 91 
2 76 99 
36 91 99 
3 64 99 
8 9 11 
4 36 99 
6 47 99 
12 39 99 
30 88 99 
9 19 68 
41 90 98 
82 90 91 
31 79 90 
2 44 90 
7 72 90 
2 9 61 
27 29 90 
26 80 99 
9 49 52 
0 2 21 
4 68 99 
72 90 92 
0 12 60 
9 49 77 
13 69 90 
7 42 90 
5 47 99 
4 9 77 
2 51 99 
0 59 87 
0 10 18 
48 50 99 
36 50 99 
0 81 95 
7 85 90 
7 9 13 
9 39 58 
0 88 89 
80 83 99 
9 60 68 
0 3 64 
20 25 90 
80 81 90 
11 19 90 
33 39 90 
11 60 99 
64 79 99 
8 63 99 
9 72 92 
67 69 90 
9 44 80 
30 32 90 
35 95 99 
4 72 90 
0 32 95 
0 26 98 
2 87 99 
34 97 99 
10 58 90 
30 72 90 
0 3 11 
17 39 99 
9 14 96 
54 90 95 
9 29 47 
32 79 90 
0 6 65 
0 86 96 
0 3 62 
2 9 75 
64 80 90 
8 21 90 
3 9 54 
69 84 99 
37 97 99 
0 19 68 
50 65 90 
8 9 86 
6 57 99 
9 58 94 
67 79 90 
0 87 97 
6 9 51 
14 30 99 
15 29 90 
9 53 89 
82 90 92 
58 91 99 
5 73 99 
77 98 99 
34 40 90 
20 23 99 
11 19 99 
5 37 90 
48 79 99 
6 9 54 
26 40 99 
48 90 91 
29 35 90 
59 67 99 
4 31 90 
1 43 99 
63 79 90 
0 40 62 
0 26 93 
35 90 98 
4 38 90 
0 49 76 
40 57 99 
0 10 23 
22 60 99 
9 30 67 
1 31 99 
19 77 99 
7 48 99 
0 39 54 
77 80 99 
9 19 78 
9 25 79 
0 85 91 
0 40 66 
32 97 99 
0 52 59 
0 48 59 
0 30 37 
29 53 90 
29 74 99 
30 54 90 
9 35 50 
9 30 56 
2 48 90 
0 62 97 
0 85 89 
0 73 98 
9 69 81 
2 71 99 
21 90 96 
54 90 94 
0 22 97 
11 90 98 
0 6 45 
36 95 99 
10 55 99 
0 72 80 
80 85 99 
37 60 90 
5 9 28 
9 16 20 
0 71 96 
3 37 90 
0 30 83 
9 16 80 
0 42 97 
9 33 70 
77 79 90 
15 92 99 
53 90 91 
9 36 94 
13 90 93 
0 3 12 
0 60 73 
0 1 37 
60 75 90 
3 46 90 
73 90 96 
2 34 99 
2 58 99 
14 79 99 
9 58 92 
19 21 90 
9 42 59 
9 28 69 
6 9 46 
60 78 90 
2 9 24 
0 41 50 
0 10 82 
30 86 99 
28 60 99 
2 9 78 
9 68 96 
1 14 90 
20 86 90 
1 9 24 
43 90 95 
21 29 99 
3 9 17 
45 50 99 
57 90 92 
4 23 90 
3 13 99 
20 52 90 
9 59 64 
9 10 38 
0 33 95 
5 56 99 
24 90 97 
9 26 96 
20 64 99 
29 36 99 
9 23 91 
9 85 91 
75 90 92 
0 8 48 
19 52 90 
2 86 90 
13 90 91 
24 49 90 
9 43 94 
0 20 82 
9 27 94 
0 19 63 
29 83 99 
1 9 44 
0 56 69 
56 90 95 
0 21 59 
32 89 90 
0 47 69 
0 20 41 
0 27 79 
40 73 99 
9 30 85 
0 1 65 
40 88 99 
13 19 90 
34 94 99 
0 71 93 
8 71 99 
35 96 99 
42 80 99 
3 9 84 
1 27 90 
0 11 40 
0 34 98 
9 40 47 
0 14 60 
0 88 98 
20 33 99 
9 77 93 
0 38 95 
70 77 99 
9 29 82 
0 7 44 
0 51 96 
7 44 99 
0 1 84 
9 49 82 
9 44 70 
23 91 99 
4 9 68 
7 37 99 
0 39 84 
0 70 77 
0 4 54 
4 9 38 
9 10 18 
2 64 99 
9 87 95 
9 37 93 
9 20 37 
43 49 90 
9 31 70 
0 18 59 
19 58 99 
51 79 99 
9 40 56 
0 59 72 
52 94 99 
9 76 98 
9 28 60 
9 25 91 
39 77 90 
63 90 95 
0 14 29 
9 79 88 
56 89 99 
31 80 90 
9 27 89 
6 9 27 
0 10 74 
8 9 32 
57 91 99 
1 51 99 
37 94 99 
49 72 99 
9 81 94 
1 9 26 
38 49 90 
50 84 99 
9 15 60 
0 7 17 
20 63 90 
0 70 74 
8 87 99 
9 12 97 
12 69 90 
59 85 90 
9 23 49 
16 29 90 
19 41 90 
63 94 99 
8 77 99 
17 29 90 
9 32 79 
0 30 75 
65 90 97 
0 21 98 
9 22 91 
0 52 91 
9 18 89 
5 41 99 
1 9 45 
0 45 80 
4 9 85 
73 79 90 
1 44 90 
45 90 94 
52 70 90 
18 29 99 
3 9 75 
5 75 99 
24 69 99 
9 83 95 
10 58 99 
61 93 99 
4 16 90 
70 85 99 
61 90 94 
0 12 49 
31 60 99 
16 90 98 
1 72 99 
6 11 90 
1 9 37 
9 74 91 
9 22 98 
0 51 98 
87 90 94 
0 28 93 
27 90 96 
46 90 95 
33 79 90 
0 26 97 
0 26 96 
9 66 92 
88 95 99 
4 53 99 
3 9 16 
8 54 90 
0 79 88 
23 40 99 
0 35 91 
1 9 17 
0 40 52 
9 82 96 
0 8 28 
46 59 90 
20 36 90 
0 31 40 
22 69 99 
48 90 94 
28 40 99 
0 63 96 
51 93 99 
0 46 93 
0 7 67 
0 1 13 
9 63 93 
9 51 95 
70 73 99 
6 32 90 
9 43 50 
2 65 99 
0 34 49 
9 50 82 
9 10 16 
9 64 93 
6 18 90 
9 87 94 
15 91 99 
9 82 94 
38 96 99 
86 97 99 
10 45 99 
50 86 90 
59 65 99 
45 98 99 
58 60 99 
9 37 70 
0 59 81 
41 91 99 
0 55 70 
0 2 63 
20 41 90 
0 28 79 
14 50 90 
0 43 93 
64 90 92 
2 41 99 
0 80 87 
0 8 37 
30 78 90 
9 15 59 
57 79 90 
39 61 90 
9 10 66 
0 20 45 
28 79 99 
27 90 98 
43 90 93 
9 39 54 
9 24 93 
9 73 79 
9 52 93 
50 61 90 
33 50 90 
74 94 99 
12 40 90 
0 28 60 
30 66 99 
60 86 90 
4 9 78 
36 80 90 
0 2 27 
0 30 63 
17 49 90 
9 33 98 
0 13 94 
9 41 98 
49 83 90 
0 88 91 
4 56 90 
9 32 96 
9 14 40 
9 60 84 
7 11 90 
9 16 91 
2 9 41 
0 72 93 
12 96 99 
9 78 79 
32 96 99 
9 25 60 
0 72 96 
19 34 99 
56 70 99 
68 69 99 
0 52 69 
26 96 99 
5 64 99 
24 60 99 
0 27 91 
60 71 99 
9 20 65 
61 90 93 
0 3 53 
30 44 99 
30 65 90 
26 70 99 
0 5 38 
0 4 27 
18 60 90 
27 98 99 
9 39 62 
5 9 46 
53 69 99 
13 93 99 
9 16 19 
72 90 98 
0 3 33 
3 71 99 
0 8 84 
0 41 95 
0 8 71 
9 12 95 
61 90 98 
33 91 99 
9 42 89 
59 72 99 
9 28 49 
0 19 72 
9 24 94 
9 31 69 
15 50 99 
70 71 99 
9 27 93 
40 45 90 
86 89 99 
0 20 57 
10 22 99 
7 33 99 
88 97 99 
20 54 90 
27 69 90 
9 74 96 
9 18 49 
9 15 89 
0 14 79 
0 24 93 
9 14 19 
4 9 15 
0 50 61 
9 11 30 
54 69 90 
0 13 79 
29 62 99 
39 65 90 
6 23 99 
7 68 90 
37 98 99 
63 70 99 
0 40 42 
9 25 50 
42 49 90 
15 60 90 
9 17 50 
58 80 90 
84 97 99 
0 20 23 
0 4 46 
0 42 79 
76 80 99 
1 26 99 
9 22 29 
43 89 99 
86 95 99 
0 23 49 
0 62 89 
0 10 58 
6 9 15 
40 51 90 
9 25 30 
75 90 97 
24 90 95 
0 60 86 
9 23 80 
40 71 90 
0 19 78 
9 43 80 
11 91 99 
69 78 90 
0 47 60 
4 42 90 
20 55 90 
5 35 99 
0 60 68 
26 90 96 
0 27 95 
0 50 84 
6 74 90 
0 10 16 
2 64 90 
78 89 90 
9 67 80 
0 57 96 
9 60 85 
5 9 86 
5 9 57 
28 69 90 
9 74 95 
0 27 69 
0 60 85 
55 89 90 
9 46 97 
4 34 90 
0 49 65 
78 91 99 
0 19 62 
3 58 99 
6 9 38 
59 78 99 
5 9 61 
26 90 97 
7 34 90 
0 4 87 
0 26 39 
9 29 77 
19 45 99 
2 9 58 
4 9 76 
0 43 97 
9 45 98 
4 77 99 
3 38 99 
3 9 82 
61 90 95 
39 57 99 
0 23 29 
0 18 95 
6 55 90 
18 92 99 
0 13 95 
1 28 90 
0 20 24 
2 15 90 
9 60 75 
0 45 98 
1 9 47 
0 39 42 
0 5 25 
0 17 92 
22 29 90 
66 94 99 
9 21 95 
0 29 78 
3 61 99 
9 19 34 
9 62 97 
0 12 96 
9 29 57 
3 88 90 
40 63 99 
61 89 99 
56 95 99 
0 8 43 
9 80 82 
3 84 90 
9 37 49 
51 92 99 
0 55 95 
6 84 99 
10 26 99 
30 46 99 
0 49 53 
63 89 90 
0 27 80 
9 58 80 
0 29 63 
4 67 90 
47 89 99 
6 34 99 
1 78 90 
0 21 89 
2 9 64 
50 75 90 
9 87 89 
0 28 96 
83 92 99 
9 30 42 
43 50 90 
61 89 90 
9 10 14 
5 15 99 
9 59 82 
9 83 92 
6 65 99 
0 14 20 
0 1 18 
9 46 69 
1 9 77 
20 76 99 
27 40 99 
0 10 43 
26 90 93 
3 47 90 
0 59 66 
6 9 48 
9 29 66 
0 1 54 
9 20 58 
20 78 99 
9 86 89 
6 36 99 
0 5 88 
2 14 90 
0 3 52 
83 90 96 
9 50 87 
3 26 99 
9 47 49 
9 73 80 
78 79 99 
9 53 60 
0 22 89 
10 67 90 
9 83 93 
52 90 98 
16 70 99 
67 90 95 
0 3 47 
0 40 81 
37 70 90 
32 69 99 
58 90 96 
29 61 90 
0 10 33 
9 61 98 
13 94 99 
8 24 90 
0 8 14 
50 52 99 
52 98 99 
0 73 79 
7 58 90 
0 23 60 
6 9 77 
0 87 93 
3 76 90 
12 39 90 
1 9 11 
19 38 99 
0 15 49 
6 28 99 
70 84 99 
0 18 50 
49 75 90 
8 64 99 
85 92 99 
49 74 99 
44 49 90 
9 40 74 
79 86 99 
9 49 73 
0 10 34 
9 25 89 
0 54 98 
1 9 53 
9 37 98 
9 45 60 
3 9 13 
8 35 90 
59 73 99 
0 39 75 
7 15 90 
28 90 91 
0 59 75 
38 90 97 
74 90 96 
0 44 93 
0 50 62 
28 90 92 
17 90 95 
5 35 90 
84 92 99 
9 42 94 
0 31 97 
0 8 33 
10 86 90 
1 16 90 
35 69 90 
19 82 99 
5 9 66 
53 69 90 
9 33 59 
0 19 56 
30 67 99 
10 27 90 
18 90 91 
3 22 90 
0 3 46 
50 64 90 
7 14 90 
0 78 96 
9 65 98 
58 79 90 
41 97 99 
9 49 72 
19 76 90 
0 77 97 
0 66 69 
1 32 90 
1 68 99 
0 35 93 
9 19 51 
7 17 90 
9 15 39 
0 5 52 
20 72 90 
5 9 43 
34 93 99 
5 14 90 
47 60 90 
9 67 70 
31 93 99 
0 71 92 
2 9 18 
13 90 94 
9 39 63 
0 38 98 
9 28 29 
22 97 99 
0 79 82 
81 90 97 
0 3 61 
0 50 65 
9 59 67 
0 45 59 
73 94 99 
25 70 90 
5 55 99 
0 39 43 
9 49 71 
0 20 38 
47 92 99 
0 14 80 
9 20 22 
9 29 78 
8 9 88 
0 8 65 
0 78 94 
0 3 66 
0 19 75 
68 80 99 
39 72 99 
41 60 90 
19 21 99 
9 32 70 
9 86 95 
9 84 93 
39 41 90 
3 27 90 
49 66 99 
0 33 92 
9 19 36 
0 34 94 
0 50 53 
86 90 97 
56 79 90 
71 95 99 
6 58 99 
0 3 73 
0 6 83 
18 80 99 
5 9 75 
11 39 99 
82 95 99 
0 17 40 
23 50 99 
59 86 99 
0 5 74 
0 19 74 
0 62 69 
38 93 99 
60 88 99 
3 9 83 
9 15 93 
26 30 99 
9 38 92 
32 95 99 
0 50 76 
9 24 70 
0 54 94 
0 40 84 
0 3 44 
6 9 64 
9 46 70 
2 31 90 
60 74 90 
2 9 22 
23 90 97 
9 75 98 
1 87 99 
76 79 90 
0 82 98 
56 70 90 
76 90 96 
60 66 99 
0 19 52 
0 37 91 
4 22 99 
57 69 90 
9 55 93 
7 9 45 
80 82 90 
33 94 99 
1 24 90 
0 3 25 
0 84 96 
0 20 48 
43 94 99 
9 66 97 
0 22 70 
15 79 99 
38 69 90 
53 80 99 
9 39 64 
11 97 99 
56 59 99 
0 19 84 
0 8 11 
10 23 90 
88 91 99 
0 13 70 
83 90 97 
0 30 54 
12 29 90 
19 56 99 
9 53 91 
70 71 90 
9 62 79 
53 90 95 
68 90 97 
9 12 60 
5 17 99 
49 58 90 
31 40 99 
55 80 99 
61 70 99 
9 58 98 
25 90 98 
0 40 71 
44 90 98 
0 31 94 
4 48 90 
9 77 89 
51 91 99 
0 74 92 
9 21 49 
2 84 99 
9 51 93 
5 9 51 
0 52 98 
0 52 97 
33 40 90 
0 10 56 
9 79 82 
9 69 72 
3 43 99 
0 4 18 
1 57 90 
50 74 90 
9 38 91 
7 9 76 
31 90 95 
0 19 82 
0 18 69 
9 29 44 
0 29 53 
28 39 99 
0 18 89 
5 25 99 
25 91 99 
63 92 99 
50 83 99 
