9 52 65 
78 87 99 
0 12 48 
0 42 77 
0 11 46 
0 48 77 
27 42 99 
0 28 63 
34 48 90 
26 51 99 
36 66 90 
9 53 67 
24 63 99 
0 24 56 
17 21 90 
9 31 71 
42 76 99 
0 71 88 
0 28 56 
37 66 90 
9 33 56 
0 11 36 
0 42 74 
43 44 90 
9 31 78 
0 36 68 
33 71 99 
0 14 88 
0 26 64 
9 13 23 
0 11 47 
0 65 68 
9 24 86 
21 74 90 
66 88 99 
22 25 90 
45 81 90 
0 64 84 
33 44 99 
9 36 44 
0 78 84 
9 42 44 
0 38 78 
9 38 87 
0 66 72 
0 52 76 
12 18 99 
9 44 57 
9 24 33 
28 38 99 
62 73 90 
0 15 71 
25 56 90 
9 16 34 
0 15 17 
0 22 52 
72 75 90 
9 11 71 
0 58 85 
9 42 58 
0 15 83 
46 63 90 
9 47 56 
34 65 99 
0 63 85 
54 67 99 
45 72 90 
9 36 57 
68 74 99 
25 58 99 
9 45 77 
14 71 90 
9 32 33 
15 41 90 
57 68 90 
0 42 71 
0 63 81 
9 25 43 
53 57 99 
35 57 90 
41 42 90 
37 81 99 
0 28 45 
51 58 90 
0 22 27 
13 25 99 
0 61 71 
36 47 99 
62 88 99 
18 37 90 
9 51 68 
0 36 51 
0 56 84 
48 58 99 
0 33 66 
9 11 74 
77 88 90 
63 83 90 
9 13 71 
0 23 45 
0 16 72 
51 87 90 
51 73 90 
75 86 99 
47 53 99 
0 63 84 
9 12 62 
52 71 99 
9 15 33 
16 35 90 
84 87 99 
9 62 64 
61 67 99 
13 85 90 
9 24 35 
28 71 90 
9 67 85 
0 13 81 
43 54 90 
9 32 52 
33 74 90 
15 22 90 
28 88 90 
0 68 78 
25 45 99 
0 38 88 
0 31 38 
23 85 99 
55 65 99 
44 88 90 
55 68 99 
0 11 33 
9 38 46 
9 18 52 
17 84 99 
9 78 84 
0 33 48 
0 58 75 
0 37 88 
9 16 54 
9 26 48 
0 43 57 
9 16 52 
9 18 76 
25 55 99 
9 13 75 
9 13 54 
9 25 26 
23 41 90 
9 18 36 
0 23 63 
13 28 99 
14 34 99 
67 84 90 
61 72 99 
35 52 90 
9 48 55 
0 66 82 
63 84 99 
0 63 77 
17 75 99 
9 22 44 
56 67 90 
0 55 83 
0 38 75 
0 11 28 
17 57 90 
12 43 99 
21 42 99 
27 82 99 
82 84 90 
11 43 90 
9 63 68 
26 42 99 
32 62 90 
33 86 99 
9 34 56 
9 15 34 
17 63 99 
9 53 75 
9 31 65 
9 54 78 
16 42 90 
13 23 99 
73 74 90 
0 14 65 
11 58 90 
17 77 99 
9 55 58 
0 12 88 
11 68 90 
13 53 99 
0 55 85 
0 86 87 
11 53 90 
0 28 34 
42 63 90 
46 68 99 
18 65 90 
9 12 56 
0 34 45 
9 24 65 
0 15 67 
15 23 99 
9 35 44 
0 17 24 
0 42 57 
17 25 99 
28 67 90 
9 33 43 
0 27 48 
44 66 90 
9 27 73 
0 15 43 
9 26 73 
9 44 76 
15 36 99 
9 31 36 
43 63 99 
16 46 90 
31 75 99 
0 54 58 
12 55 99 
34 75 90 
9 31 82 
11 54 90 
71 72 90 
15 18 99 
9 26 33 
35 45 99 
14 15 90 
0 18 22 
9 15 22 
0 55 87 
0 35 38 
14 41 90 
25 71 99 
56 86 90 
35 81 99 
0 35 68 
9 41 58 
36 81 90 
0 11 71 
0 24 32 
0 12 75 
9 45 86 
0 23 32 
33 36 99 
0 43 77 
15 32 90 
46 57 90 
27 81 90 
83 85 90 
0 18 35 
27 31 90 
0 47 82 
43 56 99 
0 74 83 
34 47 90 
33 71 90 
9 47 73 
15 48 90 
52 87 90 
9 84 88 
0 38 73 
0 62 75 
9 58 64 
0 43 61 
43 58 99 
68 86 99 
15 58 90 
0 63 87 
0 35 88 
76 77 90 
62 76 90 
9 11 32 
9 14 61 
0 71 75 
47 67 90 
9 41 88 
9 12 44 
0 45 85 
17 48 99 
9 34 48 
12 28 99 
14 88 99 
51 68 90 
55 57 99 
72 73 99 
35 72 99 
33 47 90 
45 68 99 
9 27 81 
72 85 90 
42 56 90 
41 56 90 
0 58 64 
0 46 56 
0 13 42 
9 45 73 
9 28 73 
55 88 99 
43 72 99 
9 14 52 
9 35 77 
32 83 90 
65 66 99 
0 32 74 
9 31 87 
9 17 61 
0 41 52 
9 42 56 
55 72 99 
36 42 90 
9 15 77 
57 85 90 
0 13 71 
77 85 90 
42 75 90 
9 33 77 
0 65 86 
16 58 90 
0 11 81 
0 14 33 
33 56 90 
16 44 99 
9 52 68 
0 26 46 
32 45 99 
66 74 90 
31 66 90 
9 21 33 
9 24 41 
56 72 99 
54 55 99 
51 55 99 
0 23 25 
31 46 90 
16 86 99 
9 21 31 
0 48 67 
9 55 77 
0 61 74 
9 51 62 
0 75 87 
64 83 99 
38 66 90 
0 21 28 
26 63 90 
9 15 31 
11 46 90 
9 14 56 
0 81 86 
13 57 99 
9 16 38 
9 66 83 
47 62 90 
0 24 52 
9 35 78 
9 27 85 
12 58 90 
0 51 61 
0 76 87 
9 14 57 
0 56 83 
16 63 90 
43 78 90 
25 32 99 
9 53 83 
9 25 87 
63 84 90 
0 16 51 
25 76 99 
43 53 99 
9 72 85 
9 23 61 
0 45 76 
9 26 27 
0 24 43 
32 87 99 
27 75 99 
65 68 90 
0 24 27 
36 56 90 
0 28 65 
9 77 86 
9 41 48 
61 71 90 
0 12 43 
0 54 56 
9 11 45 
22 31 90 
38 76 90 
16 33 99 
46 84 99 
81 82 99 
21 34 99 
48 54 99 
23 66 90 
0 26 62 
0 16 54 
31 37 90 
58 84 90 
9 28 58 
0 26 27 
27 86 99 
0 16 36 
0 21 88 
11 74 90 
44 84 90 
9 27 82 
0 31 84 
24 36 99 
9 38 52 
9 27 28 
0 17 26 
9 28 65 
16 27 90 
31 38 99 
13 15 90 
9 36 84 
9 26 81 
74 88 99 
74 85 90 
0 57 75 
0 72 75 
0 16 57 
57 74 90 
23 41 99 
9 24 77 
32 58 99 
72 75 99 
9 25 44 
31 34 99 
9 51 77 
15 45 90 
38 85 99 
27 47 90 
9 24 54 
0 75 77 
26 67 90 
9 11 65 
0 27 68 
11 83 99 
22 51 99 
32 61 99 
0 13 58 
76 82 99 
35 36 90 
9 28 81 
12 62 90 
9 13 41 
9 16 48 
47 83 90 
43 65 99 
9 25 36 
71 75 99 
0 64 81 
9 27 86 
0 21 63 
25 73 90 
45 83 99 
9 25 28 
0 33 54 
0 31 41 
9 18 42 
46 51 90 
15 46 99 
0 32 73 
55 67 99 
32 88 90 
23 88 90 
24 28 90 
14 16 99 
0 26 67 
55 77 90 
32 72 90 
16 61 90 
9 54 66 
63 68 90 
9 42 76 
22 86 99 
45 56 90 
0 42 76 
25 74 90 
9 36 37 
14 64 90 
9 21 76 
9 31 37 
9 25 66 
9 32 48 
0 27 84 
9 27 61 
9 23 33 
9 13 67 
9 72 83 
0 41 87 
0 55 63 
9 35 83 
0 26 63 
14 76 99 
9 32 77 
9 47 87 
9 25 67 
9 52 81 
9 31 85 
0 25 44 
33 53 90 
9 32 86 
0 21 83 
54 82 99 
9 28 62 
51 67 90 
17 47 99 
0 57 62 
0 21 54 
14 26 99 
18 86 99 
0 16 43 
9 13 57 
9 44 47 
0 23 64 
9 72 87 
13 63 99 
0 14 23 
15 83 90 
9 37 73 
9 17 43 
28 88 99 
33 63 99 
54 81 90 
48 55 90 
0 18 61 
9 37 52 
9 26 84 
9 58 63 
21 87 99 
36 63 90 
71 76 90 
9 71 78 
61 63 99 
9 51 76 
44 76 90 
27 42 90 
9 33 48 
0 17 87 
12 67 99 
0 11 22 
0 25 85 
34 43 99 
9 47 75 
9 37 81 
53 88 99 
0 77 81 
0 48 73 
9 62 75 
0 41 45 
9 21 26 
9 12 63 
0 62 87 
9 73 75 
22 26 99 
9 52 63 
9 34 67 
9 11 34 
9 28 44 
63 65 99 
0 36 37 
63 64 99 
0 32 43 
35 74 90 
21 74 99 
0 32 82 
23 46 99 
33 88 99 
9 12 18 
21 86 99 
9 68 87 
75 84 90 
37 82 99 
0 37 38 
18 67 90 
0 18 71 
0 58 78 
9 44 71 
24 66 90 
43 57 90 
9 26 62 
26 64 99 
33 82 90 
9 61 81 
56 61 99 
9 68 85 
0 31 35 
9 51 61 
16 82 90 
0 12 47 
32 52 99 
14 38 90 
57 85 99 
9 47 62 
0 52 67 
55 56 99 
0 54 75 
9 17 63 
9 18 21 
9 55 64 
27 76 90 
9 42 71 
22 43 99 
42 83 90 
58 63 99 
62 86 99 
15 75 99 
0 38 43 
0 15 52 
0 14 72 
31 43 90 
14 73 99 
0 27 51 
26 84 90 
0 24 76 
34 74 99 
68 83 99 
0 18 25 
9 51 87 
22 78 99 
22 63 90 
26 74 90 
36 48 90 
9 76 86 
0 18 28 
13 88 99 
0 55 71 
0 33 72 
15 16 99 
9 28 31 
33 34 99 
9 35 41 
58 83 99 
0 22 51 
51 61 90 
9 25 54 
51 81 99 
62 67 99 
0 67 78 
47 55 99 
23 54 90 
23 72 99 
22 77 99 
15 46 90 
15 71 90 
46 47 99 
9 16 55 
31 71 90 
9 51 58 
24 43 90 
0 32 72 
11 61 99 
9 58 73 
0 34 52 
71 81 99 
24 82 99 
32 66 90 
18 82 90 
9 28 77 
42 74 90 
22 85 90 
48 75 90 
0 31 42 
13 84 90 
0 55 76 
0 27 77 
9 81 83 
9 66 75 
9 82 84 
9 11 85 
65 82 99 
9 15 86 
9 12 33 
23 48 99 
22 57 90 
82 84 99 
72 78 99 
9 23 55 
21 25 90 
0 36 42 
16 17 90 
0 63 67 
26 81 90 
9 22 64 
9 32 38 
0 16 77 
36 65 99 
0 24 26 
9 34 76 
9 27 31 
0 55 81 
38 42 99 
32 78 99 
0 14 48 
42 57 99 
15 42 90 
27 28 90 
9 43 67 
9 16 43 
31 85 99 
0 26 52 
9 46 81 
44 76 99 
37 58 90 
56 81 90 
0 37 57 
28 76 99 
0 35 57 
63 64 90 
0 23 56 
82 85 90 
24 44 99 
0 32 78 
0 21 87 
32 37 99 
0 33 58 
31 86 90 
9 55 84 
58 61 90 
14 75 90 
68 85 90 
9 38 81 
9 56 78 
22 72 99 
0 33 56 
0 16 66 
57 62 90 
0 21 61 
36 73 90 
17 54 90 
37 64 90 
0 44 67 
45 77 99 
9 12 51 
45 83 90 
0 57 71 
64 71 99 
9 55 65 
0 27 81 
9 52 66 
13 43 99 
14 45 90 
0 38 57 
58 87 90 
38 67 90 
0 72 81 
9 16 26 
9 64 77 
44 45 90 
9 15 62 
0 26 75 
15 53 99 
17 32 99 
25 36 99 
9 35 57 
0 27 42 
13 31 90 
0 77 85 
9 23 42 
45 84 90 
9 36 51 
26 42 90 
31 88 99 
9 76 78 
9 48 83 
9 25 53 
18 63 99 
9 57 75 
38 61 90 
74 81 99 
18 33 90 
0 85 88 
37 84 99 
0 12 68 
0 55 58 
9 35 62 
51 58 99 
41 46 99 
9 61 75 
15 78 99 
0 31 81 
0 48 78 
34 86 90 
24 61 90 
53 63 99 
9 53 78 
9 57 58 
9 45 51 
9 14 38 
9 14 54 
47 63 90 
0 43 58 
73 86 99 
0 16 53 
0 34 73 
62 68 99 
44 47 99 
12 26 90 
0 24 33 
0 67 85 
0 15 66 
0 57 82 
9 44 58 
13 75 99 
9 26 43 
14 23 90 
0 54 74 
0 11 24 
9 38 57 
13 76 99 
0 21 26 
36 76 99 
52 72 90 
37 85 99 
28 81 99 
34 51 99 
25 28 90 
0 32 85 
16 56 90 
35 83 99 
11 78 99 
23 62 99 
28 41 99 
0 11 88 
27 67 99 
0 21 32 
12 62 99 
36 78 90 
28 64 90 
43 87 99 
15 44 99 
77 83 90 
0 27 34 
9 42 57 
27 78 90 
51 76 99 
0 32 84 
0 47 53 
0 28 57 
0 46 63 
35 37 99 
9 57 81 
81 88 99 
66 82 90 
9 11 78 
16 17 99 
0 21 44 
17 56 99 
9 21 57 
9 45 47 
22 72 90 
32 67 99 
21 31 99 
0 36 81 
9 27 84 
12 55 90 
17 71 99 
0 24 35 
37 85 90 
43 86 99 
0 23 88 
66 77 99 
51 76 90 
32 71 99 
9 56 63 
16 71 99 
9 16 67 
45 63 90 
9 22 35 
62 83 99 
0 41 63 
9 45 66 
36 82 90 
0 21 45 
0 12 74 
84 85 90 
55 84 90 
0 25 84 
9 15 75 
0 15 58 
31 58 90 
0 23 72 
23 71 99 
37 87 99 
43 71 99 
17 47 90 
9 14 51 
31 64 90 
9 16 32 
9 21 63 
9 64 88 
53 75 90 
35 45 90 
32 44 90 
0 46 87 
46 82 99 
15 86 90 
44 63 99 
22 84 90 
25 83 90 
0 11 17 
57 71 90 
26 71 99 
0 27 64 
15 77 99 
22 23 99 
0 22 43 
9 16 71 
0 68 84 
0 14 34 
9 24 25 
31 56 99 
18 71 90 
0 46 86 
9 48 76 
9 11 73 
15 44 90 
72 87 90 
9 71 87 
18 51 90 
67 75 99 
9 42 75 
53 75 99 
9 55 71 
53 87 90 
0 34 47 
0 36 67 
9 14 67 
0 26 43 
16 71 90 
0 15 37 
9 15 46 
56 82 99 
53 54 90 
42 56 99 
13 44 99 
9 11 14 
63 88 99 
0 14 57 
9 14 82 
0 22 45 
9 14 85 
35 56 99 
0 38 77 
27 55 99 
11 26 99 
38 45 99 
33 43 99 
18 23 99 
18 73 99 
0 14 52 
0 42 72 
46 52 99 
0 38 83 
53 77 99 
0 33 62 
35 55 90 
9 22 46 
0 22 44 
41 73 99 
0 51 58 
11 23 90 
18 77 99 
0 37 54 
31 74 90 
0 47 55 
11 75 90 
0 31 43 
16 45 99 
46 54 99 
9 32 56 
0 17 54 
0 15 45 
27 46 90 
27 77 99 
21 41 90 
0 38 45 
51 78 99 
11 84 90 
9 13 28 
21 48 90 
9 33 36 
0 72 76 
22 34 90 
76 83 90 
57 82 90 
44 48 99 
0 38 64 
9 11 55 
78 86 90 
9 23 65 
0 43 64 
0 33 76 
48 68 90 
11 12 90 
9 44 45 
24 67 99 
0 21 31 
0 57 72 
71 73 99 
14 84 99 
9 42 65 
52 84 99 
0 41 64 
43 82 90 
0 36 71 
9 25 82 
23 67 99 
0 11 57 
9 46 57 
9 34 58 
9 41 66 
31 51 99 
9 61 68 
12 44 99 
0 38 66 
0 16 33 
21 71 90 
36 46 90 
14 27 99 
9 22 56 
48 73 99 
9 57 67 
31 84 90 
0 26 44 
22 51 90 
22 87 99 
16 48 99 
37 51 99 
9 34 42 
78 81 99 
9 45 84 
43 48 99 
0 45 86 
14 28 90 
9 64 85 
18 33 99 
0 55 86 
13 41 99 
0 52 85 
25 48 99 
9 76 82 
15 82 99 
35 68 90 
9 44 88 
9 36 62 
43 63 90 
9 26 45 
0 22 48 
64 86 99 
26 87 90 
0 16 47 
11 15 99 
0 22 38 
9 23 78 
9 64 76 
63 67 90 
12 26 99 
9 46 66 
0 21 62 
17 62 99 
0 13 21 
28 86 90 
0 17 85 
9 24 27 
9 75 87 
0 38 56 
0 48 51 
56 61 90 
9 18 55 
9 65 87 
28 77 99 
28 32 99 
9 43 85 
9 35 48 
0 31 73 
9 55 86 
9 48 67 
11 75 99 
9 31 56 
54 83 90 
47 53 90 
28 73 99 
14 51 90 
9 43 53 
64 81 90 
0 51 72 
11 53 99 
9 42 85 
0 23 52 
9 37 51 
9 68 83 
9 42 74 
47 65 90 
9 55 82 
14 47 99 
26 55 99 
0 55 67 
9 12 68 
46 63 99 
9 38 67 
24 27 99 
16 18 90 
18 37 99 
41 87 99 
0 61 66 
0 45 84 
0 13 82 
15 33 99 
22 66 90 
9 27 45 
0 28 36 
44 78 90 
9 56 67 
23 63 90 
0 31 51 
9 34 88 
14 16 90 
9 23 84 
22 63 99 
9 28 75 
9 33 66 
9 47 48 
74 84 90 
0 47 74 
9 28 83 
24 54 99 
55 87 90 
61 86 90 
61 82 90 
0 73 74 
28 83 99 
44 65 99 
9 13 87 
57 81 99 
9 48 62 
9 16 36 
0 68 76 
52 67 90 
82 86 99 
0 34 53 
15 34 90 
27 41 99 
9 22 24 
32 77 99 
27 51 90 
36 75 99 
41 78 99 
28 77 90 
0 22 26 
0 43 86 
55 63 90 
9 42 47 
56 74 99 
56 85 99 
47 61 99 
37 87 90 
9 41 77 
0 15 41 
48 56 90 
0 15 23 
0 51 77 
21 27 99 
0 36 64 
23 83 90 
21 64 99 
0 56 68 
14 65 90 
9 24 45 
27 68 99 
9 15 78 
17 28 99 
43 52 90 
0 28 35 
28 66 99 
0 37 82 
53 78 90 
9 34 52 
45 88 99 
62 75 90 
23 81 99 
0 11 31 
37 65 99 
9 51 75 
65 72 99 
0 25 56 
12 82 99 
0 16 52 
0 47 68 
0 47 58 
9 72 88 
9 43 88 
33 81 90 
14 83 99 
0 12 85 
0 23 53 
0 32 33 
56 57 99 
9 44 54 
27 78 99 
62 75 99 
45 54 99 
0 35 43 
73 82 99 
0 73 82 
14 72 90 
71 82 90 
0 23 76 
55 72 90 
23 37 90 
0 42 82 
22 82 90 
14 87 99 
46 62 90 
32 36 99 
32 53 99 
9 32 47 
0 16 56 
0 48 72 
9 12 31 
9 32 75 
9 64 67 
18 25 90 
0 16 17 
0 53 57 
0 32 55 
16 77 90 
9 44 51 
9 41 46 
9 54 83 
9 12 15 
64 66 90 
0 44 76 
9 67 72 
0 17 27 
71 74 90 
0 35 61 
0 56 74 
27 54 90 
9 16 84 
18 21 90 
9 35 76 
28 82 99 
9 68 72 
18 75 99 
17 41 90 
12 88 99 
0 22 35 
78 83 99 
9 18 35 
35 51 99 
72 81 90 
11 22 99 
0 67 77 
38 63 99 
0 31 76 
23 44 99 
9 13 37 
56 62 99 
9 44 84 
9 54 84 
63 76 90 
24 53 99 
71 84 90 
0 43 71 
9 16 86 
9 33 83 
0 72 74 
9 33 37 
51 81 90 
0 58 74 
9 24 74 
0 54 61 
0 71 81 
25 65 99 
41 86 90 
9 17 47 
9 27 64 
9 82 85 
0 26 65 
9 12 78 
61 85 90 
0 63 72 
9 61 71 
9 78 86 
9 16 25 
9 17 64 
9 23 48 
9 18 73 
36 57 90 
51 66 99 
56 68 90 
9 47 67 
0 22 24 
27 72 99 
37 48 99 
63 74 90 
27 58 90 
16 67 99 
0 14 74 
0 63 76 
22 41 99 
23 37 99 
0 15 46 
9 46 85 
41 44 90 
0 62 73 
32 38 90 
38 48 90 
26 32 99 
53 57 90 
0 42 65 
62 72 90 
0 65 83 
35 74 99 
9 43 76 
9 45 61 
9 25 37 
9 45 48 
56 63 99 
11 45 99 
9 11 54 
9 35 56 
9 47 64 
47 71 99 
9 12 21 
17 45 90 
9 51 84 
9 35 73 
18 84 99 
9 41 64 
18 34 99 
23 66 99 
72 86 90 
0 51 55 
0 46 73 
9 23 43 
33 66 90 
22 83 99 
72 82 90 
35 57 99 
0 46 58 
0 37 78 
0 15 56 
47 64 99 
0 38 61 
0 12 21 
28 52 90 
0 26 61 
27 34 90 
0 46 74 
17 27 99 
0 28 48 
16 83 90 
0 12 35 
43 62 90 
9 14 42 
45 84 99 
26 46 90 
28 63 99 
9 62 74 
26 72 99 
12 47 99 
54 81 99 
0 42 46 
44 45 99 
9 51 57 
9 24 46 
33 54 90 
31 76 99 
42 43 90 
9 64 82 
14 17 99 
53 64 90 
0 58 72 
0 47 86 
41 74 99 
9 24 31 
34 67 99 
48 86 90 
43 81 90 
35 46 90 
0 28 71 
0 62 83 
0 15 65 
9 36 72 
9 26 85 
67 85 90 
33 68 99 
26 37 99 
28 58 99 
0 56 73 
9 23 27 
9 67 74 
41 72 99 
41 61 90 
28 76 90 
18 67 99 
9 51 78 
28 61 99 
0 22 28 
0 21 72 
0 24 82 
41 51 99 
16 35 99 
9 22 54 
26 27 90 
0 56 67 
0 13 31 
0 41 56 
9 34 73 
9 78 88 
0 32 46 
55 62 90 
31 73 90 
76 81 90 
54 58 90 
18 76 90 
0 77 88 
38 46 90 
9 58 65 
87 88 99 
24 44 90 
9 16 62 
9 11 64 
0 35 42 
0 72 88 
41 48 90 
83 87 99 
0 37 55 
62 86 90 
9 74 81 
9 23 47 
53 83 90 
9 32 65 
0 17 71 
37 41 99 
0 42 47 
18 27 90 
9 41 71 
52 54 99 
9 33 52 
9 66 67 
38 53 90 
0 37 77 
0 44 71 
31 36 99 
54 76 90 
0 61 86 
18 68 90 
0 64 65 
9 12 42 
9 17 18 
77 87 99 
17 84 90 
9 48 75 
9 43 84 
23 36 90 
9 32 43 
25 87 90 
0 16 87 
0 12 25 
74 84 99 
9 24 68 
0 16 38 
46 74 90 
0 71 77 
0 44 84 
9 21 42 
68 81 99 
65 86 99 
13 66 99 
9 55 63 
9 45 62 
37 43 90 
0 37 44 
11 73 90 
63 76 99 
0 33 84 
21 68 99 
9 56 66 
0 22 31 
34 64 99 
32 52 90 
36 87 90 
38 55 90 
9 68 75 
9 28 86 
9 38 53 
0 36 65 
16 22 90 
23 75 90 
35 63 90 
9 28 72 
48 74 90 
24 88 99 
68 76 99 
27 74 90 
0 16 24 
0 47 54 
14 62 99 
9 48 78 
0 33 46 
0 22 36 
45 85 90 
0 22 84 
9 17 44 
18 73 90 
0 22 82 
23 58 90 
55 73 99 
9 12 83 
12 22 90 
0 13 84 
32 86 90 
0 61 77 
9 56 87 
42 78 90 
14 27 90 
0 14 22 
9 23 71 
14 42 99 
23 28 99 
0 23 65 
32 73 90 
9 12 88 
22 36 90 
9 14 43 
28 63 90 
0 43 51 
0 37 62 
13 38 99 
68 83 90 
61 75 99 
0 25 72 
47 81 99 
9 63 71 
0 76 85 
11 36 90 
9 25 73 
9 57 61 
0 44 47 
11 74 99 
9 43 52 
9 75 78 
0 41 44 
21 37 90 
14 24 90 
9 52 75 
44 55 90 
0 35 56 
51 52 99 
9 57 78 
47 82 90 
65 71 99 
0 67 68 
56 76 90 
0 73 88 
0 53 84 
9 17 74 
9 55 85 
9 13 83 
0 12 32 
84 87 90 
22 45 90 
51 63 90 
9 52 67 
9 33 85 
0 17 84 
11 32 99 
9 32 46 
9 32 66 
9 34 72 
16 65 99 
34 43 90 
26 84 99 
13 35 90 
0 16 84 
35 44 99 
42 88 99 
22 52 90 
0 73 78 
9 34 53 
85 88 90 
67 68 99 
52 63 90 
0 24 81 
28 87 90 
9 16 82 
9 36 45 
9 24 57 
0 23 42 
0 14 38 
9 37 55 
13 78 99 
15 37 99 
0 22 33 
0 32 36 
9 16 68 
51 53 90 
64 85 99 
12 56 99 
9 65 71 
0 48 74 
0 38 46 
22 61 99 
16 81 99 
9 34 61 
21 77 99 
9 48 56 
9 52 88 
46 64 99 
37 63 99 
38 52 90 
0 17 46 
0 43 88 
9 38 65 
9 32 63 
0 34 71 
17 31 99 
9 21 34 
0 25 51 
0 35 76 
77 84 90 
0 36 62 
51 82 99 
21 63 90 
0 23 67 
9 66 78 
9 21 62 
9 18 44 
14 53 90 
24 51 99 
23 24 99 
34 54 99 
17 34 90 
9 24 32 
9 72 75 
0 41 53 
0 41 88 
0 44 81 
17 58 99 
41 84 99 
23 42 90 
0 18 54 
13 26 90 
0 54 65 
26 48 90 
9 68 71 
35 63 99 
0 48 86 
0 34 66 
0 56 75 
57 86 99 
24 83 99 
11 62 90 
13 65 99 
16 87 99 
0 14 73 
73 82 90 
76 86 90 
0 27 47 
42 65 99 
43 74 99 
16 45 90 
0 16 35 
42 67 90 
9 33 35 
67 86 90 
9 11 46 
15 52 99 
33 43 90 
0 28 88 
25 63 99 
53 82 90 
46 67 90 
0 23 75 
9 36 73 
0 18 24 
0 55 64 
0 26 38 
9 11 84 
36 53 90 
9 62 76 
23 45 99 
27 37 99 
0 66 75 
71 77 90 
52 65 99 
9 47 71 
9 14 76 
9 13 55 
0 24 77 
9 54 62 
0 66 74 
0 53 65 
0 15 27 
47 67 99 
11 61 90 
9 41 78 
35 38 90 
9 32 53 
25 86 90 
36 61 90 
32 73 99 
9 46 71 
9 36 46 
9 43 65 
9 87 88 
9 52 61 
18 27 99 
53 81 90 
33 83 99 
0 21 47 
84 86 90 
26 66 90 
9 14 44 
24 34 90 
35 87 99 
26 33 99 
0 44 75 
42 86 90 
0 26 35 
9 11 76 
53 86 90 
9 54 65 
27 63 99 
31 45 99 
0 21 38 
55 63 99 
0 23 54 
25 71 90 
9 64 71 
46 81 90 
0 67 86 
0 28 78 
9 22 66 
36 84 99 
37 42 90 
9 48 74 
9 12 23 
55 64 90 
41 62 99 
0 58 68 
0 68 71 
28 44 99 
27 87 90 
9 21 53 
9 18 28 
9 28 78 
11 32 90 
9 16 74 
23 65 99 
0 13 75 
13 18 99 
9 65 74 
9 15 83 
9 12 67 
64 74 99 
0 25 46 
9 67 88 
0 13 35 
9 58 75 
0 24 87 
9 23 82 
12 48 99 
9 54 68 
0 43 47 
52 87 99 
9 55 88 
42 87 99 
24 25 99 
45 78 99 
9 35 37 
34 56 90 
28 84 99 
54 72 99 
67 85 99 
0 47 76 
9 57 76 
16 67 90 
51 68 99 
0 72 73 
9 37 48 
16 27 99 
44 77 99 
27 54 99 
33 46 90 
0 22 87 
0 66 71 
0 22 56 
33 58 90 
9 48 51 
23 47 90 
0 45 61 
27 28 99 
9 45 58 
74 76 99 
9 42 46 
9 14 24 
9 24 81 
55 82 99 
9 22 23 
9 38 88 
9 23 37 
9 12 76 
0 78 82 
13 51 90 
0 73 87 
9 13 24 
9 66 85 
61 81 90 
17 22 90 
9 52 73 
0 34 64 
58 67 90 
76 78 99 
9 61 66 
0 15 51 
25 85 90 
45 53 90 
27 32 99 
9 41 56 
0 24 45 
0 31 77 
61 73 99 
0 26 31 
9 34 37 
45 75 99 
28 53 99 
85 87 90 
24 32 99 
14 45 99 
25 62 90 
14 43 99 
34 41 99 
0 51 63 
0 41 57 
14 17 90 
13 75 90 
0 33 71 
21 68 90 
0 35 66 
22 36 99 
56 83 99 
9 17 81 
0 41 51 
0 22 47 
22 37 99 
23 42 99 
51 54 90 
17 55 99 
52 78 99 
0 44 63 
9 21 68 
52 74 99 
45 48 90 
28 52 99 
26 82 99 
9 11 31 
0 25 66 
23 36 99 
33 53 99 
32 84 99 
9 58 87 
14 62 90 
0 71 74 
9 11 57 
9 81 87 
48 63 99 
9 55 87 
0 12 83 
44 87 90 
12 46 99 
44 64 99 
0 34 54 
9 46 87 
9 15 65 
16 25 90 
0 27 28 
0 38 82 
57 75 99 
66 85 90 
45 78 90 
9 23 38 
44 67 99 
17 48 90 
0 21 84 
9 12 61 
13 48 99 
17 75 90 
0 16 31 
0 21 41 
0 44 78 
9 13 45 
16 74 90 
64 84 99 
9 73 78 
44 58 99 
0 13 34 
0 11 83 
0 56 64 
0 23 61 
21 84 90 
48 51 99 
9 45 81 
28 68 90 
31 73 99 
75 78 90 
16 47 99 
28 46 99 
9 51 65 
71 85 90 
9 38 47 
24 81 90 
9 65 82 
0 33 64 
0 32 56 
42 87 90 
9 17 32 
64 85 90 
9 13 35 
0 46 47 
9 22 57 
41 57 99 
27 33 99 
25 56 99 
9 23 88 
9 32 87 
9 71 85 
9 58 68 
0 38 54 
9 22 84 
9 11 15 
17 61 99 
0 31 67 
0 58 81 
9 21 46 
0 73 75 
28 84 90 
0 13 22 
9 36 43 
36 52 99 
0 64 88 
36 84 90 
0 63 83 
0 33 86 
9 35 52 
0 47 63 
16 53 90 
9 22 63 
0 71 84 
24 31 99 
9 25 31 
0 27 65 
46 47 90 
23 76 99 
9 44 86 
0 76 81 
9 54 86 
37 83 90 
51 85 90 
23 38 90 
9 38 48 
0 22 64 
0 42 87 
13 66 90 
9 22 38 
9 52 74 
24 28 99 
0 65 77 
25 82 99 
21 33 90 
9 35 85 
0 57 76 
9 25 58 
22 74 90 
43 83 99 
9 76 87 
41 76 99 
0 42 45 
0 64 73 
41 43 90 
9 35 65 
9 14 58 
48 67 99 
31 53 99 
0 58 62 
0 67 73 
51 88 90 
56 57 90 
14 56 99 
67 74 99 
22 73 99 
0 34 48 
26 57 99 
44 88 99 
0 32 34 
0 23 68 
0 53 76 
23 84 90 
0 67 88 
75 87 90 
76 77 99 
0 23 81 
0 22 68 
9 14 73 
22 26 90 
9 18 38 
0 53 67 
67 71 99 
0 36 56 
27 52 90 
28 85 90 
28 38 90 
9 35 61 
9 25 88 
11 58 99 
9 55 62 
52 58 99 
0 41 61 
12 21 90 
14 61 99 
9 28 63 
0 82 85 
67 75 90 
13 88 90 
14 24 99 
0 51 81 
9 71 81 
33 76 90 
0 46 65 
16 28 99 
38 47 90 
26 57 90 
14 25 90 
56 84 99 
51 56 90 
9 66 86 
52 62 90 
22 73 90 
9 33 73 
58 77 90 
21 38 90 
9 21 66 
9 38 45 
15 38 99 
9 47 88 
0 66 88 
34 46 90 
31 78 90 
76 81 99 
0 28 75 
0 27 38 
0 44 57 
9 44 48 
16 43 99 
9 26 34 
22 82 99 
55 75 99 
9 35 86 
0 83 88 
61 65 99 
9 53 65 
16 18 99 
0 36 66 
47 51 99 
17 35 99 
16 84 99 
0 66 87 
0 21 53 
9 22 62 
0 26 56 
35 82 99 
9 54 57 
9 75 77 
38 41 90 
22 34 99 
0 56 87 
12 64 99 
34 57 99 
0 43 87 
9 48 88 
9 18 83 
9 31 84 
45 57 90 
0 32 77 
9 27 76 
36 62 99 
9 61 67 
65 71 90 
77 84 99 
0 31 78 
55 68 90 
37 58 99 
9 68 84 
9 64 87 
0 27 73 
34 36 90 
9 37 42 
11 35 99 
12 32 99 
0 32 45 
9 12 87 
9 18 47 
0 45 83 
0 42 51 
0 36 48 
12 61 99 
44 61 99 
0 35 45 
9 45 46 
11 43 99 
65 87 90 
0 26 37 
27 34 99 
0 15 84 
45 71 90 
34 84 99 
0 11 61 
0 23 66 
57 75 90 
9 23 72 
46 66 90 
0 17 53 
17 66 99 
37 54 99 
15 87 90 
27 44 99 
11 27 90 
9 31 57 
0 31 86 
9 24 78 
31 55 90 
47 52 90 
32 67 90 
54 86 90 
22 42 99 
9 52 85 
9 21 38 
46 88 90 
44 84 99 
0 37 51 
9 17 27 
31 84 99 
67 78 90 
31 37 99 
0 66 85 
0 36 63 
75 78 99 
42 75 99 
11 64 90 
61 77 99 
9 21 78 
41 53 99 
0 36 43 
0 51 54 
68 82 99 
0 23 62 
9 24 82 
9 45 57 
9 13 78 
14 44 99 
42 85 90 
28 36 99 
9 37 88 
48 76 90 
9 27 53 
37 72 99 
0 21 65 
44 66 99 
11 38 99 
0 25 52 
9 41 52 
0 77 86 
9 44 82 
9 25 64 
33 54 99 
9 12 74 
0 13 56 
0 15 16 
0 58 73 
0 46 52 
32 88 99 
45 55 90 
9 34 68 
36 82 99 
9 21 43 
31 55 99 
23 81 90 
23 86 99 
0 44 48 
27 37 90 
0 25 26 
9 12 22 
41 44 99 
0 28 81 
0 35 54 
0 44 66 
11 16 99 
0 15 36 
9 64 68 
17 37 99 
0 13 18 
9 31 81 
0 44 82 
47 78 90 
9 75 88 
43 82 99 
9 18 46 
0 24 48 
16 33 90 
36 58 99 
0 11 78 
9 35 68 
0 72 87 
0 37 43 
64 83 90 
9 15 16 
0 62 84 
9 58 85 
37 83 99 
51 74 99 
9 42 63 
0 51 52 
0 44 87 
9 76 85 
18 56 90 
25 48 90 
21 24 90 
16 88 90 
9 28 54 
13 57 90 
51 67 99 
13 45 90 
0 23 51 
0 12 34 
62 67 90 
0 13 23 
0 81 84 
0 25 27 
9 15 48 
9 33 38 
12 14 90 
9 18 81 
14 78 99 
9 16 47 
37 53 90 
74 83 90 
11 67 90 
28 35 99 
9 28 42 
12 52 90 
24 88 90 
0 37 85 
85 87 99 
12 72 90 
56 72 90 
14 82 90 
22 52 99 
9 23 67 
9 34 43 
9 13 17 
0 15 72 
12 36 99 
0 12 53 
15 53 90 
9 56 84 
46 57 99 
9 48 54 
0 27 35 
64 71 90 
67 83 90 
0 18 74 
9 27 33 
35 48 90 
15 65 99 
31 35 99 
9 28 56 
0 38 41 
21 42 90 
9 45 87 
34 52 90 
0 15 35 
52 62 99 
0 56 81 
0 73 85 
58 64 99 
9 31 33 
9 32 68 
9 24 72 
9 34 41 
9 73 85 
9 47 66 
41 75 90 
58 68 99 
52 78 90 
11 71 99 
77 86 99 
0 27 57 
0 26 51 
0 44 68 
0 12 26 
0 33 88 
9 25 57 
57 76 99 
0 31 34 
0 26 41 
12 81 99 
23 28 90 
66 74 99 
0 18 63 
18 62 99 
9 13 38 
9 37 85 
9 27 36 
81 85 90 
9 33 81 
21 77 90 
0 16 26 
24 73 99 
9 48 71 
0 18 51 
9 15 17 
31 83 99 
0 44 46 
0 28 52 
0 36 83 
11 66 90 
26 77 90 
13 78 90 
27 43 90 
9 13 85 
9 25 42 
46 65 99 
73 86 90 
9 43 75 
0 55 73 
55 65 90 
32 48 99 
9 53 68 
33 64 90 
34 53 90 
9 77 82 
0 38 85 
0 46 64 
0 36 82 
41 73 90 
15 23 90 
0 11 87 
0 38 86 
0 12 37 
0 36 57 
0 18 57 
24 58 90 
0 42 61 
9 64 74 
0 27 46 
68 77 99 
65 77 99 
9 18 74 
0 16 78 
9 51 56 
0 44 54 
0 42 88 
0 22 25 
9 51 83 
0 38 65 
0 42 86 
0 22 32 
0 54 87 
37 63 90 
9 15 51 
0 22 54 
73 84 90 
9 16 31 
0 32 87 
0 33 55 
36 53 99 
36 78 99 
0 17 48 
9 56 82 
24 25 90 
48 83 90 
0 51 53 
9 46 48 
0 33 47 
9 77 78 
0 25 74 
9 15 63 
45 52 90 
55 88 90 
56 81 99 
9 47 57 
9 67 77 
9 63 86 
9 44 85 
23 57 99 
33 34 90 
51 84 99 
0 66 76 
24 84 90 
0 36 61 
65 73 90 
9 33 61 
35 62 99 
0 24 55 
26 75 90 
0 16 63 
42 44 99 
9 48 65 
0 78 87 
64 86 90 
41 66 90 
0 54 71 
16 61 99 
66 78 99 
9 56 74 
9 21 77 
0 18 76 
47 72 99 
17 27 90 
25 31 90 
32 78 90 
0 35 74 
47 74 99 
9 82 86 
22 28 99 
0 52 81 
33 45 90 
23 87 90 
36 65 90 
62 64 90 
41 58 90 
25 73 99 
9 33 44 
9 33 65 
0 34 81 
15 71 99 
41 42 99 
9 48 57 
11 63 90 
0 33 37 
44 68 90 
9 44 66 
34 87 90 
9 38 74 
0 25 33 
0 52 71 
0 16 42 
37 67 90 
9 37 38 
9 11 36 
34 44 99 
0 18 32 
31 36 90 
9 14 47 
34 76 99 
0 15 31 
9 24 67 
33 86 90 
46 82 90 
9 18 57 
0 11 64 
75 85 99 
0 14 15 
0 51 82 
12 25 90 
78 82 99 
0 17 47 
9 35 54 
54 77 99 
35 84 99 
52 83 90 
0 35 73 
9 55 67 
9 27 42 
0 46 81 
0 75 84 
61 76 99 
73 75 99 
15 47 90 
48 61 90 
11 48 90 
46 77 99 
9 13 48 
61 88 99 
17 85 90 
18 83 99 
0 11 51 
67 82 90 
45 57 99 
13 23 90 
63 82 90 
34 66 99 
9 38 71 
9 17 67 
0 41 84 
0 44 65 
28 72 90 
58 64 90 
14 86 90 
9 11 51 
55 74 90 
9 23 87 
11 31 99 
15 58 99 
57 65 99 
0 25 81 
33 64 99 
0 14 82 
0 46 51 
21 26 99 
9 23 35 
42 61 90 
0 53 62 
0 52 55 
43 45 99 
0 12 76 
0 62 77 
37 82 90 
9 14 17 
9 13 61 
9 65 75 
9 17 28 
16 85 90 
32 54 90 
9 26 36 
16 62 90 
14 32 90 
53 84 99 
22 78 90 
13 46 90 
9 53 82 
0 18 21 
0 45 55 
9 72 78 
0 75 85 
42 84 99 
11 83 90 
62 66 90 
0 26 34 
9 43 87 
9 15 66 
9 14 63 
9 17 33 
0 14 28 
24 86 99 
33 35 90 
21 34 90 
18 23 90 
0 54 55 
9 64 65 
0 46 83 
0 71 73 
0 63 71 
38 68 99 
0 41 75 
51 57 99 
83 86 99 
27 33 90 
9 15 38 
13 36 99 
38 87 90 
17 42 99 
0 17 25 
0 34 43 
83 86 90 
0 62 66 
52 65 90 
42 61 99 
0 12 14 
44 53 90 
0 71 85 
57 63 99 
14 72 99 
9 62 78 
0 45 46 
9 58 77 
9 61 83 
0 57 66 
43 52 99 
0 32 54 
9 46 53 
9 46 75 
0 33 87 
9 55 76 
15 63 99 
74 87 90 
36 54 99 
45 68 90 
71 82 99 
0 16 85 
44 85 90 
0 32 58 
28 51 99 
0 54 77 
0 18 64 
21 57 99 
0 13 87 
28 62 90 
9 21 86 
26 52 90 
44 52 99 
0 24 28 
83 84 90 
44 86 90 
14 57 99 
36 71 90 
64 77 99 
0 37 48 
67 71 90 
66 68 90 
9 44 78 
9 28 36 
0 81 88 
26 38 90 
34 82 90 
58 65 99 
9 61 78 
9 21 25 
48 84 99 
0 38 58 
9 21 83 
0 73 81 
0 14 41 
12 33 99 
18 45 90 
0 13 37 
23 47 99 
65 73 99 
9 16 42 
0 25 47 
17 36 99 
9 41 47 
13 73 90 
0 41 78 
32 84 90 
0 13 78 
23 68 90 
9 67 81 
9 73 84 
14 63 90 
9 33 78 
0 63 88 
48 88 99 
0 71 87 
62 84 99 
9 11 88 
38 66 99 
9 35 43 
25 76 90 
0 37 41 
45 76 99 
28 56 99 
0 33 44 
33 77 99 
24 48 99 
22 88 99 
67 76 99 
0 12 24 
0 43 44 
36 62 90 
9 24 52 
53 74 90 
68 74 90 
21 23 90 
71 72 99 
0 58 67 
46 56 90 
42 76 90 
0 12 13 
9 43 62 
9 28 51 
17 81 90 
9 48 64 
0 67 74 
0 68 72 
9 18 58 
25 51 90 
0 33 78 
26 73 90 
26 47 90 
74 78 90 
44 52 90 
0 44 58 
9 52 53 
23 48 90 
13 34 90 
9 16 41 
33 77 90 
51 66 90 
0 11 18 
9 33 75 
9 71 74 
24 46 90 
16 88 99 
9 35 82 
45 53 99 
9 45 74 
62 65 99 
0 13 53 
9 63 88 
27 48 90 
0 14 77 
0 44 64 
0 11 56 
9 12 57 
26 68 99 
43 61 99 
0 41 66 
74 85 99 
23 32 90 
9 18 86 
0 22 85 
9 54 81 
15 45 99 
14 82 99 
0 13 17 
9 16 81 
9 34 84 
42 58 90 
0 26 36 
24 78 90 
9 72 74 
0 16 44 
0 32 37 
72 84 90 
9 62 86 
67 82 99 
23 73 90 
36 88 90 
9 22 45 
9 56 64 
41 62 90 
23 27 90 
0 38 63 
21 56 99 
26 36 99 
0 18 88 
45 72 99 
51 75 90 
18 42 90 
74 82 99 
9 16 21 
9 65 81 
0 53 55 
9 63 72 
33 65 90 
0 77 78 
22 23 90 
58 74 99 
9 43 68 
64 88 99 
9 36 58 
0 17 76 
18 58 90 
0 22 73 
9 65 84 
25 75 99 
43 47 90 
9 13 64 
0 28 44 
32 57 90 
27 74 99 
9 21 67 
12 45 99 
9 73 77 
58 77 99 
52 86 99 
47 88 99 
0 46 78 
43 46 99 
9 26 76 
63 71 90 
27 32 90 
9 38 58 
0 26 78 
9 21 71 
32 75 90 
0 23 43 
21 26 90 
0 25 32 
9 13 22 
9 12 45 
11 68 99 
0 55 68 
46 66 99 
44 47 90 
0 57 67 
0 53 71 
38 55 99 
12 34 90 
9 28 68 
0 37 75 
73 87 99 
9 85 87 
0 11 45 
9 77 87 
35 56 90 
9 48 63 
0 28 77 
34 74 90 
74 78 99 
21 65 99 
18 35 90 
24 34 99 
31 41 90 
0 31 61 
0 17 73 
61 64 90 
57 78 90 
0 33 81 
25 66 99 
11 41 99 
45 74 99 
14 47 90 
22 56 99 
47 62 99 
76 84 90 
52 85 90 
28 64 99 
16 76 99 
0 13 72 
16 23 99 
64 65 90 
34 56 99 
0 13 45 
0 27 87 
0 66 67 
9 52 72 
0 12 16 
9 14 16 
38 73 90 
9 34 63 
9 36 53 
0 61 84 
0 26 76 
51 61 99 
0 15 24 
11 73 99 
0 43 63 
9 24 47 
9 22 26 
68 87 90 
9 51 81 
25 51 99 
11 88 90 
0 65 73 
54 61 99 
71 75 90 
9 27 55 
0 21 24 
11 71 90 
0 12 31 
17 44 99 
35 77 90 
9 44 62 
0 18 41 
46 83 90 
47 48 99 
0 13 36 
31 87 90 
11 37 99 
42 65 90 
0 21 22 
0 61 82 
48 54 90 
11 26 90 
0 45 67 
36 75 90 
17 67 90 
0 15 47 
0 22 75 
82 86 90 
9 11 47 
12 66 90 
52 61 99 
25 81 99 
9 22 73 
9 33 72 
17 33 90 
9 32 72 
9 52 54 
12 77 90 
0 37 63 
9 27 48 
0 75 76 
58 82 99 
36 41 99 
55 66 99 
0 58 87 
24 71 90 
0 16 62 
0 55 88 
0 27 88 
9 27 65 
0 11 74 
9 25 76 
23 43 99 
0 63 65 
9 38 54 
0 54 85 
67 68 90 
22 32 99 
31 34 90 
9 44 87 
0 43 68 
0 47 73 
56 83 90 
9 33 82 
22 81 90 
65 78 90 
9 32 71 
77 83 99 
0 43 48 
0 62 63 
52 66 90 
17 34 99 
0 73 84 
0 47 75 
0 27 54 
12 34 99 
0 12 56 
0 68 73 
67 88 90 
18 84 90 
9 17 26 
31 83 90 
0 12 54 
9 45 83 
9 18 54 
9 51 53 
0 42 62 
9 25 32 
18 76 99 
0 22 34 
57 65 90 
68 76 90 
42 45 99 
0 42 54 
9 14 74 
63 66 90 
0 18 85 
0 78 88 
0 21 52 
17 51 99 
0 51 62 
9 13 86 
65 84 90 
16 73 99 
9 42 81 
9 48 77 
9 33 51 
13 64 90 
9 43 48 
0 17 23 
82 85 99 
24 52 99 
0 13 38 
9 38 77 
9 24 55 
0 52 65 
0 35 53 
27 63 90 
76 86 99 
61 83 90 
0 12 38 
22 54 90 
12 45 90 
0 14 51 
0 38 72 
28 43 99 
9 26 46 
9 25 63 
25 37 99 
36 68 99 
9 36 52 
9 17 66 
35 86 99 
27 67 90 
9 14 18 
9 46 51 
9 22 67 
33 51 99 
9 31 76 
0 41 55 
14 41 99 
68 75 99 
37 42 99 
47 75 90 
9 14 86 
0 27 82 
43 61 90 
38 81 99 
9 11 83 
0 43 56 
0 12 17 
0 72 82 
0 21 42 
9 25 85 
9 26 38 
32 75 99 
23 73 99 
0 31 48 
9 23 56 
21 63 99 
47 85 90 
32 76 90 
47 84 90 
74 88 90 
12 75 99 
22 76 99 
78 87 90 
9 18 25 
14 36 90 
16 21 90 
0 24 38 
31 62 90 
0 65 82 
31 81 90 
9 11 12 
25 41 90 
24 33 99 
12 52 99 
12 76 90 
63 67 99 
9 28 47 
11 76 99 
37 62 99 
17 35 90 
0 26 66 
0 22 57 
31 33 99 
33 57 99 
31 65 99 
0 68 77 
32 65 99 
58 76 99 
0 56 71 
9 18 53 
27 62 90 
37 56 90 
61 87 90 
9 21 65 
9 75 83 
12 51 90 
78 85 90 
0 17 18 
17 28 90 
11 46 99 
0 24 88 
35 65 99 
52 81 90 
61 68 99 
37 47 99 
22 71 99 
9 32 45 
38 56 99 
36 66 99 
23 32 99 
0 51 64 
15 62 90 
58 71 99 
12 47 90 
0 57 81 
9 12 13 
9 83 88 
38 44 99 
9 74 84 
0 14 83 
9 56 62 
9 17 21 
42 63 99 
0 67 75 
9 52 58 
9 26 87 
9 11 41 
18 88 99 
27 35 99 
74 87 99 
36 41 90 
9 36 42 
18 38 90 
9 11 24 
0 31 46 
34 68 90 
23 46 90 
12 78 99 
9 14 31 
0 64 66 
15 67 90 
28 45 99 
78 81 90 
37 62 90 
0 21 71 
9 11 77 
35 71 90 
73 81 99 
52 82 90 
46 81 99 
0 64 75 
11 24 90 
33 47 99 
72 76 90 
52 61 90 
0 17 81 
11 81 99 
9 57 74 
38 87 99 
0 14 42 
9 37 87 
0 25 37 
31 86 99 
27 83 90 
66 84 90 
33 41 90 
9 36 85 
25 41 99 
0 67 72 
28 54 90 
9 11 81 
43 65 90 
9 46 82 
9 47 61 
12 67 90 
9 47 65 
9 38 86 
56 77 99 
55 61 90 
63 78 99 
26 28 90 
9 36 83 
41 71 90 
9 18 88 
0 22 76 
0 48 53 
0 18 37 
82 87 99 
66 86 90 
53 68 99 
25 34 90 
9 18 33 
45 61 90 
27 31 99 
42 84 90 
12 15 99 
9 36 77 
0 28 54 
48 64 99 
0 47 83 
0 36 73 
42 85 99 
9 15 28 
18 58 99 
53 84 90 
17 82 90 
27 66 99 
33 48 99 
36 73 99 
21 83 99 
28 82 90 
34 37 90 
0 83 87 
24 31 90 
0 11 34 
0 28 66 
11 18 99 
0 31 74 
14 48 99 
9 34 36 
9 53 74 
57 73 99 
42 62 99 
9 23 51 
14 52 99 
62 74 99 
0 14 62 
42 86 99 
14 55 99 
67 87 90 
9 71 77 
0 22 83 
9 34 78 
9 58 76 
17 36 90 
27 56 99 
22 25 99 
23 53 99 
14 77 90 
11 51 90 
32 85 99 
9 47 55 
73 83 99 
9 37 62 
66 72 99 
35 43 99 
65 77 90 
9 32 74 
24 27 90 
9 28 82 
43 71 90 
0 35 47 
32 86 99 
35 36 99 
0 52 78 
0 45 57 
22 55 99 
62 65 90 
9 63 84 
34 78 99 
9 26 66 
15 56 90 
9 17 78 
9 45 88 
16 63 99 
27 83 99 
11 17 90 
0 18 87 
0 23 27 
56 71 90 
0 21 46 
9 24 37 
76 85 99 
14 77 99 
27 73 90 
77 78 99 
13 87 99 
18 87 99 
0 31 66 
0 25 73 
16 44 90 
58 68 90 
0 16 18 
0 25 68 
11 66 99 
0 36 72 
24 46 99 
9 18 84 
18 64 90 
37 44 99 
34 67 90 
35 67 99 
86 88 90 
9 33 86 
38 51 99 
9 33 87 
57 67 99 
57 64 99 
9 65 67 
0 52 86 
0 12 42 
0 23 47 
48 71 90 
9 23 68 
52 58 90 
9 63 77 
0 37 47 
53 58 90 
9 36 76 
0 38 42 
34 65 90 
9 33 74 
9 15 72 
9 41 67 
9 11 33 
0 46 62 
9 47 76 
21 28 99 
0 42 84 
9 17 68 
14 71 99 
34 86 99 
32 48 90 
0 82 88 
0 55 72 
25 43 90 
28 55 90 
44 48 90 
0 17 83 
11 52 90 
0 32 35 
0 25 53 
72 76 99 
42 53 99 
0 28 86 
13 14 90 
9 33 57 
9 16 77 
33 37 90 
0 13 25 
23 64 99 
57 88 99 
15 87 99 
0 31 53 
0 76 77 
33 44 90 
0 63 68 
9 44 53 
66 75 90 
9 25 68 
62 71 90 
0 21 57 
23 31 99 
34 88 99 
27 64 90 
9 15 74 
24 45 99 
0 17 51 
9 44 83 
9 43 51 
0 16 55 
9 13 51 
14 56 90 
0 46 66 
0 26 55 
0 58 82 
21 88 90 
41 77 99 
9 14 78 
17 55 90 
0 23 38 
0 65 87 
9 13 74 
12 38 99 
25 65 90 
0 26 68 
9 77 84 
0 13 47 
9 56 76 
9 31 46 
0 42 85 
35 52 99 
41 68 90 
41 65 90 
0 48 52 
0 31 47 
0 23 28 
61 87 99 
34 52 99 
58 75 99 
9 12 71 
9 15 64 
64 65 99 
14 18 99 
0 11 44 
67 81 99 
11 87 90 
0 46 48 
9 46 72 
56 68 99 
82 83 90 
32 43 90 
27 41 90 
55 84 99 
41 64 99 
51 78 90 
38 45 90 
12 54 99 
11 14 99 
14 21 99 
0 17 86 
63 86 99 
24 37 99 
0 44 83 
0 61 63 
0 35 82 
16 41 90 
0 65 71 
17 76 99 
9 82 83 
0 38 52 
9 44 46 
43 76 99 
14 85 99 
9 12 48 
0 46 72 
22 44 99 
55 57 90 
0 63 82 
35 53 90 
9 46 76 
13 33 99 
0 73 86 
9 18 68 
9 36 81 
9 43 64 
38 67 99 
57 88 90 
12 14 99 
9 14 62 
9 65 68 
0 15 28 
0 18 81 
0 37 58 
9 21 61 
9 41 68 
32 35 99 
9 25 38 
38 56 90 
34 75 99 
38 85 90 
47 54 99 
0 38 53 
0 43 67 
81 84 99 
9 54 77 
9 31 38 
18 85 90 
26 87 99 
9 55 83 
9 14 84 
18 34 90 
18 28 90 
22 83 90 
16 52 99 
0 31 71 
9 26 32 
0 57 63 
46 72 99 
31 42 90 
9 75 81 
15 81 99 
14 52 90 
9 22 74 
9 42 62 
12 77 99 
9 22 31 
0 26 77 
27 43 99 
22 44 90 
31 87 99 
0 11 82 
9 45 54 
0 55 82 
9 52 57 
47 58 90 
0 21 78 
9 71 84 
0 64 68 
33 52 99 
37 67 99 
17 62 90 
9 37 61 
0 26 82 
18 78 90 
0 25 67 
9 24 48 
56 88 90 
25 78 90 
13 32 90 
68 71 90 
9 51 63 
9 67 73 
0 23 71 
35 88 90 
9 56 65 
9 12 54 
0 75 78 
21 75 90 
65 76 90 
9 28 32 
45 87 99 
38 61 99 
17 85 99 
38 63 90 
74 82 90 
9 37 82 
0 74 85 
23 61 99 
9 31 68 
54 78 90 
75 83 99 
9 68 81 
0 14 17 
21 35 99 
0 22 41 
17 66 90 
9 42 67 
9 57 84 
9 45 53 
25 82 90 
0 57 78 
9 86 88 
67 84 99 
9 22 43 
9 54 74 
0 14 16 
9 57 64 
9 13 36 
9 25 81 
68 75 90 
0 16 41 
0 15 64 
0 13 41 
0 75 88 
37 76 99 
18 32 99 
0 44 74 
9 37 77 
0 26 33 
0 64 87 
9 12 14 
34 42 90 
15 82 90 
0 65 85 
17 51 90 
9 68 76 
15 62 99 
33 37 99 
0 26 28 
0 35 75 
58 86 90 
11 14 90 
9 58 82 
9 83 84 
9 25 48 
17 72 99 
54 88 90 
9 43 45 
9 21 74 
9 11 72 
0 32 42 
37 38 99 
28 51 90 
9 17 86 
21 48 99 
76 88 90 
28 42 99 
11 81 90 
42 72 90 
0 56 61 
24 74 99 
17 74 90 
17 72 90 
15 32 99 
0 18 58 
9 15 18 
34 61 90 
0 27 41 
61 77 90 
35 46 99 
46 65 90 
9 18 66 
23 83 99 
0 51 76 
9 16 88 
0 28 67 
0 63 66 
0 35 87 
42 77 90 
54 87 90 
18 83 90 
21 46 90 
13 24 99 
45 65 99 
0 57 83 
43 56 90 
9 66 84 
9 28 85 
23 63 99 
0 21 23 
9 24 62 
28 73 90 
13 38 90 
9 31 74 
42 66 90 
9 22 25 
68 84 90 
46 87 90 
12 68 90 
36 72 99 
12 44 90 
0 31 75 
9 21 37 
9 26 78 
9 35 74 
0 67 76 
0 15 42 
42 47 99 
9 26 44 
0 28 82 
9 41 85 
24 51 90 
9 53 87 
43 57 99 
9 45 55 
0 41 76 
25 57 90 
31 68 99 
27 84 90 
13 37 99 
72 82 99 
9 11 52 
0 28 72 
0 36 78 
0 18 67 
0 13 64 
9 31 52 
9 36 61 
36 77 90 
0 11 26 
31 67 90 
0 33 74 
67 72 99 
46 71 90 
0 17 56 
0 74 76 
9 32 84 
48 56 99 
36 64 99 
9 73 86 
0 11 23 
9 13 81 
0 37 53 
54 57 90 
71 88 90 
0 48 76 
45 55 99 
9 37 78 
9 36 68 
28 81 90 
0 35 58 
33 62 90 
26 35 99 
9 46 54 
67 77 99 
9 12 46 
63 66 99 
26 85 99 
0 23 44 
16 38 99 
9 58 74 
0 24 34 
34 87 99 
27 45 90 
0 65 74 
35 64 99 
0 47 66 
9 17 77 
0 12 77 
51 53 99 
9 72 84 
9 17 55 
26 65 90 
0 45 81 
9 78 85 
9 24 42 
9 14 33 
13 61 99 
9 41 74 
9 11 62 
9 52 77 
31 65 90 
32 68 90 
0 48 66 
23 25 90 
54 73 99 
22 48 90 
9 56 86 
9 47 82 
12 22 99 
15 21 99 
32 45 90 
9 43 86 
9 61 77 
0 41 54 
21 62 99 
24 45 90 
41 54 90 
0 16 88 
0 43 54 
0 14 53 
0 57 85 
24 57 99 
44 57 90 
0 12 63 
41 76 90 
9 51 52 
53 65 90 
17 81 99 
33 56 99 
0 18 73 
9 18 48 
57 63 90 
48 66 99 
28 66 90 
0 78 83 
9 63 78 
25 84 90 
63 88 90 
0 21 55 
45 47 90 
23 34 90 
63 81 90 
0 22 67 
0 51 88 
0 85 86 
9 54 88 
9 43 63 
42 46 99 
9 31 58 
0 27 52 
9 18 56 
9 13 32 
0 31 85 
47 77 90 
0 24 42 
9 56 73 
15 88 99 
0 21 58 
0 35 72 
0 58 71 
48 68 99 
9 13 14 
9 15 67 
12 82 90 
23 56 99 
0 38 87 
26 53 99 
15 48 99 
0 68 81 
13 22 99 
0 32 64 
9 16 56 
26 34 99 
44 82 99 
57 66 90 
18 66 99 
26 64 90 
33 72 99 
13 32 99 
48 77 99 
13 28 90 
0 36 86 
9 37 67 
35 37 90 
47 58 99 
9 67 84 
61 68 90 
24 65 90 
9 68 78 
9 27 58 
9 13 42 
9 43 57 
12 83 90 
28 33 90 
16 42 99 
0 68 75 
25 68 99 
0 33 63 
9 23 74 
9 23 86 
45 71 99 
15 65 90 
0 13 51 
72 77 90 
0 23 46 
9 81 85 
0 11 52 
62 87 99 
9 36 71 
9 46 63 
36 88 99 
21 54 90 
72 74 99 
51 86 90 
17 23 90 
17 86 99 
47 61 90 
0 32 75 
38 75 99 
51 83 99 
13 47 99 
9 82 88 
0 16 81 
64 76 90 
0 84 85 
47 88 90 
25 55 90 
9 14 83 
53 62 99 
9 72 81 
77 82 99 
64 78 90 
42 51 90 
9 53 76 
23 77 99 
0 16 23 
9 14 46 
0 54 88 
34 55 90 
0 51 74 
9 31 42 
22 67 90 
9 17 65 
9 65 83 
17 73 90 
0 17 31 
13 56 90 
17 43 99 
14 38 99 
0 68 83 
44 46 90 
71 77 99 
0 13 55 
21 22 90 
24 66 99 
9 63 67 
9 55 68 
0 13 76 
9 33 67 
0 25 34 
13 81 99 
12 66 99 
24 87 90 
0 13 57 
0 54 68 
9 14 88 
14 61 90 
35 38 99 
9 18 43 
9 32 54 
22 53 99 
14 63 99 
0 61 81 
13 55 90 
64 81 99 
55 73 90 
13 26 99 
9 35 51 
9 21 48 
9 63 64 
9 63 85 
9 11 17 
31 41 99 
13 85 99 
64 67 90 
73 75 90 
21 54 99 
14 46 90 
32 64 99 
63 68 99 
25 61 90 
0 38 44 
9 54 55 
61 72 90 
23 82 99 
9 12 26 
22 64 90 
33 48 90 
0 18 48 
0 74 77 
17 64 99 
48 58 90 
9 18 87 
64 66 99 
0 55 56 
0 12 82 
83 87 90 
9 47 84 
9 56 85 
17 65 90 
28 87 99 
48 88 90 
72 84 99 
51 65 99 
33 42 90 
57 77 99 
0 76 84 
56 66 90 
53 81 99 
9 57 68 
48 78 90 
42 55 99 
32 46 90 
11 51 99 
34 66 90 
9 65 76 
0 33 36 
0 72 86 
28 78 90 
24 38 90 
9 22 61 
21 72 99 
15 74 99 
0 72 78 
9 17 72 
11 42 99 
23 57 90 
9 62 67 
9 38 84 
67 73 90 
9 23 32 
55 62 99 
9 23 25 
9 24 64 
9 27 43 
46 52 90 
0 16 27 
33 87 99 
13 58 90 
9 25 83 
24 77 99 
13 17 90 
9 22 81 
9 24 51 
9 35 38 
66 75 99 
0 26 88 
13 86 99 
16 65 90 
15 86 99 
31 77 90 
0 27 72 
14 73 90 
9 25 86 
0 51 65 
0 15 34 
0 24 64 
23 33 90 
0 44 52 
32 55 99 
67 83 99 
61 67 90 
0 41 62 
0 37 83 
9 58 61 
0 43 81 
0 61 62 
57 82 99 
0 11 15 
0 38 55 
0 26 54 
9 13 47 
9 22 88 
48 85 90 
55 67 90 
0 61 85 
9 12 86 
0 32 66 
55 81 99 
9 34 74 
33 72 90 
0 55 78 
36 57 99 
0 15 75 
28 44 90 
37 53 99 
9 34 44 
58 88 90 
36 55 99 
0 12 84 
35 76 99 
25 26 90 
9 17 34 
0 81 83 
24 85 90 
0 33 85 
9 14 71 
9 12 85 
21 78 90 
9 17 71 
9 15 88 
9 12 64 
9 22 58 
43 74 90 
0 21 74 
9 33 54 
11 55 99 
9 55 81 
48 74 99 
14 26 90 
9 15 87 
32 65 90 
24 38 99 
9 14 55 
0 32 65 
41 64 90 
72 74 90 
47 54 90 
9 76 83 
58 67 99 
9 54 76 
9 67 83 
0 53 54 
0 48 68 
15 68 99 
14 78 90 
9 28 34 
0 42 58 
0 76 83 
62 74 90 
9 61 62 
38 58 90 
9 25 61 
21 25 99 
9 62 63 
0 33 41 
72 77 99 
9 45 75 
0 81 87 
9 11 75 
9 66 76 
0 21 68 
21 65 90 
0 22 55 
0 31 45 
9 67 86 
34 47 99 
0 14 63 
0 16 25 
54 74 90 
63 81 99 
9 44 55 
0 25 31 
9 23 63 
14 37 90 
44 63 90 
75 81 90 
0 71 83 
35 75 99 
0 53 56 
18 82 99 
0 25 63 
0 34 55 
0 11 41 
9 11 23 
61 81 99 
9 53 77 
12 24 99 
18 74 99 
51 55 90 
34 77 99 
61 62 90 
9 21 88 
9 75 82 
0 13 68 
27 62 99 
9 43 72 
32 87 90 
9 47 54 
9 62 85 
41 52 90 
41 87 90 
45 67 90 
0 23 33 
32 55 90 
23 82 90 
9 21 72 
52 68 90 
0 18 45 
9 32 51 
48 66 90 
15 63 90 
0 43 46 
34 72 90 
0 26 45 
0 73 77 
23 38 99 
43 72 90 
0 28 31 
9 15 76 
9 67 78 
0 27 78 
0 61 72 
0 45 51 
9 48 68 
43 68 99 
17 54 99 
46 48 99 
17 26 99 
9 57 82 
25 43 99 
14 53 99 
15 18 90 
9 62 77 
11 82 90 
33 75 99 
27 57 99 
48 77 90 
0 25 48 
9 14 23 
9 11 18 
14 46 99 
21 83 90 
43 73 99 
12 31 90 
0 47 87 
0 67 84 
9 31 45 
9 45 82 
9 53 56 
53 68 90 
31 47 90 
37 78 99 
0 58 61 
15 66 99 
27 64 99 
17 78 99 
9 14 65 
9 65 72 
0 43 62 
9 36 56 
25 47 90 
0 37 86 
9 13 82 
9 23 58 
32 51 99 
44 54 90 
26 77 99 
9 83 85 
76 84 99 
9 74 78 
48 63 90 
9 18 37 
9 32 83 
41 85 90 
0 41 67 
13 52 90 
27 87 99 
0 17 34 
43 46 90 
21 66 99 
33 45 99 
28 34 90 
0 41 68 
66 87 90 
9 11 38 
0 12 44 
14 42 90 
65 74 90 
57 61 99 
53 67 99 
0 28 64 
9 38 68 
9 17 85 
0 16 68 
9 38 72 
0 34 44 
0 66 78 
0 13 48 
31 78 99 
56 65 99 
17 52 90 
0 58 84 
42 45 90 
21 51 99 
38 54 90 
0 42 81 
9 22 75 
68 88 90 
0 33 73 
54 76 99 
0 41 48 
0 36 52 
23 78 99 
37 55 99 
62 78 99 
28 75 90 
61 74 90 
62 68 90 
72 73 90 
0 18 84 
26 43 99 
9 34 87 
0 21 33 
62 64 99 
0 46 55 
47 87 90 
14 15 99 
14 58 90 
24 65 99 
0 44 86 
48 83 99 
25 54 90 
9 26 41 
14 35 99 
9 27 47 
55 81 90 
9 15 56 
0 12 33 
9 46 83 
9 43 81 
0 12 51 
9 25 51 
0 45 77 
45 56 99 
33 51 90 
11 62 99 
9 42 82 
37 61 99 
16 28 90 
16 51 99 
0 31 36 
31 57 99 
0 38 62 
9 16 57 
0 14 31 
56 87 90 
25 42 99 
0 62 85 
0 53 74 
0 65 76 
9 24 43 
16 22 99 
9 21 52 
0 46 71 
11 28 99 
9 67 87 
0 76 86 
9 34 38 
75 77 90 
11 85 90 
12 63 90 
0 18 75 
0 57 87 
14 74 90 
0 27 31 
25 28 99 
33 38 99 
9 47 74 
26 55 90 
9 22 47 
36 83 90 
24 68 90 
13 14 99 
0 52 88 
0 65 88 
0 15 54 
28 32 90 
0 17 32 
34 42 99 
12 23 99 
38 62 90 
37 74 99 
31 51 90 
46 53 99 
21 41 99 
0 23 35 
32 42 90 
43 84 90 
22 76 90 
14 86 99 
0 38 48 
48 65 90 
9 41 61 
9 28 55 
38 83 90 
43 64 90 
9 15 41 
0 45 72 
55 85 99 
9 18 34 
0 22 63 
17 33 99 
48 65 99 
0 24 78 
44 75 99 
0 83 84 
15 76 99 
28 83 90 
0 77 87 
75 82 90 
38 64 99 
0 28 42 
0 45 65 
18 57 99 
0 66 84 
0 33 82 
0 23 37 
9 52 64 
9 54 64 
61 83 99 
0 21 51 
9 64 66 
9 55 74 
71 83 99 
32 41 99 
65 84 99 
38 88 90 
34 78 90 
13 43 90 
9 33 84 
9 11 87 
24 26 99 
15 42 99 
9 41 53 
0 55 77 
16 31 90 
0 23 83 
16 24 99 
9 17 73 
63 78 90 
18 71 99 
9 45 85 
0 41 74 
24 47 99 
37 52 90 
0 73 76 
11 85 99 
9 43 61 
0 17 72 
9 48 53 
0 44 55 
9 38 56 
24 76 90 
41 83 99 
9 12 43 
0 77 83 
21 37 99 
21 44 90 
0 45 58 
11 77 99 
0 34 42 
13 27 90 
9 27 74 
63 73 90 
0 17 58 
17 31 90 
68 73 90 
9 24 84 
22 31 99 
22 62 99 
58 66 99 
51 87 99 
65 74 99 
9 33 47 
21 66 90 
0 51 66 
54 66 99 
0 42 64 
11 34 90 
58 83 90 
75 88 99 
0 17 36 
0 25 55 
18 77 90 
9 12 75 
14 84 90 
9 41 87 
28 75 99 
9 41 76 
0 32 51 
21 64 90 
9 22 27 
86 87 90 
77 82 90 
9 23 44 
0 42 83 
0 12 46 
9 13 53 
75 83 90 
16 78 99 
9 28 41 
47 66 90 
0 25 77 
0 53 88 
0 36 41 
0 35 65 
23 78 90 
21 36 99 
0 46 77 
41 43 99 
9 58 83 
0 62 78 
14 33 99 
64 72 99 
9 12 34 
9 28 74 
0 24 83 
54 68 99 
57 68 99 
22 62 90 
0 14 47 
0 17 57 
18 52 99 
63 87 90 
24 86 90 
0 13 54 
9 36 74 
0 17 44 
21 67 90 
9 42 73 
0 37 74 
9 24 56 
28 31 90 
9 45 52 
26 54 90 
0 41 43 
9 31 72 
9 36 47 
15 61 90 
0 12 15 
64 73 99 
9 13 15 
41 67 90 
9 31 43 
17 88 90 
73 77 99 
23 52 90 
9 66 88 
21 36 90 
9 56 88 
9 14 64 
9 12 55 
64 87 90 
42 72 99 
9 31 54 
9 15 37 
0 35 63 
9 16 35 
36 58 90 
0 18 55 
36 51 99 
0 27 61 
43 62 99 
0 71 78 
18 45 99 
41 74 90 
21 24 99 
9 28 45 
9 81 84 
0 18 53 
22 46 99 
9 21 23 
76 83 99 
9 55 56 
9 22 76 
38 73 99 
0 35 71 
44 65 90 
38 48 99 
0 62 65 
31 48 90 
9 43 47 
23 67 90 
9 61 74 
0 35 83 
9 13 77 
27 82 90 
9 46 84 
0 12 62 
9 43 82 
24 73 90 
31 38 90 
11 27 99 
38 82 90 
21 85 99 
9 11 58 
61 84 99 
42 77 99 
68 78 90 
35 55 99 
33 63 90 
9 45 63 
16 26 90 
0 33 57 
33 38 90 
16 86 90 
0 46 82 
64 82 90 
55 82 90 
9 53 57 
15 16 90 
0 53 85 
25 88 90 
84 86 99 
9 15 21 
9 28 48 
9 17 31 
0 45 62 
12 65 99 
9 46 61 
21 55 99 
9 23 54 
0 17 55 
9 63 81 
0 17 43 
0 28 73 
37 77 90 
0 27 63 
44 56 99 
46 75 90 
9 16 72 
54 85 90 
31 88 90 
9 55 78 
23 87 99 
13 54 90 
18 55 90 
26 67 99 
9 42 68 
0 18 44 
31 61 90 
18 41 90 
22 84 99 
24 35 99 
65 66 90 
17 76 90 
67 81 90 
31 71 99 
42 51 99 
9 21 36 
11 17 99 
0 82 83 
9 23 83 
9 25 34 
35 76 90 
9 26 67 
0 14 86 
0 47 81 
9 15 47 
24 48 90 
9 35 88 
57 58 90 
0 27 45 
36 71 99 
9 58 86 
62 72 99 
13 35 99 
43 85 90 
9 13 88 
13 17 99 
35 47 90 
15 77 90 
0 35 41 
0 54 72 
9 14 48 
17 38 99 
9 35 58 
48 53 90 
17 18 99 
0 36 74 
9 11 13 
36 64 90 
9 32 57 
56 73 99 
9 32 88 
0 43 82 
25 38 99 
65 82 90 
56 64 99 
0 66 86 
0 63 86 
37 48 90 
0 52 62 
0 26 72 
15 76 90 
0 24 68 
16 73 90 
9 38 76 
28 57 90 
0 51 73 
17 74 99 
0 37 64 
24 78 99 
15 25 99 
33 61 90 
0 37 72 
9 52 62 
15 64 99 
63 77 90 
18 52 90 
53 76 90 
18 85 99 
38 42 90 
0 64 76 
0 71 82 
45 64 99 
43 55 99 
17 44 90 
0 42 48 
9 46 47 
16 32 90 
9 53 84 
9 46 65 
36 55 90 
11 16 90 
52 68 99 
0 13 73 
66 84 99 
26 31 99 
0 45 78 
0 53 64 
9 26 55 
13 83 90 
26 44 99 
0 31 54 
17 78 90 
0 36 85 
23 26 90 
0 17 63 
0 43 55 
0 21 43 
61 65 90 
11 33 90 
0 37 52 
33 67 99 
0 46 76 
46 86 90 
0 56 72 
0 17 21 
36 43 90 
0 61 65 
9 42 88 
46 77 90 
56 73 90 
47 75 99 
71 88 99 
12 28 90 
0 11 14 
72 87 99 
9 72 82 
9 13 34 
9 24 63 
26 72 90 
0 14 46 
0 15 61 
25 34 99 
41 46 90 
12 68 99 
0 83 85 
21 57 90 
9 61 72 
0 64 78 
0 48 83 
9 42 66 
11 56 90 
9 14 25 
9 54 63 
44 73 90 
53 72 99 
0 18 68 
83 85 99 
13 73 99 
52 76 99 
41 63 90 
45 85 99 
9 16 23 
46 55 99 
73 77 90 
9 27 52 
0 27 37 
9 53 88 
0 22 81 
23 51 90 
9 74 82 
0 65 67 
0 14 35 
0 15 88 
0 82 86 
38 83 99 
0 14 26 
22 74 99 
0 28 41 
12 17 90 
37 57 99 
9 18 51 
0 24 41 
9 18 62 
33 81 99 
13 21 99 
9 56 68 
18 51 99 
32 34 99 
9 73 76 
41 48 99 
0 16 73 
42 73 90 
9 14 22 
9 11 66 
16 57 90 
35 78 99 
52 71 90 
76 87 90 
0 56 58 
55 83 99 
9 18 82 
0 26 83 
11 64 99 
0 34 67 
24 55 90 
9 63 73 
9 56 83 
14 81 99 
0 27 86 
43 67 90 
37 65 90 
16 25 99 
37 52 99 
0 38 68 
15 47 99 
12 13 90 
14 75 99 
9 33 45 
0 71 86 
0 52 75 
0 21 27 
81 86 90 
52 88 90 
0 16 22 
64 78 99 
9 25 47 
36 43 99 
24 72 99 
9 22 41 
31 77 99 
45 82 90 
9 38 73 
9 16 63 
0 32 71 
16 26 99 
67 86 99 
11 36 99 
9 41 65 
0 26 71 
62 63 99 
15 72 90 
63 85 99 
31 48 99 
17 86 90 
16 38 90 
0 64 67 
9 44 64 
14 66 90 
0 25 71 
35 75 90 
14 68 90 
53 87 99 
9 68 74 
32 72 99 
9 15 81 
76 82 90 
46 73 99 
0 12 18 
0 58 65 
16 68 90 
9 25 65 
0 11 55 
22 37 90 
9 13 31 
9 34 75 
24 41 99 
9 18 71 
45 46 90 
17 57 99 
0 24 65 
46 85 90 
9 57 85 
0 51 75 
0 14 21 
31 62 99 
24 68 99 
68 72 90 
38 84 99 
0 82 87 
35 85 90 
27 44 90 
15 81 90 
0 28 32 
0 53 68 
0 36 45 
35 61 99 
24 83 90 
0 44 45 
35 86 90 
9 12 27 
22 86 90 
0 37 56 
18 78 99 
0 18 77 
37 57 90 
22 41 90 
0 15 63 
0 31 55 
51 52 90 
34 85 90 
9 31 34 
0 75 81 
0 23 24 
0 12 45 
21 82 99 
9 32 58 
12 42 99 
9 12 24 
9 14 21 
27 36 99 
28 46 90 
0 23 34 
0 34 38 
44 62 90 
25 45 90 
24 33 90 
9 17 37 
33 87 90 
0 54 83 
0 22 46 
9 11 82 
33 75 90 
0 52 63 
43 88 90 
0 51 71 
9 65 88 
44 54 99 
9 64 73 
75 77 99 
57 83 90 
0 32 48 
9 63 87 
11 57 90 
13 65 90 
45 54 90 
22 68 99 
0 56 66 
0 21 34 
51 73 99 
38 77 90 
0 11 27 
0 35 36 
22 45 99 
9 36 41 
0 45 74 
51 71 99 
9 47 78 
9 22 68 
0 24 63 
0 13 27 
34 71 99 
21 22 99 
9 38 63 
0 47 72 
84 88 90 
9 44 61 
46 61 90 
52 74 90 
0 56 85 
9 43 46 
13 42 90 
67 73 99 
32 33 90 
45 82 99 
22 58 99 
0 15 76 
13 34 99 
25 35 90 
9 33 58 
55 71 90 
13 22 90 
0 76 88 
9 38 55 
27 58 99 
23 25 99 
0 35 64 
0 14 66 
9 14 72 
0 74 84 
9 33 53 
0 12 55 
9 18 78 
0 16 58 
46 78 99 
12 84 90 
0 34 74 
31 85 90 
66 78 90 
9 68 77 
17 88 99 
15 31 90 
54 78 99 
13 54 99 
9 11 22 
22 33 99 
0 52 64 
0 65 72 
25 37 90 
9 14 35 
14 23 99 
42 44 90 
0 47 64 
0 21 36 
42 58 99 
9 33 64 
9 62 72 
0 15 73 
9 17 51 
25 85 99 
13 87 90 
0 21 76 
34 82 99 
46 51 99 
14 48 90 
12 71 90 
58 65 90 
0 17 74 
44 73 99 
9 45 71 
13 33 90 
0 21 85 
0 24 75 
65 88 90 
0 14 18 
9 58 62 
28 74 90 
0 27 44 
0 13 52 
0 24 66 
35 58 90 
12 42 90 
0 28 37 
9 84 87 
0 14 55 
17 63 90 
18 26 99 
33 78 99 
9 51 66 
9 46 55 
9 25 27 
9 37 44 
9 48 81 
9 65 86 
9 78 83 
17 83 90 
45 63 99 
0 18 62 
0 68 87 
0 16 64 
0 13 26 
0 52 83 
43 53 90 
22 77 90 
0 17 35 
21 46 99 
18 21 99 
9 52 76 
0 52 77 
9 75 85 
9 11 86 
64 68 90 
9 21 54 
38 78 99 
9 61 86 
0 11 32 
44 72 99 
13 74 90 
47 72 90 
54 67 90 
18 42 99 
9 22 77 
64 77 90 
9 84 85 
31 46 99 
9 57 87 
15 27 99 
0 26 84 
0 58 77 
9 17 36 
66 81 99 
26 44 90 
37 76 90 
28 37 90 
22 67 99 
9 47 53 
9 12 81 
42 48 99 
46 84 90 
9 15 43 
16 83 99 
67 87 99 
11 28 90 
0 18 56 
68 81 90 
74 75 90 
18 65 99 
0 12 86 
9 25 74 
0 14 85 
37 68 99 
12 17 99 
47 74 90 
44 51 99 
18 75 90 
9 15 82 
44 82 90 
9 52 86 
21 35 90 
0 32 81 
52 63 99 
0 15 68 
9 62 71 
25 77 99 
11 34 99 
9 35 67 
26 78 90 
0 47 84 
65 75 90 
18 22 99 
63 74 99 
0 12 27 
9 24 85 
15 85 99 
0 35 62 
0 31 68 
32 54 99 
9 11 21 
0 34 56 
23 43 90 
55 86 90 
42 43 99 
0 15 53 
0 54 84 
9 41 63 
41 52 99 
72 86 99 
38 74 90 
0 44 77 
9 23 57 
28 31 99 
56 58 90 
21 53 99 
9 37 83 
0 44 62 
14 44 90 
0 57 86 
53 72 90 
41 55 90 
68 87 99 
23 24 90 
9 28 84 
16 74 99 
12 84 99 
9 63 76 
9 53 86 
16 78 90 
15 37 90 
0 11 63 
36 48 99 
9 26 31 
0 41 83 
9 44 65 
21 67 99 
0 14 67 
37 88 90 
38 54 99 
9 14 53 
0 25 75 
22 66 99 
18 31 90 
52 77 99 
26 58 90 
0 46 53 
81 83 90 
9 42 77 
12 58 99 
9 42 51 
66 67 99 
11 48 99 
9 38 44 
31 81 99 
9 16 27 
57 84 90 
9 21 55 
9 16 66 
0 22 42 
0 25 87 
0 32 47 
0 27 53 
26 45 99 
78 82 90 
0 61 75 
31 58 99 
0 11 68 
0 14 25 
36 42 99 
52 56 90 
33 85 90 
48 87 99 
9 43 77 
34 44 90 
0 18 78 
0 36 88 
14 43 90 
85 86 99 
0 43 72 
18 66 90 
45 86 90 
37 77 99 
28 45 90 
11 25 90 
0 73 83 
58 81 90 
25 77 90 
13 71 99 
55 71 99 
9 35 72 
9 42 78 
66 88 90 
9 24 58 
9 31 86 
46 54 90 
9 13 52 
16 37 90 
9 26 61 
11 87 99 
9 12 47 
14 81 90 
47 71 90 
9 53 62 
0 16 86 
11 86 99 
24 56 90 
15 74 90 
11 15 90 
9 23 66 
9 35 36 
9 58 81 
0 25 86 
0 43 84 
0 32 67 
9 24 53 
9 16 75 
9 32 64 
18 36 90 
9 34 65 
0 23 36 
9 36 87 
31 44 90 
11 41 90 
0 27 56 
0 22 71 
26 73 99 
9 58 66 
18 63 90 
58 61 99 
36 77 99 
0 23 77 
9 55 75 
0 42 56 
25 58 90 
18 61 99 
44 75 90 
9 38 64 
0 27 67 
62 85 99 
68 77 90 
0 23 31 
23 84 99 
25 88 99 
0 57 88 
14 74 99 
35 44 90 
83 84 99 
9 47 51 
12 18 90 
0 37 61 
9 57 63 
0 53 81 
71 74 99 
28 58 90 
28 72 99 
0 67 87 
62 76 99 
23 55 90 
0 18 82 
34 54 90 
9 41 57 
26 66 99 
9 23 75 
51 85 99 
13 58 99 
0 53 82 
0 53 61 
15 84 90 
9 55 66 
64 67 99 
0 46 67 
56 75 90 
45 73 99 
9 26 52 
85 88 99 
33 57 90 
55 75 90 
28 34 99 
9 21 87 
56 64 90 
9 36 66 
0 12 22 
9 31 66 
0 42 43 
45 47 99 
22 75 99 
44 77 90 
0 11 62 
9 18 64 
16 75 90 
9 56 81 
0 34 78 
38 65 99 
53 58 99 
12 85 99 
9 18 27 
21 53 90 
0 51 68 
9 28 88 
9 16 76 
11 13 90 
9 37 46 
22 81 99 
37 73 99 
0 53 77 
0 51 86 
48 55 99 
0 31 44 
0 32 62 
35 68 99 
9 33 71 
0 62 74 
9 58 67 
9 44 75 
0 25 61 
12 56 90 
13 56 99 
9 16 61 
35 58 99 
0 14 75 
18 53 90 
72 83 90 
0 43 76 
0 43 85 
27 75 90 
21 27 90 
9 27 68 
13 64 99 
31 63 99 
73 85 99 
48 64 90 
72 88 90 
0 15 21 
37 68 90 
9 37 86 
32 81 90 
64 75 99 
0 23 84 
0 11 54 
54 62 90 
0 18 52 
44 83 99 
41 65 99 
68 78 99 
0 37 67 
0 65 81 
0 16 28 
0 56 63 
0 28 38 
9 35 75 
15 61 99 
0 25 41 
9 28 38 
9 13 26 
9 22 33 
9 35 63 
0 11 84 
73 88 90 
0 12 58 
0 51 87 
48 78 99 
14 34 90 
41 63 99 
0 45 52 
0 16 67 
9 31 41 
31 54 99 
34 68 99 
0 31 62 
53 85 90 
0 11 73 
58 71 90 
0 47 52 
25 44 99 
18 53 99 
9 26 64 
0 16 83 
36 67 99 
34 76 90 
9 65 77 
0 18 72 
34 46 99 
0 11 16 
25 64 90 
9 18 77 
55 78 90 
9 47 72 
9 11 61 
15 84 99 
0 18 66 
0 51 84 
22 32 90 
77 85 99 
35 53 99 
9 42 72 
32 56 90 
9 75 84 
34 58 99 
47 78 99 
0 45 47 
13 15 99 
9 55 57 
9 41 72 
14 67 99 
9 48 72 
28 65 90 
9 51 67 
46 53 90 
9 28 33 
9 22 28 
0 58 63 
0 32 68 
31 32 90 
21 85 90 
9 18 24 
0 16 65 
12 61 90 
0 44 85 
0 61 68 
9 47 86 
33 82 99 
62 71 99 
62 83 90 
0 24 31 
17 68 99 
9 27 41 
27 53 90 
9 32 67 
33 85 99 
0 17 68 
9 55 72 
0 48 87 
0 35 51 
0 31 56 
9 16 64 
28 43 90 
65 87 99 
32 35 90 
9 12 36 
9 28 53 
23 76 90 
32 82 90 
36 68 90 
9 23 31 
0 17 64 
26 61 99 
0 65 78 
17 26 90 
9 37 54 
25 62 99 
0 57 65 
9 74 77 
63 87 99 
9 16 44 
0 38 71 
9 13 72 
21 76 90 
38 44 90 
9 36 82 
0 84 87 
0 37 46 
0 52 74 
0 17 41 
0 58 88 
37 88 99 
18 54 90 
9 63 82 
82 83 99 
23 86 90 
53 56 99 
18 56 99 
9 17 45 
0 46 85 
42 46 90 
0 42 55 
36 47 90 
43 48 90 
51 64 99 
25 27 99 
12 54 90 
9 15 36 
71 87 99 
0 18 31 
14 76 90 
9 41 83 
9 32 36 
57 76 90 
34 58 90 
9 51 86 
9 74 83 
38 86 90 
22 35 90 
9 37 57 
25 46 99 
24 61 99 
18 88 90 
9 35 84 
32 64 90 
9 27 56 
73 85 90 
0 66 73 
0 33 34 
36 45 90 
22 87 90 
0 21 56 
12 15 90 
46 83 99 
15 34 99 
58 62 90 
9 51 71 
44 78 99 
75 88 90 
0 34 51 
9 17 62 
26 81 99 
9 17 41 
34 83 99 
9 23 45 
0 31 33 
23 64 90 
9 31 75 
13 52 99 
0 27 36 
53 63 90 
0 58 86 
28 71 99 
16 64 90 
42 55 90 
15 24 99 
18 28 99 
0 76 78 
14 21 90 
9 54 71 
0 12 61 
61 85 99 
9 18 67 
34 77 90 
12 72 99 
62 82 90 
9 15 23 
54 57 99 
0 71 72 
9 17 53 
9 27 32 
0 45 66 
9 21 28 
9 54 75 
9 68 88 
0 35 37 
62 63 90 
0 67 71 
18 24 99 
12 74 90 
0 25 88 
9 33 34 
0 13 61 
0 47 61 
9 48 86 
9 51 55 
35 54 90 
54 71 99 
9 21 41 
0 67 83 
9 24 88 
0 25 35 
0 63 74 
9 21 47 
14 58 99 
33 83 90 
18 36 99 
0 12 67 
0 12 52 
48 52 90 
61 66 90 
9 77 83 
16 84 90 
48 84 90 
42 52 99 
0 12 73 
32 83 99 
0 31 37 
32 46 99 
34 35 99 
0 85 87 
16 72 99 
23 88 99 
0 72 84 
9 71 73 
66 81 90 
9 17 52 
0 13 63 
9 28 67 
9 22 83 
9 17 76 
17 45 99 
0 56 62 
33 46 99 
9 54 58 
0 24 51 
26 75 99 
0 15 33 
0 52 87 
9 41 75 
12 48 90 
32 85 90 
32 58 90 
37 78 90 
17 43 90 
9 24 71 
57 81 90 
56 85 90 
0 43 66 
12 43 90 
9 18 32 
13 47 90 
58 76 90 
52 53 99 
34 63 90 
9 16 22 
0 36 44 
9 65 66 
44 87 99 
0 44 56 
46 61 99 
31 32 99 
34 45 99 
9 12 53 
16 32 99 
58 73 99 
36 38 99 
24 75 90 
12 23 90 
72 85 99 
26 74 99 
9 41 81 
0 56 88 
21 23 99 
21 38 99 
0 51 85 
9 12 72 
27 61 90 
42 66 99 
47 84 99 
11 37 90 
56 86 99 
21 81 90 
0 21 81 
47 52 99 
0 32 44 
9 12 17 
52 72 99 
9 61 87 
51 77 90 
15 35 90 
36 38 90 
9 57 77 
0 41 72 
9 72 86 
0 15 55 
9 41 86 
73 76 90 
61 62 99 
21 47 90 
9 38 43 
0 55 62 
9 46 56 
26 37 90 
47 83 99 
0 25 43 
0 28 62 
63 72 90 
24 82 90 
9 73 88 
0 54 57 
32 77 90 
23 44 90 
0 23 55 
25 61 99 
52 82 99 
31 64 99 
13 68 99 
9 48 73 
43 51 99 
9 71 72 
0 53 75 
11 22 90 
41 75 99 
46 88 99 
0 28 68 
0 61 67 
0 46 57 
78 88 90 
15 43 99 
9 56 71 
33 74 99 
9 58 84 
28 86 99 
9 21 24 
9 11 44 
0 83 86 
9 37 84 
33 61 99 
37 46 90 
0 15 22 
9 24 76 
0 42 53 
58 74 90 
27 53 99 
48 85 99 
9 21 84 
9 15 55 
42 81 90 
57 58 99 
0 11 77 
0 24 84 
0 23 87 
65 83 90 
17 68 90 
9 32 44 
35 66 99 
12 86 99 
13 24 90 
0 28 61 
66 76 90 
11 24 99 
9 23 36 
0 58 76 
51 83 90 
0 21 75 
9 27 63 
12 25 99 
43 58 90 
16 76 90 
15 88 90 
0 74 81 
45 87 90 
9 15 42 
23 26 99 
0 22 88 
17 38 90 
64 74 90 
9 71 83 
24 64 90 
9 28 43 
9 14 87 
45 66 90 
0 33 53 
0 43 73 
63 83 99 
38 65 90 
12 74 99 
9 63 75 
12 65 90 
9 48 85 
0 38 51 
9 74 76 
62 85 90 
27 65 90 
26 41 90 
9 37 75 
27 66 90 
46 85 99 
9 23 62 
41 72 90 
45 74 90 
11 42 90 
0 23 58 
0 53 87 
45 51 90 
9 23 26 
9 15 85 
9 51 72 
52 73 90 
12 35 90 
0 41 47 
77 78 90 
38 84 90 
66 77 90 
23 51 99 
16 62 99 
52 84 90 
86 88 99 
13 63 90 
0 14 64 
9 33 55 
61 63 90 
52 88 99 
9 53 73 
0 21 35 
0 48 71 
9 31 32 
9 81 82 
9 26 47 
9 32 62 
9 62 82 
27 76 99 
56 77 90 
57 77 90 
42 54 99 
43 55 90 
0 15 86 
14 36 99 
0 17 38 
33 84 90 
0 43 45 
9 46 86 
66 68 99 
0 22 62 
16 64 99 
9 28 46 
0 12 66 
9 13 62 
9 33 76 
26 63 99 
67 76 90 
0 22 58 
68 86 90 
36 44 90 
9 14 32 
9 37 71 
46 86 99 
32 36 90 
9 27 44 
0 13 32 
0 41 71 
0 54 63 
43 66 90 
21 55 90 
38 51 90 
0 41 58 
66 82 99 
22 43 90 
27 52 99 
41 81 90 
0 26 81 
15 57 90 
9 12 77 
33 55 99 
9 27 88 
57 87 90 
26 78 99 
0 72 83 
0 45 82 
9 26 75 
66 73 90 
9 27 62 
9 38 82 
0 15 18 
48 73 90 
73 81 90 
0 27 74 
17 87 90 
0 22 61 
9 21 73 
0 11 42 
9 48 87 
9 13 46 
28 56 90 
58 73 90 
0 48 65 
71 86 90 
21 28 90 
52 54 90 
24 35 90 
9 17 75 
0 46 68 
9 42 52 
32 43 99 
0 34 87 
11 78 90 
0 52 68 
57 73 90 
11 12 99 
0 52 54 
44 53 99 
9 28 37 
9 53 66 
56 63 90 
0 74 82 
9 78 81 
42 53 90 
9 37 68 
52 64 99 
64 87 99 
0 14 56 
0 31 65 
9 34 62 
13 67 99 
15 31 99 
66 85 99 
11 31 90 
32 51 90 
9 32 61 
9 23 81 
9 34 46 
44 72 90 
9 14 34 
9 16 83 
0 53 78 
73 84 99 
27 84 99 
31 82 99 
0 34 85 
0 25 82 
77 86 90 
0 52 58 
22 38 99 
22 28 90 
11 54 99 
0 53 63 
9 78 87 
21 82 90 
9 47 58 
9 24 87 
58 75 90 
21 72 90 
0 34 58 
0 33 83 
9 13 44 
0 51 83 
65 81 90 
67 77 90 
9 25 77 
58 72 90 
9 13 27 
48 53 99 
12 64 90 
0 47 65 
0 12 28 
0 61 73 
65 72 90 
9 86 87 
24 42 99 
9 17 35 
61 78 99 
0 23 85 
0 47 67 
24 62 99 
68 73 99 
27 51 99 
9 76 84 
9 52 82 
54 65 90 
0 13 62 
43 85 99 
76 88 99 
9 18 41 
0 34 68 
16 51 90 
58 86 99 
0 18 47 
47 81 90 
0 13 14 
32 76 99 
0 41 81 
13 72 90 
9 32 35 
68 88 99 
9 52 78 
9 44 56 
11 52 99 
53 61 99 
0 52 57 
9 65 78 
36 85 90 
44 86 99 
9 27 75 
57 71 99 
35 84 90 
0 16 32 
0 17 82 
9 65 73 
0 45 54 
31 67 99 
9 28 57 
57 64 90 
9 81 86 
55 76 99 
9 74 88 
45 88 90 
24 72 90 
0 18 42 
9 15 71 
21 51 90 
46 76 90 
0 42 73 
9 43 55 
51 74 90 
17 24 99 
9 13 18 
12 81 90 
34 36 99 
26 28 99 
42 64 99 
63 86 90 
41 51 90 
23 55 99 
54 64 90 
0 24 71 
0 28 46 
51 88 99 
9 25 75 
0 28 76 
56 67 99 
0 47 56 
77 88 99 
54 82 90 
15 72 99 
9 44 81 
0 57 73 
48 81 99 
9 27 38 
42 71 90 
0 14 32 
9 31 61 
9 34 81 
36 37 90 
0 63 75 
26 41 99 
26 35 90 
38 76 99 
52 64 90 
53 73 90 
0 55 74 
33 73 90 
9 31 55 
26 88 90 
48 71 99 
0 14 36 
47 64 90 
13 46 99 
43 51 90 
35 73 90 
81 87 99 
48 61 99 
9 38 41 
47 85 99 
9 15 27 
9 14 68 
27 61 99 
14 83 90 
0 41 73 
9 28 52 
0 13 24 
56 78 90 
0 18 38 
21 45 99 
0 15 77 
47 68 90 
36 52 90 
16 21 99 
9 27 72 
9 31 62 
9 31 51 
9 31 47 
9 53 71 
0 33 68 
23 52 99 
0 45 48 
9 18 63 
0 21 64 
0 35 78 
0 25 57 
42 67 99 
0 11 86 
51 64 90 
71 87 90 
9 82 87 
18 87 90 
9 17 82 
0 55 61 
0 24 62 
0 77 84 
9 51 74 
12 41 90 
16 68 99 
9 37 63 
58 88 99 
0 26 42 
15 51 90 
41 53 90 
9 17 46 
61 76 90 
55 87 99 
25 33 90 
9 43 71 
0 13 28 
58 85 99 
0 22 77 
24 43 99 
0 45 53 
44 71 90 
11 77 90 
9 12 65 
45 73 90 
38 78 90 
9 26 74 
0 18 33 
9 34 66 
42 68 90 
9 61 82 
62 84 90 
0 42 75 
0 43 78 
0 31 87 
0 13 74 
9 21 75 
0 42 52 
16 31 99 
9 15 73 
9 42 43 
9 23 28 
16 58 99 
9 17 24 
22 38 90 
9 23 41 
25 35 99 
0 32 86 
54 84 99 
47 76 99 
33 76 99 
9 73 83 
18 46 99 
51 82 90 
0 45 63 
43 78 99 
53 73 99 
64 82 99 
65 83 99 
41 47 99 
9 16 65 
0 51 56 
33 35 99 
63 77 99 
66 76 99 
0 74 75 
0 17 52 
0 15 87 
13 36 90 
9 58 88 
53 55 99 
9 66 82 
28 67 99 
9 24 36 
9 25 72 
17 82 99 
9 35 42 
26 65 99 
58 81 99 
9 38 83 
22 71 90 
26 51 90 
9 21 32 
15 22 99 
22 54 99 
53 54 99 
9 66 81 
61 66 99 
47 65 99 
54 85 99 
14 22 90 
9 14 77 
9 22 34 
0 26 48 
0 35 86 
9 15 54 
9 11 37 
11 25 99 
45 58 99 
57 86 90 
9 73 82 
9 22 52 
14 57 90 
0 62 76 
9 48 66 
0 33 77 
0 21 66 
0 46 88 
9 27 67 
9 35 47 
9 21 81 
9 11 26 
43 88 99 
15 28 90 
27 55 90 
0 26 53 
0 12 87 
9 28 66 
0 57 77 
18 44 90 
43 75 99 
58 66 90 
0 25 42 
0 15 44 
9 14 27 
0 24 57 
18 26 90 
0 56 65 
58 78 99 
9 12 28 
9 37 56 
9 38 78 
0 35 67 
9 65 85 
36 74 90 
15 64 90 
9 42 64 
0 42 67 
0 15 82 
0 24 53 
37 66 99 
0 32 88 
9 28 64 
66 87 99 
74 77 90 
0 23 26 
75 86 90 
9 11 63 
0 28 58 
9 45 68 
27 71 90 
9 37 72 
9 53 54 
11 82 99 
0 66 81 
0 54 86 
47 48 90 
0 18 34 
9 25 55 
42 82 90 
9 45 64 
9 13 21 
0 12 41 
9 57 73 
11 44 99 
12 37 90 
9 26 88 
0 17 65 
12 53 90 
9 27 37 
9 14 45 
35 47 99 
28 61 90 
0 33 35 
9 26 72 
48 67 90 
47 56 90 
0 14 84 
9 25 62 
9 42 48 
27 56 90 
0 34 37 
37 73 90 
0 61 76 
24 55 99 
17 23 99 
9 18 31 
32 66 99 
0 26 74 
55 58 99 
9 61 73 
56 84 90 
0 26 58 
0 48 63 
9 37 74 
21 58 90 
12 53 99 
9 42 55 
25 38 90 
9 74 86 
9 32 55 
37 54 90 
42 62 90 
9 23 73 
25 27 90 
26 68 90 
32 68 99 
9 47 63 
54 84 90 
9 32 85 
9 13 56 
25 52 90 
9 42 53 
0 16 37 
9 43 73 
28 53 90 
0 63 78 
68 71 99 
9 46 58 
51 72 90 
9 16 37 
54 75 99 
43 83 90 
0 24 74 
0 78 85 
45 51 99 
77 81 99 
9 27 83 
9 62 88 
0 41 86 
26 58 99 
36 51 90 
24 42 90 
0 12 36 
63 71 99 
0 18 46 
68 72 99 
17 24 90 
23 68 99 
0 56 78 
17 52 99 
9 31 53 
0 43 53 
61 74 99 
0 62 72 
9 25 45 
43 54 99 
0 14 61 
0 22 66 
28 47 99 
37 86 99 
45 66 99 
9 11 25 
12 32 90 
33 78 90 
47 87 99 
75 85 90 
54 61 90 
36 74 99 
9 16 28 
9 46 52 
28 42 90 
57 67 90 
54 86 99 
9 22 55 
9 22 53 
9 76 88 
12 41 99 
12 87 99 
0 34 35 
9 58 72 
46 74 99 
54 62 99 
9 83 86 
0 34 63 
26 88 99 
57 62 99 
44 71 99 
38 72 99 
28 48 90 
9 31 63 
54 74 99 
54 55 90 
21 32 99 
0 34 82 
38 74 99 
13 84 99 
44 55 99 
0 63 73 
9 57 72 
0 11 76 
0 48 82 
9 28 71 
9 11 43 
42 81 99 
9 62 81 
73 83 90 
0 27 32 
27 88 99 
74 86 90 
9 85 88 
0 44 61 
25 68 90 
65 68 99 
15 24 90 
52 57 99 
15 83 99 
18 68 99 
9 21 82 
9 25 41 
9 16 33 
9 11 27 
43 76 90 
32 47 99 
11 84 99 
16 37 99 
24 58 99 
0 51 67 
12 21 99 
71 85 99 
9 31 35 
9 26 35 
0 18 36 
0 45 88 
9 18 26 
9 46 74 
0 14 37 
25 46 90 
0 14 24 
24 85 99 
9 11 67 
52 67 99 
9 76 77 
9 36 67 
25 67 90 
21 84 99 
76 87 99 
11 13 99 
0 46 75 
0 35 55 
26 52 99 
17 58 90 
35 82 90 
9 63 83 
9 15 68 
14 68 99 
0 26 32 
28 55 99 
12 37 99 
16 47 90 
64 68 99 
0 15 74 
0 45 68 
37 84 90 
9 45 65 
11 35 90 
9 61 76 
9 62 65 
0 27 58 
55 78 99 
44 57 99 
22 88 90 
48 75 99 
0 41 77 
9 12 82 
0 14 68 
9 16 18 
15 25 90 
37 46 99 
27 88 90 
9 57 71 
0 28 85 
9 38 51 
0 68 88 
22 27 99 
26 27 99 
11 38 90 
17 25 90 
0 36 76 
43 84 99 
48 62 90 
22 55 90 
51 56 99 
57 78 99 
0 33 38 
16 55 99 
48 51 90 
44 51 90 
9 31 67 
0 62 67 
9 25 33 
0 23 74 
0 52 61 
9 44 63 
0 16 75 
17 71 90 
9 47 77 
12 38 90 
9 11 28 
72 81 99 
47 63 99 
15 51 99 
0 54 67 
61 64 99 
33 58 99 
18 47 90 
9 38 75 
41 82 90 
9 35 66 
0 13 16 
0 76 82 
25 63 90 
35 88 99 
12 76 99 
0 17 45 
81 83 99 
16 34 90 
9 22 86 
9 27 54 
26 62 90 
9 17 83 
31 44 99 
53 71 90 
22 64 99 
15 68 90 
9 41 43 
51 86 99 
9 12 73 
0 25 65 
0 14 81 
62 88 90 
32 44 99 
9 11 48 
13 51 99 
0 26 85 
31 74 99 
66 83 90 
33 65 99 
9 67 82 
44 81 90 
12 27 99 
0 47 85 
9 14 66 
9 73 87 
9 42 61 
55 74 99 
13 16 90 
0 48 54 
11 67 99 
13 81 90 
34 81 99 
45 65 90 
31 66 99 
62 77 90 
21 56 90 
0 18 86 
9 44 73 
26 83 99 
53 76 99 
9 15 84 
34 63 99 
53 85 99 
9 68 73 
0 13 65 
9 15 35 
11 63 99 
0 36 87 
35 42 99 
0 75 82 
9 26 56 
25 72 90 
0 18 43 
25 47 99 
33 55 90 
46 76 99 
0 48 62 
27 85 90 
38 71 99 
9 34 51 
45 61 99 
9 31 83 
57 83 99 
51 63 99 
0 17 33 
41 81 99 
9 64 75 
37 81 90 
9 24 44 
0 64 71 
9 53 58 
32 63 99 
9 12 25 
24 52 90 
0 24 85 
9 14 26 
36 86 90 
0 25 28 
27 65 99 
45 67 99 
37 45 90 
9 57 88 
0 17 37 
27 68 90 
9 68 86 
9 26 65 
0 24 67 
9 66 77 
9 25 35 
9 68 82 
15 33 90 
18 43 99 
0 53 58 
21 43 99 
58 72 99 
17 64 90 
52 66 99 
41 68 99 
12 73 99 
46 64 90 
78 83 90 
18 72 99 
16 24 90 
37 75 90 
0 37 68 
25 66 90 
9 36 48 
0 42 66 
9 11 42 
0 37 66 
9 17 22 
67 72 90 
13 77 90 
11 47 90 
47 73 99 
9 17 88 
9 21 44 
9 52 55 
9 66 74 
9 62 83 
9 23 76 
0 15 81 
24 32 90 
65 78 99 
9 54 85 
9 16 87 
0 13 77 
31 54 90 
24 87 99 
21 73 99 
9 12 32 
73 78 90 
9 56 58 
24 76 99 
0 45 73 
0 27 76 
0 47 88 
0 34 77 
35 83 90 
62 87 90 
0 33 65 
9 15 24 
22 56 90 
23 34 99 
0 38 76 
0 46 54 
28 57 99 
9 53 61 
27 46 99 
24 74 90 
36 87 99 
16 34 99 
9 52 56 
9 24 73 
33 84 99 
0 32 38 
24 37 90 
9 44 68 
34 38 90 
43 87 90 
9 55 73 
67 88 99 
9 37 65 
0 56 77 
18 81 99 
32 82 99 
9 16 73 
48 52 99 
48 86 99 
12 57 99 
9 44 67 
51 71 90 
0 52 82 
23 74 99 
9 12 37 
9 32 41 
9 44 72 
9 12 38 
53 65 99 
78 86 99 
0 34 72 
9 14 15 
9 27 71 
55 76 90 
41 45 90 
9 57 66 
9 27 87 
0 12 81 
52 76 90 
13 62 99 
9 45 78 
9 31 88 
0 52 72 
9 67 75 
65 81 99 
17 61 90 
25 87 99 
11 47 99 
9 17 87 
82 87 90 
37 74 90 
9 61 84 
9 77 81 
53 67 90 
12 83 99 
25 52 99 
41 67 99 
35 66 90 
9 14 41 
9 37 64 
34 41 90 
0 37 84 
55 58 90 
32 34 90 
26 71 90 
11 72 90 
9 56 77 
43 68 90 
9 26 37 
9 26 71 
9 17 57 
0 58 66 
56 82 90 
17 56 90 
26 48 99 
22 47 90 
0 51 78 
0 45 64 
9 36 65 
12 46 90 
9 43 44 
9 18 65 
56 88 99 
32 57 99 
0 35 85 
35 65 90 
57 72 90 
26 38 99 
55 66 90 
0 11 13 
23 75 99 
9 47 68 
18 38 99 
32 63 90 
9 33 63 
22 61 90 
22 27 90 
0 33 51 
74 86 99 
48 82 99 
26 61 90 
65 86 90 
0 26 57 
9 26 82 
9 47 52 
42 78 99 
31 72 90 
16 57 99 
9 34 55 
9 57 62 
38 81 90 
0 46 84 
27 86 90 
13 16 99 
9 26 28 
48 81 90 
34 73 99 
27 35 90 
46 75 99 
9 15 57 
44 64 90 
41 84 90 
0 25 54 
28 41 90 
0 67 82 
0 41 65 
35 64 90 
0 38 67 
37 61 90 
36 67 90 
9 16 53 
9 35 53 
32 74 99 
22 42 90 
15 26 90 
14 35 90 
17 53 99 
17 67 99 
26 83 90 
0 36 58 
0 17 61 
82 88 90 
28 33 99 
15 73 99 
9 17 42 
35 78 90 
0 12 65 
0 24 61 
0 21 73 
14 37 99 
45 52 99 
9 54 67 
47 68 99 
0 44 73 
9 37 47 
68 85 99 
23 65 90 
42 71 99 
37 64 99 
0 66 77 
35 67 90 
0 48 57 
23 74 90 
54 64 99 
0 37 45 
61 73 90 
9 25 52 
56 65 90 
9 27 46 
0 63 64 
9 25 46 
45 77 90 
9 22 78 
12 57 90 
9 32 78 
11 18 90 
13 82 99 
0 61 83 
0 31 64 
0 24 36 
9 58 71 
58 84 99 
0 47 78 
9 53 63 
16 54 99 
37 56 99 
9 62 87 
0 86 88 
9 28 87 
9 46 64 
9 12 66 
0 11 65 
0 28 43 
9 74 75 
44 46 99 
35 42 90 
9 53 85 
22 46 90 
44 83 90 
15 56 99 
11 72 99 
71 81 90 
46 58 99 
21 31 90 
0 28 55 
0 17 75 
24 63 90 
21 33 99 
35 81 90 
0 62 81 
45 46 99 
9 46 68 
26 43 90 
25 81 90 
76 78 90 
58 78 90 
52 73 99 
24 26 90 
56 74 90 
37 43 99 
0 11 85 
62 81 99 
34 64 90 
35 73 99 
15 66 90 
15 85 90 
45 58 90 
9 41 82 
9 38 42 
73 78 99 
9 21 51 
9 22 42 
76 85 90 
0 23 73 
0 25 62 
21 52 99 
12 71 99 
13 76 90 
0 14 71 
13 44 90 
9 18 45 
0 28 74 
25 53 90 
9 34 54 
0 24 46 
14 22 99 
0 27 43 
9 26 57 
0 14 43 
0 36 55 
0 22 65 
0 22 53 
53 74 99 
43 45 90 
0 57 74 
72 88 99 
17 46 90 
9 34 85 
22 65 99 
24 77 90 
33 68 90 
68 82 90 
15 54 90 
17 21 99 
9 12 58 
9 41 44 
13 42 99 
48 57 99 
0 28 87 
0 11 35 
9 41 55 
0 11 67 
9 34 57 
54 68 90 
72 83 99 
52 55 99 
0 52 84 
74 83 99 
28 85 99 
22 33 90 
9 14 75 
0 32 53 
34 51 90 
9 18 72 
0 35 48 
18 22 90 
0 28 51 
9 15 45 
12 86 90 
56 71 99 
11 44 90 
0 37 65 
25 53 99 
48 87 90 
41 45 99 
9 62 66 
25 42 90 
9 34 83 
31 82 90 
57 87 99 
33 41 99 
0 32 41 
9 26 86 
0 11 75 
9 42 83 
26 33 90 
0 81 82 
9 13 16 
74 76 90 
22 58 90 
0 35 77 
66 71 99 
15 41 99 
0 17 62 
0 34 62 
0 55 65 
56 78 99 
9 44 52 
0 64 83 
9 16 58 
12 33 90 
9 26 77 
62 66 99 
0 47 51 
23 62 90 
9 21 27 
9 23 34 
67 78 99 
15 28 99 
26 32 90 
9 53 72 
0 67 81 
0 65 66 
9 33 41 
9 43 74 
47 66 99 
66 71 90 
38 46 99 
9 24 75 
9 36 54 
77 87 90 
0 45 71 
22 57 99 
9 34 77 
21 73 90 
0 41 46 
16 53 99 
0 21 48 
9 13 66 
0 16 48 
0 66 68 
13 83 99 
9 12 41 
0 34 57 
24 41 90 
0 31 52 
51 57 90 
54 66 90 
26 76 99 
9 81 88 
26 36 90 
15 21 90 
58 82 90 
9 15 44 
32 81 99 
0 36 77 
9 74 87 
0 22 72 
0 55 75 
54 73 90 
53 83 99 
9 78 82 
0 54 81 
74 75 99 
9 17 54 
81 84 90 
63 82 99 
0 11 37 
9 12 16 
33 52 90 
57 72 99 
17 32 90 
0 17 42 
0 15 57 
34 62 90 
0 48 84 
0 42 68 
11 55 90 
31 43 99 
14 28 99 
53 77 90 
22 24 99 
9 26 42 
0 75 86 
16 87 90 
21 76 99 
37 71 99 
0 33 75 
51 65 90 
0 22 78 
51 77 99 
28 54 99 
35 61 90 
43 77 99 
54 75 90 
13 86 90 
9 23 53 
36 61 99 
32 61 90 
31 53 90 
23 33 99 
17 73 99 
42 82 99 
9 51 64 
9 61 65 
23 77 90 
0 53 86 
54 58 99 
18 32 90 
11 33 99 
9 22 87 
0 28 33 
71 84 99 
21 61 99 
0 37 42 
9 14 37 
9 42 84 
12 75 90 
33 42 99 
42 83 99 
35 48 99 
9 51 85 
0 38 84 
9 11 16 
47 56 99 
34 72 99 
9 54 61 
9 66 72 
0 33 42 
0 31 58 
9 53 64 
9 27 66 
0 54 73 
0 21 82 
31 63 90 
13 31 99 
22 68 90 
25 54 99 
0 68 74 
9 26 68 
0 31 63 
21 62 90 
9 36 86 
9 22 51 
9 35 64 
17 22 99 
11 57 99 
18 24 90 
0 44 51 
9 44 77 
31 52 90 
16 54 90 
9 47 83 
0 28 47 
63 72 99 
9 13 43 
21 86 90 
0 17 77 
9 13 58 
34 55 99 
13 67 90 
12 36 90 
9 43 56 
0 14 27 
0 16 46 
0 54 82 
32 53 90 
14 67 90 
48 57 90 
56 62 90 
0 57 58 
0 27 66 
66 73 99 
0 77 82 
0 15 26 
0 18 65 
9 36 38 
9 73 74 
62 78 90 
75 76 90 
9 15 26 
45 62 99 
0 21 25 
0 65 75 
36 85 99 
0 37 87 
0 82 84 
9 64 83 
0 27 85 
0 24 72 
38 47 99 
15 36 90 
16 41 99 
9 24 28 
61 88 90 
0 37 76 
9 67 71 
0 18 26 
0 13 44 
0 24 73 
15 55 90 
62 81 90 
9 46 88 
23 72 90 
52 56 99 
0 13 15 
0 25 38 
31 61 99 
9 56 75 
15 67 99 
34 53 99 
24 47 90 
51 84 90 
64 88 90 
17 83 99 
27 45 99 
48 82 90 
9 32 76 
0 84 88 
0 57 61 
0 33 67 
13 77 99 
63 73 99 
25 83 99 
11 88 99 
18 47 99 
0 65 84 
28 62 99 
52 57 90 
55 56 90 
0 68 82 
9 24 34 
64 73 90 
11 45 90 
47 86 90 
23 35 90 
0 72 85 
9 14 81 
26 62 99 
0 62 82 
0 14 76 
0 36 46 
0 17 28 
9 42 45 
31 33 90 
81 82 90 
33 62 99 
12 27 90 
75 81 99 
9 43 54 
54 63 90 
44 74 90 
31 72 99 
42 57 90 
0 13 86 
9 16 24 
0 37 81 
46 78 90 
71 86 99 
75 76 99 
18 57 90 
0 34 46 
9 11 68 
9 22 85 
34 81 90 
46 67 99 
53 66 90 
41 47 90 
9 32 37 
24 67 90 
9 24 83 
0 21 86 
86 87 99 
27 48 99 
0 36 75 
9 21 22 
9 41 51 
9 77 88 
81 87 90 
0 31 32 
63 85 90 
37 51 90 
9 66 87 
9 48 58 
71 76 99 
37 75 99 
26 82 90 
11 56 99 
0 72 77 
34 35 90 
0 18 83 
67 74 90 
0 13 67 
32 74 90 
34 88 90 
9 54 87 
0 34 61 
31 56 90 
9 28 61 
28 35 90 
21 71 99 
9 38 61 
38 64 90 
9 17 25 
0 23 78 
9 13 63 
18 74 90 
24 53 90 
81 86 99 
9 25 84 
0 15 25 
33 36 90 
9 76 81 
36 54 90 
36 81 99 
9 34 47 
13 37 90 
9 53 81 
0 47 77 
23 27 99 
22 85 99 
0 28 83 
44 61 90 
18 46 90 
18 48 99 
16 77 99 
71 78 99 
84 85 99 
0 57 68 
0 34 86 
9 15 61 
0 11 43 
9 15 32 
36 46 99 
9 21 56 
15 73 90 
9 21 85 
35 72 90 
9 35 71 
56 87 99 
51 62 99 
55 61 99 
57 66 99 
74 81 90 
9 44 74 
53 78 99 
9 24 38 
38 77 99 
65 88 99 
36 37 99 
0 13 83 
0 75 83 
42 47 90 
43 77 90 
0 34 88 
25 57 99 
21 52 90 
54 63 99 
9 46 78 
0 48 85 
64 75 90 
9 17 56 
9 27 51 
0 62 88 
21 87 90 
35 51 90 
54 71 90 
0 16 61 
0 62 64 
12 16 99 
36 72 90 
56 75 99 
25 64 99 
0 34 36 
54 88 99 
23 85 90 
0 52 53 
0 11 53 
13 74 99 
27 71 99 
43 66 99 
14 65 99 
0 16 76 
44 56 90 
0 25 76 
0 64 82 
61 75 90 
0 22 86 
9 35 87 
55 86 99 
9 13 84 
0 41 85 
44 68 99 
9 37 45 
0 32 61 
9 61 64 
0 14 87 
0 33 52 
37 47 90 
0 47 62 
25 36 90 
26 86 99 
45 62 90 
0 61 78 
0 15 32 
16 43 90 
9 46 62 
12 78 90 
9 62 84 
9 27 77 
9 37 53 
0 55 66 
46 56 99 
9 25 56 
71 73 90 
87 88 90 
14 88 90 
46 72 90 
0 41 82 
9 48 61 
9 54 56 
0 26 73 
34 48 99 
9 16 17 
31 76 90 
26 53 90 
9 31 73 
14 87 90 
9 56 61 
35 85 99 
16 85 99 
17 42 90 
47 86 99 
9 71 75 
26 54 99 
61 71 99 
32 38 99 
66 72 90 
26 56 90 
27 77 90 
48 72 90 
34 83 90 
14 31 90 
36 83 99 
0 36 84 
53 62 90 
9 31 64 
18 48 90 
28 65 99 
0 52 56 
9 13 68 
28 74 99 
9 57 83 
9 61 85 
0 16 74 
16 46 99 
0 27 83 
0 31 82 
0 34 41 
9 41 45 
0 44 72 
16 36 90 
0 24 58 
0 68 86 
0 84 86 
18 61 90 
31 68 90 
0 56 76 
45 75 90 
0 42 63 
0 17 67 
47 55 90 
51 75 99 
0 37 71 
28 68 99 
0 53 72 
0 34 75 
52 85 99 
9 23 77 
43 75 90 
9 22 32 
9 22 71 
37 38 90 
47 82 99 
34 57 90 
63 65 90 
0 66 83 
9 35 45 
42 74 99 
9 15 53 
58 63 90 
75 82 99 
0 12 72 
9 43 83 
0 26 47 
9 35 81 
0 15 48 
18 54 99 
82 88 99 
9 34 64 
0 43 83 
32 33 99 
15 78 90 
21 47 99 
35 41 90 
0 22 23 
73 87 90 
21 32 90 
61 82 99 
0 16 34 
0 32 57 
9 51 88 
26 47 99 
9 18 85 
37 55 90 
9 77 85 
0 33 45 
0 55 57 
45 76 90 
9 72 77 
9 51 82 
0 58 83 
63 75 99 
9 46 77 
18 31 99 
65 67 90 
9 64 81 
31 35 90 
9 53 55 
0 35 52 
9 27 57 
57 84 99 
15 38 90 
9 46 73 
37 86 90 
9 11 53 
0 48 88 
14 32 99 
0 13 33 
23 45 90 
27 47 99 
18 81 90 
9 64 84 
65 85 90 
0 13 43 
24 71 99 
46 62 99 
41 58 99 
9 45 67 
0 54 66 
38 68 90 
31 45 90 
0 48 75 
25 26 99 
11 65 90 
9 67 76 
0 31 88 
14 66 99 
18 72 90 
0 17 88 
0 23 48 
42 73 99 
12 31 99 
66 86 99 
9 11 56 
9 17 58 
0 11 66 
44 81 99 
9 47 85 
9 27 35 
0 38 81 
18 55 99 
18 25 99 
9 25 78 
9 14 36 
47 77 99 
9 35 55 
13 61 90 
0 54 62 
34 84 90 
0 16 82 
9 84 86 
9 56 57 
32 37 90 
9 67 68 
9 54 72 
0 28 84 
0 38 74 
9 33 62 
9 83 87 
55 85 90 
9 18 23 
44 58 90 
9 54 73 
0 11 48 
18 35 99 
14 54 99 
75 84 99 
27 36 90 
0 15 62 
9 13 25 
18 86 90 
9 41 73 
25 32 90 
54 77 90 
0 47 57 
47 76 90 
23 56 90 
45 64 90 
9 63 66 
42 52 90 
36 86 99 
21 58 99 
0 17 78 
9 37 58 
9 16 45 
0 57 64 
9 25 71 
9 72 76 
48 62 99 
45 81 99 
0 11 72 
54 87 99 
13 18 90 
0 56 86 
16 23 90 
9 43 78 
9 17 23 
14 25 99 
16 48 90 
41 55 99 
0 27 33 
24 62 90 
0 14 58 
46 55 90 
17 46 99 
12 73 90 
9 22 36 
65 67 99 
43 86 90 
13 68 90 
68 84 99 
9 12 84 
38 58 99 
0 46 61 
0 24 47 
9 45 56 
38 62 99 
12 87 90 
0 21 67 
75 87 99 
32 42 99 
28 78 99 
41 66 99 
16 66 99 
43 64 99 
17 41 99 
0 32 83 
14 33 90 
24 36 90 
9 36 75 
31 42 99 
0 43 65 
0 25 58 
9 57 65 
54 65 99 
9 61 63 
0 24 37 
61 84 90 
0 13 46 
34 73 90 
0 78 81 
9 23 24 
9 48 52 
9 22 65 
9 15 58 
0 11 58 
0 35 46 
0 74 87 
62 77 99 
17 53 90 
13 72 99 
41 86 99 
52 75 90 
0 64 74 
0 32 63 
9 16 85 
31 75 90 
43 67 99 
34 38 99 
48 72 99 
0 16 71 
9 23 85 
0 14 78 
62 82 99 
46 73 90 
25 78 99 
43 81 99 
41 71 99 
9 64 72 
47 57 99 
0 18 23 
0 13 88 
0 45 75 
11 21 90 
17 18 90 
0 28 53 
0 25 45 
26 31 90 
0 48 81 
9 46 67 
42 54 90 
9 13 73 
66 83 99 
11 65 99 
9 42 54 
9 41 62 
35 62 90 
9 27 78 
0 37 73 
53 55 90 
0 14 45 
58 87 99 
0 56 82 
65 76 99 
78 85 99 
52 53 90 
0 25 83 
9 22 72 
26 34 90 
9 33 42 
38 71 90 
22 24 90 
0 12 64 
9 74 85 
71 78 90 
28 37 99 
63 75 90 
78 84 90 
9 32 81 
24 54 90 
12 24 90 
9 16 46 
38 53 99 
53 88 90 
53 66 99 
26 76 90 
54 72 90 
71 83 90 
44 67 90 
38 75 90 
38 82 99 
0 13 85 
25 72 99 
28 48 99 
9 17 38 
15 75 90 
9 15 52 
24 57 90 
0 74 86 
9 17 84 
0 38 47 
0 15 78 
9 18 61 
0 17 66 
0 36 38 
35 41 99 
0 33 43 
13 62 90 
0 56 57 
9 37 66 
61 86 99 
18 43 90 
0 16 45 
33 67 90 
23 31 90 
52 81 99 
41 85 99 
15 27 90 
0 12 57 
0 24 25 
43 44 99 
9 13 65 
42 88 90 
9 55 61 
9 41 84 
0 43 52 
9 12 52 
0 12 23 
74 77 99 
0 53 73 
38 43 99 
9 13 33 
12 63 99 
25 31 99 
41 56 99 
35 54 99 
9 38 85 
0 25 64 
34 62 99 
24 56 99 
56 66 99 
25 67 99 
0 45 56 
9 66 71 
9 26 53 
9 52 71 
34 45 90 
35 87 90 
37 71 90 
9 51 54 
64 76 99 
21 88 99 
16 72 90 
27 38 99 
27 38 90 
13 27 99 
21 81 99 
16 82 99 
41 78 90 
9 47 81 
9 15 25 
0 55 84 
9 34 35 
12 35 99 
9 43 58 
9 73 81 
9 34 82 
34 37 99 
12 16 90 
0 36 53 
38 43 90 
37 44 90 
0 53 66 
38 57 90 
0 23 57 
9 56 72 
9 17 48 
34 71 90 
9 27 34 
9 37 76 
56 76 99 
21 75 99 
9 16 51 
9 32 34 
21 44 99 
0 47 48 
9 43 66 
9 26 63 
0 36 47 
0 12 78 
25 44 90 
9 75 86 
0 54 76 
78 84 99 
0 71 76 
0 31 57 
27 57 90 
0 34 83 
0 64 85 
21 45 90 
0 41 42 
9 62 73 
9 37 43 
9 71 82 
64 72 90 
0 34 84 
55 64 99 
9 38 66 
9 42 86 
25 74 99 
0 32 76 
15 26 99 
0 23 41 
9 63 65 
0 21 77 
0 32 52 
0 42 44 
9 52 83 
58 85 90 
13 41 90 
54 83 99 
43 73 90 
0 62 86 
0 57 84 
0 23 86 
9 36 55 
15 54 99 
0 15 85 
22 75 90 
11 21 99 
18 44 99 
26 46 99 
0 64 86 
13 82 90 
16 36 99 
9 63 74 
41 54 99 
46 71 99 
78 88 99 
42 48 90 
0 44 88 
17 65 99 
41 88 90 
0 61 87 
26 56 99 
15 43 90 
15 17 90 
47 73 90 
9 72 73 
0 22 37 
0 45 87 
35 71 99 
9 31 77 
52 83 99 
15 35 99 
0 25 78 
38 86 99 
36 56 99 
9 48 82 
9 41 54 
0 34 65 
0 14 54 
52 86 90 
0 23 82 
9 45 72 
9 71 88 
9 54 82 
25 84 99 
14 55 90 
9 26 83 
9 37 41 
16 66 90 
0 48 55 
0 74 78 
9 18 22 
0 14 44 
83 88 99 
0 11 25 
9 21 58 
13 48 90 
84 88 99 
34 61 99 
32 47 90 
9 14 28 
11 23 99 
31 57 90 
25 75 90 
0 27 71 
27 73 99 
53 82 99 
9 38 62 
43 47 99 
9 58 78 
0 62 71 
45 48 99 
9 28 76 
0 15 38 
36 63 99 
44 62 99 
47 57 90 
9 23 52 
9 34 45 
38 41 99 
83 88 90 
15 52 90 
0 64 77 
33 73 99 
36 76 90 
0 31 83 
55 83 90 
44 74 99 
0 52 73 
46 68 90 
15 17 99 
16 75 99 
9 64 78 
27 72 90 
9 52 84 
14 85 90 
0 48 64 
9 21 64 
36 45 99 
23 53 90 
11 76 90 
13 71 90 
58 62 99 
65 75 99 
17 37 90 
0 31 72 
9 52 87 
9 26 58 
32 41 90 
37 45 99 
12 88 90 
15 57 99 
0 64 72 
0 61 64 
26 45 90 
9 11 35 
57 74 99 
0 51 57 
18 64 99 
0 53 83 
0 11 12 
51 62 90 
27 85 99 
37 41 90 
9 66 73 
9 64 86 
9 34 86 
9 31 44 
14 54 90 
0 36 54 
13 53 90 
16 81 90 
0 24 86 
41 88 99 
14 51 99 
9 34 71 
12 85 90 
54 56 90 
23 54 99 
57 61 90 
24 81 99 
0 11 21 
9 36 78 
23 61 90 
14 18 90 
0 47 71 
9 33 68 
41 61 99 
16 55 90 
23 35 99 
9 42 87 
0 13 66 
16 52 90 
38 88 99 
45 86 99 
53 71 99 
9 48 84 
0 25 36 
0 18 27 
0 78 86 
46 48 90 
0 43 74 
0 48 56 
9 33 88 
28 36 90 
64 84 90 
9 36 64 
13 25 90 
0 74 88 
22 35 99 
0 24 54 
9 24 26 
12 51 99 
9 61 88 
0 21 37 
42 68 99 
0 44 53 
9 31 48 
0 16 21 
56 58 99 
9 32 42 
73 88 99 
9 51 73 
53 56 90 
38 52 99 
14 64 99 
0 48 61 
31 52 99 
33 88 90 
13 55 99 
44 85 99 
15 55 99 
41 57 90 
23 71 90 
0 52 66 
52 55 90 
0 68 85 
72 78 90 
0 24 44 
9 13 76 
9 24 61 
38 57 99 
0 27 75 
22 48 99 
27 81 99 
0 33 61 
9 12 35 
36 44 99 
11 86 90 
9 21 35 
9 22 48 
54 56 99 
24 84 99 
0 43 75 
0 54 64 
41 82 99 
28 47 90 
26 86 90 
13 45 99 
46 87 99 
9 36 88 
53 64 99 
51 72 99 
22 47 99 
9 16 78 
9 32 73 
31 47 99 
81 85 99 
26 85 90 
9 33 46 
18 41 99 
9 62 68 
9 75 76 
0 26 87 
42 64 90 
66 67 90 
24 75 99 
46 58 90 
62 73 99 
0 42 78 
0 26 86 
0 48 58 
16 56 99 
9 71 76 
35 77 99 
73 76 99 
81 88 90 
38 72 90 
21 61 90 
9 18 75 
65 85 99 
32 62 99 
55 77 99 
9 66 68 
9 22 37 
9 71 86 
9 26 54 
21 43 90 
77 81 90 
0 62 68 
0 35 81 
9 36 63 
0 87 88 
9 24 66 
25 86 99 
53 61 90 
0 35 44 
41 83 90 
0 11 38 
9 28 35 
24 64 99 
14 31 99 
22 65 90 
17 77 90 
0 27 55 
12 13 99 
9 57 86 
47 51 90 
18 62 90 
32 71 90 
52 77 90 
33 66 99 
13 21 90 
41 77 90 
0 61 88 
9 45 76 
9 21 45 
9 35 46 
51 54 99 
0 34 76 
0 27 62 
48 76 99 
9 85 86 
9 32 82 
37 72 90 
52 75 99 
23 58 99 
35 43 90 
61 78 90 
0 17 22 
25 33 99 
9 22 82 
34 85 99 
9 26 51 
9 41 42 
9 23 64 
17 87 99 
0 12 71 
22 53 90 
9 23 46 
53 86 99 
73 74 99 
21 78 99 
0 81 85 
0 35 84 
0 54 78 
85 86 90 
0 22 74 
32 56 99 
