3 4 6 
39 50 97 
3 10 40 
7 79 96 
20 30 39 
3 70 94 
5 59 94 
6 39 89 
1 4 60 
3 92 96 
5 59 70 
40 96 97 
3 6 7 
93 94 95 
7 40 92 
30 60 89 
4 5 96 
79 96 97 
1 6 94 
59 60 80 
5 30 89 
70 79 89 
59 79 96 
7 10 96 
10 95 96 
4 29 40 
1 4 70 
29 30 80 
1 39 70 
39 89 91 
4 69 94 
1 70 96 
89 93 95 
4 29 91 
6 8 19 
5 92 98 
59 69 94 
6 93 97 
20 60 95 
30 50 93 
70 89 93 
7 10 29 
4 69 70 
20 59 93 
10 40 60 
4 91 96 
7 30 91 
19 79 96 
6 93 95 
29 49 60 
30 91 95 
4 8 89 
1 3 6 
10 69 98 
7 80 91 
20 69 91 
19 50 79 
39 89 94 
93 96 97 
20 39 92 
2 39 60 
3 7 94 
30 40 95 
2 79 96 
6 39 70 
7 80 97 
7 70 95 
69 70 89 
60 93 95 
49 89 93 
3 4 60 
1 59 92 
40 70 79 
7 8 95 
1 2 49 
50 60 80 
3 8 40 
6 8 80 
20 60 94 
6 89 92 
69 89 93 
2 50 69 
2 3 79 
2 20 96 
10 49 59 
8 39 91 
40 59 92 
59 91 93 
7 20 96 
20 29 98 
4 6 29 
40 60 96 
49 70 96 
3 91 92 
2 4 94 
8 70 92 
30 97 98 
20 70 94 
3 6 10 
49 89 92 
6 29 91 
3 40 80 
6 70 89 
19 39 94 
8 91 94 
7 30 69 
4 60 97 
4 89 95 
5 40 98 
3 6 59 
3 5 96 
3 6 29 
6 89 95 
3 5 91 
50 92 97 
92 93 98 
6 19 80 
4 10 79 
92 96 97 
2 5 89 
20 94 98 
2 60 93 
80 95 96 
5 70 89 
92 94 96 
8 39 69 
20 91 97 
3 7 80 
2 49 91 
10 91 97 
3 39 50 
3 39 95 
19 49 89 
29 91 93 
8 40 91 
29 30 59 
10 50 69 
5 19 40 
19 39 59 
1 10 80 
29 94 96 
1 2 4 
39 40 79 
3 29 79 
29 92 98 
19 60 79 
5 70 92 
8 69 70 
7 29 97 
8 29 50 
8 93 94 
7 8 49 
19 80 98 
2 49 59 
5 80 89 
2 30 79 
8 94 96 
10 29 40 
4 8 59 
4 50 80 
29 39 60 
20 39 60 
6 19 20 
60 94 95 
5 6 40 
60 79 92 
40 91 96 
7 10 49 
4 7 69 
3 95 97 
3 89 98 
8 91 93 
49 70 79 
3 10 98 
1 3 80 
3 79 91 
4 50 94 
3 50 69 
2 60 70 
49 50 92 
2 79 98 
6 20 98 
7 70 92 
3 40 94 
7 20 69 
4 8 29 
8 39 59 
4 49 89 
20 92 93 
4 7 96 
5 6 30 
50 92 93 
39 49 69 
49 50 59 
7 92 93 
6 40 80 
50 94 95 
1 20 98 
1 3 93 
69 80 98 
40 50 89 
1 7 8 
2 39 40 
3 4 40 
3 5 10 
59 94 97 
7 80 98 
19 40 70 
40 92 95 
1 2 69 
50 80 97 
20 40 79 
8 29 80 
29 59 98 
2 5 98 
60 80 94 
4 7 93 
8 80 95 
20 30 60 
50 91 94 
8 91 92 
5 59 95 
8 10 29 
2 19 29 
2 5 59 
20 49 79 
20 29 95 
30 80 89 
30 60 96 
2 50 91 
3 7 40 
4 49 94 
7 20 30 
6 30 69 
70 95 97 
2 95 97 
4 8 20 
5 10 89 
5 8 29 
5 93 98 
20 92 97 
1 5 19 
5 50 59 
8 40 93 
4 40 49 
5 19 94 
39 40 69 
40 91 94 
20 89 95 
2 39 97 
2 29 30 
20 79 92 
2 20 91 
6 79 92 
5 29 79 
40 79 94 
10 49 92 
5 30 92 
1 93 94 
95 97 98 
5 7 49 
10 19 29 
5 8 40 
1 29 80 
4 89 93 
10 29 50 
4 29 79 
2 70 79 
89 92 93 
40 50 98 
5 39 95 
6 30 95 
8 30 91 
10 40 91 
4 93 96 
8 10 59 
10 40 49 
6 59 89 
7 40 49 
3 10 29 
19 20 79 
8 92 94 
10 50 98 
20 50 95 
59 96 97 
10 29 91 
1 10 20 
10 20 40 
6 19 70 
3 4 95 
1 7 91 
39 79 91 
4 70 91 
4 69 93 
2 6 20 
6 89 91 
59 94 96 
29 50 79 
40 60 92 
5 40 69 
30 50 94 
8 20 89 
6 29 96 
49 50 89 
29 50 92 
4 6 79 
8 20 30 
7 19 60 
19 91 98 
4 6 60 
4 80 91 
19 39 80 
59 94 95 
10 20 93 
7 79 94 
29 89 96 
50 69 95 
59 92 97 
4 39 50 
4 80 94 
50 70 92 
1 93 97 
10 80 94 
10 19 91 
40 69 94 
2 5 96 
50 97 98 
3 69 94 
89 95 96 
10 49 95 
59 92 98 
1 10 79 
3 40 96 
10 30 40 
19 70 98 
2 5 94 
1 50 89 
1 70 92 
8 79 97 
7 40 95 
4 5 29 
7 93 94 
7 79 98 
19 92 93 
30 50 98 
19 20 30 
70 91 95 
5 19 92 
2 92 97 
3 30 70 
10 29 30 
7 50 80 
4 50 91 
2 95 98 
5 60 80 
2 60 94 
60 93 98 
6 20 40 
1 89 94 
1 5 96 
3 5 79 
5 69 98 
3 7 70 
3 5 29 
3 29 97 
19 91 94 
3 6 70 
2 30 89 
19 30 60 
10 39 69 
50 94 97 
20 40 98 
8 89 91 
4 29 80 
30 50 59 
7 89 98 
49 92 96 
4 39 97 
29 49 96 
79 95 97 
4 8 96 
2 40 59 
29 50 98 
20 69 79 
10 92 93 
69 70 79 
8 79 92 
1 50 95 
1 49 89 
4 39 69 
39 70 89 
49 70 91 
1 69 70 
3 5 89 
2 59 92 
29 60 80 
8 50 93 
7 50 97 
29 70 98 
4 10 30 
2 10 98 
1 6 98 
7 10 39 
7 69 96 
30 39 91 
2 10 96 
1 5 89 
7 19 49 
3 20 89 
1 2 70 
8 70 96 
30 70 97 
2 96 97 
5 29 97 
39 50 69 
3 8 39 
69 70 94 
49 69 80 
39 50 93 
6 60 80 
4 8 69 
19 20 69 
1 60 93 
8 96 98 
29 89 97 
1 20 96 
19 30 59 
39 49 70 
5 91 94 
2 30 69 
5 6 10 
93 96 98 
5 79 96 
6 70 97 
20 60 80 
39 59 94 
60 91 92 
8 49 92 
1 59 97 
5 19 59 
5 40 96 
49 80 94 
30 39 40 
5 91 98 
1 69 91 
39 69 96 
40 69 95 
4 94 96 
5 8 92 
4 8 10 
50 70 89 
40 89 98 
20 29 59 
4 19 60 
19 50 98 
40 93 97 
1 60 92 
2 5 93 
29 96 98 
39 40 50 
8 70 97 
2 20 69 
7 20 50 
7 39 80 
79 92 95 
3 94 96 
39 59 95 
1 4 69 
59 70 80 
29 91 92 
40 95 97 
49 79 80 
8 39 49 
2 30 40 
10 49 91 
8 60 98 
5 39 93 
6 29 80 
1 94 97 
5 39 97 
2 59 60 
6 7 29 
5 8 91 
20 39 91 
40 60 91 
20 59 69 
30 69 98 
80 89 92 
1 6 49 
19 49 60 
50 95 98 
20 59 70 
39 92 95 
49 95 98 
1 70 91 
3 10 20 
6 49 92 
30 92 93 
19 79 94 
3 29 94 
3 20 70 
49 69 98 
7 69 94 
2 4 6 
1 80 96 
29 79 95 
4 19 49 
6 89 93 
60 70 96 
20 91 96 
40 50 92 
4 5 39 
20 30 89 
8 19 79 
29 69 96 
4 7 79 
39 69 70 
19 59 70 
7 8 39 
1 5 80 
8 69 98 
29 91 95 
6 19 30 
6 70 93 
6 50 95 
3 19 80 
69 93 96 
5 6 8 
40 60 80 
7 49 69 
49 79 89 
7 70 80 
3 39 79 
2 29 95 
10 89 98 
8 60 79 
60 80 97 
2 59 97 
20 30 40 
7 92 97 
19 30 92 
3 80 91 
59 70 94 
3 30 89 
7 49 96 
60 89 97 
8 89 95 
7 8 98 
29 40 93 
79 92 96 
19 69 95 
39 50 80 
10 49 80 
4 80 95 
29 89 92 
2 10 69 
7 59 79 
30 89 92 
8 69 92 
40 95 96 
4 49 50 
19 20 40 
20 69 98 
5 10 94 
5 80 91 
20 29 50 
6 29 89 
79 80 94 
40 79 91 
50 79 92 
2 94 95 
3 30 94 
19 30 94 
20 70 98 
6 30 49 
59 80 93 
59 79 89 
5 10 29 
40 79 80 
6 39 95 
20 49 59 
3 89 97 
69 80 94 
1 91 93 
4 59 96 
4 6 49 
6 59 60 
59 80 95 
4 29 94 
3 7 60 
8 69 96 
29 59 95 
40 79 89 
60 89 94 
79 91 92 
3 95 98 
4 96 97 
8 69 80 
2 19 98 
6 39 96 
8 70 89 
70 80 89 
19 69 93 
5 8 39 
8 40 80 
2 60 96 
19 29 70 
1 19 95 
40 60 89 
5 70 93 
10 29 79 
2 79 97 
39 50 92 
2 39 69 
19 29 30 
8 30 89 
7 39 70 
39 40 89 
7 8 20 
10 39 98 
20 29 40 
7 30 97 
39 94 98 
10 69 96 
7 40 60 
6 40 91 
3 4 30 
2 59 89 
49 60 95 
30 59 80 
2 79 93 
7 91 92 
20 50 94 
10 19 39 
39 40 59 
50 70 98 
3 60 93 
29 40 69 
5 96 97 
29 69 98 
2 4 59 
19 49 95 
60 69 96 
3 8 30 
10 50 95 
69 92 96 
7 40 89 
29 95 96 
50 69 92 
2 93 94 
30 70 79 
8 10 80 
70 94 95 
6 8 94 
4 19 95 
19 39 96 
7 29 95 
39 80 98 
6 8 91 
6 8 98 
7 10 94 
8 39 93 
19 59 60 
50 79 97 
2 7 95 
3 10 97 
1 29 96 
2 8 89 
8 20 95 
19 70 94 
10 20 39 
3 60 97 
10 60 89 
4 40 91 
93 94 97 
2 20 79 
19 50 93 
7 40 96 
5 29 93 
29 94 98 
39 79 92 
10 80 93 
1 89 96 
6 49 95 
20 39 96 
50 59 79 
2 50 95 
10 30 60 
5 20 94 
4 5 59 
6 69 92 
2 39 80 
19 91 97 
39 40 70 
20 70 89 
5 7 60 
3 8 20 
6 20 96 
7 29 59 
91 97 98 
1 50 70 
10 29 39 
6 10 91 
8 60 93 
2 20 39 
4 79 98 
8 29 40 
1 49 50 
20 40 97 
7 94 95 
19 29 79 
50 60 91 
7 95 97 
30 89 95 
5 19 29 
7 20 79 
50 95 96 
3 70 95 
60 92 93 
8 60 92 
30 39 95 
5 20 97 
4 8 92 
2 40 69 
5 69 96 
5 70 79 
4 7 60 
70 92 93 
29 50 96 
70 89 98 
8 93 95 
7 19 30 
29 40 89 
5 39 79 
19 40 79 
39 49 94 
1 39 91 
6 80 92 
5 59 91 
6 8 50 
5 30 79 
5 39 40 
8 40 96 
1 59 60 
6 30 89 
7 29 40 
7 59 95 
30 80 97 
7 29 93 
1 3 79 
40 49 95 
3 5 39 
3 8 50 
8 29 70 
19 40 96 
49 79 93 
50 80 93 
3 20 49 
49 69 95 
30 40 70 
5 10 80 
5 79 80 
69 93 95 
7 89 94 
7 29 39 
4 49 60 
2 7 30 
1 79 98 
60 70 79 
40 60 70 
70 80 95 
2 80 98 
4 20 89 
3 50 98 
5 39 96 
20 80 92 
4 40 59 
39 89 98 
30 39 70 
6 20 95 
2 6 79 
5 40 79 
6 19 93 
5 89 96 
3 59 96 
30 69 70 
49 92 95 
59 80 89 
4 7 8 
4 91 92 
2 91 95 
2 70 92 
29 60 79 
8 49 96 
29 79 94 
2 6 70 
5 29 40 
5 7 59 
4 29 69 
2 8 59 
30 92 98 
40 49 96 
3 7 93 
20 60 98 
10 30 39 
89 91 92 
7 80 96 
10 70 91 
4 5 50 
19 29 40 
1 80 91 
49 94 96 
1 2 79 
50 93 98 
4 8 49 
2 29 50 
1 7 96 
3 70 91 
6 10 95 
1 59 93 
3 7 29 
3 59 92 
2 30 92 
4 6 19 
2 10 20 
2 4 10 
5 93 95 
50 91 96 
4 50 59 
91 94 98 
4 6 20 
4 20 93 
3 49 79 
20 70 95 
8 10 20 
29 93 96 
8 80 91 
80 92 95 
2 39 59 
39 49 91 
5 30 95 
20 69 80 
80 89 96 
4 89 97 
29 96 97 
4 79 96 
1 69 97 
19 95 98 
59 93 94 
59 69 80 
6 79 80 
20 29 80 
30 39 94 
8 92 96 
3 19 97 
4 80 93 
5 19 20 
5 89 95 
6 91 93 
20 50 93 
79 80 89 
19 50 97 
7 91 94 
5 94 97 
5 79 97 
19 40 69 
49 70 98 
4 20 69 
8 89 96 
7 93 97 
4 30 70 
30 79 93 
4 69 92 
5 93 96 
3 39 69 
3 40 70 
8 40 97 
70 93 96 
6 10 20 
93 95 96 
2 8 79 
10 92 97 
4 6 59 
5 20 92 
30 94 96 
1 60 79 
30 92 94 
89 96 97 
6 93 94 
1 5 40 
8 20 93 
6 70 98 
5 6 7 
1 5 8 
8 29 96 
20 29 92 
19 69 80 
7 20 93 
5 30 98 
20 30 80 
40 50 59 
4 10 92 
39 89 97 
3 10 59 
69 94 96 
4 10 80 
2 59 98 
2 49 89 
79 80 98 
69 96 98 
40 70 95 
20 49 92 
7 79 89 
3 10 80 
6 20 70 
8 50 91 
4 60 98 
1 40 80 
1 3 5 
10 50 60 
8 60 89 
4 5 20 
4 6 97 
3 20 29 
1 89 98 
2 89 93 
1 19 70 
50 60 89 
10 29 80 
7 49 50 
92 94 95 
40 49 89 
29 97 98 
4 20 92 
4 59 98 
2 40 91 
5 8 95 
4 19 69 
7 91 95 
5 89 93 
6 80 96 
6 92 93 
40 96 98 
1 29 91 
3 30 95 
1 29 79 
19 89 96 
6 97 98 
7 59 60 
39 40 80 
19 40 98 
20 30 98 
3 6 96 
5 80 96 
60 70 98 
40 91 92 
5 19 69 
10 49 79 
2 20 98 
1 2 94 
8 10 70 
79 95 96 
2 39 49 
20 50 98 
1 69 98 
3 80 96 
4 6 70 
30 39 97 
1 39 96 
6 8 95 
8 39 98 
1 4 20 
60 92 95 
49 89 91 
40 60 69 
6 30 91 
19 59 94 
4 97 98 
30 50 79 
1 7 60 
5 10 93 
7 95 98 
5 20 50 
2 7 69 
8 94 97 
10 60 97 
30 59 98 
30 94 95 
49 89 96 
20 93 97 
2 92 94 
20 89 91 
60 91 94 
8 80 92 
2 10 70 
29 50 69 
6 7 50 
1 50 93 
19 40 80 
8 50 92 
3 69 89 
10 39 95 
10 59 93 
39 93 94 
8 39 40 
39 89 92 
5 8 30 
80 89 94 
8 79 93 
59 92 93 
1 7 92 
49 59 89 
10 39 96 
5 7 30 
50 70 91 
30 50 80 
3 29 70 
29 93 98 
60 70 95 
20 89 93 
1 92 94 
29 50 89 
8 19 95 
5 79 95 
3 4 80 
91 92 94 
2 29 97 
10 50 97 
3 29 30 
2 79 89 
40 49 91 
19 49 91 
4 20 91 
19 49 92 
39 92 96 
19 79 89 
39 91 93 
8 30 98 
3 80 93 
40 59 97 
3 69 91 
1 7 50 
2 5 95 
60 69 94 
4 59 93 
20 49 97 
4 70 80 
4 7 94 
10 49 96 
70 91 97 
8 50 69 
6 8 20 
5 6 59 
30 39 89 
1 10 91 
19 20 49 
69 92 95 
49 70 95 
1 30 60 
4 10 49 
92 94 98 
3 69 95 
2 3 7 
91 92 97 
50 69 94 
10 19 96 
2 5 19 
7 49 92 
3 50 94 
8 10 30 
5 7 91 
6 29 60 
3 20 80 
20 40 49 
10 40 95 
6 19 92 
30 39 69 
5 30 69 
39 79 89 
7 19 20 
1 20 69 
4 29 60 
69 79 80 
5 29 60 
6 29 39 
4 8 19 
19 69 89 
3 29 96 
2 29 70 
50 94 96 
2 69 98 
2 10 80 
80 91 95 
4 49 70 
3 10 95 
4 59 80 
1 40 59 
91 93 98 
7 50 70 
10 29 60 
1 19 59 
39 50 70 
3 8 93 
2 49 70 
4 79 93 
69 93 94 
6 7 98 
8 19 49 
19 59 96 
10 29 96 
4 19 59 
29 69 94 
4 59 89 
1 5 93 
19 29 91 
59 91 96 
20 29 49 
5 60 91 
5 20 79 
2 39 93 
2 7 40 
19 49 98 
6 7 20 
19 59 89 
29 89 95 
3 6 49 
3 20 93 
30 80 94 
39 69 93 
30 49 96 
29 69 80 
1 39 49 
3 69 79 
1 60 91 
19 69 97 
50 96 97 
29 49 93 
6 39 59 
5 6 49 
70 79 98 
29 30 98 
30 79 96 
8 19 94 
19 60 70 
6 7 92 
5 92 95 
59 79 98 
3 30 93 
19 59 79 
10 20 92 
1 19 49 
6 30 80 
10 69 95 
8 79 80 
5 39 94 
6 92 98 
1 60 97 
30 70 96 
3 40 59 
4 39 96 
29 50 59 
3 5 93 
1 69 79 
6 49 89 
1 5 92 
3 39 59 
8 49 50 
29 70 80 
3 40 60 
7 70 98 
6 69 95 
3 6 20 
6 40 69 
5 7 79 
8 30 70 
7 59 70 
2 10 19 
1 50 96 
4 69 96 
4 50 95 
29 60 98 
39 91 97 
40 59 93 
3 50 60 
6 19 89 
29 80 96 
5 8 19 
5 94 96 
3 29 60 
2 3 80 
19 29 49 
79 93 95 
3 19 50 
1 29 49 
10 69 92 
2 3 49 
29 59 96 
3 50 91 
7 80 89 
4 79 91 
2 60 98 
19 39 60 
8 30 80 
3 39 93 
4 7 39 
20 59 92 
6 40 60 
30 60 91 
1 7 29 
10 69 70 
5 7 92 
19 79 98 
4 5 69 
29 70 95 
6 20 93 
4 40 98 
91 95 98 
1 6 80 
6 7 39 
5 19 89 
40 49 80 
2 19 60 
6 95 97 
3 49 70 
4 59 79 
1 59 95 
1 6 19 
59 70 96 
80 94 96 
20 29 97 
7 8 40 
29 50 95 
5 20 49 
1 5 69 
29 50 60 
20 29 39 
4 6 89 
50 80 96 
7 50 95 
40 70 91 
39 93 96 
7 10 89 
5 8 49 
59 60 96 
4 8 98 
30 69 91 
20 39 80 
7 39 89 
39 50 60 
40 95 98 
3 59 95 
70 80 96 
59 93 97 
1 7 98 
3 4 49 
60 80 95 
6 39 98 
4 29 98 
1 7 79 
30 70 91 
3 7 89 
39 79 94 
40 80 97 
6 59 70 
59 70 98 
20 29 70 
3 89 96 
96 97 98 
1 10 89 
2 39 79 
4 5 10 
60 94 98 
3 4 29 
5 94 95 
6 69 98 
6 7 8 
30 60 80 
1 6 50 
7 93 98 
6 10 59 
5 30 97 
19 60 80 
10 59 95 
4 92 96 
40 89 96 
49 94 97 
4 8 97 
7 39 91 
6 50 70 
92 93 96 
7 29 92 
6 79 93 
6 10 39 
7 49 97 
3 20 97 
20 70 93 
59 79 97 
20 93 96 
6 80 91 
3 39 94 
2 29 93 
5 80 92 
1 30 59 
19 93 94 
1 59 70 
19 49 69 
6 30 96 
10 20 29 
10 80 97 
19 70 96 
1 2 40 
2 7 93 
29 40 91 
3 10 70 
39 80 96 
69 95 96 
2 29 80 
1 50 98 
7 8 60 
50 70 94 
29 59 94 
6 93 96 
2 7 80 
5 89 92 
1 20 29 
10 80 91 
3 10 89 
6 8 60 
8 79 94 
2 69 93 
49 50 91 
8 40 94 
6 39 97 
39 79 80 
3 7 20 
50 80 94 
19 95 97 
3 4 92 
5 60 69 
8 96 97 
50 70 79 
3 40 95 
19 30 69 
4 79 97 
10 29 97 
7 39 97 
4 5 94 
4 93 97 
49 89 98 
2 6 98 
5 69 79 
5 10 98 
1 4 97 
20 79 89 
29 49 92 
91 92 93 
30 69 97 
6 30 40 
2 7 59 
8 60 97 
2 49 94 
4 39 98 
5 10 96 
6 20 89 
30 80 93 
8 10 40 
4 5 93 
20 50 96 
5 39 50 
19 95 96 
49 70 93 
69 91 94 
59 89 91 
80 91 97 
39 40 93 
6 40 97 
30 39 93 
8 30 69 
7 39 93 
1 91 96 
40 80 89 
20 50 69 
1 49 91 
30 60 94 
10 59 94 
4 30 40 
40 93 96 
6 19 94 
6 40 95 
3 39 70 
5 10 50 
60 69 80 
2 29 89 
1 49 98 
1 29 70 
4 29 92 
6 19 50 
1 40 96 
8 70 79 
50 59 89 
19 89 93 
1 7 69 
4 8 60 
80 93 96 
29 49 98 
20 30 79 
8 59 96 
10 60 95 
5 19 91 
5 79 94 
3 79 92 
94 96 98 
7 30 96 
5 8 98 
5 50 94 
59 80 94 
30 69 92 
7 49 95 
4 40 79 
2 60 92 
6 29 97 
8 93 96 
2 7 39 
2 50 98 
6 40 49 
2 8 39 
19 91 92 
7 59 97 
2 4 20 
19 69 96 
39 59 79 
49 69 97 
4 29 89 
8 49 59 
49 80 98 
7 10 98 
20 91 95 
2 59 96 
30 60 95 
3 30 98 
4 59 97 
69 70 93 
29 59 79 
6 8 69 
10 19 59 
5 20 80 
19 30 39 
19 30 50 
50 60 69 
4 95 98 
10 59 69 
8 59 98 
3 29 98 
4 91 98 
3 6 50 
91 96 98 
29 94 95 
93 95 97 
4 60 89 
20 49 50 
3 19 69 
2 91 98 
40 80 92 
2 59 69 
91 93 94 
7 50 92 
4 91 94 
2 3 98 
60 80 96 
3 7 96 
69 79 93 
40 70 96 
1 8 97 
19 29 50 
50 79 98 
8 69 89 
20 89 98 
70 92 94 
19 39 70 
40 59 91 
10 89 95 
10 30 70 
2 79 95 
89 92 95 
4 19 70 
2 50 89 
7 49 59 
39 40 94 
39 92 93 
79 91 94 
2 91 93 
1 30 50 
5 19 50 
19 49 97 
29 69 79 
1 3 19 
3 6 80 
2 89 96 
40 69 93 
59 70 95 
6 29 93 
6 7 40 
6 50 93 
4 40 69 
3 6 91 
50 70 97 
2 19 91 
5 70 95 
1 49 94 
49 60 79 
2 39 98 
2 39 96 
2 69 91 
49 60 96 
2 3 95 
6 30 98 
6 10 29 
6 19 39 
29 69 91 
10 89 91 
8 40 98 
6 29 40 
49 69 70 
39 50 89 
20 59 94 
4 92 93 
5 69 94 
6 91 98 
7 29 80 
7 8 96 
2 3 30 
2 39 50 
5 20 39 
39 50 98 
2 8 49 
20 49 93 
2 30 50 
79 80 96 
20 49 70 
7 96 97 
3 80 92 
1 10 93 
49 79 91 
2 8 69 
6 59 98 
10 19 40 
5 40 50 
1 7 93 
20 39 94 
40 93 98 
69 89 92 
10 80 98 
5 49 70 
19 91 93 
4 30 94 
2 3 20 
69 94 95 
4 19 50 
40 79 96 
5 10 49 
49 69 93 
2 92 93 
20 95 98 
1 29 93 
19 50 69 
1 89 97 
39 60 79 
1 7 49 
2 4 29 
3 6 93 
2 5 60 
1 8 93 
6 49 98 
1 79 97 
49 93 94 
30 79 94 
1 59 96 
20 40 92 
4 29 95 
1 40 70 
1 2 20 
10 60 93 
5 60 70 
5 50 69 
1 30 89 
3 59 93 
79 93 94 
29 40 59 
5 8 94 
39 40 92 
1 40 69 
1 19 20 
10 30 98 
10 19 30 
10 93 96 
10 40 98 
5 60 93 
10 59 79 
40 49 93 
39 89 93 
49 50 70 
29 60 97 
59 69 93 
1 2 50 
2 20 49 
29 70 94 
1 20 95 
10 19 60 
20 69 93 
8 10 93 
50 70 93 
79 89 98 
7 70 97 
29 49 50 
6 69 89 
20 93 95 
50 89 98 
5 91 92 
8 40 49 
79 92 93 
29 39 96 
1 19 94 
1 70 79 
59 79 93 
39 40 91 
10 20 98 
49 80 96 
40 94 97 
5 20 98 
4 79 80 
1 5 98 
1 20 40 
89 91 96 
1 50 69 
8 50 59 
5 7 93 
1 3 98 
8 40 79 
70 95 98 
49 50 80 
4 79 89 
2 79 92 
19 29 92 
3 10 69 
5 91 95 
10 49 93 
19 20 59 
8 29 39 
7 19 93 
30 59 94 
20 49 98 
30 89 97 
19 39 50 
39 92 94 
10 19 79 
10 49 98 
60 79 97 
20 30 49 
91 93 96 
4 70 89 
7 40 97 
50 80 91 
1 49 80 
70 96 97 
50 60 97 
6 60 79 
1 30 39 
7 8 92 
6 7 89 
1 39 40 
3 50 97 
29 50 70 
2 4 60 
10 95 97 
8 30 39 
20 50 70 
7 40 93 
3 91 98 
59 89 98 
40 79 97 
3 69 93 
7 30 49 
1 8 59 
69 79 94 
5 59 97 
29 69 93 
3 7 49 
6 70 79 
8 30 93 
92 93 94 
6 79 95 
3 49 93 
3 19 95 
6 80 97 
3 94 97 
2 6 30 
19 20 96 
4 40 94 
2 60 95 
6 60 96 
29 59 70 
1 60 80 
40 91 93 
6 50 69 
6 29 70 
60 93 96 
6 10 19 
39 50 94 
39 80 95 
30 92 95 
3 6 69 
6 40 98 
50 59 69 
39 80 91 
29 39 79 
5 49 91 
10 30 91 
39 50 59 
69 91 98 
5 60 79 
59 69 96 
40 89 92 
7 8 19 
2 3 91 
3 39 89 
8 79 91 
20 49 80 
2 8 50 
3 8 19 
49 92 98 
5 59 80 
3 7 97 
4 5 91 
3 19 60 
4 19 98 
30 79 98 
6 40 70 
10 69 79 
49 70 80 
20 50 91 
5 7 98 
29 30 60 
7 40 59 
4 5 8 
19 70 91 
3 4 91 
40 59 60 
1 39 50 
1 19 80 
5 40 59 
39 89 95 
1 6 59 
70 92 95 
30 60 69 
6 59 97 
50 79 91 
70 95 96 
10 30 96 
6 80 93 
69 70 98 
1 60 89 
7 40 70 
3 29 50 
39 59 97 
7 29 60 
70 89 95 
50 89 94 
1 19 69 
4 30 59 
4 40 70 
8 30 59 
6 40 93 
10 19 89 
3 94 95 
3 60 94 
59 91 94 
39 50 91 
2 5 20 
1 6 39 
19 20 80 
8 60 69 
1 29 98 
4 30 95 
5 29 96 
10 50 93 
6 96 97 
19 93 97 
5 69 70 
70 93 94 
1 6 40 
2 40 79 
39 70 93 
2 19 20 
5 92 96 
29 30 79 
5 7 80 
19 29 59 
8 69 95 
8 39 97 
1 4 6 
20 69 89 
69 93 97 
29 40 98 
3 59 80 
2 50 70 
30 40 96 
30 94 97 
5 6 94 
4 6 10 
49 91 92 
4 7 89 
8 10 60 
91 92 95 
59 92 94 
10 20 49 
5 8 70 
89 91 93 
10 69 97 
7 60 98 
50 60 79 
3 60 91 
29 39 59 
1 8 10 
5 59 60 
59 91 95 
40 50 94 
2 5 80 
29 59 92 
70 94 97 
1 39 69 
7 49 60 
4 80 97 
40 69 80 
8 49 89 
30 40 89 
39 49 93 
39 69 94 
2 8 80 
70 80 97 
29 69 95 
30 39 96 
80 95 98 
39 91 95 
4 30 98 
8 49 79 
5 19 70 
4 70 97 
60 69 91 
20 40 95 
3 39 97 
8 20 79 
2 91 96 
29 91 96 
10 50 89 
20 59 98 
5 6 96 
49 91 94 
3 19 39 
1 10 39 
1 3 69 
29 80 89 
49 91 93 
6 39 40 
1 8 20 
60 89 92 
2 8 19 
10 29 59 
4 95 96 
19 40 60 
40 50 60 
19 89 95 
40 59 94 
29 92 95 
19 49 94 
70 91 94 
40 80 95 
10 59 80 
8 95 96 
40 59 80 
3 7 91 
79 91 97 
29 30 96 
5 49 98 
79 89 96 
7 20 97 
3 70 97 
7 20 80 
8 80 89 
1 95 97 
30 91 98 
1 19 39 
60 95 98 
69 93 98 
1 30 95 
19 40 89 
8 80 98 
20 29 30 
7 29 96 
40 79 92 
10 79 94 
3 60 89 
19 92 96 
2 19 92 
8 40 92 
7 79 91 
91 95 97 
89 91 94 
1 95 98 
1 6 91 
30 69 80 
8 39 94 
1 2 10 
1 10 40 
29 50 94 
1 70 95 
19 30 93 
2 19 40 
1 4 30 
19 70 80 
60 69 79 
39 70 98 
2 3 96 
3 70 96 
8 20 39 
4 20 60 
6 79 96 
3 50 70 
6 7 70 
39 96 97 
3 10 91 
80 91 93 
60 80 91 
1 40 95 
7 50 94 
50 70 80 
7 97 98 
7 30 59 
80 95 97 
30 59 92 
8 20 94 
29 92 93 
70 80 93 
49 59 69 
1 29 95 
5 30 49 
49 59 98 
1 4 29 
2 6 89 
19 96 97 
1 79 91 
20 59 89 
19 60 69 
39 40 60 
20 40 69 
40 49 97 
60 89 91 
29 69 70 
30 70 98 
40 89 95 
6 30 59 
79 80 95 
2 49 95 
3 49 60 
39 59 93 
20 95 97 
30 91 92 
5 6 80 
1 49 96 
8 59 97 
2 8 70 
4 6 95 
1 39 93 
6 19 60 
19 91 96 
3 49 98 
69 91 96 
4 30 39 
1 49 92 
6 39 50 
7 19 39 
49 91 95 
49 80 92 
4 20 94 
2 10 97 
49 50 79 
60 70 94 
7 89 96 
3 80 98 
49 60 93 
1 4 93 
1 30 91 
39 80 94 
30 49 80 
5 40 60 
1 3 7 
3 4 5 
49 60 70 
6 19 69 
10 70 97 
10 30 93 
5 49 95 
1 19 29 
4 7 95 
3 59 98 
2 19 79 
5 80 94 
39 95 97 
3 91 93 
5 20 96 
5 50 70 
49 50 69 
10 39 92 
8 80 96 
4 5 95 
2 3 29 
2 80 95 
69 89 97 
30 92 97 
10 59 98 
7 60 70 
69 80 91 
29 49 89 
6 95 96 
8 60 80 
6 50 92 
2 40 98 
1 10 49 
5 92 93 
69 79 96 
7 60 94 
40 49 60 
79 89 94 
5 8 80 
3 60 95 
8 79 95 
5 7 8 
59 79 94 
8 50 95 
19 92 95 
19 89 91 
39 59 96 
4 94 97 
3 80 89 
70 91 96 
8 95 98 
1 29 69 
6 40 96 
3 60 70 
5 59 98 
39 92 97 
3 69 92 
3 4 50 
3 4 96 
1 7 10 
3 49 69 
3 4 7 
3 91 97 
5 29 50 
8 59 91 
5 10 60 
6 60 89 
3 5 98 
5 8 60 
8 59 92 
2 4 93 
30 79 95 
3 5 40 
2 6 69 
50 60 93 
6 92 96 
5 69 93 
10 79 91 
39 92 98 
7 59 96 
8 19 50 
49 60 98 
1 20 79 
3 79 95 
8 91 96 
3 10 60 
60 89 95 
5 29 89 
6 49 70 
3 30 79 
30 40 93 
49 69 89 
39 59 69 
3 19 59 
8 20 80 
30 40 98 
50 59 97 
1 29 40 
8 19 70 
10 70 92 
2 10 29 
2 69 80 
4 50 97 
19 80 93 
7 91 98 
6 10 92 
50 89 91 
8 19 89 
1 19 92 
8 49 93 
19 49 70 
7 69 89 
59 60 70 
1 39 97 
10 30 95 
19 30 96 
5 7 19 
5 6 91 
49 59 96 
6 50 96 
29 39 50 
59 69 97 
5 79 98 
39 69 91 
5 7 96 
69 70 80 
29 49 94 
39 69 80 
19 69 79 
3 91 95 
30 94 98 
80 91 92 
1 80 94 
29 39 98 
4 89 96 
59 69 89 
5 50 89 
91 93 95 
29 80 98 
3 50 79 
19 20 94 
5 40 80 
6 30 94 
2 59 70 
1 79 92 
3 39 49 
1 4 39 
1 80 92 
7 69 91 
7 91 96 
20 39 79 
3 60 96 
10 30 97 
19 30 89 
10 50 92 
59 95 97 
4 49 69 
7 10 97 
80 94 98 
3 59 79 
69 79 95 
7 59 93 
2 8 10 
2 6 49 
5 91 96 
50 93 94 
39 60 70 
10 39 60 
3 70 79 
7 60 91 
1 10 19 
29 70 79 
2 40 95 
5 91 93 
8 20 70 
7 49 98 
6 49 80 
4 40 89 
70 93 95 
2 94 96 
80 89 91 
8 29 60 
5 30 94 
69 80 96 
5 7 95 
7 20 40 
19 20 70 
1 79 94 
19 49 93 
1 40 98 
7 69 92 
3 7 59 
3 60 80 
40 60 93 
4 8 39 
40 60 98 
39 60 97 
7 30 93 
29 94 97 
20 69 70 
8 50 60 
19 69 91 
10 93 97 
6 95 98 
7 20 49 
80 89 97 
2 3 50 
10 79 89 
4 39 60 
1 5 6 
8 39 80 
10 19 94 
80 93 98 
3 4 19 
6 19 49 
3 92 95 
8 69 79 
7 93 96 
29 80 91 
2 10 91 
5 30 70 
39 95 98 
60 79 94 
49 59 93 
89 94 95 
5 49 96 
69 89 94 
3 8 79 
10 30 59 
2 69 70 
4 20 49 
2 49 80 
7 70 93 
3 5 6 
6 7 94 
30 60 92 
89 93 94 
7 8 80 
1 10 29 
1 39 98 
69 92 94 
29 49 79 
7 50 96 
5 8 10 
4 19 92 
7 94 98 
69 92 97 
1 29 97 
1 69 92 
80 89 95 
2 40 70 
10 39 50 
49 79 96 
20 29 93 
4 60 80 
1 59 91 
20 59 80 
2 4 70 
5 50 79 
30 89 96 
6 60 91 
29 59 89 
49 93 96 
79 89 97 
79 89 91 
60 79 93 
6 10 40 
1 8 79 
40 91 98 
29 39 69 
10 59 60 
60 92 96 
1 49 97 
5 10 92 
10 60 98 
7 10 20 
79 93 97 
79 92 94 
19 80 92 
5 7 70 
1 2 30 
29 93 94 
50 59 80 
6 8 29 
1 91 97 
6 8 30 
39 93 97 
49 50 95 
50 92 94 
60 70 80 
7 10 19 
40 80 93 
49 93 95 
30 89 98 
3 19 40 
3 8 96 
10 93 98 
2 40 50 
4 39 49 
7 92 96 
5 59 79 
20 30 91 
19 59 97 
10 89 97 
4 20 80 
39 40 97 
7 10 59 
5 8 50 
6 89 94 
2 69 79 
3 59 70 
4 7 49 
2 10 59 
4 91 95 
8 70 98 
6 39 79 
10 29 93 
59 60 91 
1 3 70 
1 50 80 
6 60 97 
4 8 79 
1 20 49 
19 60 94 
8 19 92 
7 19 97 
3 30 59 
4 60 92 
10 79 92 
1 96 97 
29 80 95 
4 59 60 
6 49 91 
2 5 70 
1 10 69 
20 79 96 
8 10 98 
3 70 92 
4 49 95 
10 19 97 
8 10 95 
8 89 98 
80 93 97 
2 40 92 
8 10 92 
4 30 79 
7 59 94 
39 59 70 
29 92 97 
69 92 93 
3 4 70 
3 7 8 
4 69 98 
3 40 79 
7 59 91 
7 60 97 
95 96 98 
1 89 92 
5 59 93 
5 95 98 
5 8 89 
7 79 80 
39 49 95 
1 40 91 
19 70 79 
30 91 96 
50 79 96 
40 91 95 
8 19 98 
4 19 96 
30 93 97 
5 89 98 
30 50 96 
7 8 79 
1 3 60 
29 95 97 
10 60 94 
1 7 89 
5 7 40 
10 96 97 
49 60 92 
8 10 89 
1 59 98 
59 80 98 
2 97 98 
8 89 93 
1 49 95 
1 2 80 
1 40 50 
30 96 97 
10 19 49 
20 69 96 
2 4 5 
49 79 92 
5 6 50 
7 39 79 
8 59 70 
8 60 95 
2 4 79 
10 30 50 
5 20 40 
4 80 89 
10 59 92 
3 5 95 
69 91 95 
50 91 98 
6 10 70 
7 89 97 
19 30 95 
5 19 98 
4 19 91 
1 3 4 
4 8 50 
6 39 60 
40 60 95 
30 89 93 
2 19 39 
6 59 80 
40 69 96 
3 20 50 
1 20 39 
10 70 96 
5 39 59 
2 92 96 
50 59 95 
40 70 80 
30 93 96 
6 7 79 
29 40 60 
91 94 97 
3 50 59 
3 7 19 
4 92 95 
30 79 97 
7 10 79 
4 10 29 
2 6 40 
8 93 98 
5 19 79 
50 60 70 
7 29 49 
1 7 20 
49 92 93 
2 5 49 
8 50 80 
39 49 80 
7 20 92 
1 4 80 
40 92 96 
1 30 70 
79 80 97 
29 39 70 
29 40 50 
20 40 94 
8 10 39 
39 49 92 
40 59 79 
10 19 98 
49 69 79 
4 6 80 
20 59 96 
2 8 91 
6 20 50 
7 19 80 
8 59 94 
59 80 91 
8 91 95 
19 94 95 
4 10 59 
3 20 96 
7 40 91 
59 79 91 
5 50 92 
1 7 19 
3 50 92 
1 5 30 
10 30 92 
1 59 89 
4 6 7 
3 29 80 
7 60 80 
8 10 19 
4 19 80 
19 30 91 
2 19 95 
4 39 92 
3 7 95 
7 10 30 
8 20 60 
1 3 50 
7 70 96 
79 91 93 
6 7 60 
49 80 93 
1 3 20 
1 69 93 
1 91 92 
49 69 91 
8 60 96 
3 10 49 
6 40 94 
29 49 97 
2 5 8 
5 19 80 
70 89 97 
4 19 97 
79 80 92 
3 29 92 
80 92 98 
4 10 95 
7 19 98 
30 50 97 
50 89 96 
1 70 94 
8 30 40 
4 50 60 
1 95 96 
1 29 60 
1 2 93 
20 97 98 
7 29 30 
79 94 97 
5 7 10 
3 10 94 
79 80 93 
3 60 98 
6 89 97 
7 93 95 
6 80 95 
8 19 69 
3 4 79 
5 30 80 
4 8 95 
2 70 97 
70 79 93 
2 20 97 
7 10 91 
5 39 91 
2 19 97 
3 10 19 
1 7 94 
10 69 89 
4 92 98 
1 70 89 
39 60 93 
29 60 92 
10 20 95 
40 60 97 
3 30 40 
2 8 95 
1 8 19 
20 80 94 
2 59 95 
3 4 39 
5 29 69 
69 80 93 
10 39 80 
1 60 94 
91 93 97 
6 30 97 
4 91 97 
30 50 70 
49 80 89 
50 69 80 
70 89 94 
4 39 80 
4 19 30 
2 50 79 
10 39 59 
1 79 80 
7 89 92 
59 89 95 
20 89 92 
8 30 49 
10 70 89 
1 8 98 
1 20 94 
4 19 79 
19 40 95 
1 49 69 
8 79 89 
39 40 95 
5 49 69 
80 89 93 
6 79 89 
40 59 95 
49 91 96 
40 49 92 
10 39 70 
3 19 20 
1 3 29 
1 50 94 
80 91 96 
2 40 89 
8 20 69 
8 95 97 
5 10 19 
2 30 60 
2 7 60 
3 79 80 
7 29 91 
39 49 98 
6 7 93 
30 49 92 
5 39 92 
6 29 59 
6 8 39 
10 20 79 
4 7 97 
20 40 91 
1 8 80 
8 30 60 
8 20 29 
10 29 98 
6 19 40 
89 95 97 
59 93 95 
59 79 95 
4 29 30 
7 30 89 
30 49 91 
69 91 93 
30 93 94 
10 70 94 
69 70 96 
39 50 96 
79 91 95 
1 40 49 
69 91 92 
2 30 93 
20 60 69 
6 92 97 
7 50 79 
92 94 97 
6 60 95 
29 50 93 
80 92 93 
7 40 69 
92 96 98 
3 19 92 
2 7 19 
59 79 80 
1 7 59 
1 39 89 
7 40 98 
20 89 97 
70 80 92 
2 3 69 
3 7 69 
39 40 96 
7 19 95 
2 59 91 
3 40 89 
4 30 96 
3 10 50 
6 8 59 
79 80 91 
6 69 96 
1 8 70 
5 59 96 
50 91 95 
8 20 92 
5 19 60 
7 10 69 
30 95 96 
39 49 97 
60 89 93 
8 40 59 
20 93 98 
20 40 60 
20 59 95 
50 79 95 
6 7 91 
40 89 93 
49 93 97 
2 94 98 
10 59 97 
4 49 98 
4 30 60 
1 79 93 
4 49 79 
39 50 95 
3 40 49 
10 49 89 
80 94 97 
5 8 96 
7 19 89 
19 79 93 
20 40 93 
10 91 95 
1 4 95 
2 49 60 
6 8 89 
10 80 95 
4 50 79 
2 49 79 
1 40 94 
6 70 96 
4 93 98 
29 40 97 
69 91 97 
50 69 79 
8 79 96 
3 29 91 
2 89 92 
20 60 97 
8 30 79 
6 10 30 
2 40 93 
8 10 50 
7 89 91 
79 97 98 
2 8 60 
8 92 95 
2 7 10 
1 29 50 
2 91 94 
59 91 98 
19 80 95 
3 92 93 
8 39 79 
7 39 50 
60 79 95 
1 60 69 
6 50 97 
1 8 94 
30 39 49 
3 91 94 
6 8 96 
20 30 93 
2 60 80 
3 39 91 
40 50 97 
29 59 97 
69 80 97 
6 70 95 
10 49 97 
30 60 70 
8 80 97 
3 4 10 
4 50 93 
29 50 80 
20 70 96 
50 59 70 
40 70 93 
20 89 96 
30 96 98 
89 96 98 
2 20 92 
19 59 80 
40 89 91 
49 70 92 
2 94 97 
8 10 94 
20 69 97 
10 79 93 
2 6 94 
29 49 70 
29 39 97 
5 19 93 
2 59 79 
4 40 93 
8 19 60 
60 89 96 
40 94 96 
2 92 98 
1 5 94 
6 39 92 
3 8 70 
10 79 98 
6 30 93 
91 94 95 
7 60 95 
1 20 80 
69 70 95 
59 89 96 
19 59 93 
4 94 95 
7 10 95 
1 69 95 
29 39 49 
5 39 89 
1 6 95 
20 39 89 
60 69 92 
8 70 80 
1 30 94 
2 20 95 
10 20 59 
1 39 60 
8 19 96 
1 92 97 
3 49 89 
10 19 95 
7 39 69 
1 3 92 
7 19 92 
3 20 40 
30 49 50 
6 29 98 
2 49 96 
10 59 89 
59 80 92 
10 40 79 
40 50 79 
10 19 20 
30 40 60 
5 30 91 
5 60 96 
1 2 7 
59 89 92 
4 10 98 
5 39 98 
5 49 79 
7 70 89 
1 40 89 
19 59 98 
29 60 93 
4 10 19 
29 30 94 
29 30 40 
39 60 94 
6 10 60 
4 94 98 
1 93 98 
6 40 59 
19 92 98 
2 40 97 
6 60 70 
3 4 97 
1 8 69 
1 29 59 
7 19 96 
20 91 93 
79 94 95 
10 20 70 
4 20 79 
19 30 80 
79 89 92 
19 39 89 
19 79 95 
30 49 93 
6 40 79 
10 80 89 
7 29 98 
8 20 40 
4 10 60 
7 50 98 
60 69 93 
50 89 95 
59 79 92 
3 6 89 
8 29 95 
10 93 94 
29 49 95 
7 49 70 
3 5 49 
39 70 79 
39 49 96 
7 50 93 
29 30 39 
7 50 60 
3 79 97 
6 91 92 
1 8 39 
7 20 60 
80 92 96 
10 29 49 
1 7 97 
8 49 94 
19 39 92 
2 10 40 
79 92 97 
1 79 95 
8 80 93 
50 80 95 
29 30 70 
49 50 97 
3 8 69 
3 20 69 
1 4 50 
6 50 94 
29 39 91 
7 39 96 
30 39 98 
91 94 96 
10 40 92 
7 29 94 
60 79 96 
8 70 91 
60 80 89 
6 59 79 
91 95 96 
29 80 93 
30 70 95 
2 60 91 
6 20 39 
1 6 92 
3 93 95 
19 40 49 
20 60 91 
1 50 60 
20 49 94 
2 10 89 
3 97 98 
3 5 8 
4 40 50 
6 49 96 
1 10 97 
2 29 49 
1 2 96 
19 60 91 
1 3 59 
8 92 93 
10 20 89 
1 10 59 
1 49 79 
39 60 69 
20 60 70 
4 59 70 
2 3 92 
19 97 98 
3 93 97 
1 92 93 
1 59 79 
4 5 19 
3 6 79 
39 59 80 
29 30 91 
29 59 80 
7 8 89 
4 49 91 
2 79 94 
2 49 97 
80 93 95 
2 60 89 
2 29 40 
5 20 30 
3 4 98 
2 6 8 
4 6 94 
10 79 95 
4 8 91 
6 20 97 
10 40 69 
1 19 96 
6 20 94 
60 91 95 
1 91 95 
49 69 94 
4 29 39 
2 80 94 
1 6 79 
8 59 93 
10 19 93 
3 94 98 
2 5 69 
3 39 96 
1 2 89 
1 5 20 
19 69 92 
8 80 94 
30 49 59 
60 92 97 
49 69 92 
8 19 97 
2 5 79 
30 70 94 
10 20 91 
2 5 50 
5 29 98 
2 59 80 
29 70 97 
3 6 19 
3 70 93 
10 79 96 
2 20 50 
4 40 60 
8 49 97 
1 10 92 
8 29 98 
5 29 95 
2 7 50 
20 59 91 
6 49 59 
5 69 80 
4 30 80 
2 93 95 
49 91 98 
6 19 29 
30 60 97 
2 7 94 
3 39 40 
20 80 95 
2 4 92 
10 29 69 
4 93 95 
19 20 89 
3 93 98 
3 50 80 
2 6 10 
5 29 92 
50 59 94 
5 39 80 
4 80 96 
10 50 80 
2 91 92 
19 93 98 
7 40 94 
19 40 94 
30 70 80 
20 29 94 
10 29 70 
10 79 80 
20 79 95 
6 80 94 
5 59 89 
39 70 80 
4 29 50 
1 89 93 
2 4 50 
29 91 98 
29 50 97 
1 19 50 
3 29 93 
4 79 95 
39 60 91 
2 4 8 
8 89 92 
19 20 97 
4 5 98 
4 20 70 
7 59 69 
5 30 93 
4 19 29 
6 29 92 
2 49 93 
8 39 89 
6 20 60 
2 10 39 
8 89 97 
10 20 94 
20 30 97 
5 80 93 
50 92 96 
8 19 93 
20 39 59 
19 29 69 
2 3 40 
4 10 39 
2 7 92 
3 19 29 
2 6 39 
40 49 59 
7 92 98 
2 30 98 
19 89 97 
8 50 97 
7 91 93 
89 97 98 
1 50 91 
3 49 96 
29 80 92 
40 59 89 
10 92 94 
3 19 89 
60 91 97 
7 8 10 
10 80 92 
3 29 95 
29 70 91 
4 7 40 
40 50 91 
6 49 69 
19 50 96 
40 70 89 
80 96 97 
1 6 30 
19 29 98 
5 20 59 
29 70 96 
30 49 94 
19 79 92 
2 29 60 
1 50 92 
4 91 93 
3 4 8 
10 49 70 
7 60 89 
4 70 79 
1 39 80 
4 49 80 
19 60 92 
1 3 30 
8 19 39 
40 59 70 
29 40 95 
50 59 98 
3 19 30 
49 94 95 
20 60 89 
10 59 96 
20 49 89 
30 80 91 
4 8 94 
7 20 91 
8 10 79 
2 95 96 
1 20 30 
5 80 98 
7 69 98 
19 29 95 
5 79 91 
69 92 98 
19 20 50 
50 59 93 
59 69 92 
5 40 92 
20 91 98 
7 30 79 
3 10 39 
6 69 80 
20 69 94 
89 92 96 
4 20 98 
1 50 97 
94 95 97 
59 95 96 
49 60 69 
20 49 91 
29 91 94 
5 40 94 
39 60 80 
2 30 80 
8 49 70 
8 10 96 
50 79 93 
50 59 91 
49 70 97 
3 30 39 
7 29 50 
7 10 80 
20 60 93 
80 93 94 
5 6 69 
3 29 89 
7 50 69 
5 7 29 
4 50 96 
4 8 40 
70 80 98 
2 59 94 
3 80 94 
8 10 69 
3 19 91 
2 70 89 
30 70 92 
2 4 69 
19 30 97 
4 60 79 
6 10 93 
39 49 79 
2 89 95 
8 70 95 
6 10 98 
3 7 98 
59 96 98 
10 89 93 
19 39 79 
5 92 97 
20 50 60 
5 79 93 
6 60 93 
3 19 49 
70 91 93 
19 59 95 
89 92 94 
40 59 69 
69 70 97 
3 5 20 
59 60 69 
2 3 70 
59 60 93 
59 69 95 
3 91 96 
6 91 95 
20 60 92 
10 19 70 
4 20 40 
6 8 92 
2 7 20 
79 92 98 
50 91 93 
2 20 59 
20 60 96 
50 91 92 
6 20 29 
5 70 91 
39 70 91 
10 60 92 
2 7 29 
8 50 94 
20 49 60 
2 7 98 
60 80 98 
40 79 98 
1 3 94 
1 6 7 
7 20 29 
2 50 93 
5 95 96 
2 6 96 
4 10 89 
6 30 79 
1 3 96 
19 30 98 
2 39 89 
4 40 95 
20 91 94 
20 40 59 
59 69 91 
1 97 98 
10 70 98 
3 8 95 
3 50 89 
5 60 98 
2 3 6 
2 50 96 
3 20 79 
5 69 95 
4 7 30 
4 7 19 
39 49 89 
69 94 97 
7 39 59 
29 40 94 
39 59 98 
2 6 50 
1 30 40 
4 19 94 
1 80 89 
1 40 92 
3 5 50 
39 59 91 
5 8 59 
6 10 49 
70 89 96 
92 95 97 
19 49 59 
1 10 96 
29 30 97 
19 49 50 
5 39 70 
10 89 96 
29 79 93 
1 4 98 
1 5 91 
4 70 94 
2 5 7 
5 29 49 
19 93 95 
2 79 80 
2 19 49 
5 60 89 
39 91 94 
6 89 96 
6 60 98 
3 69 70 
4 92 97 
49 93 98 
29 60 94 
1 60 96 
60 70 97 
50 89 92 
6 29 79 
5 7 94 
10 69 94 
5 49 92 
19 30 70 
19 49 80 
5 10 40 
3 5 97 
7 19 29 
7 20 39 
30 91 93 
40 80 91 
3 69 98 
6 79 94 
7 19 79 
7 79 97 
59 69 98 
2 30 39 
3 40 91 
3 39 92 
49 91 97 
3 49 91 
1 39 92 
4 59 69 
3 19 93 
40 59 96 
10 49 50 
3 20 59 
2 30 96 
39 93 98 
5 50 60 
4 70 96 
50 80 89 
10 39 93 
20 30 95 
8 19 30 
1 2 97 
19 50 91 
4 10 70 
3 49 50 
1 80 95 
4 7 20 
4 50 70 
6 92 94 
30 49 70 
80 94 95 
29 49 59 
29 89 94 
7 50 91 
29 89 98 
2 30 91 
4 20 97 
5 97 98 
20 80 91 
5 10 39 
2 10 79 
30 95 97 
7 8 91 
91 92 96 
20 50 80 
5 40 97 
19 60 97 
4 5 40 
10 20 97 
3 40 98 
30 91 97 
1 69 89 
4 70 98 
3 79 98 
5 29 30 
40 92 93 
19 20 95 
1 30 92 
2 7 97 
7 69 97 
19 40 97 
5 19 97 
7 79 92 
5 6 95 
94 95 98 
49 79 95 
4 59 94 
30 60 79 
6 60 94 
8 29 92 
10 30 69 
19 79 80 
5 40 89 
5 49 93 
3 5 80 
40 70 97 
5 10 91 
19 39 69 
10 60 70 
1 79 89 
1 19 79 
60 95 97 
30 50 69 
2 8 20 
19 80 97 
40 50 93 
7 30 40 
4 29 96 
30 50 60 
19 70 92 
2 8 92 
2 20 40 
4 7 50 
8 20 96 
4 39 93 
69 89 95 
4 89 92 
1 69 80 
4 40 92 
2 8 96 
1 3 10 
5 8 79 
2 8 94 
2 5 92 
1 2 59 
40 80 96 
4 79 92 
6 7 49 
2 70 95 
8 29 69 
6 39 94 
50 70 96 
20 60 79 
5 40 91 
29 40 92 
5 7 50 
1 8 91 
20 92 95 
8 50 96 
40 69 92 
40 50 95 
7 19 59 
2 4 30 
3 49 80 
8 59 60 
3 69 97 
1 5 79 
7 30 95 
30 69 89 
10 91 94 
5 49 80 
29 60 70 
1 6 93 
4 89 91 
2 69 97 
6 8 79 
49 79 98 
2 7 49 
69 80 89 
3 7 50 
50 93 96 
70 79 95 
6 79 91 
39 93 95 
10 20 50 
5 39 60 
2 4 97 
1 96 98 
19 39 40 
19 59 91 
30 40 50 
10 20 60 
40 92 98 
6 39 49 
29 70 93 
49 59 60 
2 29 69 
60 80 92 
70 94 96 
3 70 80 
30 49 97 
3 7 39 
2 50 59 
20 59 79 
7 39 98 
3 39 80 
4 92 94 
40 49 69 
4 30 91 
10 60 91 
59 70 97 
3 79 96 
39 96 98 
1 49 70 
6 40 92 
1 20 97 
80 89 98 
20 70 80 
2 69 89 
1 80 97 
19 50 94 
2 8 40 
10 79 97 
60 69 95 
49 80 97 
8 59 69 
19 20 39 
59 60 97 
6 7 10 
4 7 59 
4 60 69 
40 69 70 
10 40 50 
6 59 95 
4 7 91 
3 59 94 
40 70 94 
8 49 60 
40 69 79 
3 50 95 
8 30 92 
4 29 70 
1 91 94 
39 80 93 
8 39 95 
10 50 96 
59 89 93 
5 30 50 
10 97 98 
6 10 79 
29 79 89 
29 79 98 
5 6 92 
3 5 30 
30 79 89 
39 79 95 
5 10 20 
2 70 91 
3 93 94 
2 6 95 
5 50 96 
10 91 98 
7 79 93 
30 59 79 
19 40 59 
30 59 93 
4 70 93 
49 60 89 
2 30 59 
3 10 96 
10 59 91 
7 94 96 
20 40 89 
4 79 94 
4 39 40 
1 69 94 
8 50 79 
20 70 92 
3 8 59 
3 30 80 
2 3 59 
30 79 80 
29 30 49 
20 30 50 
29 59 91 
30 40 91 
60 93 97 
20 29 89 
2 39 91 
4 50 69 
8 49 69 
1 2 92 
20 49 69 
60 69 89 
4 89 98 
60 96 97 
2 4 19 
59 91 92 
70 92 97 
30 59 89 
1 30 49 
4 89 94 
1 40 60 
5 10 97 
2 29 92 
6 80 98 
60 91 98 
1 93 96 
30 69 79 
8 89 94 
3 8 91 
5 7 39 
29 39 93 
5 50 93 
30 39 80 
10 40 93 
29 60 96 
1 10 95 
7 8 29 
5 50 97 
2 20 93 
2 4 49 
29 40 79 
10 40 96 
1 4 79 
39 97 98 
93 94 98 
19 80 96 
4 10 96 
10 19 69 
2 70 80 
19 40 93 
19 20 29 
4 40 97 
89 93 96 
3 40 92 
60 97 98 
29 59 69 
2 49 50 
19 70 89 
5 70 80 
10 50 94 
6 49 79 
29 79 96 
3 8 98 
3 49 94 
92 95 98 
6 49 93 
19 50 80 
50 69 91 
70 80 94 
29 92 96 
89 93 97 
2 40 49 
3 5 70 
3 30 97 
59 60 79 
10 39 91 
10 60 96 
30 40 59 
40 50 80 
4 6 39 
10 94 95 
8 59 95 
7 80 95 
10 80 96 
8 40 60 
2 50 97 
20 39 93 
3 29 59 
49 60 97 
2 19 93 
7 40 50 
8 40 95 
5 49 50 
3 30 96 
7 40 79 
2 6 60 
39 50 79 
3 60 79 
5 20 29 
2 19 69 
29 69 97 
2 3 8 
4 7 70 
50 91 97 
4 30 49 
94 95 96 
30 93 95 
1 30 97 
3 4 59 
1 6 29 
3 4 20 
1 8 60 
8 91 98 
3 49 59 
29 80 94 
6 20 59 
3 20 95 
19 20 98 
2 49 98 
10 40 59 
6 30 92 
1 70 93 
39 80 89 
59 91 97 
20 29 96 
40 49 94 
3 6 39 
4 7 92 
2 6 92 
7 10 50 
1 60 98 
49 60 94 
7 30 60 
10 29 95 
2 39 92 
79 89 95 
7 91 97 
91 92 98 
10 20 30 
4 19 20 
50 59 96 
2 60 79 
7 19 69 
2 3 39 
3 92 97 
40 69 98 
7 10 93 
20 29 91 
4 5 7 
5 19 96 
8 49 91 
8 19 59 
39 91 98 
6 49 50 
30 80 96 
7 49 94 
1 50 79 
10 92 98 
1 4 7 
1 93 95 
10 60 80 
3 8 89 
49 59 97 
4 7 10 
29 39 95 
19 70 93 
50 95 97 
5 10 95 
30 60 93 
2 10 94 
69 94 98 
19 29 96 
4 20 95 
49 92 94 
2 3 97 
30 39 79 
19 60 89 
5 29 80 
1 4 96 
5 8 93 
4 50 89 
6 94 95 
19 39 95 
1 30 98 
69 70 92 
19 80 91 
60 70 91 
10 39 79 
4 8 70 
29 95 98 
39 79 98 
30 80 95 
39 91 92 
5 10 30 
4 80 98 
29 69 92 
2 19 50 
3 5 19 
29 60 91 
39 40 98 
8 39 70 
59 80 97 
7 19 91 
1 7 70 
50 80 92 
10 89 92 
10 59 70 
50 69 70 
60 70 93 
7 29 69 
49 50 94 
19 50 89 
2 39 95 
30 59 70 
1 50 59 
3 8 92 
6 69 97 
7 95 96 
7 94 97 
5 40 95 
2 92 95 
7 29 89 
4 39 94 
59 70 92 
29 69 89 
8 30 96 
40 49 79 
6 7 59 
19 29 89 
6 29 95 
19 69 98 
8 60 94 
5 96 98 
10 50 91 
39 69 89 
4 39 79 
30 39 59 
3 89 92 
5 6 39 
30 59 69 
6 91 97 
2 6 93 
10 40 97 
40 50 69 
4 30 93 
5 20 60 
3 89 94 
4 6 40 
39 89 96 
4 19 93 
2 70 94 
49 60 80 
60 92 98 
8 69 91 
30 50 95 
8 30 94 
3 5 92 
1 2 95 
40 69 97 
49 92 97 
29 40 80 
4 8 80 
1 5 39 
5 10 79 
2 6 80 
30 80 98 
39 60 89 
7 80 92 
20 39 49 
39 80 97 
10 94 96 
1 29 89 
2 40 94 
7 10 60 
4 5 92 
50 93 97 
19 30 49 
50 60 94 
2 4 80 
39 60 96 
3 79 93 
7 89 93 
19 20 92 
4 60 70 
19 29 60 
19 60 96 
7 30 80 
29 39 89 
10 50 70 
1 29 94 
20 30 92 
29 79 91 
1 19 93 
2 70 96 
49 96 97 
5 19 95 
6 19 79 
30 39 50 
8 30 50 
6 60 69 
49 89 97 
4 69 95 
20 92 94 
69 95 97 
10 29 92 
30 92 96 
59 70 91 
1 4 5 
59 93 98 
7 50 59 
50 69 93 
19 94 96 
40 80 94 
3 59 91 
4 93 94 
4 49 92 
2 19 89 
4 59 91 
6 59 91 
6 20 69 
7 29 79 
1 8 29 
3 10 30 
6 50 79 
30 70 93 
1 4 10 
3 6 60 
10 40 89 
20 69 92 
5 49 94 
6 91 94 
2 19 94 
7 59 92 
6 69 70 
30 69 95 
30 91 94 
3 5 69 
6 20 91 
2 19 96 
30 50 92 
5 59 92 
19 40 91 
4 19 40 
5 20 89 
3 6 92 
5 94 98 
6 7 69 
7 8 30 
6 19 96 
8 49 80 
2 80 92 
1 3 49 
19 20 60 
30 69 93 
7 70 94 
1 5 7 
40 94 98 
10 39 40 
39 60 95 
30 40 79 
39 70 94 
7 19 50 
4 49 96 
30 40 94 
1 2 6 
39 60 92 
2 80 96 
1 3 40 
49 50 93 
50 89 97 
3 40 69 
8 40 69 
3 8 49 
2 19 80 
3 7 92 
7 19 94 
8 20 98 
50 79 80 
60 96 98 
1 40 79 
1 80 98 
5 39 49 
1 5 50 
5 6 79 
50 92 95 
20 30 94 
7 19 70 
1 92 95 
10 39 97 
1 8 30 
4 6 50 
3 92 98 
30 60 98 
2 80 97 
4 39 89 
59 70 79 
6 10 96 
19 79 97 
7 8 70 
59 69 70 
7 69 95 
1 19 40 
20 96 97 
89 92 98 
30 39 92 
1 39 59 
5 6 29 
10 94 97 
5 50 91 
49 97 98 
4 60 96 
30 79 91 
60 69 97 
49 80 91 
69 97 98 
4 10 40 
1 19 60 
10 49 60 
6 94 96 
20 30 96 
10 70 95 
8 50 70 
10 50 59 
10 50 79 
5 20 69 
19 60 93 
7 92 94 
10 95 98 
7 20 95 
2 8 97 
40 89 97 
2 5 91 
70 96 98 
5 49 59 
40 91 97 
20 96 98 
1 3 39 
93 97 98 
2 69 96 
7 80 93 
94 97 98 
1 3 8 
5 6 98 
2 10 60 
2 91 97 
7 20 94 
5 95 97 
4 30 69 
4 39 95 
20 49 96 
1 20 89 
7 59 98 
8 10 97 
6 19 95 
29 40 49 
10 70 80 
20 39 69 
20 95 96 
70 79 94 
19 96 98 
40 49 70 
3 7 79 
8 20 49 
39 94 95 
29 50 91 
4 95 97 
7 8 93 
7 39 95 
1 7 40 
30 40 80 
4 5 80 
6 8 40 
19 50 95 
29 60 69 
4 80 92 
60 69 70 
1 4 59 
50 69 98 
19 89 92 
6 10 89 
4 69 79 
5 39 69 
19 69 70 
19 59 92 
10 93 95 
6 70 92 
3 19 96 
19 94 97 
91 96 97 
39 59 60 
4 69 91 
5 79 92 
5 93 94 
1 59 94 
69 80 92 
1 39 95 
29 59 60 
20 39 70 
2 29 59 
4 19 39 
8 10 49 
1 40 93 
8 29 59 
1 4 92 
5 6 89 
3 4 69 
8 39 96 
6 49 97 
3 8 97 
6 8 70 
1 5 10 
8 50 98 
30 80 92 
50 60 95 
6 30 39 
2 20 80 
3 8 29 
2 93 98 
3 4 93 
5 10 70 
1 19 30 
19 92 94 
7 30 98 
69 89 96 
1 10 70 
3 89 91 
10 91 93 
19 50 70 
20 49 95 
1 6 89 
60 91 93 
2 7 70 
1 4 19 
10 40 70 
30 49 60 
89 94 97 
79 93 98 
8 30 95 
1 79 96 
7 8 69 
10 39 49 
1 20 60 
20 80 96 
7 89 95 
5 79 89 
19 50 92 
7 49 79 
8 91 97 
5 60 92 
6 8 10 
19 29 80 
4 29 59 
6 7 80 
30 69 96 
39 95 96 
29 30 89 
2 50 92 
1 6 70 
39 69 92 
10 20 96 
3 19 98 
29 80 97 
2 3 5 
39 79 96 
5 20 95 
4 10 50 
10 19 92 
2 39 94 
1 10 30 
10 70 93 
40 70 92 
40 89 94 
8 69 97 
7 40 80 
59 60 95 
19 49 96 
2 3 19 
3 7 10 
60 94 96 
19 50 59 
2 10 49 
4 59 92 
29 70 89 
1 70 80 
10 39 89 
2 4 91 
3 60 92 
49 59 80 
5 7 69 
60 70 92 
2 10 30 
6 50 98 
2 6 97 
59 95 98 
10 49 94 
30 70 89 
2 80 93 
1 69 96 
2 8 98 
5 40 49 
6 30 50 
59 93 96 
29 93 95 
5 8 69 
2 79 91 
29 59 93 
5 8 97 
3 79 89 
50 93 95 
3 49 92 
39 91 96 
10 89 94 
19 40 92 
8 29 79 
4 20 96 
39 69 95 
29 49 91 
1 89 95 
20 29 79 
19 39 97 
6 70 91 
19 50 60 
3 5 7 
8 93 97 
1 2 60 
2 30 49 
4 10 20 
1 20 91 
2 20 60 
6 29 94 
30 59 95 
20 30 70 
30 93 98 
59 60 98 
20 80 89 
40 49 98 
5 19 49 
19 69 94 
95 96 97 
19 29 39 
6 69 94 
29 30 93 
5 19 30 
8 40 50 
10 30 94 
20 79 80 
30 95 98 
3 30 69 
3 10 79 
4 6 8 
6 80 89 
5 92 94 
6 60 92 
60 89 98 
1 2 29 
7 49 80 
5 60 95 
59 92 96 
79 93 96 
3 80 97 
5 7 20 
19 39 98 
80 96 98 
50 59 92 
50 96 98 
20 80 93 
10 69 93 
70 92 96 
2 3 60 
6 50 91 
2 93 96 
1 7 30 
2 5 29 
7 39 60 
20 92 96 
10 40 80 
1 94 98 
2 8 93 
20 70 79 
19 49 79 
1 6 60 
7 20 98 
79 91 96 
40 50 70 
1 2 5 
30 40 97 
20 39 95 
4 40 80 
30 40 69 
4 30 92 
3 6 98 
8 49 95 
3 96 97 
20 59 60 
6 50 60 
3 69 80 
49 69 96 
5 91 97 
70 79 91 
10 40 94 
5 30 40 
49 59 95 
59 69 79 
40 60 94 
2 5 10 
1 30 80 
5 6 20 
60 79 89 
5 6 97 
2 29 94 
59 60 94 
70 93 98 
2 5 97 
69 79 91 
2 49 69 
7 59 89 
19 30 79 
19 40 50 
3 40 93 
10 96 98 
1 20 92 
92 95 96 
20 50 97 
50 69 96 
1 8 95 
7 19 40 
5 8 20 
6 89 98 
2 50 80 
1 19 91 
20 40 50 
6 39 91 
2 89 91 
1 59 69 
4 5 89 
3 95 96 
2 30 94 
80 92 97 
1 5 49 
4 50 98 
70 91 92 
10 92 96 
6 30 70 
3 7 30 
7 50 89 
59 89 94 
10 91 96 
8 30 97 
59 60 92 
20 94 96 
40 69 89 
4 49 93 
7 69 79 
2 96 98 
2 80 91 
2 3 89 
1 60 95 
80 92 94 
5 29 59 
39 69 97 
50 60 92 
29 92 94 
39 49 50 
89 91 98 
3 10 92 
3 10 93 
29 70 92 
79 89 93 
19 70 97 
50 80 98 
92 97 98 
5 40 93 
40 94 95 
40 60 79 
5 29 39 
20 40 96 
8 59 89 
6 29 30 
6 40 89 
6 50 59 
70 89 92 
4 39 59 
59 89 97 
20 30 59 
4 29 49 
2 20 70 
6 19 98 
3 19 70 
1 29 30 
1 4 8 
8 60 91 
6 69 79 
30 79 92 
7 96 98 
5 89 97 
2 8 30 
10 29 94 
6 39 80 
50 79 89 
3 20 30 
80 97 98 
29 49 80 
49 59 94 
30 49 79 
8 19 40 
5 7 97 
69 89 98 
30 40 49 
5 89 94 
10 30 89 
19 20 93 
2 93 97 
5 30 59 
8 69 93 
6 20 49 
1 3 97 
39 59 92 
6 29 50 
1 8 49 
5 50 98 
93 94 96 
1 6 69 
49 70 94 
49 50 60 
89 92 97 
3 29 39 
80 91 94 
6 79 97 
7 39 92 
1 4 49 
1 92 98 
4 5 49 
7 30 50 
1 2 19 
60 79 98 
89 91 95 
5 29 94 
3 39 60 
7 8 94 
2 19 59 
8 29 93 
5 19 39 
3 20 94 
94 96 97 
6 92 95 
7 39 94 
10 49 69 
2 4 7 
7 29 70 
2 8 29 
50 69 97 
4 29 93 
3 6 8 
2 70 93 
1 30 79 
4 20 59 
2 4 40 
3 6 97 
6 69 93 
7 30 92 
29 60 95 
8 39 92 
1 30 96 
70 79 96 
20 94 95 
70 80 91 
7 20 59 
2 6 59 
2 89 97 
69 70 91 
2 6 29 
5 10 59 
1 30 69 
2 4 98 
3 59 97 
49 95 97 
5 6 60 
69 79 92 
8 70 94 
49 59 92 
4 59 95 
50 94 98 
2 7 91 
8 92 97 
3 4 94 
70 79 92 
2 5 39 
7 80 94 
3 19 79 
6 30 60 
3 29 40 
49 70 89 
39 94 96 
2 19 70 
39 40 49 
4 6 96 
19 70 95 
2 4 39 
19 29 94 
5 30 39 
3 6 95 
89 94 98 
1 10 94 
20 93 94 
8 29 30 
4 5 6 
5 80 95 
59 80 96 
7 39 49 
7 59 80 
4 60 95 
8 20 59 
10 91 92 
8 60 70 
60 93 94 
3 49 95 
1 2 91 
29 79 92 
40 69 91 
2 60 69 
4 5 79 
3 30 50 
20 29 60 
5 30 60 
2 5 6 
49 59 79 
6 70 94 
1 30 93 
60 95 96 
59 92 95 
4 6 93 
50 79 94 
2 20 94 
3 96 98 
8 59 80 
1 4 91 
30 59 60 
2 39 70 
60 70 89 
3 70 98 
1 5 70 
3 49 97 
39 79 97 
30 49 89 
3 8 10 
8 59 79 
19 60 95 
60 92 94 
50 70 95 
6 19 97 
1 2 98 
4 5 97 
4 7 98 
59 70 93 
1 3 95 
4 10 97 
5 50 95 
7 79 95 
50 92 98 
6 49 94 
6 39 69 
3 6 94 
6 7 97 
40 79 93 
19 89 98 
8 40 89 
10 30 79 
10 60 69 
4 49 59 
6 59 96 
49 79 94 
4 19 89 
29 79 80 
40 70 98 
1 80 93 
6 7 96 
5 29 70 
2 69 94 
89 95 98 
6 40 50 
7 30 70 
29 79 97 
3 30 60 
50 69 89 
2 4 95 
69 79 89 
29 89 93 
1 39 79 
29 39 80 
7 10 40 
2 20 29 
4 20 50 
7 39 40 
7 69 93 
4 10 69 
2 29 91 
4 6 92 
10 20 69 
8 70 93 
3 40 97 
79 94 96 
1 5 60 
39 49 59 
29 60 89 
3 20 98 
1 2 39 
1 20 70 
1 4 94 
4 69 97 
30 49 98 
3 20 60 
20 70 91 
20 92 98 
50 59 60 
6 29 69 
20 39 98 
6 10 50 
3 6 40 
30 39 60 
8 97 98 
2 40 96 
2 30 95 
8 29 89 
19 79 91 
5 20 93 
7 92 95 
6 7 19 
8 40 70 
7 49 93 
1 29 39 
1 94 96 
30 59 96 
60 79 91 
8 39 50 
40 92 97 
7 69 70 
29 40 70 
49 59 91 
60 79 80 
8 50 89 
39 70 96 
4 5 60 
49 96 98 
20 79 94 
1 6 97 
8 29 97 
6 20 92 
1 49 93 
2 89 98 
40 50 96 
8 19 29 
1 10 50 
7 60 79 
70 79 97 
8 20 97 
7 60 93 
3 93 96 
3 59 69 
5 70 98 
1 8 50 
3 5 59 
4 8 30 
1 5 95 
10 20 80 
6 50 80 
30 69 94 
2 10 50 
4 10 93 
60 91 96 
1 94 95 
19 89 94 
5 6 93 
30 40 92 
2 40 80 
5 49 60 
2 69 92 
1 70 98 
19 80 94 
4 39 91 
2 3 93 
69 95 98 
70 91 98 
70 97 98 
29 30 69 
29 49 69 
39 94 97 
4 5 70 
3 20 92 
1 39 94 
49 60 91 
1 19 89 
1 2 3 
2 49 92 
20 79 91 
2 3 10 
20 94 97 
39 70 92 
5 6 19 
59 70 89 
19 29 97 
5 50 80 
50 60 96 
49 80 95 
19 39 93 
20 79 97 
5 20 70 
4 30 97 
4 30 89 
20 39 50 
3 50 93 
39 80 92 
3 92 94 
7 30 94 
70 89 91 
3 8 60 
1 6 10 
3 4 89 
1 7 80 
3 60 69 
4 70 95 
2 19 30 
2 7 8 
8 19 20 
3 30 92 
6 20 30 
1 91 98 
6 19 91 
19 93 96 
4 20 39 
20 59 97 
39 59 89 
5 29 91 
1 40 97 
1 29 92 
29 39 40 
1 8 89 
2 89 94 
7 70 79 
30 89 94 
2 40 60 
5 10 69 
3 30 91 
5 30 96 
10 29 89 
5 60 97 
79 94 98 
5 69 97 
6 59 93 
49 95 96 
1 7 95 
4 50 92 
60 80 93 
6 91 96 
10 19 50 
29 30 92 
4 6 91 
1 60 70 
3 29 49 
8 10 91 
2 69 95 
1 3 91 
4 6 30 
3 8 80 
19 59 69 
6 96 98 
1 4 40 
1 10 98 
70 92 98 
4 60 94 
20 50 92 
1 6 8 
20 80 97 
6 59 92 
2 6 91 
7 60 92 
20 89 94 
2 30 97 
3 8 94 
5 6 70 
6 49 60 
19 91 95 
2 3 4 
2 5 40 
89 93 98 
1 49 60 
3 40 50 
69 89 91 
49 79 97 
49 89 94 
39 60 98 
2 3 94 
59 94 98 
2 7 96 
1 70 97 
2 59 93 
40 80 98 
10 94 98 
5 69 91 
30 59 91 
7 10 92 
3 59 89 
20 80 98 
79 95 98 
93 95 98 
4 7 29 
10 39 94 
1 5 97 
4 70 92 
7 60 96 
29 40 96 
29 30 50 
5 59 69 
20 29 69 
79 96 98 
39 70 97 
4 7 80 
69 79 97 
5 70 96 
8 19 91 
69 79 98 
29 89 91 
8 29 91 
3 70 89 
30 59 97 
1 4 89 
49 59 70 
39 49 60 
4 69 89 
1 10 60 
49 94 98 
7 8 97 
8 39 60 
10 30 49 
49 89 95 
2 30 70 
5 80 97 
29 93 97 
1 19 98 
19 29 93 
5 70 97 
2 20 30 
4 96 98 
2 10 95 
6 39 93 
6 19 59 
7 70 91 
6 70 80 
5 60 94 
19 92 97 
40 92 94 
3 89 93 
10 69 80 
4 60 91 
8 19 80 
69 80 95 
50 60 98 
20 50 89 
6 10 97 
3 20 91 
20 39 40 
3 5 60 
7 49 91 
3 80 95 
4 8 93 
40 93 95 
1 19 97 
4 60 93 
4 10 94 
4 20 29 
19 60 98 
5 49 97 
1 8 96 
6 29 49 
5 20 91 
6 10 80 
30 50 89 
7 69 80 
92 93 97 
5 7 89 
70 79 80 
8 79 98 
4 5 30 
20 69 95 
4 69 80 
6 94 97 
2 29 39 
8 92 98 
30 89 91 
6 8 93 
19 30 40 
29 39 92 
2 7 89 
7 8 59 
79 91 98 
6 10 94 
49 50 96 
6 93 98 
3 29 69 
29 39 94 
1 2 8 
4 20 30 
5 40 70 
10 30 80 
70 93 97 
8 94 98 
6 8 97 
19 39 91 
2 6 7 
3 6 30 
6 94 98 
6 20 80 
8 20 50 
20 70 97 
8 29 94 
5 69 92 
20 91 92 
2 29 96 
6 7 95 
69 96 97 
2 20 89 
4 10 91 
4 49 97 
3 69 96 
3 5 94 
4 39 70 
20 79 98 
59 60 89 
40 59 98 
3 89 95 
80 91 98 
50 89 93 
49 50 98 
8 20 91 
10 92 95 
1 5 59 
6 79 98 
29 30 95 
1 5 29 
20 39 97 
20 79 93 
4 6 69 
19 20 91 
1 8 40 
2 70 98 
20 30 69 
7 30 39 
6 7 30 
3 39 98 
30 49 95 
6 10 69 
70 94 98 
2 10 92 
19 80 89 
30 50 91 
3 50 96 
6 50 89 
20 50 59 
8 29 49 
1 92 96 
1 89 91 
7 60 69 
1 8 92 
1 59 80 
7 20 89 
39 70 95 
39 69 79 
5 69 89 
6 59 94 
3 19 94 
2 80 89 
5 93 97 
1 49 59 
89 94 96 
3 59 60 
60 69 98 
1 20 59 
2 4 89 
3 79 94 
40 49 50 
1 6 96 
40 79 95 
8 49 98 
40 93 94 
19 94 98 
2 29 79 
10 69 91 
6 8 49 
4 6 98 
4 30 50 
7 8 50 
1 20 93 
7 20 70 
10 60 79 
2 6 19 
19 39 49 
60 94 97 
5 49 89 
39 79 93 
89 91 97 
7 10 70 
59 97 98 
2 50 94 
6 20 79 
1 3 89 
39 69 98 
2 5 30 
5 89 91 
3 20 39 
92 93 95 
6 59 69 
7 49 89 
2 7 79 
10 19 80 
2 4 96 
2 50 60 
6 69 91 
20 50 79 
30 49 69 
2 29 98 
20 40 80 
4 40 96 
20 40 70 
4 29 97 
1 7 39 
40 97 98 
1 6 20 
2 60 97 
5 70 94 
2 10 93 
8 94 95 
10 70 79 
1 20 50 
29 91 97 
3 30 49 
8 69 94 
