9 79 90 99 
0 9 89 99 
0 9 59 90 
9 19 90 99 
9 49 90 99 
0 29 90 99 
9 90 92 99 
0 9 59 99 
0 9 50 90 
0 9 90 95 
0 4 9 99 
0 9 69 90 
9 90 98 99 
9 80 90 99 
0 9 79 99 
0 90 91 99 
0 50 90 99 
0 9 29 90 
9 70 90 99 
9 90 91 99 
8 9 90 99 
0 9 40 90 
0 2 9 99 
0 9 19 90 
0 9 30 99 
0 40 90 99 
9 20 90 99 
0 5 9 99 
0 90 96 99 
0 9 91 99 
0 9 39 99 
7 9 90 99 
0 5 90 99 
0 9 79 90 
0 59 90 99 
9 30 90 99 
0 9 90 94 
9 40 90 99 
0 9 94 99 
9 90 94 99 
0 1 9 90 
0 9 90 97 
0 9 20 99 
0 9 60 90 
4 9 90 99 
0 9 30 90 
0 69 90 99 
0 79 90 99 
0 10 90 99 
0 2 9 90 
0 8 90 99 
0 9 97 99 
0 9 10 99 
9 69 90 99 
0 9 80 90 
0 9 29 99 
0 20 90 99 
6 9 90 99 
0 49 90 99 
0 70 90 99 
0 9 70 90 
0 9 49 99 
0 19 90 99 
9 90 95 99 
0 9 20 90 
0 9 92 99 
0 39 90 99 
9 10 90 99 
9 90 97 99 
0 7 90 99 
9 39 90 99 
9 90 96 99 
0 5 9 90 
3 9 90 99 
0 3 9 90 
0 9 90 98 
5 9 90 99 
0 8 9 99 
0 80 90 99 
0 1 90 99 
0 6 9 90 
0 90 95 99 
0 9 50 99 
0 9 98 99 
0 9 10 90 
0 9 89 90 
0 60 90 99 
9 89 90 99 
0 6 90 99 
0 9 96 99 
0 7 9 99 
0 90 92 99 
0 90 98 99 
0 4 90 99 
9 50 90 99 
0 9 90 93 
0 4 9 90 
0 9 19 99 
0 9 60 99 
0 8 9 90 
0 9 40 99 
0 7 9 90 
0 9 95 99 
0 9 80 99 
0 3 9 99 
0 3 90 99 
0 30 90 99 
0 9 49 90 
0 90 97 99 
0 1 9 99 
0 9 69 99 
0 9 90 96 
9 90 93 99 
0 9 90 91 
9 29 90 99 
0 90 93 99 
0 9 93 99 
0 9 39 90 
2 9 90 99 
9 59 90 99 
0 9 70 99 
1 9 90 99 
0 6 9 99 
0 90 94 99 
9 60 90 99 
0 2 90 99 
0 89 90 99 
0 9 90 92 
