0 9 78 90 99 
0 9 52 90 99 
0 9 34 90 99 
0 9 18 90 99 
0 9 17 90 99 
0 9 53 90 99 
0 9 26 90 99 
0 9 74 90 99 
0 9 75 90 99 
0 9 81 90 99 
0 9 22 90 99 
0 9 36 90 99 
0 9 14 90 99 
0 9 67 90 99 
0 9 16 90 99 
0 9 25 90 99 
0 9 55 90 99 
0 9 46 90 99 
0 9 87 90 99 
0 9 57 90 99 
0 9 54 90 99 
0 9 15 90 99 
0 9 11 90 99 
0 9 32 90 99 
0 9 82 90 99 
0 9 77 90 99 
0 9 72 90 99 
0 9 65 90 99 
0 9 73 90 99 
0 9 66 90 99 
0 9 45 90 99 
0 9 27 90 99 
0 9 63 90 99 
0 9 64 90 99 
0 9 37 90 99 
0 9 58 90 99 
0 9 83 90 99 
0 9 84 90 99 
0 9 71 90 99 
0 9 62 90 99 
0 9 43 90 99 
0 9 85 90 99 
0 9 56 90 99 
0 9 12 90 99 
0 9 33 90 99 
0 9 23 90 99 
0 9 76 90 99 
0 9 38 90 99 
0 9 42 90 99 
0 9 86 90 99 
0 9 44 90 99 
0 9 88 90 99 
0 9 31 90 99 
0 9 24 90 99 
0 9 28 90 99 
0 9 51 90 99 
0 9 68 90 99 
0 9 35 90 99 
0 9 41 90 99 
0 9 13 90 99 
0 9 48 90 99 
0 9 21 90 99 
0 9 47 90 99 
0 9 61 90 99 
