0 2 7 9 90 
0 6 9 20 90 
0 2 9 40 90 
9 20 49 90 99 
0 9 10 93 99 
9 39 90 94 99 
9 70 90 92 99 
0 9 40 70 90 
0 1 39 90 99 
0 3 79 90 99 
0 3 20 90 99 
0 60 70 90 99 
0 70 79 90 99 
0 29 90 97 99 
0 9 90 93 98 
8 9 70 90 99 
9 30 59 90 99 
0 5 69 90 99 
0 9 30 80 99 
0 9 39 90 98 
0 1 8 9 99 
0 5 9 90 92 
0 3 9 20 99 
9 90 95 97 99 
0 9 10 90 98 
0 1 9 40 90 
1 3 9 90 99 
0 5 80 90 99 
0 9 70 97 99 
0 4 9 29 99 
0 2 90 91 99 
0 9 39 90 96 
0 5 8 9 90 
2 4 9 90 99 
0 1 29 90 99 
0 39 69 90 99 
7 9 29 90 99 
0 9 90 93 95 
0 79 90 91 99 
0 19 90 93 99 
1 9 90 95 99 
0 9 69 90 91 
0 6 9 89 90 
9 19 40 90 99 
0 9 69 80 90 
0 9 29 94 99 
0 2 5 90 99 
9 69 90 91 99 
0 9 70 91 99 
6 9 90 94 99 
9 59 90 96 99 
0 20 90 96 99 
0 7 9 50 99 
0 3 59 90 99 
0 5 9 20 99 
0 89 90 91 99 
0 9 30 60 99 
7 9 49 90 99 
0 10 90 97 99 
0 9 50 98 99 
0 9 90 91 92 
0 29 59 90 99 
0 10 70 90 99 
0 40 90 98 99 
3 4 9 90 99 
0 8 9 30 90 
0 9 10 50 90 
0 9 79 93 99 
0 9 40 59 90 
0 9 40 97 99 
0 6 9 49 99 
6 9 70 90 99 
9 79 90 97 99 
3 9 90 91 99 
0 2 9 49 90 
0 4 59 90 99 
0 8 90 97 99 
0 49 90 93 99 
0 3 30 90 99 
0 50 69 90 99 
0 79 90 94 99 
0 6 40 90 99 
0 9 40 49 99 
0 1 9 19 99 
0 4 10 90 99 
0 39 90 95 99 
9 40 90 94 99 
0 9 10 50 99 
0 8 9 97 99 
9 39 90 98 99 
5 9 80 90 99 
5 9 90 92 99 
0 9 19 49 99 
0 29 70 90 99 
0 1 9 91 99 
0 6 9 90 96 
8 9 20 90 99 
0 9 79 94 99 
0 9 69 89 99 
0 9 91 96 99 
9 29 90 95 99 
0 9 30 90 98 
0 79 80 90 99 
0 9 20 95 99 
0 59 90 96 99 
0 9 29 40 99 
9 19 79 90 99 
7 9 90 93 99 
0 50 90 91 99 
0 9 19 69 90 
2 9 90 96 99 
0 20 80 90 99 
9 30 90 98 99 
1 5 9 90 99 
3 8 9 90 99 
1 9 50 90 99 
0 9 29 90 93 
0 6 9 89 99 
9 19 60 90 99 
0 9 89 90 91 
0 5 9 79 90 
0 2 40 90 99 
0 9 93 94 99 
0 9 19 20 90 
0 19 30 90 99 
0 6 9 70 90 
3 9 90 97 99 
0 3 10 90 99 
0 9 50 90 97 
0 7 9 69 99 
0 90 91 96 99 
0 9 50 90 93 
9 70 90 94 99 
0 6 9 59 90 
9 70 89 90 99 
0 5 70 90 99 
7 9 70 90 99 
0 4 7 9 90 
0 9 49 90 92 
0 4 80 90 99 
0 9 19 60 99 
6 9 19 90 99 
0 5 39 90 99 
0 1 90 98 99 
0 7 90 93 99 
0 1 9 59 90 
5 9 79 90 99 
9 29 59 90 99 
0 9 30 40 99 
0 5 29 90 99 
9 20 60 90 99 
0 20 89 90 99 
0 7 79 90 99 
0 9 29 30 99 
0 49 60 90 99 
0 3 4 90 99 
9 90 93 94 99 
0 90 93 96 99 
9 80 90 95 99 
0 9 70 95 99 
2 9 90 95 99 
0 9 70 94 99 
0 5 9 50 99 
6 9 90 91 99 
0 9 40 49 90 
0 9 79 98 99 
0 9 95 98 99 
0 9 10 90 91 
0 9 94 95 99 
0 8 9 91 99 
0 19 40 90 99 
0 9 49 50 90 
0 3 90 96 99 
0 6 50 90 99 
9 19 90 96 99 
0 9 39 70 99 
0 29 69 90 99 
0 2 9 10 99 
0 9 20 50 99 
0 4 5 9 99 
0 8 59 90 99 
0 30 90 97 99 
0 9 10 97 99 
9 40 90 95 99 
0 9 39 60 99 
0 5 9 20 90 
0 9 49 89 99 
0 5 9 79 99 
0 7 9 19 90 
0 2 9 90 93 
9 29 90 97 99 
6 9 29 90 99 
7 9 90 92 99 
0 1 9 39 99 
0 3 9 40 90 
0 9 30 98 99 
0 30 50 90 99 
0 9 89 91 99 
0 20 39 90 99 
0 9 69 91 99 
9 40 70 90 99 
4 9 90 95 99 
0 80 90 98 99 
0 9 59 70 90 
0 9 59 98 99 
0 9 93 95 99 
9 49 90 93 99 
0 9 10 59 99 
0 9 50 90 96 
0 9 10 40 90 
9 39 49 90 99 
0 9 10 30 99 
0 1 9 20 90 
0 8 9 90 98 
0 9 96 97 99 
9 70 90 96 99 
0 1 8 9 90 
0 9 30 79 90 
0 6 9 90 97 
0 9 19 80 99 
9 40 59 90 99 
0 9 70 90 98 
0 9 30 39 90 
0 9 69 80 99 
1 8 9 90 99 
9 20 90 92 99 
0 5 9 89 99 
6 9 90 93 99 
0 9 30 90 94 
0 7 9 90 98 
2 9 90 94 99 
0 9 29 50 90 
0 90 92 97 99 
9 10 90 94 99 
0 9 40 90 91 
0 9 59 70 99 
3 9 79 90 99 
9 70 80 90 99 
0 4 9 60 99 
0 9 40 91 99 
0 8 9 59 99 
9 40 90 97 99 
5 9 20 90 99 
0 9 79 96 99 
0 9 49 79 90 
9 19 80 90 99 
0 60 79 90 99 
0 69 79 90 99 
9 59 69 90 99 
0 59 60 90 99 
0 29 90 93 99 
0 50 70 90 99 
0 9 29 90 91 
0 9 89 92 99 
7 9 79 90 99 
0 7 9 89 99 
0 30 90 94 99 
0 40 49 90 99 
1 9 90 98 99 
0 10 29 90 99 
0 9 70 79 99 
0 9 70 96 99 
0 9 10 90 96 
0 1 9 98 99 
0 9 49 80 99 
0 9 20 60 99 
9 89 90 97 99 
4 9 50 90 99 
6 9 10 90 99 
0 8 30 90 99 
5 9 40 90 99 
9 19 29 90 99 
0 1 9 97 99 
0 9 30 49 99 
0 9 93 98 99 
0 9 20 29 99 
0 30 59 90 99 
0 9 79 95 99 
0 5 9 60 90 
0 9 59 91 99 
9 20 70 90 99 
0 30 39 90 99 
0 2 5 9 99 
0 90 92 94 99 
0 1 40 90 99 
9 90 94 96 99 
0 9 30 90 96 
0 9 60 90 93 
0 9 80 89 90 
0 9 69 90 98 
9 19 90 92 99 
0 9 80 90 91 
0 20 90 97 99 
9 30 70 90 99 
0 1 6 9 99 
0 9 94 96 99 
5 9 90 94 99 
0 20 50 90 99 
6 9 90 97 99 
0 89 90 98 99 
0 69 90 94 99 
0 8 9 19 90 
9 20 89 90 99 
0 9 10 39 90 
0 30 90 95 99 
0 9 90 93 94 
8 9 90 93 99 
0 9 30 89 90 
9 40 80 90 99 
0 9 19 79 99 
0 90 91 97 99 
0 40 90 97 99 
0 3 9 39 99 
8 9 30 90 99 
0 4 6 9 90 
0 2 90 94 99 
0 2 9 29 90 
3 9 50 90 99 
4 6 9 90 99 
0 9 59 90 94 
0 4 9 60 90 
0 1 9 29 90 
0 4 90 97 99 
0 10 80 90 99 
1 9 19 90 99 
0 90 92 96 99 
0 2 9 95 99 
0 9 59 79 90 
0 49 90 94 99 
0 5 10 90 99 
9 10 29 90 99 
0 80 90 96 99 
0 2 30 90 99 
0 9 49 59 90 
0 3 89 90 99 
0 9 70 90 92 
0 9 49 69 90 
0 8 79 90 99 
0 6 59 90 99 
7 9 40 90 99 
0 29 50 90 99 
4 9 70 90 99 
0 3 9 90 92 
9 59 79 90 99 
0 6 7 9 99 
0 90 96 98 99 
0 9 50 60 99 
7 9 69 90 99 
9 80 90 98 99 
0 9 40 80 99 
8 9 29 90 99 
0 2 90 98 99 
6 9 60 90 99 
9 79 90 93 99 
0 9 10 79 90 
0 6 89 90 99 
0 4 9 90 94 
0 6 9 60 90 
0 4 9 20 90 
0 9 49 90 94 
0 49 70 90 99 
0 9 20 50 90 
0 1 9 30 90 
0 90 97 98 99 
0 9 20 90 98 
0 59 79 90 99 
0 5 90 93 99 
0 9 40 80 90 
0 9 39 98 99 
9 10 90 96 99 
0 7 9 19 99 
9 29 50 90 99 
0 6 49 90 99 
9 40 50 90 99 
1 9 29 90 99 
0 9 19 90 93 
0 10 90 93 99 
0 9 19 39 99 
9 49 59 90 99 
0 9 97 98 99 
4 9 79 90 99 
7 9 90 94 99 
0 3 9 60 90 
0 50 80 90 99 
9 49 79 90 99 
0 3 39 90 99 
0 6 29 90 99 
0 9 19 90 91 
0 9 94 98 99 
0 7 9 59 99 
0 39 90 97 99 
0 7 9 10 99 
0 9 10 89 90 
0 9 59 60 90 
0 50 90 94 99 
0 9 90 92 94 
0 9 69 79 90 
6 9 40 90 99 
0 1 90 97 99 
0 6 9 79 90 
0 1 9 70 90 
0 9 29 59 90 
1 9 60 90 99 
0 9 40 69 99 
0 9 39 94 99 
8 9 60 90 99 
0 40 80 90 99 
3 9 29 90 99 
4 9 30 90 99 
0 9 10 90 92 
0 6 8 9 99 
0 4 20 90 99 
0 2 9 89 90 
0 30 69 90 99 
0 7 9 98 99 
0 9 20 69 99 
0 5 40 90 99 
0 9 79 89 90 
0 90 95 98 99 
0 9 60 97 99 
1 9 49 90 99 
0 6 9 30 90 
0 9 50 70 99 
4 9 89 90 99 
0 3 9 96 99 
0 8 9 92 99 
0 9 10 19 99 
0 9 10 39 99 
0 19 90 96 99 
9 90 93 96 99 
0 9 50 79 99 
9 20 30 90 99 
0 2 9 90 92 
0 9 92 97 99 
0 4 9 50 90 
8 9 90 98 99 
0 4 49 90 99 
9 29 90 94 99 
0 5 9 39 99 
0 4 7 90 99 
0 4 9 20 99 
0 9 20 91 99 
9 20 59 90 99 
0 8 80 90 99 
0 9 79 90 94 
0 7 9 69 90 
0 3 9 59 90 
3 9 10 90 99 
0 9 70 79 90 
0 2 80 90 99 
0 50 89 90 99 
0 1 9 90 91 
0 9 79 91 99 
2 9 79 90 99 
0 9 79 80 99 
0 7 9 40 99 
0 7 40 90 99 
0 5 7 90 99 
9 10 69 90 99 
0 9 30 94 99 
0 4 9 79 90 
0 7 8 9 99 
0 9 10 20 90 
0 6 8 9 90 
9 30 90 96 99 
7 9 10 90 99 
0 9 29 90 92 
0 9 39 40 90 
0 69 70 90 99 
0 9 20 80 90 
0 1 7 90 99 
3 9 89 90 99 
9 29 40 90 99 
0 50 79 90 99 
0 9 92 96 99 
9 59 90 95 99 
0 9 29 69 99 
9 39 90 91 99 
9 69 90 93 99 
0 39 90 93 99 
0 9 10 79 99 
8 9 59 90 99 
0 10 90 98 99 
9 59 90 97 99 
3 9 40 90 99 
0 4 9 29 90 
0 9 49 92 99 
0 1 9 80 99 
0 2 9 92 99 
2 9 50 90 99 
0 2 9 50 90 
0 19 90 94 99 
0 5 20 90 99 
0 1 9 93 99 
0 5 90 96 99 
0 9 90 91 96 
0 7 80 90 99 
7 8 9 90 99 
0 9 20 70 90 
0 3 9 90 94 
0 9 40 98 99 
0 1 9 60 90 
0 3 9 79 90 
2 9 49 90 99 
0 9 70 90 95 
9 80 90 93 99 
0 20 90 92 99 
0 90 93 97 99 
9 20 90 95 99 
0 9 19 50 99 
0 9 20 98 99 
0 29 90 92 99 
9 50 69 90 99 
0 3 8 9 90 
0 9 80 96 99 
9 19 49 90 99 
9 20 39 90 99 
0 4 9 49 99 
0 9 80 90 98 
0 9 19 59 99 
0 9 40 96 99 
0 4 8 9 99 
0 6 9 40 99 
3 9 30 90 99 
0 4 9 19 99 
9 10 90 97 99 
0 9 39 92 99 
0 9 79 90 98 
0 69 89 90 99 
0 7 69 90 99 
0 9 89 97 99 
9 39 60 90 99 
5 9 89 90 99 
9 59 90 98 99 
9 90 93 98 99 
0 20 40 90 99 
9 50 89 90 99 
0 40 90 91 99 
7 9 90 95 99 
9 90 94 97 99 
9 69 90 95 99 
9 70 90 93 99 
9 60 79 90 99 
0 8 40 90 99 
0 9 69 79 99 
0 9 50 90 91 
0 9 59 90 96 
0 3 90 91 99 
4 9 90 92 99 
0 9 19 95 99 
0 1 6 90 99 
0 9 79 90 97 
0 9 20 59 99 
0 1 9 69 90 
0 5 9 95 99 
0 9 10 29 99 
9 60 70 90 99 
0 1 90 92 99 
0 9 50 60 90 
0 49 69 90 99 
9 19 90 98 99 
0 30 40 90 99 
0 9 90 94 95 
0 9 20 30 90 
0 39 50 90 99 
0 2 9 49 99 
0 5 9 39 90 
0 2 20 90 99 
0 7 20 90 99 
0 49 90 92 99 
0 70 90 94 99 
8 9 19 90 99 
5 9 19 90 99 
0 7 90 94 99 
0 3 9 10 90 
0 9 89 90 98 
0 4 69 90 99 
0 9 29 60 99 
9 19 50 90 99 
0 39 90 91 99 
0 3 9 29 99 
0 8 19 90 99 
0 9 89 95 99 
0 3 9 69 99 
0 9 94 97 99 
0 9 60 70 90 
0 9 49 89 90 
0 2 4 9 99 
0 8 9 20 90 
2 9 20 90 99 
6 9 50 90 99 
5 9 90 96 99 
0 60 90 92 99 
0 9 20 89 99 
0 8 9 49 90 
0 10 90 95 99 
0 7 9 90 92 
0 7 9 90 94 
0 9 59 94 99 
0 49 80 90 99 
3 9 90 92 99 
0 3 9 95 99 
0 6 9 93 99 
0 9 30 39 99 
0 4 50 90 99 
0 5 9 90 93 
0 6 90 94 99 
0 2 9 79 99 
9 69 90 92 99 
0 1 20 90 99 
0 80 89 90 99 
0 7 9 94 99 
0 29 79 90 99 
0 1 4 90 99 
9 29 80 90 99 
0 1 5 9 90 
0 9 40 59 99 
8 9 50 90 99 
0 8 9 29 99 
0 8 9 89 99 
0 8 9 20 99 
0 9 60 90 96 
0 89 90 92 99 
0 9 10 30 90 
0 9 19 97 99 
0 4 9 95 99 
0 9 70 92 99 
0 7 9 90 97 
9 49 90 98 99 
0 90 91 93 99 
0 7 8 9 90 
1 9 70 90 99 
7 9 30 90 99 
0 4 9 90 98 
0 1 9 96 99 
0 9 10 95 99 
0 5 9 69 90 
0 4 9 49 90 
0 5 90 95 99 
0 4 9 30 99 
0 90 92 93 99 
0 9 50 59 99 
9 70 79 90 99 
0 1 3 9 90 
0 8 9 79 90 
0 9 90 92 93 
0 8 9 60 90 
0 9 19 50 90 
5 9 90 98 99 
0 3 50 90 99 
0 9 50 90 98 
0 6 30 90 99 
0 9 60 79 90 
0 30 90 93 99 
9 50 90 91 99 
9 90 91 92 99 
0 4 9 40 99 
0 9 50 96 99 
0 70 90 98 99 
9 20 90 97 99 
0 9 39 59 90 
0 1 10 90 99 
0 2 69 90 99 
8 9 90 95 99 
0 29 90 95 99 
0 8 9 40 90 
6 9 90 95 99 
0 9 60 91 99 
0 7 90 92 99 
0 2 6 9 90 
6 8 9 90 99 
4 9 90 93 99 
9 20 79 90 99 
0 7 9 60 99 
0 6 9 98 99 
0 9 49 90 97 
2 8 9 90 99 
9 30 49 90 99 
0 9 80 98 99 
0 3 7 90 99 
0 9 20 40 99 
0 5 9 97 99 
0 69 90 97 99 
1 9 90 94 99 
0 9 30 40 90 
0 30 60 90 99 
0 6 9 91 99 
0 9 89 94 99 
0 90 93 94 99 
2 5 9 90 99 
7 9 80 90 99 
0 9 30 89 99 
0 9 69 70 90 
9 79 89 90 99 
5 9 70 90 99 
0 59 90 95 99 
4 9 20 90 99 
0 9 50 95 99 
0 9 89 90 96 
0 60 90 91 99 
0 9 49 91 99 
0 39 60 90 99 
0 5 9 92 99 
9 90 96 98 99 
9 40 49 90 99 
0 9 39 69 90 
9 49 90 96 99 
9 90 92 94 99 
0 30 90 91 99 
0 9 29 59 99 
0 6 9 10 99 
0 4 30 90 99 
0 2 9 39 90 
0 1 7 9 99 
0 8 9 79 99 
0 3 6 90 99 
9 30 90 91 99 
0 6 90 91 99 
0 9 20 30 99 
0 8 20 90 99 
0 50 90 92 99 
0 9 89 90 92 
0 9 29 90 98 
0 9 80 93 99 
1 9 39 90 99 
0 9 30 50 99 
0 9 39 80 90 
0 7 70 90 99 
3 9 90 94 99 
0 4 9 70 99 
0 3 9 90 93 
9 39 90 96 99 
0 7 49 90 99 
0 9 80 97 99 
0 9 10 94 99 
0 8 9 90 94 
0 89 90 96 99 
3 9 80 90 99 
0 4 9 90 92 
0 4 90 94 99 
0 2 9 97 99 
0 40 90 92 99 
0 9 19 90 94 
0 90 94 95 99 
0 10 19 90 99 
9 20 90 93 99 
0 6 9 29 99 
0 9 20 90 91 
0 2 9 91 99 
0 5 9 70 99 
0 9 59 97 99 
9 90 91 97 99 
9 40 60 90 99 
9 90 91 93 99 
4 9 69 90 99 
0 60 89 90 99 
0 7 8 90 99 
0 6 9 95 99 
0 30 90 92 99 
0 9 49 60 99 
0 6 60 90 99 
0 4 9 90 95 
3 7 9 90 99 
0 4 9 40 90 
0 9 29 60 90 
9 40 90 93 99 
0 2 9 30 99 
0 9 50 80 99 
0 9 59 90 92 
5 9 59 90 99 
0 3 49 90 99 
0 9 91 95 99 
0 9 49 98 99 
0 1 8 90 99 
0 9 90 92 97 
0 90 91 92 99 
0 8 90 94 99 
0 20 70 90 99 
0 6 9 39 99 
0 5 59 90 99 
9 90 94 98 99 
0 69 90 96 99 
9 29 70 90 99 
0 9 69 90 93 
0 9 60 89 99 
6 9 69 90 99 
9 90 92 97 99 
2 9 90 93 99 
0 79 90 92 99 
0 9 29 96 99 
0 1 90 94 99 
9 89 90 95 99 
0 9 39 89 99 
9 29 60 90 99 
9 50 70 90 99 
0 5 49 90 99 
9 39 90 97 99 
0 9 69 90 96 
0 4 7 9 99 
9 39 80 90 99 
0 2 9 19 90 
0 7 19 90 99 
0 20 79 90 99 
0 20 69 90 99 
0 7 9 97 99 
9 69 90 94 99 
0 2 6 90 99 
0 59 90 92 99 
0 1 9 60 99 
0 6 90 98 99 
0 10 90 94 99 
0 5 90 98 99 
1 9 90 91 99 
1 9 40 90 99 
0 49 89 90 99 
0 9 10 98 99 
0 2 9 80 90 
0 9 10 69 99 
1 6 9 90 99 
9 59 70 90 99 
0 4 9 90 96 
0 7 9 80 90 
0 10 89 90 99 
9 20 69 90 99 
9 80 90 91 99 
0 4 89 90 99 
0 3 9 29 90 
0 59 89 90 99 
0 7 9 20 90 
7 9 39 90 99 
0 9 10 92 99 
0 60 90 97 99 
0 19 39 90 99 
0 20 60 90 99 
0 9 40 79 99 
0 6 8 90 99 
9 20 50 90 99 
0 9 50 70 90 
0 79 90 97 99 
0 3 40 90 99 
7 9 90 91 99 
0 8 9 50 90 
0 9 59 92 99 
0 9 19 30 90 
9 19 90 94 99 
0 6 9 50 99 
9 20 29 90 99 
0 9 19 90 95 
1 9 80 90 99 
5 9 30 90 99 
0 9 20 90 94 
0 5 90 91 99 
0 9 60 80 90 
0 6 9 49 90 
0 1 9 19 90 
0 1 9 20 99 
1 2 9 90 99 
0 1 9 90 92 
9 40 90 98 99 
0 1 9 29 99 
9 29 89 90 99 
2 9 90 91 99 
0 9 49 60 90 
0 9 30 49 90 
9 69 89 90 99 
5 6 9 90 99 
5 9 90 97 99 
0 3 9 60 99 
0 9 91 97 99 
9 90 91 94 99 
0 9 39 90 92 
0 39 49 90 99 
9 50 90 97 99 
3 9 90 93 99 
9 20 90 94 99 
9 10 19 90 99 
0 9 50 93 99 
4 9 90 98 99 
0 9 93 97 99 
9 19 30 90 99 
0 4 9 90 97 
9 80 89 90 99 
0 9 50 90 94 
0 5 90 94 99 
3 9 39 90 99 
0 1 5 90 99 
0 5 9 91 99 
4 9 90 94 99 
0 9 59 89 99 
4 9 90 91 99 
0 3 9 40 99 
9 90 95 96 99 
0 9 10 49 99 
0 9 69 98 99 
0 9 30 90 91 
2 9 59 90 99 
0 2 70 90 99 
9 69 79 90 99 
9 39 89 90 99 
0 70 90 93 99 
0 4 9 97 99 
0 1 3 90 99 
0 20 90 91 99 
0 6 9 70 99 
0 3 7 9 99 
0 2 89 90 99 
0 7 9 80 99 
7 9 90 97 99 
0 9 96 98 99 
2 3 9 90 99 
9 30 69 90 99 
1 4 9 90 99 
9 39 50 90 99 
2 9 39 90 99 
0 5 9 70 90 
9 30 90 97 99 
0 9 20 90 92 
9 39 90 95 99 
0 4 5 90 99 
9 50 90 94 99 
3 9 90 98 99 
9 10 89 90 99 
0 9 30 90 92 
0 9 30 69 90 
0 8 9 89 90 
4 9 39 90 99 
0 8 9 80 99 
0 9 60 69 90 
0 19 20 90 99 
0 2 7 90 99 
0 5 9 90 94 
0 5 90 92 99 
0 9 79 90 91 
4 9 80 90 99 
0 3 9 49 90 
0 3 9 90 91 
0 40 90 96 99 
1 9 89 90 99 
0 3 9 92 99 
0 5 9 90 98 
0 1 9 90 96 
6 7 9 90 99 
0 9 49 80 90 
7 9 89 90 99 
9 90 91 96 99 
0 3 5 90 99 
0 90 92 98 99 
0 7 9 89 90 
0 9 10 90 97 
0 3 9 91 99 
0 9 20 79 90 
0 7 90 96 99 
8 9 90 94 99 
0 9 40 93 99 
0 8 9 95 99 
0 9 10 29 90 
0 2 10 90 99 
0 9 80 90 92 
0 9 30 97 99 
0 4 9 89 99 
0 5 9 90 91 
5 9 90 95 99 
0 9 29 90 97 
0 9 19 89 99 
0 7 89 90 99 
0 29 49 90 99 
0 9 59 79 99 
0 8 90 92 99 
0 9 30 95 99 
0 9 49 94 99 
0 2 9 39 99 
0 49 90 96 99 
0 9 29 49 99 
0 39 90 96 99 
0 9 39 91 99 
1 9 20 90 99 
0 9 40 90 96 
0 9 40 90 93 
9 40 90 91 99 
0 59 70 90 99 
0 69 80 90 99 
0 9 40 90 94 
0 9 49 95 99 
0 9 59 69 99 
0 9 19 70 90 
0 3 90 92 99 
9 90 97 98 99 
0 9 50 69 90 
0 9 50 89 90 
0 2 50 90 99 
0 1 9 50 90 
0 7 9 90 93 
0 9 29 89 90 
0 5 9 90 97 
0 7 9 10 90 
0 9 29 70 90 
9 70 90 97 99 
0 9 29 39 90 
1 9 90 92 99 
0 9 19 40 90 
9 40 79 90 99 
9 90 94 95 99 
3 9 90 96 99 
9 40 69 90 99 
0 9 20 93 99 
0 8 9 59 90 
0 9 60 90 92 
0 4 90 91 99 
9 79 90 95 99 
0 9 92 98 99 
0 9 20 90 97 
0 1 9 30 99 
0 1 3 9 99 
9 59 90 93 99 
0 9 89 93 99 
9 19 90 93 99 
0 8 9 39 90 
0 9 90 93 96 
0 9 40 90 98 
0 9 19 60 90 
0 9 50 97 99 
0 9 29 95 99 
3 9 59 90 99 
0 1 90 93 99 
9 89 90 92 99 
9 59 60 90 99 
0 7 90 95 99 
0 9 40 89 99 
0 49 90 91 99 
0 9 10 59 90 
0 6 9 19 90 
0 30 79 90 99 
9 49 80 90 99 
0 9 10 90 95 
0 1 9 90 97 
0 5 9 90 96 
0 1 5 9 99 
0 8 9 70 90 
0 9 29 69 90 
9 59 89 90 99 
0 9 50 91 99 
0 8 9 40 99 
2 9 90 98 99 
0 9 10 80 90 
0 9 19 92 99 
0 9 70 90 93 
0 9 30 70 90 
0 3 5 9 90 
0 20 90 94 99 
8 9 89 90 99 
0 59 80 90 99 
0 29 80 90 99 
0 9 29 90 95 
0 9 20 49 99 
6 9 89 90 99 
9 90 92 96 99 
9 10 60 90 99 
9 69 70 90 99 
0 9 60 96 99 
6 9 59 90 99 
0 70 90 92 99 
0 6 10 90 99 
0 2 9 59 99 
9 89 90 91 99 
0 4 9 59 99 
0 9 19 69 99 
0 59 90 91 99 
0 9 69 97 99 
0 4 40 90 99 
0 10 50 90 99 
0 8 69 90 99 
9 60 90 91 99 
0 2 90 92 99 
0 3 70 90 99 
0 8 9 90 96 
0 9 50 94 99 
0 39 79 90 99 
0 2 79 90 99 
0 5 9 60 99 
0 9 60 69 99 
0 9 40 90 92 
0 9 39 93 99 
9 19 69 90 99 
9 49 89 90 99 
0 9 30 90 93 
0 9 30 93 99 
0 4 70 90 99 
0 4 9 69 99 
0 9 60 79 99 
9 80 90 96 99 
0 9 49 93 99 
4 9 60 90 99 
0 9 59 95 99 
0 4 39 90 99 
0 9 60 94 99 
0 9 49 70 90 
0 6 19 90 99 
0 7 9 39 90 
0 50 90 95 99 
0 60 90 95 99 
0 9 29 93 99 
0 9 59 90 93 
0 9 39 40 99 
4 9 59 90 99 
0 9 19 90 98 
0 4 9 39 90 
0 10 30 90 99 
9 60 90 97 99 
0 5 79 90 99 
0 2 9 90 94 
0 9 20 59 90 
0 9 29 79 99 
0 59 69 90 99 
0 7 9 49 90 
0 1 2 90 99 
0 9 90 91 94 
9 10 40 90 99 
0 9 29 80 99 
2 9 30 90 99 
0 8 9 90 93 
0 9 19 79 90 
0 6 70 90 99 
0 70 90 95 99 
0 4 6 90 99 
0 2 9 70 99 
0 9 39 89 90 
0 9 80 95 99 
0 9 19 96 99 
0 19 59 90 99 
0 9 39 60 90 
0 9 39 96 99 
0 10 90 92 99 
3 9 70 90 99 
0 3 9 80 99 
9 30 90 95 99 
0 9 29 70 99 
0 90 91 98 99 
0 9 91 92 99 
0 3 9 39 90 
0 2 8 90 99 
9 29 90 96 99 
8 9 10 90 99 
0 3 9 79 99 
0 5 9 19 90 
0 10 40 90 99 
2 9 90 92 99 
0 9 40 69 90 
0 9 29 98 99 
9 90 93 97 99 
0 9 60 93 99 
0 9 19 29 90 
0 2 49 90 99 
0 7 30 90 99 
0 19 80 90 99 
9 90 92 93 99 
5 9 69 90 99 
0 7 9 93 99 
0 9 69 96 99 
0 9 10 90 94 
0 39 70 90 99 
0 3 9 90 96 
0 5 9 94 99 
0 9 80 90 96 
0 6 9 80 99 
2 9 69 90 99 
0 1 79 90 99 
4 8 9 90 99 
6 9 49 90 99 
0 59 90 94 99 
0 9 79 90 95 
0 89 90 93 99 
0 9 20 39 99 
0 4 9 80 99 
0 29 90 96 99 
0 6 39 90 99 
0 9 20 79 99 
0 60 80 90 99 
0 90 94 96 99 
0 8 9 90 97 
0 9 49 90 98 
0 90 91 95 99 
0 89 90 94 99 
0 6 9 10 90 
0 9 20 60 90 
6 9 80 90 99 
0 3 9 90 95 
0 3 90 97 99 
0 9 80 90 95 
9 19 20 90 99 
0 9 20 49 90 
0 2 9 94 99 
0 60 90 96 99 
0 9 70 90 91 
0 4 9 59 90 
0 9 92 94 99 
0 9 30 59 90 
0 4 6 9 99 
3 9 69 90 99 
0 9 92 93 99 
0 2 8 9 99 
0 9 91 94 99 
0 3 9 98 99 
0 3 90 93 99 
9 10 49 90 99 
0 9 10 20 99 
9 30 40 90 99 
0 9 10 91 99 
0 40 90 94 99 
0 49 90 97 99 
0 9 20 92 99 
9 29 79 90 99 
9 89 90 93 99 
0 19 90 92 99 
1 9 10 90 99 
0 3 90 94 99 
0 8 9 90 95 
0 9 39 79 90 
0 9 90 92 95 
0 9 79 97 99 
0 7 9 50 90 
0 80 90 91 99 
0 8 9 96 99 
9 49 69 90 99 
0 1 90 95 99 
0 2 9 69 99 
9 30 60 90 99 
0 2 7 9 99 
9 30 50 90 99 
0 5 9 29 99 
8 9 49 90 99 
0 9 20 90 95 
0 5 9 90 95 
0 2 9 90 95 
0 19 49 90 99 
0 9 10 60 90 
0 4 9 98 99 
0 2 9 59 90 
6 9 90 96 99 
0 39 40 90 99 
0 9 89 98 99 
0 9 90 95 96 
0 90 91 94 99 
0 9 20 96 99 
9 60 90 98 99 
0 9 39 90 97 
0 69 90 93 99 
0 2 9 50 99 
0 50 90 98 99 
0 6 9 90 91 
0 30 90 98 99 
0 1 9 80 90 
0 9 19 80 90 
0 2 9 20 99 
9 29 90 93 99 
0 9 30 79 99 
0 6 9 80 90 
0 9 69 93 99 
9 29 30 90 99 
0 1 70 90 99 
0 2 90 93 99 
0 9 19 70 99 
0 9 10 40 99 
0 3 9 50 99 
0 5 9 69 99 
0 9 60 90 91 
9 19 90 91 99 
0 1 9 94 99 
0 9 20 40 90 
0 9 10 49 90 
9 90 91 98 99 
0 9 20 80 99 
0 9 39 49 99 
0 8 9 39 99 
0 9 39 90 95 
9 80 90 94 99 
0 1 90 91 99 
0 70 80 90 99 
0 9 39 90 94 
0 9 80 94 99 
5 8 9 90 99 
9 30 79 90 99 
0 10 59 90 99 
0 4 9 10 90 
0 39 89 90 99 
0 60 90 94 99 
9 79 90 92 99 
0 6 9 97 99 
5 9 10 90 99 
0 40 90 93 99 
9 29 90 98 99 
0 7 9 70 99 
0 5 9 19 99 
0 7 29 90 99 
7 9 20 90 99 
4 9 29 90 99 
9 90 95 98 99 
9 30 89 90 99 
0 3 9 69 90 
4 5 9 90 99 
0 6 9 60 99 
0 2 9 79 90 
9 59 90 92 99 
9 30 90 93 99 
9 49 90 92 99 
0 80 90 92 99 
0 9 39 90 91 
9 20 90 91 99 
0 9 19 20 99 
9 50 79 90 99 
0 19 90 97 99 
0 9 39 97 99 
4 9 90 97 99 
5 9 49 90 99 
0 9 30 80 90 
9 10 70 90 99 
0 9 20 89 90 
0 9 40 95 99 
9 30 90 92 99 
0 9 49 69 99 
0 5 30 90 99 
8 9 80 90 99 
0 9 89 90 95 
8 9 79 90 99 
0 9 69 94 99 
0 20 90 98 99 
0 9 40 50 90 
0 5 9 10 90 
0 3 9 93 99 
9 40 89 90 99 
0 2 60 90 99 
0 9 69 90 97 
0 59 90 98 99 
0 9 91 93 99 
0 9 49 59 99 
0 50 60 90 99 
0 2 9 30 90 
0 2 9 90 97 
0 3 60 90 99 
9 69 90 96 99 
0 1 9 50 99 
0 9 20 90 93 
0 40 79 90 99 
0 2 9 69 90 
0 9 50 69 99 
0 9 40 90 95 
0 1 9 90 93 
0 9 40 89 90 
0 2 9 90 96 
0 40 59 90 99 
0 8 9 90 91 
0 10 39 90 99 
0 10 69 90 99 
0 2 9 40 99 
0 9 50 80 90 
0 2 9 70 90 
0 90 93 98 99 
0 5 9 80 90 
9 59 90 94 99 
9 79 90 94 99 
0 8 9 98 99 
0 6 80 90 99 
0 2 90 97 99 
0 7 90 98 99 
9 10 79 90 99 
0 9 60 90 94 
0 1 9 69 99 
0 9 90 94 98 
0 60 90 93 99 
0 9 20 69 90 
0 9 60 80 99 
0 4 9 92 99 
0 4 79 90 99 
0 8 90 93 99 
0 9 80 90 97 
9 50 90 96 99 
3 9 60 90 99 
0 9 39 95 99 
0 9 93 96 99 
0 9 29 90 96 
0 3 5 9 99 
0 9 90 96 98 
0 9 90 91 95 
9 49 90 95 99 
0 5 9 59 99 
0 1 9 39 90 
0 9 60 70 99 
0 9 49 79 99 
0 9 29 90 94 
0 9 80 91 99 
0 1 4 9 90 
0 6 9 90 95 
9 39 40 90 99 
0 2 4 9 90 
5 9 50 90 99 
8 9 90 96 99 
0 19 29 90 99 
0 7 9 92 99 
9 49 60 90 99 
0 9 91 98 99 
0 6 9 79 99 
0 19 90 91 99 
0 20 30 90 99 
0 1 9 79 90 
0 5 90 97 99 
9 70 90 95 99 
9 39 90 92 99 
0 30 49 90 99 
0 9 29 92 99 
9 19 59 90 99 
0 8 60 90 99 
0 1 90 96 99 
0 2 9 60 90 
0 2 9 60 99 
7 9 60 90 99 
0 90 96 97 99 
2 9 60 90 99 
0 5 19 90 99 
9 29 90 92 99 
0 80 90 97 99 
0 9 80 90 93 
9 60 90 95 99 
3 6 9 90 99 
9 79 90 96 99 
0 10 90 91 99 
0 9 59 80 99 
0 20 49 90 99 
1 9 90 96 99 
9 89 90 96 99 
0 5 9 10 99 
0 3 9 30 99 
0 19 60 90 99 
0 9 30 70 99 
0 9 29 49 90 
0 1 60 90 99 
0 6 9 39 90 
0 9 29 80 90 
0 7 9 29 90 
0 5 7 9 90 
0 79 90 95 99 
0 6 90 93 99 
0 9 89 90 93 
0 9 19 91 99 
9 10 90 93 99 
0 20 90 95 99 
0 4 8 90 99 
0 3 9 80 90 
0 5 6 90 99 
0 9 59 90 91 
9 39 90 93 99 
0 49 59 90 99 
0 2 39 90 99 
0 6 7 9 90 
0 9 19 40 99 
9 60 90 93 99 
0 9 70 90 94 
9 39 70 90 99 
0 8 90 95 99 
0 9 40 60 99 
0 3 9 90 98 
6 9 30 90 99 
0 10 60 90 99 
0 9 10 69 90 
7 9 19 90 99 
0 9 40 94 99 
0 9 90 92 98 
0 39 80 90 99 
1 7 9 90 99 
6 9 20 90 99 
9 90 92 95 99 
0 7 9 90 95 
0 9 30 90 95 
0 2 3 90 99 
0 9 60 90 97 
0 4 90 96 99 
0 9 80 92 99 
0 1 30 90 99 
0 10 20 90 99 
0 60 69 90 99 
0 59 90 93 99 
0 2 3 9 90 
0 1 4 9 99 
9 69 80 90 99 
0 9 19 30 99 
1 9 79 90 99 
0 9 69 90 94 
0 4 9 96 99 
9 20 90 96 99 
9 19 90 97 99 
0 3 19 90 99 
0 6 79 90 99 
2 9 80 90 99 
0 8 70 90 99 
0 9 19 90 97 
0 6 9 90 98 
9 50 60 90 99 
0 6 9 90 92 
0 6 9 29 90 
0 9 59 69 90 
0 9 60 92 99 
0 2 5 9 90 
0 6 9 50 90 
0 29 30 90 99 
0 9 92 95 99 
0 2 3 9 99 
0 5 9 93 99 
0 19 70 90 99 
0 1 6 9 90 
2 9 70 90 99 
9 20 80 90 99 
9 60 90 92 99 
0 9 70 98 99 
0 3 8 90 99 
0 9 19 94 99 
0 2 9 96 99 
9 10 50 90 99 
0 2 9 80 99 
9 79 80 90 99 
0 9 39 69 99 
9 59 90 91 99 
9 90 96 97 99 
9 89 90 94 99 
0 4 19 90 99 
0 7 50 90 99 
0 9 30 69 99 
0 49 90 98 99 
0 70 90 97 99 
0 9 29 89 99 
0 1 9 95 99 
0 8 9 50 99 
1 9 30 90 99 
0 9 39 70 90 
0 3 9 97 99 
9 29 69 90 99 
0 6 20 90 99 
0 9 39 90 93 
0 9 49 50 99 
9 50 90 95 99 
0 9 59 90 97 
0 79 90 93 99 
0 9 30 59 99 
0 1 9 40 99 
0 9 39 49 90 
0 90 94 97 99 
0 9 10 89 99 
0 9 29 79 90 
4 9 10 90 99 
0 19 50 90 99 
0 9 79 90 92 
0 9 40 70 99 
0 4 9 91 99 
9 10 39 90 99 
0 49 90 95 99 
9 69 90 97 99 
0 29 90 91 99 
0 8 9 49 99 
0 1 7 9 90 
0 1 50 90 99 
0 9 50 90 95 
0 1 2 9 99 
9 30 90 94 99 
0 9 39 50 99 
0 9 89 96 99 
0 20 29 90 99 
0 7 9 59 90 
9 60 69 90 99 
0 9 30 60 90 
0 1 9 10 99 
0 9 20 94 99 
0 4 29 90 99 
0 9 79 90 93 
7 9 50 90 99 
0 1 9 89 90 
0 40 89 90 99 
0 5 9 40 99 
7 9 59 90 99 
0 9 90 91 97 
0 50 59 90 99 
6 9 79 90 99 
0 6 90 92 99 
1 9 90 93 99 
3 9 20 90 99 
0 2 19 90 99 
0 9 39 80 99 
0 9 50 89 99 
0 7 9 91 99 
0 5 6 9 90 
0 9 39 59 99 
0 70 90 91 99 
0 30 90 96 99 
0 4 9 30 90 
0 29 40 90 99 
0 1 9 49 90 
4 9 90 96 99 
0 8 9 93 99 
0 9 19 98 99 
0 1 9 70 99 
0 9 10 90 93 
0 5 9 59 90 
0 9 79 89 99 
0 1 9 89 99 
0 1 9 90 94 
0 2 9 10 90 
0 7 9 40 90 
0 8 50 90 99 
0 1 69 90 99 
0 3 9 10 99 
0 1 2 9 90 
0 9 80 90 94 
9 39 69 90 99 
7 9 90 98 99 
0 20 59 90 99 
9 49 90 97 99 
9 59 80 90 99 
0 9 19 89 90 
0 4 9 80 90 
9 49 70 90 99 
0 7 90 91 99 
0 3 6 9 90 
0 3 6 9 99 
0 5 9 98 99 
0 9 19 93 99 
3 9 19 90 99 
0 3 29 90 99 
0 3 69 90 99 
0 9 49 90 91 
0 3 90 98 99 
9 60 90 94 99 
0 6 9 92 99 
0 90 92 95 99 
0 3 9 70 99 
0 9 60 90 95 
0 2 6 9 99 
9 49 90 91 99 
2 9 89 90 99 
0 3 90 95 99 
9 10 20 90 99 
0 4 9 93 99 
0 5 9 96 99 
0 4 9 89 90 
0 2 9 93 99 
0 7 9 30 99 
0 40 90 95 99 
0 2 8 9 90 
0 5 9 49 90 
0 7 90 97 99 
4 7 9 90 99 
0 2 9 89 99 
0 9 39 50 90 
5 9 90 91 99 
9 90 91 95 99 
9 19 39 90 99 
0 8 90 98 99 
9 49 50 90 99 
0 1 89 90 99 
0 2 4 90 99 
0 5 9 49 99 
0 1 9 49 99 
0 9 69 70 99 
0 8 90 91 99 
0 19 79 90 99 
0 9 30 50 90 
0 9 39 79 99 
0 6 90 97 99 
0 6 9 90 93 
0 9 90 94 96 
0 6 90 96 99 
0 8 10 90 99 
0 1 9 92 99 
0 59 90 97 99 
0 5 8 9 99 
0 4 90 98 99 
0 3 9 20 90 
0 9 79 80 90 
0 29 90 94 99 
0 2 9 90 91 
0 2 90 96 99 
0 9 10 19 90 
0 9 89 90 97 
0 9 20 90 96 
0 50 90 97 99 
1 9 90 97 99 
0 1 9 79 99 
0 4 90 92 99 
0 3 8 9 99 
3 5 9 90 99 
0 5 9 29 90 
9 50 59 90 99 
0 9 30 92 99 
0 3 9 30 90 
0 9 19 49 90 
0 9 50 59 90 
0 7 9 70 90 
0 4 9 79 99 
0 5 89 90 99 
0 19 90 98 99 
9 40 90 92 99 
3 9 49 90 99 
0 2 9 90 98 
0 3 9 49 99 
0 8 9 69 90 
0 9 29 30 90 
9 70 90 91 99 
0 9 50 92 99 
0 1 9 90 95 
0 9 59 90 98 
0 40 70 90 99 
0 8 9 10 99 
0 30 89 90 99 
0 5 9 30 90 
9 19 89 90 99 
0 9 60 95 99 
0 9 19 90 96 
0 9 10 60 99 
0 5 8 90 99 
9 79 90 98 99 
0 9 40 92 99 
0 9 70 90 96 
2 7 9 90 99 
0 5 60 90 99 
9 10 80 90 99 
0 9 79 90 96 
0 39 90 92 99 
0 9 10 70 99 
9 19 90 95 99 
0 2 9 20 90 
2 9 19 90 99 
9 90 92 98 99 
0 1 49 90 99 
9 49 90 94 99 
0 9 19 29 99 
5 9 39 90 99 
0 9 50 79 90 
0 9 30 90 97 
0 9 70 89 99 
0 7 9 20 99 
0 29 39 90 99 
0 3 4 9 90 
2 9 10 90 99 
0 9 49 90 96 
0 8 39 90 99 
0 4 9 19 90 
0 9 59 80 90 
9 39 59 90 99 
0 9 89 90 94 
0 69 90 92 99 
0 2 9 19 99 
0 7 9 96 99 
0 9 69 90 92 
0 9 29 40 90 
0 8 9 19 99 
0 40 60 90 99 
0 9 59 89 90 
9 20 40 90 99 
0 79 89 90 99 
0 8 9 94 99 
0 89 90 95 99 
0 7 9 95 99 
0 9 30 91 99 
9 80 90 92 99 
0 6 9 20 99 
0 6 9 69 99 
0 5 7 9 99 
5 9 29 90 99 
9 90 93 95 99 
8 9 69 90 99 
0 4 9 90 93 
9 69 90 98 99 
0 9 90 91 98 
0 39 59 90 99 
0 6 9 30 99 
0 79 90 96 99 
0 3 9 89 99 
9 50 80 90 99 
0 20 90 93 99 
9 30 39 90 99 
0 4 9 70 90 
0 8 9 69 99 
4 9 40 90 99 
0 8 9 80 90 
0 8 9 70 99 
0 1 59 90 99 
0 6 7 90 99 
2 6 9 90 99 
0 7 9 49 99 
0 5 6 9 99 
0 9 79 92 99 
0 4 9 94 99 
0 8 9 90 92 
0 50 90 93 99 
0 9 20 29 90 
0 1 9 90 98 
0 9 49 70 99 
0 70 90 96 99 
0 9 29 39 99 
0 8 29 90 99 
0 9 90 92 96 
9 80 90 97 99 
2 9 90 97 99 
0 9 29 91 99 
0 4 9 90 91 
0 3 9 90 97 
0 79 90 98 99 
0 9 70 93 99 
6 9 90 98 99 
0 9 90 95 98 
0 4 9 69 90 
0 8 9 10 90 
0 9 30 96 99 
0 6 9 40 90 
9 29 90 91 99 
0 9 49 90 95 
6 9 39 90 99 
0 7 9 39 99 
0 6 9 59 99 
0 29 89 90 99 
0 5 9 40 90 
1 9 69 90 99 
0 80 90 93 99 
0 9 20 70 99 
0 39 90 94 99 
9 29 49 90 99 
0 69 90 95 99 
0 40 69 90 99 
0 9 69 90 95 
9 60 89 90 99 
0 2 90 95 99 
9 89 90 98 99 
0 4 90 95 99 
0 30 70 90 99 
8 9 39 90 99 
4 9 19 90 99 
0 9 90 95 97 
0 69 90 98 99 
0 9 60 98 99 
0 5 9 30 99 
0 9 69 89 90 
0 7 10 90 99 
0 40 50 90 99 
0 5 9 89 90 
0 1 80 90 99 
0 9 90 94 97 
9 10 90 95 99 
0 9 29 50 99 
0 4 5 9 90 
0 4 9 39 99 
0 89 90 97 99 
6 9 90 92 99 
0 6 9 19 99 
9 10 59 90 99 
0 1 9 10 90 
0 7 9 79 99 
0 8 9 30 99 
0 6 9 96 99 
0 9 19 39 90 
0 9 90 96 97 
9 50 90 93 99 
0 9 80 89 99 
0 8 9 60 99 
8 9 90 97 99 
0 30 80 90 99 
0 3 9 89 90 
9 40 90 96 99 
0 9 70 80 90 
0 5 50 90 99 
0 7 9 60 90 
0 8 49 90 99 
0 4 90 93 99 
0 10 79 90 99 
0 9 59 93 99 
0 9 20 97 99 
2 9 40 90 99 
0 9 50 90 92 
9 70 90 98 99 
8 9 90 92 99 
8 9 90 91 99 
0 50 90 96 99 
0 7 9 30 90 
0 9 59 96 99 
0 7 9 79 90 
5 9 90 93 99 
0 9 19 90 92 
0 5 9 80 99 
0 9 49 90 93 
0 3 7 9 90 
0 8 89 90 99 
0 3 9 19 99 
0 39 90 98 99 
0 2 29 90 99 
0 9 70 90 97 
9 50 90 98 99 
9 20 90 98 99 
0 9 90 91 93 
0 7 59 90 99 
9 60 80 90 99 
0 10 49 90 99 
9 29 39 90 99 
0 90 95 96 99 
0 9 70 80 99 
0 9 49 96 99 
0 6 9 90 94 
0 7 9 29 99 
0 70 89 90 99 
0 9 59 60 99 
0 7 9 90 96 
0 9 10 70 90 
0 6 9 94 99 
0 9 90 97 98 
0 3 9 70 90 
0 6 90 95 99 
0 6 69 90 99 
0 9 70 89 90 
0 9 60 90 98 
0 29 60 90 99 
0 1 9 59 99 
3 9 90 95 99 
5 9 60 90 99 
0 3 9 94 99 
9 50 90 92 99 
0 9 40 90 97 
0 3 4 9 99 
0 6 9 69 90 
0 9 29 97 99 
0 4 9 50 99 
0 3 9 19 90 
9 60 90 96 99 
0 9 19 59 90 
0 9 60 89 90 
0 49 79 90 99 
9 39 79 90 99 
0 10 90 96 99 
9 10 90 98 99 
9 10 30 90 99 
0 1 19 90 99 
0 9 90 93 97 
0 29 90 98 99 
0 90 94 98 99 
0 9 69 95 99 
0 90 93 95 99 
1 9 59 90 99 
0 90 95 97 99 
0 9 95 97 99 
0 49 50 90 99 
0 4 8 9 90 
0 80 90 95 99 
9 10 90 92 99 
0 9 49 97 99 
0 2 9 98 99 
0 60 90 98 99 
0 9 95 96 99 
0 2 59 90 99 
0 9 40 79 90 
0 9 10 80 99 
0 3 80 90 99 
0 9 69 92 99 
0 19 89 90 99 
0 9 40 60 90 
0 9 40 50 99 
0 7 39 90 99 
0 8 90 96 99 
0 9 10 96 99 
9 19 70 90 99 
0 7 60 90 99 
8 9 40 90 99 
0 2 9 29 99 
0 69 90 91 99 
9 30 80 90 99 
7 9 90 96 99 
0 9 20 39 90 
9 79 90 91 99 
0 9 59 90 95 
0 80 90 94 99 
0 5 9 50 90 
0 4 9 10 99 
0 8 9 29 90 
0 19 69 90 99 
0 7 9 90 91 
0 19 90 95 99 
0 3 9 59 99 
9 10 90 91 99 
0 3 9 50 90 
0 4 60 90 99 
5 7 9 90 99 
4 9 49 90 99 
2 9 29 90 99 
