1 99 
80 90 
0 20 
9 20 
8 99 
0 3 
97 99 
19 90 
69 99 
59 99 
79 99 
0 89 
9 96 
0 98 
9 89 
9 30 
0 30 
6 90 
8 90 
89 90 
89 99 
50 90 
30 90 
0 7 
0 10 
0 49 
1 90 
90 98 
94 99 
6 9 
0 59 
0 19 
91 99 
4 9 
9 39 
0 97 
10 90 
0 69 
30 99 
0 95 
0 91 
60 90 
19 99 
0 50 
69 90 
7 99 
49 90 
29 90 
9 50 
0 93 
7 90 
90 95 
0 79 
10 99 
0 70 
90 92 
5 9 
3 99 
20 90 
90 97 
39 90 
0 5 
9 70 
9 10 
80 99 
90 96 
96 99 
0 92 
93 99 
90 94 
40 90 
0 8 
6 99 
9 97 
9 60 
3 90 
9 80 
50 99 
0 29 
2 99 
2 90 
0 2 
9 59 
95 99 
98 99 
4 90 
5 99 
29 99 
9 95 
70 99 
90 93 
2 9 
9 91 
9 98 
4 99 
0 80 
9 93 
0 39 
79 90 
5 90 
40 99 
7 9 
9 49 
9 92 
70 90 
0 94 
9 29 
59 90 
9 79 
92 99 
0 6 
20 99 
60 99 
0 4 
0 40 
0 60 
8 9 
90 91 
1 9 
3 9 
0 1 
9 94 
9 40 
9 19 
0 96 
9 69 
49 99 
39 99 
