0 9 70 90 91 99 
0 9 60 79 90 99 
0 9 39 90 93 99 
0 5 9 90 93 99 
0 9 29 50 90 99 
0 3 9 90 97 99 
0 9 29 90 98 99 
0 4 8 9 90 99 
0 3 5 9 90 99 
0 3 9 49 90 99 
0 8 9 90 93 99 
0 4 7 9 90 99 
0 9 39 90 94 99 
0 9 30 89 90 99 
0 9 39 50 90 99 
0 9 29 90 94 99 
0 3 9 90 95 99 
0 9 10 50 90 99 
0 7 9 19 90 99 
0 9 90 96 97 99 
0 6 9 90 91 99 
0 9 60 90 91 99 
0 9 19 29 90 99 
0 9 90 93 98 99 
0 9 39 69 90 99 
0 9 89 90 98 99 
0 7 9 10 90 99 
0 9 19 90 92 99 
0 9 69 79 90 99 
0 9 50 90 95 99 
0 9 49 89 90 99 
0 9 30 40 90 99 
0 9 30 80 90 99 
0 9 40 90 98 99 
0 9 19 20 90 99 
0 4 9 20 90 99 
0 9 40 80 90 99 
0 5 9 29 90 99 
0 9 90 93 97 99 
0 9 29 90 93 99 
0 9 70 90 95 99 
0 9 60 69 90 99 
0 5 9 90 98 99 
0 9 59 80 90 99 
0 3 9 19 90 99 
0 6 9 90 98 99 
0 4 9 90 94 99 
0 8 9 49 90 99 
0 1 2 9 90 99 
0 5 9 89 90 99 
0 9 30 90 91 99 
0 9 40 90 97 99 
0 9 19 59 90 99 
0 9 59 90 98 99 
0 6 9 39 90 99 
0 9 19 90 95 99 
0 9 20 90 97 99 
0 9 20 90 91 99 
0 9 69 90 98 99 
0 9 30 90 94 99 
0 4 9 19 90 99 
0 9 90 91 92 99 
0 9 19 69 90 99 
0 9 39 90 92 99 
0 9 49 90 91 99 
0 9 59 60 90 99 
0 1 9 79 90 99 
0 7 9 89 90 99 
0 9 90 92 98 99 
0 9 89 90 97 99 
0 2 9 40 90 99 
0 2 7 9 90 99 
0 4 9 70 90 99 
0 9 49 90 95 99 
0 2 9 79 90 99 
0 9 19 90 98 99 
0 9 90 97 98 99 
0 9 30 49 90 99 
0 6 9 89 90 99 
0 9 69 80 90 99 
0 4 9 80 90 99 
0 9 70 79 90 99 
0 6 9 70 90 99 
0 9 29 59 90 99 
0 9 29 69 90 99 
0 3 6 9 90 99 
0 9 10 60 90 99 
0 9 90 94 96 99 
0 6 9 49 90 99 
0 8 9 70 90 99 
0 9 20 89 90 99 
0 9 59 90 92 99 
0 9 90 92 93 99 
0 9 20 90 92 99 
0 9 69 90 94 99 
0 9 19 49 90 99 
0 3 9 20 90 99 
0 7 9 90 92 99 
0 9 79 90 94 99 
0 6 9 59 90 99 
0 5 9 69 90 99 
0 3 7 9 90 99 
0 9 50 90 94 99 
0 5 9 90 95 99 
0 7 9 60 90 99 
0 7 9 20 90 99 
0 9 90 91 98 99 
0 9 40 70 90 99 
0 3 9 80 90 99 
0 8 9 89 90 99 
0 3 9 70 90 99 
0 9 10 90 95 99 
0 9 20 90 95 99 
0 7 9 90 93 99 
0 9 90 93 95 99 
0 9 30 50 90 99 
0 1 9 90 93 99 
0 2 9 90 98 99 
0 8 9 29 90 99 
0 3 9 30 90 99 
0 9 29 39 90 99 
0 2 9 90 92 99 
0 9 10 29 90 99 
0 9 30 39 90 99 
0 9 40 90 91 99 
0 9 50 90 97 99 
0 1 9 20 90 99 
0 6 9 79 90 99 
0 2 6 9 90 99 
0 9 60 90 97 99 
0 9 40 90 93 99 
0 9 79 90 93 99 
0 9 90 92 96 99 
0 9 20 90 98 99 
0 3 9 90 96 99 
0 8 9 20 90 99 
0 8 9 10 90 99 
0 6 9 19 90 99 
0 9 49 50 90 99 
0 9 10 49 90 99 
0 9 40 69 90 99 
0 9 19 90 91 99 
0 2 9 90 95 99 
0 1 3 9 90 99 
0 9 40 49 90 99 
0 9 79 90 92 99 
0 7 9 79 90 99 
0 7 9 50 90 99 
0 1 9 19 90 99 
0 4 5 9 90 99 
0 9 20 80 90 99 
0 5 9 60 90 99 
0 9 90 94 97 99 
0 2 9 30 90 99 
0 5 9 90 94 99 
0 5 9 90 97 99 
0 6 9 90 94 99 
0 3 9 90 93 99 
0 9 70 90 98 99 
0 9 29 49 90 99 
0 9 49 90 94 99 
0 9 60 90 93 99 
0 8 9 30 90 99 
0 2 9 70 90 99 
0 9 40 90 92 99 
0 8 9 90 92 99 
0 9 49 80 90 99 
0 4 9 59 90 99 
0 9 39 80 90 99 
0 5 9 50 90 99 
0 7 9 90 91 99 
0 8 9 39 90 99 
0 9 20 90 93 99 
0 9 20 39 90 99 
0 3 4 9 90 99 
0 1 9 29 90 99 
0 4 9 90 91 99 
0 8 9 90 97 99 
0 3 9 90 92 99 
0 6 9 90 92 99 
0 9 40 59 90 99 
0 5 7 9 90 99 
0 5 9 70 90 99 
0 9 30 79 90 99 
0 9 90 95 97 99 
0 1 7 9 90 99 
0 9 10 79 90 99 
0 9 19 50 90 99 
0 9 59 90 95 99 
0 9 10 90 97 99 
0 9 90 91 93 99 
0 9 19 40 90 99 
0 9 40 90 94 99 
0 5 9 10 90 99 
0 9 30 69 90 99 
0 5 9 49 90 99 
0 4 9 50 90 99 
0 4 9 49 90 99 
0 9 39 90 97 99 
0 1 4 9 90 99 
0 9 10 19 90 99 
0 9 69 90 96 99 
0 9 60 70 90 99 
0 9 29 90 96 99 
0 7 9 69 90 99 
0 5 9 80 90 99 
0 9 29 90 97 99 
0 9 19 90 97 99 
0 9 30 59 90 99 
0 9 10 70 90 99 
0 2 9 39 90 99 
0 1 9 10 90 99 
0 7 9 29 90 99 
0 2 9 19 90 99 
0 4 9 90 93 99 
0 8 9 80 90 99 
0 3 9 60 90 99 
0 6 9 90 93 99 
0 9 19 30 90 99 
0 4 9 30 90 99 
0 9 29 89 90 99 
0 9 60 80 90 99 
0 5 9 90 96 99 
0 3 9 39 90 99 
0 9 50 79 90 99 
0 9 20 79 90 99 
0 9 60 89 90 99 
0 4 9 79 90 99 
0 1 9 60 90 99 
0 2 9 80 90 99 
0 9 79 90 98 99 
0 9 49 59 90 99 
0 1 9 39 90 99 
0 9 10 90 93 99 
0 5 9 79 90 99 
0 6 9 69 90 99 
0 9 60 90 94 99 
0 7 9 90 95 99 
0 9 89 90 91 99 
0 5 9 40 90 99 
0 4 9 90 95 99 
0 7 9 40 90 99 
0 7 9 90 94 99 
0 9 90 95 96 99 
0 9 10 40 90 99 
0 9 59 90 94 99 
0 9 59 90 93 99 
0 9 49 90 92 99 
0 1 9 59 90 99 
0 5 8 9 90 99 
0 1 9 30 90 99 
0 1 9 69 90 99 
0 9 19 70 90 99 
0 5 9 39 90 99 
0 9 30 90 92 99 
0 9 10 39 90 99 
0 9 69 90 97 99 
0 7 9 39 90 99 
0 3 9 10 90 99 
0 9 60 90 98 99 
0 9 50 90 93 99 
0 4 9 90 98 99 
0 9 29 79 90 99 
0 9 19 39 90 99 
0 7 8 9 90 99 
0 6 9 80 90 99 
0 9 10 90 91 99 
0 7 9 90 97 99 
0 9 20 60 90 99 
0 2 9 20 90 99 
0 9 19 90 93 99 
0 2 5 9 90 99 
0 9 10 89 90 99 
0 9 79 90 97 99 
0 9 29 60 90 99 
0 9 70 80 90 99 
0 1 9 70 90 99 
0 9 50 69 90 99 
0 9 30 90 97 99 
0 9 20 30 90 99 
0 9 79 90 95 99 
0 9 80 89 90 99 
0 5 9 19 90 99 
0 1 5 9 90 99 
0 6 9 50 90 99 
0 9 60 90 96 99 
0 1 6 9 90 99 
0 9 10 20 90 99 
0 7 9 70 90 99 
0 9 90 92 95 99 
0 3 9 40 90 99 
0 9 49 70 90 99 
0 9 50 70 90 99 
0 9 39 59 90 99 
0 9 30 90 95 99 
0 9 29 70 90 99 
0 9 69 90 92 99 
0 2 9 49 90 99 
0 9 10 59 90 99 
0 2 9 50 90 99 
0 9 79 90 91 99 
0 6 9 90 97 99 
0 9 90 94 98 99 
0 6 9 60 90 99 
0 5 9 90 91 99 
0 9 90 93 96 99 
0 2 9 10 90 99 
0 1 9 90 95 99 
0 2 9 90 94 99 
0 1 9 90 98 99 
0 9 49 79 90 99 
0 9 90 94 95 99 
0 4 9 69 90 99 
0 2 9 60 90 99 
0 9 90 93 94 99 
0 9 80 90 93 99 
0 9 79 90 96 99 
0 9 39 89 90 99 
0 2 9 90 97 99 
0 9 59 70 90 99 
0 8 9 90 95 99 
0 9 39 90 98 99 
0 9 39 90 96 99 
0 9 19 89 90 99 
0 9 59 79 90 99 
0 3 9 29 90 99 
0 6 8 9 90 99 
0 9 79 80 90 99 
0 9 50 90 96 99 
0 7 9 80 90 99 
0 9 90 91 94 99 
0 9 39 90 95 99 
0 9 80 90 98 99 
0 9 19 90 94 99 
0 8 9 79 90 99 
0 8 9 90 94 99 
0 9 20 90 96 99 
0 9 29 80 90 99 
0 8 9 60 90 99 
0 7 9 59 90 99 
0 3 9 90 98 99 
0 4 9 90 96 99 
0 9 79 89 90 99 
0 9 19 79 90 99 
0 9 40 60 90 99 
0 4 9 60 90 99 
0 4 9 89 90 99 
0 2 3 9 90 99 
0 9 19 90 96 99 
0 4 9 39 90 99 
0 9 39 79 90 99 
0 8 9 90 98 99 
0 9 30 90 96 99 
0 4 9 29 90 99 
0 9 40 90 96 99 
0 9 70 89 90 99 
0 8 9 19 90 99 
0 6 9 90 96 99 
0 4 9 90 92 99 
0 4 9 40 90 99 
0 1 9 89 90 99 
0 6 9 40 90 99 
0 7 9 49 90 99 
0 9 80 90 91 99 
0 9 90 95 98 99 
0 1 9 90 97 99 
0 9 10 90 94 99 
0 9 80 90 95 99 
0 9 30 90 93 99 
0 5 9 90 92 99 
0 9 20 59 90 99 
0 7 9 90 96 99 
0 9 59 90 91 99 
0 9 50 89 90 99 
0 5 9 20 90 99 
0 4 6 9 90 99 
0 8 9 90 96 99 
0 7 9 90 98 99 
0 9 10 90 96 99 
0 6 7 9 90 99 
0 6 9 10 90 99 
0 9 20 70 90 99 
0 6 9 29 90 99 
0 3 9 90 91 99 
0 9 39 60 90 99 
0 9 19 60 90 99 
0 9 29 90 91 99 
0 1 9 80 90 99 
0 9 40 89 90 99 
0 9 70 90 97 99 
0 1 9 50 90 99 
0 9 50 90 98 99 
0 9 59 90 96 99 
0 8 9 40 90 99 
0 9 39 40 90 99 
0 8 9 59 90 99 
0 2 9 90 91 99 
0 6 9 30 90 99 
0 3 9 59 90 99 
0 9 39 49 90 99 
0 9 59 89 90 99 
0 1 9 90 94 99 
0 9 89 90 95 99 
0 9 89 90 92 99 
0 2 9 90 93 99 
0 5 9 30 90 99 
0 2 8 9 90 99 
0 9 59 69 90 99 
0 9 80 90 92 99 
0 1 9 40 90 99 
0 9 60 90 95 99 
0 9 40 90 95 99 
0 9 10 90 92 99 
0 9 60 90 92 99 
0 9 69 70 90 99 
0 9 90 92 94 99 
0 9 10 69 90 99 
0 9 70 90 94 99 
0 9 49 90 98 99 
0 9 50 90 91 99 
0 9 90 96 98 99 
0 9 49 90 97 99 
0 9 50 80 90 99 
0 8 9 90 91 99 
0 1 9 49 90 99 
0 2 9 89 90 99 
0 9 39 70 90 99 
0 9 20 90 94 99 
0 9 50 59 90 99 
0 9 20 50 90 99 
0 9 69 90 91 99 
0 1 8 9 90 99 
0 9 70 90 93 99 
0 9 70 90 96 99 
0 9 80 90 96 99 
0 9 50 90 92 99 
0 9 20 49 90 99 
0 9 49 69 90 99 
0 9 29 90 92 99 
0 9 20 40 90 99 
0 2 9 29 90 99 
0 9 10 80 90 99 
0 3 9 90 94 99 
0 9 19 80 90 99 
0 9 30 90 98 99 
0 9 89 90 94 99 
0 3 9 89 90 99 
0 9 90 91 97 99 
0 3 9 69 90 99 
0 9 29 90 95 99 
0 6 9 20 90 99 
0 6 9 90 95 99 
0 3 9 79 90 99 
0 9 20 69 90 99 
0 9 70 90 92 99 
0 9 40 50 90 99 
0 2 9 59 90 99 
0 5 6 9 90 99 
0 9 40 79 90 99 
0 1 9 90 96 99 
0 8 9 50 90 99 
0 4 9 10 90 99 
0 4 9 90 97 99 
0 2 4 9 90 99 
0 9 89 90 93 99 
0 9 20 29 90 99 
0 9 49 90 96 99 
0 9 59 90 97 99 
0 9 30 70 90 99 
0 1 9 90 92 99 
0 9 50 60 90 99 
0 2 9 90 96 99 
0 9 80 90 94 99 
0 9 90 91 95 99 
0 9 69 90 95 99 
0 9 29 30 90 99 
0 9 29 40 90 99 
0 2 9 69 90 99 
0 3 8 9 90 99 
0 9 69 89 90 99 
0 3 9 50 90 99 
0 9 30 60 90 99 
0 9 90 91 96 99 
0 9 10 30 90 99 
0 9 89 90 96 99 
0 9 49 60 90 99 
0 8 9 69 90 99 
0 5 9 59 90 99 
0 7 9 30 90 99 
0 9 39 90 91 99 
0 9 80 90 97 99 
0 9 69 90 93 99 
0 9 49 90 93 99 
0 9 90 92 97 99 
0 1 9 90 91 99 
0 9 10 90 98 99 
