0 9 16 65 90 99 
0 9 11 35 90 99 
0 9 37 57 90 99 
0 9 35 53 90 99 
0 9 34 54 90 99 
0 9 71 72 90 99 
0 9 21 48 90 99 
0 9 35 86 90 99 
0 9 14 82 90 99 
0 9 38 68 90 99 
0 9 75 88 90 99 
0 9 14 51 90 99 
0 9 23 33 90 99 
0 9 15 87 90 99 
0 9 24 26 90 99 
0 9 31 51 90 99 
0 9 34 73 90 99 
0 9 24 33 90 99 
0 9 61 71 90 99 
0 9 62 71 90 99 
0 9 14 87 90 99 
0 9 11 23 90 99 
0 9 48 71 90 99 
0 9 25 63 90 99 
0 9 35 73 90 99 
0 9 58 62 90 99 
0 9 15 38 90 99 
0 9 31 44 90 99 
0 9 24 34 90 99 
0 9 14 36 90 99 
0 9 32 33 90 99 
0 9 32 77 90 99 
0 9 25 52 90 99 
0 9 46 82 90 99 
0 9 15 81 90 99 
0 9 31 33 90 99 
0 9 21 24 90 99 
0 9 55 76 90 99 
0 9 58 78 90 99 
0 9 28 77 90 99 
0 9 46 66 90 99 
0 9 11 27 90 99 
0 9 56 83 90 99 
0 9 42 72 90 99 
0 9 51 58 90 99 
0 9 28 58 90 99 
0 9 22 57 90 99 
0 9 12 74 90 99 
0 9 43 58 90 99 
0 9 73 88 90 99 
0 9 83 88 90 99 
0 9 28 75 90 99 
0 9 21 31 90 99 
0 9 44 81 90 99 
0 9 28 37 90 99 
0 9 28 64 90 99 
0 9 45 88 90 99 
0 9 38 55 90 99 
0 9 13 74 90 99 
0 9 31 61 90 99 
0 9 27 65 90 99 
0 9 21 26 90 99 
0 9 48 82 90 99 
0 9 23 66 90 99 
0 9 15 71 90 99 
0 9 44 54 90 99 
0 9 37 45 90 99 
0 9 16 85 90 99 
0 9 22 62 90 99 
0 9 26 51 90 99 
0 9 23 47 90 99 
0 9 62 68 90 99 
0 9 13 26 90 99 
0 9 13 35 90 99 
0 9 24 61 90 99 
0 9 66 67 90 99 
0 9 36 52 90 99 
0 9 16 21 90 99 
0 9 53 88 90 99 
0 9 62 85 90 99 
0 9 65 87 90 99 
0 9 26 61 90 99 
0 9 31 36 90 99 
0 9 53 76 90 99 
0 9 18 71 90 99 
0 9 61 72 90 99 
0 9 55 66 90 99 
0 9 35 37 90 99 
0 9 23 78 90 99 
0 9 55 68 90 99 
0 9 62 73 90 99 
0 9 27 74 90 99 
0 9 38 45 90 99 
0 9 26 36 90 99 
0 9 35 54 90 99 
0 9 23 86 90 99 
0 9 11 48 90 99 
0 9 26 84 90 99 
0 9 14 62 90 99 
0 9 67 72 90 99 
0 9 41 68 90 99 
0 9 17 42 90 99 
0 9 67 82 90 99 
0 9 35 66 90 99 
0 9 54 88 90 99 
0 9 14 42 90 99 
0 9 27 85 90 99 
0 9 68 75 90 99 
0 9 56 58 90 99 
0 9 17 24 90 99 
0 9 73 77 90 99 
0 9 18 51 90 99 
0 9 28 47 90 99 
0 9 32 61 90 99 
0 9 22 86 90 99 
0 9 23 62 90 99 
0 9 45 48 90 99 
0 9 18 55 90 99 
0 9 12 62 90 99 
0 9 77 81 90 99 
0 9 27 66 90 99 
0 9 63 81 90 99 
0 9 55 62 90 99 
0 9 78 86 90 99 
0 9 15 73 90 99 
0 9 66 81 90 99 
0 9 22 85 90 99 
0 9 76 83 90 99 
0 9 66 86 90 99 
0 9 17 54 90 99 
0 9 33 64 90 99 
0 9 42 48 90 99 
0 9 44 55 90 99 
0 9 48 74 90 99 
0 9 35 72 90 99 
0 9 42 61 90 99 
0 9 34 55 90 99 
0 9 42 52 90 99 
0 9 35 85 90 99 
0 9 32 48 90 99 
0 9 28 76 90 99 
0 9 53 58 90 99 
0 9 14 16 90 99 
0 9 57 76 90 99 
0 9 32 44 90 99 
0 9 18 61 90 99 
0 9 42 88 90 99 
0 9 12 55 90 99 
0 9 14 18 90 99 
0 9 66 76 90 99 
0 9 23 44 90 99 
0 9 48 62 90 99 
0 9 12 64 90 99 
0 9 14 58 90 99 
0 9 16 84 90 99 
0 9 23 56 90 99 
0 9 58 85 90 99 
0 9 38 42 90 99 
0 9 67 74 90 99 
0 9 16 42 90 99 
0 9 35 38 90 99 
0 9 67 87 90 99 
0 9 17 73 90 99 
0 9 51 84 90 99 
0 9 66 72 90 99 
0 9 48 83 90 99 
0 9 33 55 90 99 
0 9 71 81 90 99 
0 9 22 43 90 99 
0 9 31 68 90 99 
0 9 87 88 90 99 
0 9 22 74 90 99 
0 9 11 82 90 99 
0 9 13 85 90 99 
0 9 18 57 90 99 
0 9 75 84 90 99 
0 9 55 85 90 99 
0 9 33 71 90 99 
0 9 57 61 90 99 
0 9 51 64 90 99 
0 9 67 71 90 99 
0 9 16 62 90 99 
0 9 53 65 90 99 
0 9 32 54 90 99 
0 9 46 78 90 99 
0 9 21 33 90 99 
0 9 84 86 90 99 
0 9 31 76 90 99 
0 9 17 63 90 99 
0 9 48 58 90 99 
0 9 17 74 90 99 
0 9 17 48 90 99 
0 9 21 76 90 99 
0 9 33 82 90 99 
0 9 51 67 90 99 
0 9 23 28 90 99 
0 9 32 41 90 99 
0 9 17 75 90 99 
0 9 63 72 90 99 
0 9 12 76 90 99 
0 9 48 87 90 99 
0 9 11 22 90 99 
0 9 46 52 90 99 
0 9 37 55 90 99 
0 9 21 63 90 99 
0 9 22 25 90 99 
0 9 47 74 90 99 
0 9 28 32 90 99 
0 9 31 42 90 99 
0 9 14 32 90 99 
0 9 46 76 90 99 
0 9 55 78 90 99 
0 9 66 77 90 99 
0 9 21 56 90 99 
0 9 53 71 90 99 
0 9 26 67 90 99 
0 9 25 82 90 99 
0 9 55 71 90 99 
0 9 22 26 90 99 
0 9 75 85 90 99 
0 9 36 67 90 99 
0 9 53 72 90 99 
0 9 14 85 90 99 
0 9 22 81 90 99 
0 9 14 26 90 99 
0 9 64 66 90 99 
0 9 15 47 90 99 
0 9 24 53 90 99 
0 9 22 23 90 99 
0 9 73 87 90 99 
0 9 85 87 90 99 
0 9 66 83 90 99 
0 9 32 84 90 99 
0 9 38 81 90 99 
0 9 32 42 90 99 
0 9 17 36 90 99 
0 9 45 55 90 99 
0 9 11 47 90 99 
0 9 61 65 90 99 
0 9 54 86 90 99 
0 9 61 62 90 99 
0 9 32 43 90 99 
0 9 27 77 90 99 
0 9 18 48 90 99 
0 9 15 58 90 99 
0 9 24 44 90 99 
0 9 31 32 90 99 
0 9 61 85 90 99 
0 9 52 86 90 99 
0 9 33 45 90 99 
0 9 26 37 90 99 
0 9 24 71 90 99 
0 9 52 88 90 99 
0 9 25 56 90 99 
0 9 15 88 90 99 
0 9 35 74 90 99 
0 9 23 65 90 99 
0 9 53 73 90 99 
0 9 46 75 90 99 
0 9 51 72 90 99 
0 9 16 81 90 99 
0 9 41 44 90 99 
0 9 28 46 90 99 
0 9 23 31 90 99 
0 9 24 78 90 99 
0 9 65 84 90 99 
0 9 17 52 90 99 
0 9 41 66 90 99 
0 9 61 83 90 99 
0 9 28 34 90 99 
0 9 77 86 90 99 
0 9 63 73 90 99 
0 9 16 28 90 99 
0 9 57 66 90 99 
0 9 55 72 90 99 
0 9 16 75 90 99 
0 9 53 82 90 99 
0 9 14 38 90 99 
0 9 53 68 90 99 
0 9 26 34 90 99 
0 9 34 42 90 99 
0 9 23 67 90 99 
0 9 12 86 90 99 
0 9 71 76 90 99 
0 9 73 74 90 99 
0 9 11 33 90 99 
0 9 72 88 90 99 
0 9 57 62 90 99 
0 9 58 73 90 99 
0 9 13 55 90 99 
0 9 43 85 90 99 
0 9 18 41 90 99 
0 9 26 58 90 99 
0 9 28 51 90 99 
0 9 24 52 90 99 
0 9 76 87 90 99 
0 9 13 86 90 99 
0 9 56 61 90 99 
0 9 56 76 90 99 
0 9 61 73 90 99 
0 9 16 32 90 99 
0 9 66 73 90 99 
0 9 17 31 90 99 
0 9 12 33 90 99 
0 9 71 83 90 99 
0 9 25 87 90 99 
0 9 72 86 90 99 
0 9 16 18 90 99 
0 9 35 84 90 99 
0 9 11 54 90 99 
0 9 12 43 90 99 
0 9 14 78 90 99 
0 9 54 77 90 99 
0 9 77 88 90 99 
0 9 64 87 90 99 
0 9 47 62 90 99 
0 9 63 68 90 99 
0 9 17 85 90 99 
0 9 71 85 90 99 
0 9 56 86 90 99 
0 9 34 78 90 99 
0 9 41 63 90 99 
0 9 23 36 90 99 
0 9 11 38 90 99 
0 9 52 56 90 99 
0 9 18 53 90 99 
0 9 43 64 90 99 
0 9 41 56 90 99 
0 9 32 68 90 99 
0 9 34 47 90 99 
0 9 33 51 90 99 
0 9 16 41 90 99 
0 9 27 78 90 99 
0 9 57 75 90 99 
0 9 83 86 90 99 
0 9 62 83 90 99 
0 9 37 68 90 99 
0 9 44 77 90 99 
0 9 41 75 90 99 
0 9 17 25 90 99 
0 9 31 56 90 99 
0 9 47 61 90 99 
0 9 11 74 90 99 
0 9 14 34 90 99 
0 9 28 86 90 99 
0 9 18 64 90 99 
0 9 45 72 90 99 
0 9 32 74 90 99 
0 9 55 57 90 99 
0 9 32 85 90 99 
0 9 38 84 90 99 
0 9 44 62 90 99 
0 9 54 72 90 99 
0 9 33 78 90 99 
0 9 35 63 90 99 
0 9 64 84 90 99 
0 9 48 86 90 99 
0 9 35 87 90 99 
0 9 53 57 90 99 
0 9 21 37 90 99 
0 9 27 75 90 99 
0 9 26 76 90 99 
0 9 12 87 90 99 
0 9 15 67 90 99 
0 9 31 81 90 99 
0 9 84 88 90 99 
0 9 15 18 90 99 
0 9 36 63 90 99 
0 9 23 34 90 99 
0 9 12 47 90 99 
0 9 16 51 90 99 
0 9 11 12 90 99 
0 9 47 63 90 99 
0 9 51 54 90 99 
0 9 44 66 90 99 
0 9 52 57 90 99 
0 9 11 51 90 99 
0 9 66 84 90 99 
0 9 28 67 90 99 
0 9 35 81 90 99 
0 9 18 62 90 99 
0 9 32 52 90 99 
0 9 66 78 90 99 
0 9 28 54 90 99 
0 9 13 36 90 99 
0 9 54 61 90 99 
0 9 32 58 90 99 
0 9 34 82 90 99 
0 9 34 66 90 99 
0 9 63 87 90 99 
0 9 22 83 90 99 
0 9 45 83 90 99 
0 9 22 72 90 99 
0 9 33 44 90 99 
0 9 32 87 90 99 
0 9 28 66 90 99 
0 9 11 43 90 99 
0 9 56 64 90 99 
0 9 64 82 90 99 
0 9 41 54 90 99 
0 9 37 66 90 99 
0 9 37 44 90 99 
0 9 32 62 90 99 
0 9 47 54 90 99 
0 9 27 33 90 99 
0 9 21 61 90 99 
0 9 37 62 90 99 
0 9 28 36 90 99 
0 9 37 51 90 99 
0 9 21 67 90 99 
0 9 14 53 90 99 
0 9 37 83 90 99 
0 9 36 56 90 99 
0 9 58 68 90 99 
0 9 44 57 90 99 
0 9 18 32 90 99 
0 9 25 85 90 99 
0 9 46 61 90 99 
0 9 14 77 90 99 
0 9 34 85 90 99 
0 9 27 62 90 99 
0 9 22 28 90 99 
0 9 14 46 90 99 
0 9 33 43 90 99 
0 9 12 25 90 99 
0 9 44 72 90 99 
0 9 31 47 90 99 
0 9 15 34 90 99 
0 9 21 22 90 99 
0 9 62 64 90 99 
0 9 44 56 90 99 
0 9 28 65 90 99 
0 9 22 36 90 99 
0 9 28 68 90 99 
0 9 23 76 90 99 
0 9 64 86 90 99 
0 9 44 74 90 99 
0 9 24 51 90 99 
0 9 74 85 90 99 
0 9 48 66 90 99 
0 9 26 88 90 99 
0 9 18 56 90 99 
0 9 44 52 90 99 
0 9 11 61 90 99 
0 9 43 48 90 99 
0 9 14 43 90 99 
0 9 14 65 90 99 
0 9 64 76 90 99 
0 9 16 72 90 99 
0 9 42 77 90 99 
0 9 24 46 90 99 
0 9 32 64 90 99 
0 9 67 86 90 99 
0 9 56 88 90 99 
0 9 17 86 90 99 
0 9 41 71 90 99 
0 9 47 77 90 99 
0 9 12 48 90 99 
0 9 11 28 90 99 
0 9 16 74 90 99 
0 9 15 45 90 99 
0 9 66 68 90 99 
0 9 13 25 90 99 
0 9 48 65 90 99 
0 9 13 71 90 99 
0 9 25 43 90 99 
0 9 36 54 90 99 
0 9 61 76 90 99 
0 9 74 75 90 99 
0 9 17 62 90 99 
0 9 62 65 90 99 
0 9 63 83 90 99 
0 9 76 84 90 99 
0 9 48 67 90 99 
0 9 12 14 90 99 
0 9 42 74 90 99 
0 9 17 76 90 99 
0 9 15 61 90 99 
0 9 72 75 90 99 
0 9 24 43 90 99 
0 9 33 41 90 99 
0 9 31 55 90 99 
0 9 37 77 90 99 
0 9 43 87 90 99 
0 9 71 73 90 99 
0 9 62 78 90 99 
0 9 11 56 90 99 
0 9 41 73 90 99 
0 9 35 82 90 99 
0 9 22 42 90 99 
0 9 13 48 90 99 
0 9 38 53 90 99 
0 9 51 86 90 99 
0 9 41 58 90 99 
0 9 42 53 90 99 
0 9 33 83 90 99 
0 9 36 46 90 99 
0 9 35 78 90 99 
0 9 25 54 90 99 
0 9 33 46 90 99 
0 9 22 37 90 99 
0 9 74 88 90 99 
0 9 53 74 90 99 
0 9 57 84 90 99 
0 9 11 46 90 99 
0 9 15 64 90 99 
0 9 61 68 90 99 
0 9 16 88 90 99 
0 9 45 74 90 99 
0 9 43 66 90 99 
0 9 26 27 90 99 
0 9 15 74 90 99 
0 9 22 24 90 99 
0 9 43 76 90 99 
0 9 26 72 90 99 
0 9 52 85 90 99 
0 9 42 85 90 99 
0 9 35 77 90 99 
0 9 22 55 90 99 
0 9 12 66 90 99 
0 9 66 82 90 99 
0 9 31 35 90 99 
0 9 86 88 90 99 
0 9 27 87 90 99 
0 9 33 34 90 99 
0 9 64 67 90 99 
0 9 51 73 90 99 
0 9 32 55 90 99 
0 9 36 86 90 99 
0 9 48 75 90 99 
0 9 14 66 90 99 
0 9 15 76 90 99 
0 9 66 74 90 99 
0 9 33 76 90 99 
0 9 27 82 90 99 
0 9 23 35 90 99 
0 9 72 83 90 99 
0 9 37 74 90 99 
0 9 45 61 90 99 
0 9 56 65 90 99 
0 9 15 57 90 99 
0 9 57 85 90 99 
0 9 44 88 90 99 
0 9 25 62 90 99 
0 9 25 55 90 99 
0 9 58 76 90 99 
0 9 78 81 90 99 
0 9 11 24 90 99 
0 9 46 85 90 99 
0 9 18 36 90 99 
0 9 17 18 90 99 
0 9 42 57 90 99 
0 9 17 58 90 99 
0 9 73 76 90 99 
0 9 21 38 90 99 
0 9 74 82 90 99 
0 9 66 85 90 99 
0 9 12 24 90 99 
0 9 47 66 90 99 
0 9 27 76 90 99 
0 9 13 78 90 99 
0 9 45 47 90 99 
0 9 58 75 90 99 
0 9 44 86 90 99 
0 9 14 21 90 99 
0 9 21 42 90 99 
0 9 46 72 90 99 
0 9 54 55 90 99 
0 9 28 33 90 99 
0 9 32 81 90 99 
0 9 46 71 90 99 
0 9 26 82 90 99 
0 9 27 86 90 99 
0 9 65 86 90 99 
0 9 48 53 90 99 
0 9 32 51 90 99 
0 9 22 41 90 99 
0 9 16 23 90 99 
0 9 36 83 90 99 
0 9 71 78 90 99 
0 9 17 71 90 99 
0 9 43 82 90 99 
0 9 38 76 90 99 
0 9 71 84 90 99 
0 9 41 61 90 99 
0 9 37 54 90 99 
0 9 21 81 90 99 
0 9 44 83 90 99 
0 9 18 24 90 99 
0 9 15 52 90 99 
0 9 25 34 90 99 
0 9 25 77 90 99 
0 9 12 68 90 99 
0 9 11 53 90 99 
0 9 51 62 90 99 
0 9 35 43 90 99 
0 9 31 63 90 99 
0 9 67 76 90 99 
0 9 54 78 90 99 
0 9 44 46 90 99 
0 9 12 31 90 99 
0 9 64 68 90 99 
0 9 65 83 90 99 
0 9 27 41 90 99 
0 9 11 14 90 99 
0 9 23 82 90 99 
0 9 76 78 90 99 
0 9 22 44 90 99 
0 9 24 73 90 99 
0 9 74 76 90 99 
0 9 46 54 90 99 
0 9 63 74 90 99 
0 9 11 25 90 99 
0 9 21 75 90 99 
0 9 28 81 90 99 
0 9 21 71 90 99 
0 9 27 58 90 99 
0 9 12 27 90 99 
0 9 67 73 90 99 
0 9 25 41 90 99 
0 9 65 73 90 99 
0 9 37 81 90 99 
0 9 27 42 90 99 
0 9 36 88 90 99 
0 9 48 81 90 99 
0 9 14 73 90 99 
0 9 17 21 90 99 
0 9 25 33 90 99 
0 9 11 65 90 99 
0 9 18 68 90 99 
0 9 27 44 90 99 
0 9 13 51 90 99 
0 9 21 47 90 99 
0 9 47 85 90 99 
0 9 28 35 90 99 
0 9 56 72 90 99 
0 9 14 86 90 99 
0 9 46 48 90 99 
0 9 23 58 90 99 
0 9 13 68 90 99 
0 9 14 56 90 99 
0 9 61 84 90 99 
0 9 33 68 90 99 
0 9 11 57 90 99 
0 9 37 47 90 99 
0 9 68 88 90 99 
0 9 51 66 90 99 
0 9 26 81 90 99 
0 9 48 61 90 99 
0 9 23 55 90 99 
0 9 11 13 90 99 
0 9 37 88 90 99 
0 9 55 65 90 99 
0 9 44 64 90 99 
0 9 15 85 90 99 
0 9 18 85 90 99 
0 9 52 53 90 99 
0 9 38 58 90 99 
0 9 38 43 90 99 
0 9 72 73 90 99 
0 9 13 53 90 99 
0 9 47 67 90 99 
0 9 17 45 90 99 
0 9 24 88 90 99 
0 9 15 65 90 99 
0 9 57 86 90 99 
0 9 23 57 90 99 
0 9 35 55 90 99 
0 9 48 68 90 99 
0 9 18 78 90 99 
0 9 27 43 90 99 
0 9 55 83 90 99 
0 9 32 45 90 99 
0 9 27 72 90 99 
0 9 65 82 90 99 
0 9 12 61 90 99 
0 9 73 83 90 99 
0 9 16 83 90 99 
0 9 78 85 90 99 
0 9 28 41 90 99 
0 9 53 78 90 99 
0 9 61 64 90 99 
0 9 67 68 90 99 
0 9 36 43 90 99 
0 9 73 86 90 99 
0 9 56 81 90 99 
0 9 14 68 90 99 
0 9 12 13 90 99 
0 9 35 57 90 99 
0 9 57 78 90 99 
0 9 65 72 90 99 
0 9 54 76 90 99 
0 9 12 44 90 99 
0 9 43 71 90 99 
0 9 27 47 90 99 
0 9 22 88 90 99 
0 9 31 53 90 99 
0 9 56 77 90 99 
0 9 15 37 90 99 
0 9 35 46 90 99 
0 9 45 64 90 99 
0 9 54 71 90 99 
0 9 38 78 90 99 
0 9 55 63 90 99 
0 9 11 73 90 99 
0 9 46 62 90 99 
0 9 54 57 90 99 
0 9 65 67 90 99 
0 9 46 47 90 99 
0 9 31 54 90 99 
0 9 37 86 90 99 
0 9 34 56 90 99 
0 9 52 55 90 99 
0 9 12 45 90 99 
0 9 18 21 90 99 
0 9 17 34 90 99 
0 9 41 72 90 99 
0 9 23 45 90 99 
0 9 58 67 90 99 
0 9 36 76 90 99 
0 9 72 77 90 99 
0 9 26 43 90 99 
0 9 22 76 90 99 
0 9 17 83 90 99 
0 9 55 87 90 99 
0 9 24 27 90 99 
0 9 52 64 90 99 
0 9 28 83 90 99 
0 9 74 86 90 99 
0 9 54 84 90 99 
0 9 12 52 90 99 
0 9 16 57 90 99 
0 9 44 82 90 99 
0 9 34 51 90 99 
0 9 17 44 90 99 
0 9 63 76 90 99 
0 9 31 84 90 99 
0 9 32 34 90 99 
0 9 13 66 90 99 
0 9 51 63 90 99 
0 9 38 72 90 99 
0 9 28 73 90 99 
0 9 15 55 90 99 
0 9 48 57 90 99 
0 9 35 68 90 99 
0 9 13 87 90 99 
0 9 47 57 90 99 
0 9 32 71 90 99 
0 9 48 56 90 99 
0 9 34 83 90 99 
0 9 32 66 90 99 
0 9 56 62 90 99 
0 9 58 74 90 99 
0 9 43 63 90 99 
0 9 17 56 90 99 
0 9 24 83 90 99 
0 9 14 52 90 99 
0 9 13 15 90 99 
0 9 58 86 90 99 
0 9 42 66 90 99 
0 9 14 74 90 99 
0 9 66 87 90 99 
0 9 23 51 90 99 
0 9 27 38 90 99 
0 9 61 63 90 99 
0 9 81 83 90 99 
0 9 33 73 90 99 
0 9 15 36 90 99 
0 9 24 32 90 99 
0 9 45 86 90 99 
0 9 18 37 90 99 
0 9 53 63 90 99 
0 9 18 52 90 99 
0 9 15 41 90 99 
0 9 65 85 90 99 
0 9 16 53 90 99 
0 9 15 33 90 99 
0 9 84 87 90 99 
0 9 63 85 90 99 
0 9 72 85 90 99 
0 9 37 85 90 99 
0 9 44 65 90 99 
0 9 43 75 90 99 
0 9 62 75 90 99 
0 9 55 73 90 99 
0 9 16 24 90 99 
0 9 17 81 90 99 
0 9 18 63 90 99 
0 9 42 51 90 99 
0 9 42 45 90 99 
0 9 46 88 90 99 
0 9 67 81 90 99 
0 9 22 68 90 99 
0 9 27 48 90 99 
0 9 13 43 90 99 
0 9 64 74 90 99 
0 9 43 61 90 99 
0 9 45 77 90 99 
0 9 33 74 90 99 
0 9 21 32 90 99 
0 9 35 52 90 99 
0 9 14 24 90 99 
0 9 43 52 90 99 
0 9 28 52 90 99 
0 9 23 72 90 99 
0 9 22 38 90 99 
0 9 41 47 90 99 
0 9 58 81 90 99 
0 9 11 52 90 99 
0 9 33 75 90 99 
0 9 21 86 90 99 
0 9 52 81 90 99 
0 9 38 82 90 99 
0 9 38 54 90 99 
0 9 15 84 90 99 
0 9 38 83 90 99 
0 9 17 55 90 99 
0 9 14 57 90 99 
0 9 14 72 90 99 
0 9 43 72 90 99 
0 9 21 84 90 99 
0 9 12 36 90 99 
0 9 65 68 90 99 
0 9 41 48 90 99 
0 9 23 27 90 99 
0 9 11 63 90 99 
0 9 67 85 90 99 
0 9 75 81 90 99 
0 9 13 75 90 99 
0 9 36 72 90 99 
0 9 33 42 90 99 
0 9 24 66 90 99 
0 9 12 23 90 99 
0 9 33 77 90 99 
0 9 32 56 90 99 
0 9 71 87 90 99 
0 9 34 87 90 99 
0 9 18 38 90 99 
0 9 33 84 90 99 
0 9 21 88 90 99 
0 9 18 42 90 99 
0 9 57 87 90 99 
0 9 47 82 90 99 
0 9 12 28 90 99 
0 9 23 63 90 99 
0 9 27 56 90 99 
0 9 43 47 90 99 
0 9 57 72 90 99 
0 9 13 67 90 99 
0 9 34 43 90 99 
0 9 11 41 90 99 
0 9 68 85 90 99 
0 9 58 84 90 99 
0 9 74 81 90 99 
0 9 38 48 90 99 
0 9 36 66 90 99 
0 9 68 71 90 99 
0 9 11 62 90 99 
0 9 74 87 90 99 
0 9 28 56 90 99 
0 9 28 55 90 99 
0 9 16 33 90 99 
0 9 52 54 90 99 
0 9 45 84 90 99 
0 9 21 45 90 99 
0 9 43 88 90 99 
0 9 38 67 90 99 
0 9 21 57 90 99 
0 9 17 88 90 99 
0 9 55 77 90 99 
0 9 26 41 90 99 
0 9 34 71 90 99 
0 9 21 55 90 99 
0 9 18 44 90 99 
0 9 12 26 90 99 
0 9 31 73 90 99 
0 9 44 61 90 99 
0 9 42 43 90 99 
0 9 68 78 90 99 
0 9 14 88 90 99 
0 9 37 72 90 99 
0 9 16 45 90 99 
0 9 42 75 90 99 
0 9 37 84 90 99 
0 9 14 81 90 99 
0 9 25 37 90 99 
0 9 41 77 90 99 
0 9 36 42 90 99 
0 9 45 85 90 99 
0 9 31 72 90 99 
0 9 62 84 90 99 
0 9 34 61 90 99 
0 9 13 24 90 99 
0 9 11 31 90 99 
0 9 54 65 90 99 
0 9 35 36 90 99 
0 9 11 72 90 99 
0 9 45 67 90 99 
0 9 36 62 90 99 
0 9 36 48 90 99 
0 9 43 83 90 99 
0 9 13 63 90 99 
0 9 24 36 90 99 
0 9 56 85 90 99 
0 9 38 51 90 99 
0 9 42 63 90 99 
0 9 53 87 90 99 
0 9 23 38 90 99 
0 9 45 51 90 99 
0 9 25 88 90 99 
0 9 17 41 90 99 
0 9 18 88 90 99 
0 9 22 51 90 99 
0 9 13 88 90 99 
0 9 54 83 90 99 
0 9 24 47 90 99 
0 9 62 77 90 99 
0 9 23 52 90 99 
0 9 12 58 90 99 
0 9 35 45 90 99 
0 9 21 34 90 99 
0 9 38 62 90 99 
0 9 15 56 90 99 
0 9 33 85 90 99 
0 9 47 81 90 99 
0 9 16 25 90 99 
0 9 17 35 90 99 
0 9 27 68 90 99 
0 9 61 77 90 99 
0 9 58 71 90 99 
0 9 34 86 90 99 
0 9 12 46 90 99 
0 9 11 85 90 99 
0 9 56 71 90 99 
0 9 31 83 90 99 
0 9 41 52 90 99 
0 9 47 52 90 99 
0 9 41 46 90 99 
0 9 15 66 90 99 
0 9 23 25 90 99 
0 9 25 46 90 99 
0 9 66 71 90 99 
0 9 21 23 90 99 
0 9 16 54 90 99 
0 9 13 45 90 99 
0 9 44 75 90 99 
0 9 15 75 90 99 
0 9 26 52 90 99 
0 9 18 26 90 99 
0 9 55 82 90 99 
0 9 58 72 90 99 
0 9 23 64 90 99 
0 9 46 65 90 99 
0 9 36 77 90 99 
0 9 12 38 90 99 
0 9 42 68 90 99 
0 9 31 62 90 99 
0 9 43 53 90 99 
0 9 12 88 90 99 
0 9 25 61 90 99 
0 9 21 43 90 99 
0 9 37 67 90 99 
0 9 51 75 90 99 
0 9 21 52 90 99 
0 9 62 63 90 99 
0 9 34 81 90 99 
0 9 27 81 90 99 
0 9 35 71 90 99 
0 9 73 78 90 99 
0 9 61 78 90 99 
0 9 33 52 90 99 
0 9 18 65 90 99 
0 9 42 83 90 99 
0 9 44 45 90 99 
0 9 26 73 90 99 
0 9 13 17 90 99 
0 9 63 82 90 99 
0 9 36 45 90 99 
0 9 33 72 90 99 
0 9 61 86 90 99 
0 9 58 66 90 99 
0 9 17 64 90 99 
0 9 44 67 90 99 
0 9 12 42 90 99 
0 9 17 66 90 99 
0 9 16 43 90 99 
0 9 81 85 90 99 
0 9 11 64 90 99 
0 9 48 54 90 99 
0 9 41 45 90 99 
0 9 44 47 90 99 
0 9 53 66 90 99 
0 9 42 64 90 99 
0 9 64 65 90 99 
0 9 17 67 90 99 
0 9 18 46 90 99 
0 9 46 73 90 99 
0 9 27 54 90 99 
0 9 35 41 90 99 
0 9 13 62 90 99 
0 9 41 78 90 99 
0 9 77 87 90 99 
0 9 76 77 90 99 
0 9 44 48 90 99 
0 9 46 83 90 99 
0 9 21 58 90 99 
0 9 12 16 90 99 
0 9 47 68 90 99 
0 9 27 83 90 99 
0 9 14 61 90 99 
0 9 78 84 90 99 
0 9 21 27 90 99 
0 9 54 82 90 99 
0 9 17 84 90 99 
0 9 12 15 90 99 
0 9 48 88 90 99 
0 9 34 48 90 99 
0 9 56 67 90 99 
0 9 18 77 90 99 
0 9 25 71 90 99 
0 9 36 75 90 99 
0 9 27 32 90 99 
0 9 71 86 90 99 
0 9 21 35 90 99 
0 9 63 75 90 99 
0 9 17 27 90 99 
0 9 15 83 90 99 
0 9 63 88 90 99 
0 9 42 81 90 99 
0 9 25 81 90 99 
0 9 12 83 90 99 
0 9 47 72 90 99 
0 9 14 75 90 99 
0 9 12 65 90 99 
0 9 12 41 90 99 
0 9 38 46 90 99 
0 9 17 51 90 99 
0 9 45 63 90 99 
0 9 42 86 90 99 
0 9 32 37 90 99 
0 9 14 41 90 99 
0 9 43 65 90 99 
0 9 21 72 90 99 
0 9 12 34 90 99 
0 9 22 84 90 99 
0 9 34 72 90 99 
0 9 58 64 90 99 
0 9 16 52 90 99 
0 9 15 25 90 99 
0 9 23 53 90 99 
0 9 14 28 90 99 
0 9 16 27 90 99 
0 9 51 68 90 99 
0 9 14 27 90 99 
0 9 75 78 90 99 
0 9 46 67 90 99 
0 9 51 55 90 99 
0 9 64 88 90 99 
0 9 42 46 90 99 
0 9 34 36 90 99 
0 9 55 64 90 99 
0 9 45 58 90 99 
0 9 42 65 90 99 
0 9 15 86 90 99 
0 9 27 63 90 99 
0 9 41 84 90 99 
0 9 68 86 90 99 
0 9 35 83 90 99 
0 9 38 41 90 99 
0 9 32 76 90 99 
0 9 38 44 90 99 
0 9 18 34 90 99 
0 9 62 86 90 99 
0 9 56 87 90 99 
0 9 48 51 90 99 
0 9 77 83 90 99 
0 9 27 34 90 99 
0 9 54 81 90 99 
0 9 78 82 90 99 
0 9 41 82 90 99 
0 9 38 88 90 99 
0 9 44 73 90 99 
0 9 25 28 90 99 
0 9 35 62 90 99 
0 9 11 76 90 99 
0 9 43 86 90 99 
0 9 43 45 90 99 
0 9 48 55 90 99 
0 9 48 73 90 99 
0 9 16 78 90 99 
0 9 38 57 90 99 
0 9 23 77 90 99 
0 9 21 68 90 99 
0 9 33 56 90 99 
0 9 35 51 90 99 
0 9 33 66 90 99 
0 9 17 57 90 99 
0 9 31 41 90 99 
0 9 85 86 90 99 
0 9 37 87 90 99 
0 9 34 88 90 99 
0 9 15 24 90 99 
0 9 11 44 90 99 
0 9 18 82 90 99 
0 9 61 66 90 99 
0 9 12 63 90 99 
0 9 18 87 90 99 
0 9 16 64 90 99 
0 9 22 73 90 99 
0 9 56 82 90 99 
0 9 58 88 90 99 
0 9 54 75 90 99 
0 9 26 42 90 99 
0 9 63 71 90 99 
0 9 46 53 90 99 
0 9 32 53 90 99 
0 9 38 74 90 99 
0 9 26 65 90 99 
0 9 26 56 90 99 
0 9 32 36 90 99 
0 9 16 22 90 99 
0 9 58 83 90 99 
0 9 56 75 90 99 
0 9 64 83 90 99 
0 9 16 48 90 99 
0 9 75 83 90 99 
0 9 22 32 90 99 
0 9 46 81 90 99 
0 9 48 78 90 99 
0 9 18 81 90 99 
0 9 42 87 90 99 
0 9 15 42 90 99 
0 9 26 48 90 99 
0 9 34 38 90 99 
0 9 16 87 90 99 
0 9 43 55 90 99 
0 9 36 84 90 99 
0 9 76 82 90 99 
0 9 43 73 90 99 
0 9 45 66 90 99 
0 9 16 55 90 99 
0 9 25 35 90 99 
0 9 35 67 90 99 
0 9 52 84 90 99 
0 9 22 71 90 99 
0 9 47 86 90 99 
0 9 52 76 90 99 
0 9 21 44 90 99 
0 9 31 74 90 99 
0 9 51 78 90 99 
0 9 26 71 90 99 
0 9 67 75 90 99 
0 9 37 42 90 99 
0 9 23 42 90 99 
0 9 22 75 90 99 
0 9 62 72 90 99 
0 9 31 38 90 99 
0 9 38 85 90 99 
0 9 13 32 90 99 
0 9 46 68 90 99 
0 9 38 47 90 99 
0 9 16 35 90 99 
0 9 58 82 90 99 
0 9 32 35 90 99 
0 9 33 81 90 99 
0 9 15 82 90 99 
0 9 26 86 90 99 
0 9 62 74 90 99 
0 9 26 47 90 99 
0 9 13 84 90 99 
0 9 52 87 90 99 
0 9 16 34 90 99 
0 9 82 86 90 99 
0 9 26 62 90 99 
0 9 22 35 90 99 
0 9 51 82 90 99 
0 9 36 38 90 99 
0 9 35 47 90 99 
0 9 68 87 90 99 
0 9 57 64 90 99 
0 9 25 38 90 99 
0 9 11 83 90 99 
0 9 21 78 90 99 
0 9 27 36 90 99 
0 9 63 66 90 99 
0 9 47 88 90 99 
0 9 44 51 90 99 
0 9 25 72 90 99 
0 9 26 55 90 99 
0 9 81 88 90 99 
0 9 55 74 90 99 
0 9 52 71 90 99 
0 9 25 65 90 99 
0 9 47 58 90 99 
0 9 18 83 90 99 
0 9 75 86 90 99 
0 9 22 78 90 99 
0 9 15 51 90 99 
0 9 52 73 90 99 
0 9 14 64 90 99 
0 9 14 71 90 99 
0 9 65 74 90 99 
0 9 18 54 90 99 
0 9 18 33 90 99 
0 9 45 57 90 99 
0 9 21 41 90 99 
0 9 36 58 90 99 
0 9 48 84 90 99 
0 9 25 27 90 99 
0 9 24 85 90 99 
0 9 22 33 90 99 
0 9 38 77 90 99 
0 9 26 44 90 99 
0 9 24 25 90 99 
0 9 17 65 90 99 
0 9 54 67 90 99 
0 9 26 33 90 99 
0 9 57 77 90 99 
0 9 18 23 90 99 
0 9 11 75 90 99 
0 9 13 38 90 99 
0 9 72 82 90 99 
0 9 25 86 90 99 
0 9 14 84 90 99 
0 9 15 31 90 99 
0 9 41 51 90 99 
0 9 37 41 90 99 
0 9 22 58 90 99 
0 9 25 74 90 99 
0 9 72 78 90 99 
0 9 13 82 90 99 
0 9 23 88 90 99 
0 9 36 57 90 99 
0 9 43 77 90 99 
0 9 12 84 90 99 
0 9 33 65 90 99 
0 9 24 45 90 99 
0 9 17 33 90 99 
0 9 26 63 90 99 
0 9 28 74 90 99 
0 9 13 14 90 99 
0 9 31 58 90 99 
0 9 34 35 90 99 
0 9 28 53 90 99 
0 9 12 22 90 99 
0 9 43 67 90 99 
0 9 61 74 90 99 
0 9 42 73 90 99 
0 9 11 42 90 99 
0 9 44 68 90 99 
0 9 23 71 90 99 
0 9 54 68 90 99 
0 9 52 67 90 99 
0 9 35 48 90 99 
0 9 83 87 90 99 
0 9 46 74 90 99 
0 9 76 86 90 99 
0 9 28 71 90 99 
0 9 17 77 90 99 
0 9 13 56 90 99 
0 9 61 67 90 99 
0 9 54 74 90 99 
0 9 13 22 90 99 
0 9 41 53 90 99 
0 9 56 73 90 99 
0 9 43 78 90 99 
0 9 41 43 90 99 
0 9 14 22 90 99 
0 9 22 48 90 99 
0 9 28 38 90 99 
0 9 22 46 90 99 
0 9 54 64 90 99 
0 9 51 56 90 99 
0 9 25 73 90 99 
0 9 31 71 90 99 
0 9 16 61 90 99 
0 9 21 73 90 99 
0 9 26 54 90 99 
0 9 21 87 90 99 
0 9 25 66 90 99 
0 9 46 58 90 99 
0 9 57 58 90 99 
0 9 37 75 90 99 
0 9 33 67 90 99 
0 9 44 87 90 99 
0 9 72 76 90 99 
0 9 61 88 90 99 
0 9 28 44 90 99 
0 9 14 83 90 99 
0 9 83 85 90 99 
0 9 13 47 90 99 
0 9 27 57 90 99 
0 9 17 26 90 99 
0 9 53 77 90 99 
0 9 51 74 90 99 
0 9 44 71 90 99 
0 9 36 65 90 99 
0 9 21 51 90 99 
0 9 21 54 90 99 
0 9 14 67 90 99 
0 9 42 47 90 99 
0 9 11 86 90 99 
0 9 15 46 90 99 
0 9 22 64 90 99 
0 9 11 71 90 99 
0 9 61 81 90 99 
0 9 31 65 90 99 
0 9 43 57 90 99 
0 9 14 48 90 99 
0 9 46 87 90 99 
0 9 11 68 90 99 
0 9 13 44 90 99 
0 9 64 73 90 99 
0 9 33 53 90 99 
0 9 82 88 90 99 
0 9 43 68 90 99 
0 9 11 88 90 99 
0 9 12 78 90 99 
0 9 47 53 90 99 
0 9 33 58 90 99 
0 9 38 86 90 99 
0 9 46 64 90 99 
0 9 21 62 90 99 
0 9 17 43 90 99 
0 9 15 16 90 99 
0 9 53 75 90 99 
0 9 67 83 90 99 
0 9 68 73 90 99 
0 9 55 61 90 99 
0 9 34 53 90 99 
0 9 11 32 90 99 
0 9 25 53 90 99 
0 9 72 74 90 99 
0 9 68 82 90 99 
0 9 75 76 90 99 
0 9 52 74 90 99 
0 9 13 18 90 99 
0 9 32 88 90 99 
0 9 51 77 90 99 
0 9 37 76 90 99 
0 9 31 88 90 99 
0 9 36 68 90 99 
0 9 67 78 90 99 
0 9 23 87 90 99 
0 9 45 52 90 99 
0 9 45 54 90 99 
0 9 47 87 90 99 
0 9 78 88 90 99 
0 9 15 23 90 99 
0 9 23 84 90 99 
0 9 33 57 90 99 
0 9 26 75 90 99 
0 9 36 44 90 99 
0 9 47 76 90 99 
0 9 22 27 90 99 
0 9 23 75 90 99 
0 9 86 87 90 99 
0 9 14 17 90 99 
0 9 41 83 90 99 
0 9 41 57 90 99 
0 9 58 77 90 99 
0 9 42 76 90 99 
0 9 24 75 90 99 
0 9 77 85 90 99 
0 9 27 84 90 99 
0 9 11 78 90 99 
0 9 42 44 90 99 
0 9 77 78 90 99 
0 9 15 28 90 99 
0 9 24 62 90 99 
0 9 53 62 90 99 
0 9 74 77 90 99 
0 9 35 61 90 99 
0 9 12 54 90 99 
0 9 32 46 90 99 
0 9 45 62 90 99 
0 9 74 84 90 99 
0 9 17 82 90 99 
0 9 31 87 90 99 
0 9 14 35 90 99 
0 9 23 32 90 99 
0 9 25 32 90 99 
0 9 75 82 90 99 
0 9 53 55 90 99 
0 9 25 51 90 99 
0 9 67 88 90 99 
0 9 22 82 90 99 
0 9 27 45 90 99 
0 9 22 45 90 99 
0 9 18 66 90 99 
0 9 35 58 90 99 
0 9 13 65 90 99 
0 9 16 66 90 99 
0 9 15 77 90 99 
0 9 57 74 90 99 
0 9 52 66 90 99 
0 9 56 74 90 99 
0 9 22 54 90 99 
0 9 16 44 90 99 
0 9 18 45 90 99 
0 9 71 74 90 99 
0 9 22 56 90 99 
0 9 51 65 90 99 
0 9 38 64 90 99 
0 9 53 64 90 99 
0 9 15 17 90 99 
0 9 15 72 90 99 
0 9 34 44 90 99 
0 9 15 62 90 99 
0 9 21 64 90 99 
0 9 12 21 90 99 
0 9 14 31 90 99 
0 9 31 34 90 99 
0 9 62 81 90 99 
0 9 24 64 90 99 
0 9 11 77 90 99 
0 9 68 77 90 99 
0 9 12 56 90 99 
0 9 24 67 90 99 
0 9 25 84 90 99 
0 9 47 51 90 99 
0 9 57 67 90 99 
0 9 53 85 90 99 
0 9 57 65 90 99 
0 9 33 37 90 99 
0 9 66 75 90 99 
0 9 72 84 90 99 
0 9 32 63 90 99 
0 9 57 68 90 99 
0 9 12 35 90 99 
0 9 28 78 90 99 
0 9 51 52 90 99 
0 9 32 57 90 99 
0 9 26 57 90 99 
0 9 12 18 90 99 
0 9 36 71 90 99 
0 9 24 82 90 99 
0 9 68 74 90 99 
0 9 35 75 90 99 
0 9 33 62 90 99 
0 9 41 88 90 99 
0 9 41 86 90 99 
0 9 46 77 90 99 
0 9 37 43 90 99 
0 9 67 77 90 99 
0 9 37 58 90 99 
0 9 63 78 90 99 
0 9 41 62 90 99 
0 9 16 58 90 99 
0 9 17 61 90 99 
0 9 36 64 90 99 
0 9 28 61 90 99 
0 9 23 46 90 99 
0 9 38 63 90 99 
0 9 58 61 90 99 
0 9 23 43 90 99 
0 9 61 75 90 99 
0 9 24 55 90 99 
0 9 11 66 90 99 
0 9 13 21 90 99 
0 9 26 38 90 99 
0 9 24 56 90 99 
0 9 31 43 90 99 
0 9 43 81 90 99 
0 9 55 67 90 99 
0 9 35 56 90 99 
0 9 36 81 90 99 
0 9 38 87 90 99 
0 9 14 47 90 99 
0 9 35 64 90 99 
0 9 18 43 90 99 
0 9 34 68 90 99 
0 9 27 31 90 99 
0 9 21 25 90 99 
0 9 51 76 90 99 
0 9 17 47 90 99 
0 9 38 65 90 99 
0 9 14 45 90 99 
0 9 31 48 90 99 
0 9 68 72 90 99 
0 9 25 36 90 99 
0 9 44 84 90 99 
0 9 21 66 90 99 
0 9 23 41 90 99 
0 9 51 81 90 99 
0 9 44 78 90 99 
0 9 24 54 90 99 
0 9 17 22 90 99 
0 9 23 81 90 99 
0 9 45 78 90 99 
0 9 51 88 90 99 
0 9 33 36 90 99 
0 9 22 66 90 99 
0 9 11 84 90 99 
0 9 57 73 90 99 
0 9 53 84 90 99 
0 9 17 46 90 99 
0 9 36 55 90 99 
0 9 81 82 90 99 
0 9 68 76 90 99 
0 9 13 42 90 99 
0 9 47 83 90 99 
0 9 38 56 90 99 
0 9 46 51 90 99 
0 9 27 51 90 99 
0 9 26 35 90 99 
0 9 28 31 90 99 
0 9 27 55 90 99 
0 9 53 81 90 99 
0 9 22 52 90 99 
0 9 24 42 90 99 
0 9 28 45 90 99 
0 9 31 85 90 99 
0 9 18 58 90 99 
0 9 73 85 90 99 
0 9 24 86 90 99 
0 9 63 64 90 99 
0 9 34 84 90 99 
0 9 44 58 90 99 
0 9 25 78 90 99 
0 9 81 87 90 99 
0 9 27 64 90 99 
0 9 41 81 90 99 
0 9 24 48 90 99 
0 9 33 38 90 99 
0 9 16 17 90 99 
0 9 13 81 90 99 
0 9 21 82 90 99 
0 9 15 54 90 99 
0 9 41 42 90 99 
0 9 18 73 90 99 
0 9 28 88 90 99 
0 9 13 58 90 99 
0 9 34 52 90 99 
0 9 15 43 90 99 
0 9 47 84 90 99 
0 9 51 71 90 99 
0 9 11 18 90 99 
0 9 35 76 90 99 
0 9 51 83 90 99 
0 9 48 77 90 99 
0 9 54 87 90 99 
0 9 22 34 90 99 
0 9 24 77 90 99 
0 9 36 87 90 99 
0 9 23 37 90 99 
0 9 56 78 90 99 
0 9 71 77 90 99 
0 9 18 67 90 99 
0 9 24 35 90 99 
0 9 53 86 90 99 
0 9 37 38 90 99 
0 9 16 38 90 99 
0 9 22 67 90 99 
0 9 28 57 90 99 
0 9 33 54 90 99 
0 9 54 73 90 99 
0 9 13 46 90 99 
0 9 26 53 90 99 
0 9 26 83 90 99 
0 9 15 78 90 99 
0 9 52 63 90 99 
0 9 64 85 90 99 
0 9 37 82 90 99 
0 9 13 61 90 99 
0 9 34 63 90 99 
0 9 34 77 90 99 
0 9 65 81 90 99 
0 9 53 56 90 99 
0 9 52 82 90 99 
0 9 27 73 90 99 
0 9 11 26 90 99 
0 9 31 52 90 99 
0 9 18 31 90 99 
0 9 62 67 90 99 
0 9 43 44 90 99 
0 9 26 46 90 99 
0 9 62 87 90 99 
0 9 48 64 90 99 
0 9 26 68 90 99 
0 9 24 72 90 99 
0 9 26 85 90 99 
0 9 24 81 90 99 
0 9 55 58 90 99 
0 9 46 55 90 99 
0 9 26 66 90 99 
0 9 23 24 90 99 
0 9 43 62 90 99 
0 9 11 37 90 99 
0 9 42 84 90 99 
0 9 16 56 90 99 
0 9 42 55 90 99 
0 9 36 47 90 99 
0 9 34 75 90 99 
0 9 16 77 90 99 
0 9 11 16 90 99 
0 9 45 81 90 99 
0 9 65 88 90 99 
0 9 81 84 90 99 
0 9 52 68 90 99 
0 9 17 87 90 99 
0 9 36 78 90 99 
0 9 57 81 90 99 
0 9 62 66 90 99 
0 9 18 76 90 99 
0 9 24 65 90 99 
0 9 17 38 90 99 
0 9 36 51 90 99 
0 9 41 74 90 99 
0 9 55 88 90 99 
0 9 12 85 90 99 
0 9 54 58 90 99 
0 9 13 76 90 99 
0 9 28 48 90 99 
0 9 36 37 90 99 
0 9 13 23 90 99 
0 9 18 27 90 99 
0 9 37 65 90 99 
0 9 24 87 90 99 
0 9 45 87 90 99 
0 9 68 81 90 99 
0 9 26 45 90 99 
0 9 35 44 90 99 
0 9 12 32 90 99 
0 9 36 85 90 99 
0 9 25 58 90 99 
0 9 25 45 90 99 
0 9 34 74 90 99 
0 9 12 82 90 99 
0 9 27 71 90 99 
0 9 56 63 90 99 
0 9 64 72 90 99 
0 9 11 58 90 99 
0 9 17 37 90 99 
0 9 34 67 90 99 
0 9 25 48 90 99 
0 9 24 37 90 99 
0 9 37 64 90 99 
0 9 35 42 90 99 
0 9 24 63 90 99 
0 9 84 85 90 99 
0 9 58 65 90 99 
0 9 16 68 90 99 
0 9 17 28 90 99 
0 9 54 63 90 99 
0 9 51 87 90 99 
0 9 26 74 90 99 
0 9 13 34 90 99 
0 9 16 67 90 99 
0 9 46 56 90 99 
0 9 32 65 90 99 
0 9 36 53 90 99 
0 9 12 71 90 99 
0 9 42 67 90 99 
0 9 42 71 90 99 
0 9 21 46 90 99 
0 9 73 82 90 99 
0 9 13 64 90 99 
0 9 28 63 90 99 
0 9 13 41 90 99 
0 9 56 66 90 99 
0 9 51 57 90 99 
0 9 41 64 90 99 
0 9 66 88 90 99 
0 9 18 84 90 99 
0 9 65 76 90 99 
0 9 12 17 90 99 
0 9 47 71 90 99 
0 9 31 57 90 99 
0 9 34 64 90 99 
0 9 41 85 90 99 
0 9 14 23 90 99 
0 9 37 53 90 99 
0 9 38 75 90 99 
0 9 56 84 90 99 
0 9 73 81 90 99 
0 9 15 22 90 99 
0 9 52 77 90 99 
0 9 12 72 90 99 
0 9 62 76 90 99 
0 9 24 41 90 99 
0 9 12 73 90 99 
0 9 81 86 90 99 
0 9 32 72 90 99 
0 9 12 51 90 99 
0 9 74 78 90 99 
0 9 17 72 90 99 
0 9 23 26 90 99 
0 9 12 57 90 99 
0 9 72 81 90 99 
0 9 16 46 90 99 
0 9 25 83 90 99 
0 9 25 42 90 99 
0 9 25 75 90 99 
0 9 37 56 90 99 
0 9 41 76 90 99 
0 9 21 83 90 99 
0 9 54 62 90 99 
0 9 25 44 90 99 
0 9 48 52 90 99 
0 9 47 78 90 99 
0 9 37 73 90 99 
0 9 38 61 90 99 
0 9 13 54 90 99 
0 9 65 78 90 99 
0 9 82 85 90 99 
0 9 41 65 90 99 
0 9 32 73 90 99 
0 9 11 55 90 99 
0 9 22 31 90 99 
0 9 47 75 90 99 
0 9 42 82 90 99 
0 9 25 31 90 99 
0 9 26 64 90 99 
0 9 45 53 90 99 
0 9 33 88 90 99 
0 9 56 57 90 99 
0 9 14 55 90 99 
0 9 37 78 90 99 
0 9 48 76 90 99 
0 9 71 82 90 99 
0 9 57 83 90 99 
0 9 13 72 90 99 
0 9 77 84 90 99 
0 9 71 88 90 99 
0 9 57 88 90 99 
0 9 13 77 90 99 
0 9 52 72 90 99 
0 9 11 36 90 99 
0 9 26 78 90 99 
0 9 25 26 90 99 
0 9 25 47 90 99 
0 9 64 81 90 99 
0 9 15 27 90 99 
0 9 24 38 90 99 
0 9 34 46 90 99 
0 9 21 85 90 99 
0 9 32 82 90 99 
0 9 76 88 90 99 
0 9 32 75 90 99 
0 9 64 71 90 99 
0 9 12 75 90 99 
0 9 23 83 90 99 
0 9 21 28 90 99 
0 9 11 45 90 99 
0 9 65 71 90 99 
0 9 13 52 90 99 
0 9 33 47 90 99 
0 9 65 77 90 99 
0 9 42 54 90 99 
0 9 25 68 90 99 
0 9 57 63 90 99 
0 9 33 63 90 99 
0 9 53 61 90 99 
0 9 53 54 90 99 
0 9 61 82 90 99 
0 9 47 48 90 99 
0 9 24 74 90 99 
0 9 13 27 90 99 
0 9 31 64 90 99 
0 9 23 68 90 99 
0 9 78 87 90 99 
0 9 36 73 90 99 
0 9 46 86 90 99 
0 9 32 38 90 99 
0 9 34 62 90 99 
0 9 15 21 90 99 
0 9 47 73 90 99 
0 9 23 61 90 99 
0 9 11 67 90 99 
0 9 34 65 90 99 
0 9 48 72 90 99 
0 9 65 66 90 99 
0 9 31 82 90 99 
0 9 16 71 90 99 
0 9 14 37 90 99 
0 9 14 63 90 99 
0 9 17 68 90 99 
0 9 18 25 90 99 
0 9 23 85 90 99 
0 9 63 86 90 99 
0 9 54 56 90 99 
0 9 52 62 90 99 
0 9 28 43 90 99 
0 9 45 65 90 99 
0 9 12 37 90 99 
0 9 82 83 90 99 
0 9 38 73 90 99 
0 9 14 15 90 99 
0 9 16 63 90 99 
0 9 63 77 90 99 
0 9 52 61 90 99 
0 9 42 78 90 99 
0 9 25 64 90 99 
0 9 15 35 90 99 
0 9 45 46 90 99 
0 9 14 76 90 99 
0 9 16 82 90 99 
0 9 65 75 90 99 
0 9 25 67 90 99 
0 9 12 67 90 99 
0 9 51 61 90 99 
0 9 82 84 90 99 
0 9 48 63 90 99 
0 9 55 84 90 99 
0 9 31 46 90 99 
0 9 14 25 90 99 
0 9 13 57 90 99 
0 9 31 77 90 99 
0 9 34 41 90 99 
0 9 15 63 90 99 
0 9 18 75 90 99 
0 9 25 57 90 99 
0 9 27 52 90 99 
0 9 53 83 90 99 
0 9 47 65 90 99 
0 9 32 67 90 99 
0 9 11 15 90 99 
0 9 26 77 90 99 
0 9 31 66 90 99 
0 9 43 51 90 99 
0 9 38 71 90 99 
0 9 32 86 90 99 
0 9 52 78 90 99 
0 9 17 78 90 99 
0 9 55 56 90 99 
0 9 42 56 90 99 
0 9 37 52 90 99 
0 9 22 63 90 99 
0 9 43 84 90 99 
0 9 15 44 90 99 
0 9 23 54 90 99 
0 9 37 71 90 99 
0 9 62 82 90 99 
0 9 71 75 90 99 
0 9 28 42 90 99 
0 9 82 87 90 99 
0 9 37 48 90 99 
0 9 41 87 90 99 
0 9 33 35 90 99 
0 9 73 75 90 99 
0 9 13 37 90 99 
0 9 64 78 90 99 
0 9 34 76 90 99 
0 9 15 32 90 99 
0 9 28 62 90 99 
0 9 44 76 90 99 
0 9 64 77 90 99 
0 9 45 68 90 99 
0 9 24 57 90 99 
0 9 23 73 90 99 
0 9 31 78 90 99 
0 9 34 58 90 99 
0 9 17 23 90 99 
0 9 61 87 90 99 
0 9 57 82 90 99 
0 9 15 48 90 99 
0 9 76 81 90 99 
0 9 13 31 90 99 
0 9 33 87 90 99 
0 9 48 85 90 99 
0 9 23 74 90 99 
0 9 31 67 90 99 
0 9 12 81 90 99 
0 9 34 57 90 99 
0 9 12 77 90 99 
0 9 35 65 90 99 
0 9 23 48 90 99 
0 9 21 65 90 99 
0 9 12 53 90 99 
0 9 28 87 90 99 
0 9 11 21 90 99 
0 9 16 47 90 99 
0 9 13 28 90 99 
0 9 18 47 90 99 
0 9 16 26 90 99 
0 9 37 63 90 99 
0 9 76 85 90 99 
0 9 25 76 90 99 
0 9 36 74 90 99 
0 9 43 56 90 99 
0 9 43 46 90 99 
0 9 64 75 90 99 
0 9 26 31 90 99 
0 9 51 85 90 99 
0 9 27 53 90 99 
0 9 26 32 90 99 
0 9 13 73 90 99 
0 9 28 84 90 99 
0 9 45 56 90 99 
0 9 68 83 90 99 
0 9 63 65 90 99 
0 9 56 68 90 99 
0 9 36 41 90 99 
0 9 35 88 90 99 
0 9 27 88 90 99 
0 9 16 73 90 99 
0 9 78 83 90 99 
0 9 67 84 90 99 
0 9 55 75 90 99 
0 9 45 82 90 99 
0 9 27 46 90 99 
0 9 28 82 90 99 
0 9 83 84 90 99 
0 9 28 72 90 99 
0 9 18 72 90 99 
0 9 15 68 90 99 
0 9 33 61 90 99 
0 9 16 31 90 99 
0 9 24 84 90 99 
0 9 55 81 90 99 
0 9 52 65 90 99 
0 9 37 46 90 99 
0 9 63 84 90 99 
0 9 44 53 90 99 
0 9 26 87 90 99 
0 9 27 67 90 99 
0 9 22 61 90 99 
0 9 45 71 90 99 
0 9 24 31 90 99 
0 9 18 28 90 99 
0 9 34 45 90 99 
0 9 11 87 90 99 
0 9 72 87 90 99 
0 9 43 54 90 99 
0 9 46 57 90 99 
0 9 21 77 90 99 
0 9 58 87 90 99 
0 9 11 34 90 99 
0 9 27 61 90 99 
0 9 52 75 90 99 
0 9 51 53 90 99 
0 9 68 84 90 99 
0 9 38 52 90 99 
0 9 15 53 90 99 
0 9 75 87 90 99 
0 9 24 58 90 99 
0 9 54 85 90 99 
0 9 77 82 90 99 
0 9 14 54 90 99 
0 9 14 44 90 99 
0 9 32 83 90 99 
0 9 27 28 90 99 
0 9 47 64 90 99 
0 9 52 58 90 99 
0 9 21 74 90 99 
0 9 55 86 90 99 
0 9 37 61 90 99 
0 9 46 84 90 99 
0 9 22 47 90 99 
0 9 41 55 90 99 
0 9 34 37 90 99 
0 9 73 84 90 99 
0 9 62 88 90 99 
0 9 31 75 90 99 
0 9 22 65 90 99 
0 9 45 75 90 99 
0 9 16 37 90 99 
0 9 14 33 90 99 
0 9 44 63 90 99 
0 9 17 53 90 99 
0 9 63 67 90 99 
0 9 24 76 90 99 
0 9 22 53 90 99 
0 9 85 88 90 99 
0 9 45 73 90 99 
0 9 13 16 90 99 
0 9 33 48 90 99 
0 9 31 86 90 99 
0 9 11 81 90 99 
0 9 36 82 90 99 
0 9 16 86 90 99 
0 9 18 86 90 99 
0 9 11 17 90 99 
0 9 32 47 90 99 
0 9 24 28 90 99 
0 9 21 53 90 99 
0 9 27 37 90 99 
0 9 16 36 90 99 
0 9 28 85 90 99 
0 9 38 66 90 99 
0 9 44 85 90 99 
0 9 57 71 90 99 
0 9 41 67 90 99 
0 9 75 77 90 99 
0 9 13 83 90 99 
0 9 18 74 90 99 
0 9 15 26 90 99 
0 9 47 56 90 99 
0 9 17 32 90 99 
0 9 52 83 90 99 
0 9 33 86 90 99 
0 9 36 61 90 99 
0 9 13 33 90 99 
0 9 31 45 90 99 
0 9 42 58 90 99 
0 9 58 63 90 99 
0 9 16 76 90 99 
0 9 43 74 90 99 
0 9 47 55 90 99 
0 9 24 68 90 99 
0 9 18 35 90 99 
0 9 18 22 90 99 
0 9 21 36 90 99 
0 9 54 66 90 99 
0 9 53 67 90 99 
0 9 26 28 90 99 
0 9 46 63 90 99 
0 9 22 87 90 99 
0 9 27 35 90 99 
0 9 31 37 90 99 
0 9 74 83 90 99 
0 9 45 76 90 99 
0 9 32 78 90 99 
0 9 22 77 90 99 
0 9 42 62 90 99 
