9 22 
9 83 
41 90 
0 72 
0 26 
0 46 
9 25 
9 17 
9 57 
9 61 
23 90 
56 99 
31 99 
15 90 
34 90 
9 15 
0 53 
9 82 
0 25 
0 15 
0 43 
9 14 
54 99 
37 99 
73 90 
61 99 
51 90 
62 90 
9 88 
76 90 
0 55 
9 16 
9 46 
16 99 
28 99 
45 90 
0 28 
9 42 
35 99 
0 14 
0 64 
0 54 
9 23 
72 99 
9 75 
51 99 
21 99 
67 99 
0 13 
9 33 
0 67 
13 99 
18 90 
42 99 
46 90 
66 99 
81 99 
36 99 
71 99 
21 90 
9 71 
0 75 
26 99 
9 72 
63 99 
12 90 
9 66 
42 90 
23 99 
9 37 
86 99 
14 90 
15 99 
44 90 
35 90 
0 17 
41 99 
0 84 
73 99 
9 58 
9 87 
22 90 
75 99 
0 18 
0 48 
0 45 
9 84 
75 90 
0 68 
86 90 
0 12 
48 99 
37 90 
84 90 
71 90 
34 99 
9 21 
0 76 
52 90 
85 90 
78 99 
87 99 
9 56 
9 86 
9 64 
0 62 
26 90 
9 85 
0 81 
11 99 
47 90 
9 36 
0 23 
25 90 
0 73 
76 99 
66 90 
9 43 
68 90 
61 90 
38 99 
28 90 
9 77 
12 99 
9 44 
0 16 
58 99 
0 44 
0 42 
0 32 
0 37 
58 90 
9 41 
9 32 
9 11 
87 90 
55 99 
88 99 
9 47 
84 99 
82 90 
47 99 
54 90 
0 51 
68 99 
9 55 
0 33 
0 34 
0 63 
0 66 
0 41 
0 88 
64 90 
9 62 
9 27 
9 76 
0 82 
64 99 
0 21 
22 99 
57 90 
9 51 
78 90 
77 90 
85 99 
57 99 
27 90 
44 99 
0 52 
9 63 
9 26 
9 68 
88 90 
0 78 
9 73 
32 90 
53 99 
14 99 
0 58 
9 67 
0 74 
65 90 
77 99 
9 28 
9 31 
52 99 
74 90 
74 99 
0 57 
0 31 
33 99 
27 99 
17 99 
9 13 
11 90 
0 22 
33 90 
72 90 
0 87 
9 53 
63 90 
9 35 
0 77 
0 71 
9 12 
9 81 
82 99 
62 99 
46 99 
43 90 
0 24 
24 90 
9 54 
31 90 
9 78 
24 99 
9 65 
36 90 
0 65 
45 99 
9 52 
48 90 
9 48 
0 27 
25 99 
83 90 
17 90 
38 90 
83 99 
0 11 
56 90 
67 90 
9 38 
0 35 
53 90 
9 45 
9 74 
0 61 
0 38 
81 90 
32 99 
0 86 
65 99 
55 90 
0 56 
0 83 
9 18 
0 36 
9 24 
16 90 
0 85 
43 99 
0 47 
13 90 
9 34 
18 99 
