59 93 
10 69 
49 94 
69 96 
5 70 
2 10 
29 93 
2 98 
50 96 
39 59 
91 98 
29 95 
59 95 
29 60 
19 40 
69 98 
3 8 
5 79 
49 93 
8 19 
40 89 
10 98 
7 59 
39 94 
30 39 
4 20 
1 8 
92 96 
94 97 
80 96 
29 50 
93 95 
7 79 
69 89 
60 96 
10 92 
30 60 
39 91 
4 95 
59 60 
19 60 
59 80 
5 8 
1 94 
49 59 
59 91 
91 94 
1 2 
60 95 
70 94 
2 59 
10 40 
3 93 
5 94 
10 91 
3 20 
19 39 
4 6 
79 98 
2 70 
39 92 
5 91 
69 92 
30 70 
59 79 
6 95 
19 95 
20 89 
2 69 
79 97 
60 92 
60 79 
7 89 
19 20 
30 40 
19 29 
5 89 
39 98 
8 94 
97 98 
29 98 
1 30 
49 70 
29 49 
19 70 
20 98 
6 60 
3 80 
59 92 
4 40 
5 69 
10 50 
5 39 
29 91 
40 92 
7 60 
1 98 
40 96 
89 94 
60 69 
7 30 
20 69 
80 93 
19 96 
79 89 
40 95 
2 94 
4 79 
59 69 
1 96 
10 49 
20 40 
50 93 
6 59 
8 70 
20 93 
2 49 
50 95 
7 29 
29 79 
4 93 
6 89 
30 69 
60 89 
3 79 
69 70 
30 79 
4 80 
20 49 
7 39 
3 98 
10 70 
2 4 
30 50 
92 98 
5 20 
49 97 
1 5 
2 30 
7 20 
2 8 
95 98 
8 97 
6 7 
1 50 
5 6 
49 79 
7 97 
59 70 
8 80 
70 98 
40 94 
70 80 
6 49 
39 96 
2 6 
2 39 
1 97 
3 59 
7 94 
70 96 
7 40 
2 96 
4 50 
1 95 
6 40 
39 50 
3 29 
4 8 
5 60 
5 98 
8 95 
8 89 
70 92 
79 94 
8 98 
2 5 
92 94 
4 30 
39 70 
10 20 
79 95 
89 92 
20 94 
20 79 
8 20 
49 60 
69 80 
19 69 
4 97 
7 19 
30 95 
30 92 
79 91 
96 98 
20 30 
30 97 
50 80 
3 92 
19 98 
89 97 
3 6 
1 69 
19 94 
7 70 
91 93 
89 96 
10 93 
5 49 
39 97 
40 80 
39 49 
50 98 
4 10 
59 97 
1 92 
2 19 
10 29 
19 93 
2 80 
8 59 
7 8 
10 80 
30 94 
30 49 
3 50 
1 70 
6 69 
95 96 
8 91 
10 19 
4 70 
20 70 
10 39 
3 60 
2 29 
80 89 
5 40 
93 98 
29 30 
40 97 
2 7 
79 96 
59 89 
70 95 
10 60 
5 30 
89 91 
49 91 
79 93 
70 97 
93 94 
5 93 
3 5 
4 29 
80 94 
8 50 
91 97 
6 97 
19 79 
59 98 
49 50 
94 95 
8 60 
69 94 
6 19 
8 30 
1 29 
70 89 
1 6 
6 94 
1 79 
1 10 
40 79 
4 60 
89 95 
10 96 
19 80 
3 19 
80 98 
3 49 
4 98 
30 59 
30 89 
69 93 
7 91 
3 95 
2 93 
1 4 
29 69 
19 59 
2 3 
5 10 
20 92 
2 95 
49 92 
50 94 
40 70 
50 79 
70 79 
20 80 
49 98 
89 93 
4 19 
8 93 
1 39 
2 97 
19 91 
10 95 
60 97 
92 95 
10 97 
95 97 
50 97 
20 59 
39 80 
1 93 
6 79 
40 49 
7 96 
5 7 
6 39 
29 92 
1 59 
3 40 
3 94 
29 89 
4 59 
93 96 
7 98 
3 7 
93 97 
39 93 
1 7 
80 95 
59 96 
40 98 
60 94 
8 79 
29 70 
6 98 
5 19 
50 70 
30 93 
1 49 
7 95 
3 30 
40 93 
6 50 
20 95 
10 59 
40 91 
6 80 
3 89 
30 96 
7 69 
39 60 
70 93 
8 10 
7 10 
8 92 
29 59 
69 79 
10 94 
6 92 
40 50 
6 8 
40 69 
49 69 
20 96 
2 20 
6 96 
92 97 
8 69 
2 79 
20 39 
49 96 
4 39 
20 50 
94 96 
29 39 
80 91 
5 97 
4 92 
4 94 
20 91 
80 92 
1 19 
5 96 
19 30 
1 40 
50 59 
30 91 
39 69 
29 97 
1 20 
30 80 
2 50 
40 60 
79 92 
10 79 
50 89 
69 97 
96 97 
60 80 
91 95 
5 29 
91 92 
3 91 
8 96 
4 89 
2 91 
19 97 
20 60 
29 94 
69 95 
7 50 
5 50 
7 80 
50 92 
1 80 
6 91 
8 40 
6 20 
39 95 
3 10 
50 60 
7 92 
3 97 
80 97 
6 30 
2 60 
7 49 
4 49 
5 59 
1 89 
4 7 
6 70 
89 98 
20 29 
40 59 
39 79 
1 60 
19 92 
29 80 
5 80 
6 10 
39 89 
49 89 
8 49 
6 93 
1 3 
2 89 
50 91 
4 96 
8 29 
69 91 
5 92 
10 30 
3 39 
19 50 
19 49 
3 70 
30 98 
3 4 
2 40 
20 97 
60 98 
8 39 
60 70 
79 80 
39 40 
70 91 
60 93 
49 80 
60 91 
6 29 
49 95 
3 69 
4 69 
50 69 
5 95 
1 91 
7 93 
10 89 
29 96 
3 96 
4 91 
29 40 
92 93 
59 94 
4 5 
91 96 
19 89 
94 98 
2 92 
