36 95 
6 51 
18 59 
4 83 
6 41 
50 83 
46 94 
29 71 
3 51 
88 89 
55 59 
37 95 
7 78 
74 97 
19 48 
49 51 
56 70 
5 13 
7 23 
4 18 
3 83 
21 98 
60 72 
29 87 
40 66 
1 61 
87 98 
5 45 
73 91 
33 59 
84 94 
86 89 
66 95 
8 83 
33 50 
29 56 
62 89 
51 95 
24 60 
41 98 
47 97 
16 94 
66 98 
1 38 
40 48 
84 96 
7 15 
14 96 
72 96 
26 69 
50 72 
4 57 
5 38 
78 96 
25 97 
5 27 
19 55 
62 95 
50 56 
40 84 
32 49 
10 87 
31 94 
66 80 
27 49 
39 78 
3 24 
3 12 
17 97 
49 61 
30 66 
12 80 
21 95 
8 52 
77 92 
14 20 
49 83 
36 97 
35 70 
52 98 
58 59 
67 96 
28 97 
6 57 
6 78 
19 36 
44 93 
12 70 
43 95 
13 91 
24 79 
39 47 
20 45 
29 44 
72 91 
21 96 
39 67 
40 63 
2 27 
70 77 
8 26 
24 96 
37 70 
22 79 
65 69 
2 72 
51 80 
48 50 
20 24 
2 52 
10 37 
7 26 
8 11 
60 84 
76 93 
3 26 
3 77 
82 89 
32 70 
54 91 
20 72 
78 80 
30 41 
41 70 
29 38 
2 57 
30 84 
1 11 
56 92 
47 69 
37 60 
29 73 
13 30 
7 52 
38 95 
39 65 
5 32 
28 98 
41 96 
4 64 
3 41 
1 71 
20 46 
10 77 
27 94 
18 20 
81 89 
63 92 
27 98 
6 48 
16 59 
22 89 
8 14 
41 91 
6 17 
35 50 
39 44 
41 89 
50 77 
63 93 
71 79 
29 77 
20 77 
88 93 
16 29 
77 98 
3 45 
75 96 
64 97 
20 47 
59 88 
65 91 
25 30 
36 92 
8 27 
41 92 
32 39 
6 71 
68 91 
55 93 
2 23 
19 45 
11 96 
19 34 
68 69 
51 94 
35 94 
7 31 
44 60 
25 98 
1 75 
73 93 
84 97 
39 84 
2 51 
29 58 
88 97 
56 80 
17 89 
29 74 
6 66 
19 54 
70 88 
37 94 
80 87 
42 79 
48 70 
76 96 
2 71 
29 68 
6 44 
28 91 
74 89 
63 97 
6 42 
61 70 
20 64 
82 95 
24 59 
23 79 
10 63 
41 93 
2 84 
1 33 
25 91 
8 61 
60 63 
47 79 
49 55 
68 89 
24 91 
6 56 
50 66 
38 91 
17 94 
10 12 
23 91 
32 89 
7 33 
82 97 
7 68 
43 50 
20 74 
2 78 
16 40 
2 54 
24 94 
5 82 
4 53 
37 80 
30 71 
88 96 
51 69 
67 70 
2 62 
34 80 
44 98 
10 21 
56 91 
69 83 
1 76 
6 28 
13 40 
10 83 
7 17 
39 53 
65 98 
47 70 
2 85 
61 95 
8 58 
50 61 
18 19 
81 91 
50 67 
39 58 
4 51 
69 74 
73 92 
45 97 
64 80 
29 55 
87 95 
15 70 
23 92 
58 70 
34 39 
16 89 
22 39 
10 43 
38 69 
38 97 
34 49 
14 91 
1 83 
21 89 
38 93 
55 98 
18 94 
80 82 
2 25 
55 97 
1 78 
56 95 
4 67 
18 39 
72 79 
5 51 
1 22 
3 25 
84 93 
43 89 
7 67 
45 49 
16 50 
53 98 
3 57 
20 82 
28 70 
54 93 
3 61 
63 69 
39 82 
26 49 
63 89 
36 70 
10 13 
12 79 
7 27 
26 79 
50 74 
2 21 
15 96 
1 84 
3 18 
50 84 
5 24 
39 52 
59 72 
30 67 
18 93 
29 76 
19 76 
22 50 
28 92 
4 31 
85 92 
22 30 
8 62 
55 95 
1 85 
62 69 
6 34 
10 55 
41 80 
4 26 
55 92 
39 61 
8 44 
31 95 
25 50 
70 85 
36 80 
5 84 
23 49 
53 69 
8 31 
25 80 
2 31 
34 40 
36 69 
7 57 
12 60 
54 79 
3 62 
43 91 
41 60 
1 27 
6 36 
15 98 
51 96 
20 43 
6 61 
12 19 
6 54 
36 98 
49 73 
39 56 
8 38 
19 74 
40 68 
19 24 
32 93 
20 27 
33 40 
31 80 
19 87 
33 49 
4 37 
11 80 
4 77 
30 87 
16 93 
5 35 
10 25 
32 59 
19 46 
54 97 
20 81 
37 93 
21 70 
79 83 
15 29 
73 97 
52 92 
67 94 
52 94 
5 83 
44 70 
12 30 
75 89 
1 48 
40 87 
20 44 
7 36 
6 24 
7 24 
59 77 
42 93 
7 47 
62 79 
65 70 
51 59 
17 60 
5 26 
17 19 
48 49 
5 63 
10 44 
81 95 
1 74 
8 22 
58 60 
14 97 
19 44 
76 91 
1 37 
7 46 
41 49 
3 75 
80 86 
6 43 
15 59 
8 76 
56 60 
22 98 
57 91 
61 98 
5 34 
3 65 
19 41 
49 78 
39 42 
3 34 
78 89 
24 50 
53 70 
8 74 
25 39 
1 62 
4 32 
4 54 
21 50 
2 32 
44 91 
8 41 
83 94 
3 64 
10 22 
35 91 
20 34 
62 70 
39 83 
40 58 
5 71 
84 92 
81 98 
39 43 
30 51 
65 93 
2 61 
85 98 
5 42 
5 46 
28 60 
27 29 
50 85 
16 91 
87 97 
1 44 
68 98 
10 42 
5 22 
10 81 
6 75 
77 94 
47 89 
41 95 
20 61 
23 30 
29 37 
80 85 
20 71 
4 21 
38 79 
20 32 
7 61 
42 95 
60 67 
58 79 
2 45 
23 96 
27 89 
1 63 
68 79 
60 74 
31 70 
7 56 
81 93 
3 87 
45 89 
48 98 
63 91 
49 64 
20 21 
7 82 
2 36 
7 81 
7 28 
26 70 
8 24 
34 60 
68 94 
28 29 
83 93 
8 53 
1 34 
11 95 
41 94 
28 89 
10 56 
30 62 
6 84 
11 92 
7 37 
2 22 
20 52 
13 29 
19 77 
1 43 
62 92 
20 26 
49 71 
50 75 
6 73 
14 49 
6 64 
24 97 
25 96 
29 85 
6 47 
61 80 
72 95 
61 91 
49 87 
42 80 
81 92 
6 27 
12 95 
25 40 
30 45 
84 98 
74 95 
14 98 
21 30 
1 81 
30 55 
16 79 
6 76 
78 79 
54 70 
59 82 
4 82 
17 93 
17 30 
40 75 
59 66 
84 89 
27 80 
37 79 
64 91 
33 96 
48 89 
12 89 
69 87 
59 85 
75 97 
33 93 
80 84 
6 85 
46 69 
30 32 
29 35 
86 98 
5 87 
2 17 
10 74 
25 49 
70 76 
3 31 
56 89 
72 97 
34 70 
76 92 
15 30 
50 86 
25 94 
60 66 
45 79 
17 98 
10 85 
34 59 
4 15 
11 20 
11 30 
72 89 
10 65 
21 29 
2 82 
11 60 
19 72 
4 75 
5 23 
15 91 
46 79 
80 88 
78 95 
53 95 
6 88 
46 59 
21 39 
30 74 
4 87 
18 96 
88 94 
46 60 
61 69 
59 61 
4 38 
5 68 
28 39 
54 92 
67 80 
49 85 
19 64 
44 49 
61 79 
59 64 
14 39 
49 63 
8 28 
86 92 
48 97 
12 97 
42 97 
51 89 
20 58 
7 88 
63 96 
78 98 
17 40 
13 97 
43 70 
19 28 
53 93 
30 34 
10 62 
57 89 
10 53 
4 13 
38 39 
58 96 
7 12 
6 74 
8 18 
20 38 
7 73 
2 67 
32 98 
5 41 
55 91 
13 49 
2 74 
1 51 
57 92 
32 97 
58 92 
30 78 
21 60 
46 97 
4 78 
43 69 
6 58 
40 62 
22 59 
15 40 
8 86 
40 54 
47 91 
1 24 
49 77 
23 60 
76 95 
39 76 
40 81 
6 13 
44 50 
2 47 
3 56 
60 87 
6 15 
34 79 
35 79 
41 69 
20 84 
35 96 
4 66 
19 25 
1 46 
29 48 
37 92 
27 30 
21 97 
40 78 
42 91 
30 48 
6 87 
13 79 
62 97 
10 52 
36 96 
68 97 
56 69 
2 34 
7 51 
74 96 
65 89 
58 89 
27 97 
2 77 
36 39 
12 93 
31 92 
59 63 
7 65 
6 53 
3 11 
7 35 
22 91 
51 79 
64 93 
54 94 
73 89 
83 97 
72 92 
85 93 
1 15 
14 89 
57 79 
72 98 
19 86 
6 37 
53 91 
83 95 
70 81 
40 86 
27 91 
21 94 
70 87 
14 60 
30 83 
3 46 
14 70 
18 98 
5 48 
20 48 
73 94 
4 11 
43 80 
62 93 
49 52 
5 17 
35 92 
4 27 
20 83 
28 94 
20 87 
57 70 
12 20 
8 48 
59 78 
49 56 
4 65 
2 81 
4 85 
71 98 
20 31 
43 93 
32 96 
8 57 
45 93 
54 69 
16 98 
85 96 
44 95 
19 31 
3 44 
4 33 
16 20 
27 96 
19 78 
10 38 
49 66 
66 70 
40 67 
8 33 
16 92 
30 72 
49 65 
50 87 
15 69 
60 68 
18 80 
2 63 
47 98 
7 38 
4 76 
88 92 
38 96 
30 46 
69 85 
10 67 
29 41 
2 33 
82 91 
37 98 
11 91 
32 50 
45 59 
59 71 
48 80 
30 63 
8 32 
28 80 
81 97 
73 95 
13 69 
1 58 
74 91 
39 71 
4 42 
57 95 
12 49 
24 95 
30 31 
8 43 
7 85 
74 93 
2 88 
18 49 
6 81 
3 53 
1 54 
66 96 
3 86 
60 81 
10 14 
25 59 
17 29 
54 95 
16 19 
3 66 
50 78 
34 95 
1 65 
19 75 
82 98 
15 39 
6 35 
69 72 
29 51 
67 93 
51 93 
69 75 
60 61 
35 97 
88 98 
23 29 
29 66 
32 94 
33 94 
5 66 
1 66 
39 68 
10 75 
4 71 
16 49 
23 98 
35 69 
8 84 
2 43 
57 59 
36 60 
10 51 
87 89 
18 89 
24 29 
27 50 
60 82 
30 53 
50 76 
17 49 
60 85 
16 96 
31 69 
25 95 
70 72 
7 48 
6 23 
8 66 
24 30 
8 56 
5 76 
7 86 
50 53 
26 80 
27 92 
15 60 
4 74 
18 50 
10 18 
20 63 
4 28 
65 79 
27 95 
39 55 
2 37 
54 89 
5 36 
3 84 
19 58 
55 96 
3 47 
4 43 
42 94 
44 96 
60 62 
5 44 
14 80 
10 48 
82 94 
6 65 
65 96 
76 94 
63 70 
11 40 
7 76 
79 88 
29 65 
68 70 
6 12 
50 54 
37 91 
7 34 
42 59 
69 73 
22 94 
1 25 
49 84 
45 50 
53 92 
1 31 
77 93 
11 79 
7 63 
20 73 
4 61 
17 91 
10 26 
45 60 
20 57 
10 24 
77 97 
66 97 
85 95 
43 96 
3 17 
24 49 
47 59 
20 76 
35 40 
48 69 
7 77 
10 34 
82 96 
37 69 
45 91 
7 64 
16 30 
61 96 
60 73 
23 97 
86 95 
37 96 
18 40 
5 54 
3 37 
8 23 
19 33 
37 59 
3 21 
1 64 
50 52 
23 69 
39 48 
10 84 
21 93 
43 98 
5 67 
30 44 
13 95 
11 93 
4 84 
22 95 
6 31 
30 76 
70 75 
5 55 
46 91 
4 25 
34 93 
46 49 
47 96 
5 47 
20 42 
45 70 
17 69 
80 83 
58 93 
31 89 
29 67 
2 13 
1 21 
19 35 
7 14 
75 79 
15 80 
30 58 
33 91 
4 81 
7 41 
50 62 
27 39 
18 69 
70 83 
59 68 
33 39 
4 22 
59 74 
5 25 
64 70 
52 97 
5 53 
20 85 
40 71 
39 87 
15 49 
40 57 
20 33 
52 89 
31 79 
14 94 
67 69 
1 47 
10 57 
14 40 
40 52 
53 97 
34 89 
2 66 
26 95 
52 59 
52 96 
49 72 
46 93 
55 79 
35 60 
57 69 
39 64 
5 86 
49 53 
3 22 
5 14 
20 65 
34 98 
47 94 
8 75 
30 73 
2 12 
30 65 
8 78 
31 96 
3 42 
78 93 
6 72 
73 80 
3 58 
21 40 
28 93 
17 70 
35 80 
8 71 
58 95 
79 85 
85 97 
29 63 
7 42 
10 31 
52 79 
49 88 
50 63 
74 94 
39 81 
26 29 
3 81 
8 77 
38 50 
63 80 
10 61 
50 71 
59 81 
7 83 
24 89 
86 97 
6 25 
20 75 
2 38 
51 92 
41 79 
18 70 
79 87 
23 95 
61 93 
3 48 
5 72 
50 65 
3 16 
2 56 
77 91 
40 53 
67 98 
16 60 
72 94 
38 89 
8 65 
17 39 
63 79 
28 69 
20 35 
2 55 
77 80 
1 55 
29 53 
11 98 
1 52 
25 89 
35 49 
60 83 
71 89 
87 96 
7 22 
31 91 
7 62 
15 79 
1 72 
43 94 
50 55 
39 77 
32 91 
36 50 
29 64 
66 92 
40 45 
48 91 
58 91 
26 59 
86 94 
69 84 
78 92 
62 98 
30 42 
35 98 
37 40 
40 72 
8 13 
8 47 
8 46 
10 15 
62 91 
30 33 
8 21 
39 57 
7 25 
16 69 
3 72 
31 60 
8 85 
21 80 
35 59 
19 43 
4 72 
56 97 
13 94 
48 60 
59 73 
30 85 
1 28 
4 16 
58 69 
8 63 
46 96 
6 83 
1 56 
1 82 
70 78 
26 94 
30 36 
27 40 
30 37 
32 79 
32 80 
19 82 
20 55 
43 97 
39 45 
14 79 
3 63 
83 98 
64 69 
66 94 
67 97 
29 75 
23 89 
77 96 
25 79 
36 91 
30 75 
19 22 
58 94 
19 71 
7 54 
80 81 
20 53 
45 95 
19 63 
65 80 
30 43 
37 50 
1 53 
34 94 
12 96 
73 96 
24 80 
47 80 
39 86 
22 92 
2 24 
39 73 
16 95 
11 29 
66 91 
12 50 
3 43 
30 82 
39 72 
55 94 
15 93 
19 42 
74 92 
59 75 
22 49 
38 49 
58 98 
69 77 
36 79 
2 16 
66 79 
29 57 
61 92 
27 69 
49 58 
5 16 
63 95 
18 97 
39 41 
6 67 
13 93 
1 36 
5 77 
60 88 
4 73 
2 86 
1 68 
19 37 
29 88 
32 92 
8 16 
40 43 
43 49 
19 53 
67 92 
2 53 
31 93 
1 87 
69 82 
2 14 
3 14 
6 45 
19 73 
60 65 
24 92 
6 82 
23 94 
20 36 
36 49 
50 57 
11 59 
30 64 
5 61 
10 68 
8 15 
44 94 
71 93 
6 18 
77 79 
39 85 
15 92 
11 89 
26 97 
71 97 
21 92 
38 60 
12 69 
21 79 
23 70 
57 97 
19 26 
44 69 
26 39 
24 98 
60 71 
28 95 
71 91 
21 91 
51 91 
65 94 
8 55 
21 49 
13 20 
11 94 
10 46 
2 75 
8 51 
67 95 
39 88 
36 40 
75 93 
4 52 
18 60 
77 89 
87 91 
31 40 
34 69 
10 76 
15 20 
22 80 
29 43 
2 87 
26 93 
7 32 
14 50 
52 70 
2 18 
28 40 
1 32 
76 97 
27 79 
39 66 
59 86 
39 54 
7 43 
46 98 
19 62 
23 40 
50 58 
45 94 
28 59 
62 80 
31 97 
8 12 
5 75 
29 31 
30 68 
33 80 
59 67 
60 78 
40 73 
49 76 
56 59 
4 46 
71 96 
18 79 
65 97 
8 34 
20 28 
2 48 
7 11 
68 96 
6 52 
6 62 
23 93 
74 80 
8 67 
45 96 
42 60 
6 55 
57 93 
13 39 
6 77 
6 11 
19 84 
71 80 
53 96 
55 69 
67 79 
25 60 
20 67 
14 59 
3 13 
86 91 
26 98 
82 93 
5 37 
41 59 
1 45 
8 25 
22 69 
70 73 
26 60 
27 60 
56 98 
12 92 
68 95 
27 70 
29 72 
40 51 
17 79 
13 60 
54 80 
84 91 
5 18 
17 20 
5 28 
14 30 
65 92 
30 77 
48 94 
8 82 
13 98 
57 94 
53 94 
78 94 
17 95 
50 82 
19 27 
44 79 
6 68 
40 55 
44 80 
20 78 
20 62 
47 95 
5 58 
22 60 
27 59 
38 98 
1 41 
10 47 
75 92 
4 23 
7 21 
10 73 
46 50 
61 89 
45 80 
26 92 
11 69 
60 75 
71 94 
5 62 
20 68 
10 32 
25 69 
36 59 
5 21 
57 60 
19 83 
30 52 
3 52 
31 39 
4 86 
30 35 
83 96 
2 11 
3 68 
1 77 
3 15 
3 54 
8 37 
25 29 
3 27 
19 56 
3 85 
7 58 
11 70 
75 91 
48 95 
76 89 
69 86 
53 79 
20 56 
17 96 
15 89 
85 91 
20 41 
2 42 
1 67 
53 89 
4 12 
2 83 
87 93 
2 26 
22 40 
42 96 
43 59 
43 79 
4 62 
86 93 
32 95 
3 71 
29 82 
45 98 
5 15 
40 85 
10 33 
4 17 
50 51 
19 65 
6 38 
19 38 
7 87 
14 29 
60 76 
13 80 
47 50 
19 67 
29 42 
33 69 
18 95 
4 48 
24 93 
3 76 
29 36 
52 93 
53 80 
74 79 
6 86 
76 80 
11 97 
55 89 
29 52 
4 14 
1 86 
1 14 
49 57 
1 35 
42 70 
3 73 
1 23 
7 74 
38 70 
35 89 
1 18 
70 82 
8 54 
10 17 
49 54 
40 82 
7 71 
2 44 
45 69 
20 54 
41 97 
54 96 
4 56 
40 88 
46 92 
19 85 
79 86 
33 95 
32 69 
2 35 
13 19 
46 89 
27 93 
40 61 
5 11 
32 60 
55 70 
18 92 
26 89 
2 58 
4 45 
6 46 
42 92 
29 54 
56 94 
35 39 
1 26 
10 45 
15 95 
18 30 
5 43 
31 50 
30 38 
30 56 
49 82 
37 49 
19 47 
81 96 
25 70 
74 98 
10 16 
4 35 
24 39 
59 87 
10 86 
8 64 
2 73 
24 70 
31 98 
5 73 
68 80 
12 29 
39 46 
8 87 
11 50 
29 45 
29 46 
10 41 
8 68 
42 89 
19 66 
3 23 
71 92 
47 49 
36 94 
29 32 
3 88 
49 68 
58 97 
11 39 
64 79 
2 46 
70 71 
51 60 
4 88 
56 93 
30 81 
7 13 
40 41 
77 95 
10 54 
34 96 
8 73 
65 95 
10 36 
40 47 
36 89 
21 59 
64 92 
12 91 
10 64 
57 98 
5 65 
29 78 
1 73 
60 77 
30 47 
55 60 
52 60 
17 80 
62 94 
49 75 
35 95 
10 58 
40 76 
23 50 
6 21 
19 52 
10 71 
4 44 
3 55 
30 88 
7 66 
20 25 
4 24 
49 74 
30 57 
87 94 
15 50 
19 51 
1 13 
18 29 
12 59 
75 95 
26 91 
7 53 
7 72 
8 42 
30 86 
4 41 
40 77 
2 64 
15 19 
3 74 
79 84 
33 98 
37 39 
76 79 
59 62 
19 61 
7 16 
19 23 
52 95 
66 93 
53 60 
63 98 
21 69 
47 60 
5 33 
5 74 
40 74 
75 94 
64 95 
10 11 
40 56 
8 45 
59 84 
22 97 
35 93 
10 28 
50 88 
37 97 
64 94 
42 49 
13 89 
28 30 
61 97 
57 80 
1 17 
11 19 
16 97 
59 76 
20 23 
26 96 
4 68 
68 92 
22 70 
62 96 
30 61 
20 37 
3 33 
26 40 
44 92 
67 89 
29 84 
26 30 
3 28 
2 65 
39 51 
43 60 
19 57 
22 29 
29 62 
32 40 
16 70 
46 95 
23 59 
28 50 
54 59 
49 81 
34 97 
10 35 
48 96 
33 70 
29 61 
7 75 
44 59 
40 44 
47 93 
73 79 
4 36 
10 78 
10 82 
40 42 
10 23 
26 50 
42 50 
5 57 
70 74 
8 36 
69 78 
13 92 
52 80 
5 85 
6 33 
1 42 
6 22 
67 91 
17 59 
34 92 
45 92 
28 49 
13 59 
28 79 
61 94 
66 89 
25 93 
69 76 
40 65 
39 62 
50 64 
10 27 
64 98 
13 96 
75 98 
52 91 
68 93 
79 81 
53 59 
58 80 
48 93 
38 94 
40 83 
2 15 
51 97 
1 16 
23 80 
17 92 
20 22 
5 12 
39 63 
75 80 
39 74 
8 81 
50 68 
59 65 
70 86 
42 98 
14 93 
5 56 
57 96 
44 97 
87 92 
10 88 
83 92 
83 91 
29 33 
23 39 
29 83 
33 89 
8 72 
20 86 
29 34 
52 69 
29 81 
20 66 
5 81 
47 92 
71 95 
7 84 
49 62 
3 32 
6 16 
50 81 
8 88 
69 88 
84 95 
42 69 
44 89 
30 54 
3 67 
17 50 
22 96 
5 64 
1 57 
14 19 
19 88 
38 80 
12 40 
4 47 
4 55 
3 36 
15 94 
51 98 
31 59 
70 84 
20 88 
46 70 
40 46 
63 94 
8 35 
5 78 
88 95 
7 55 
33 92 
3 82 
72 93 
56 96 
15 97 
4 34 
72 80 
37 89 
60 86 
69 71 
46 80 
76 98 
43 92 
10 72 
28 96 
64 89 
10 66 
29 47 
7 44 
31 49 
18 91 
40 64 
33 79 
7 45 
14 69 
5 52 
66 69 
20 51 
6 63 
36 93 
14 92 
2 68 
78 91 
39 75 
34 50 
5 88 
48 92 
73 98 
25 92 
86 96 
13 70 
3 78 
56 79 
2 28 
19 68 
48 79 
8 17 
78 97 
24 69 
34 91 
4 58 
3 38 
69 81 
7 18 
1 88 
38 59 
6 32 
50 73 
85 94 
16 80 
13 50 
12 94 
38 92 
12 39 
60 64 
19 81 
3 35 
11 49 
14 95 
6 14 
51 70 
33 97 
12 98 
79 82 
4 63 
64 96 
6 26 
2 76 
19 21 
41 50 
16 39 
19 32 
2 41 
1 12 
29 86 
5 31 
49 86 
54 98 
85 89 
82 92 
54 60 
38 40 
88 91 
83 89 
48 59 
59 83 
22 93 
81 94 
49 67 
55 80 
33 60 
24 40 
