63 65 
32 85 
28 32 
26 88 
12 44 
76 85 
11 72 
34 75 
54 61 
38 54 
47 53 
12 34 
56 81 
37 66 
27 77 
22 64 
46 75 
64 78 
11 44 
32 65 
58 82 
34 81 
25 31 
21 72 
47 77 
44 72 
32 64 
12 65 
17 52 
12 36 
52 58 
36 47 
15 41 
16 81 
34 85 
34 88 
34 55 
66 72 
41 73 
37 74 
38 67 
21 88 
18 66 
72 78 
64 66 
16 72 
18 51 
45 78 
18 21 
47 65 
33 55 
87 88 
16 38 
23 51 
22 44 
81 88 
26 45 
12 53 
46 54 
13 75 
66 73 
52 84 
75 76 
23 53 
12 78 
32 53 
16 83 
52 74 
16 73 
15 76 
14 82 
33 87 
36 44 
62 85 
23 38 
31 88 
26 84 
16 24 
42 48 
67 72 
31 71 
53 74 
42 45 
48 67 
17 77 
72 84 
32 66 
67 88 
12 38 
15 23 
61 81 
53 85 
32 58 
73 76 
41 44 
14 67 
31 53 
52 86 
57 74 
76 77 
21 76 
66 74 
28 72 
33 75 
48 56 
51 61 
22 36 
25 68 
68 84 
17 37 
11 55 
52 77 
41 71 
72 88 
73 88 
38 75 
83 84 
16 77 
48 86 
28 53 
56 57 
51 74 
24 41 
13 28 
35 84 
31 45 
14 41 
44 64 
54 86 
14 38 
45 61 
34 36 
26 82 
41 84 
26 54 
12 51 
13 51 
17 46 
35 73 
22 78 
14 32 
15 21 
36 78 
25 83 
13 45 
27 63 
23 83 
81 86 
64 83 
12 67 
12 17 
43 82 
27 37 
75 77 
75 78 
52 54 
14 68 
76 88 
16 37 
36 54 
54 66 
17 22 
18 67 
63 88 
16 56 
43 74 
34 76 
27 78 
56 82 
16 63 
25 34 
57 88 
53 77 
35 58 
54 78 
27 36 
23 78 
12 57 
16 43 
42 85 
24 57 
25 73 
25 77 
13 53 
13 38 
68 72 
54 68 
11 82 
32 75 
46 82 
21 33 
41 65 
25 46 
35 42 
43 57 
21 85 
18 44 
54 72 
23 81 
25 28 
21 84 
77 83 
33 62 
15 48 
17 56 
58 85 
57 66 
37 88 
67 74 
18 84 
33 85 
54 67 
16 31 
76 83 
26 56 
14 61 
14 71 
44 83 
22 52 
45 53 
15 43 
78 83 
14 58 
15 32 
26 86 
27 73 
31 58 
44 74 
12 55 
47 67 
58 66 
12 81 
14 76 
23 48 
11 53 
35 46 
36 46 
11 85 
15 61 
37 41 
33 61 
14 86 
42 86 
44 66 
77 88 
26 81 
13 83 
16 33 
41 55 
62 67 
63 84 
24 45 
16 45 
15 18 
52 87 
51 83 
42 46 
51 81 
13 15 
58 77 
18 27 
64 65 
58 72 
42 74 
35 82 
58 81 
64 87 
45 52 
48 84 
23 65 
45 81 
21 48 
16 61 
16 27 
15 56 
15 26 
46 53 
44 48 
21 43 
15 51 
31 48 
28 38 
55 63 
11 15 
28 63 
22 85 
32 87 
34 43 
58 76 
42 88 
36 73 
22 23 
25 82 
18 23 
26 75 
14 53 
54 65 
32 67 
65 78 
16 58 
47 54 
11 18 
52 55 
34 78 
57 81 
32 55 
36 51 
12 72 
18 55 
35 43 
23 62 
16 21 
48 88 
18 25 
14 55 
13 65 
64 73 
61 68 
71 73 
13 25 
73 85 
31 84 
24 77 
11 26 
13 72 
36 72 
12 43 
38 61 
73 74 
15 86 
15 66 
61 82 
31 76 
51 75 
36 83 
17 61 
81 84 
48 52 
32 48 
28 62 
12 33 
57 72 
18 68 
28 44 
18 81 
74 86 
17 27 
66 86 
66 84 
12 52 
55 83 
44 54 
82 88 
44 78 
43 61 
26 42 
53 67 
28 65 
24 34 
77 85 
23 73 
17 53 
38 71 
71 76 
11 45 
54 63 
25 71 
46 85 
11 68 
58 65 
24 75 
21 61 
43 87 
12 62 
46 81 
38 56 
25 56 
32 63 
14 23 
53 86 
42 72 
12 15 
18 58 
28 55 
53 82 
21 65 
21 53 
23 61 
24 85 
67 82 
13 33 
12 77 
25 78 
34 58 
44 65 
14 15 
45 72 
22 55 
22 35 
51 63 
22 51 
15 83 
15 38 
15 68 
28 54 
13 64 
21 35 
14 57 
58 78 
17 48 
13 34 
16 66 
21 31 
48 71 
32 45 
65 73 
12 71 
25 64 
11 58 
53 71 
22 68 
32 37 
43 48 
58 64 
45 58 
36 56 
47 63 
43 53 
45 82 
66 77 
43 85 
55 61 
28 34 
66 85 
37 55 
36 71 
42 62 
56 86 
22 24 
67 73 
26 35 
18 33 
22 38 
27 82 
24 35 
21 25 
55 62 
48 65 
26 87 
23 36 
43 81 
56 62 
58 87 
66 81 
14 21 
15 75 
45 46 
23 75 
23 85 
23 27 
33 86 
23 58 
23 47 
51 57 
33 56 
48 87 
17 28 
22 73 
71 81 
15 27 
22 83 
12 73 
48 78 
44 57 
27 33 
11 56 
21 73 
53 55 
47 48 
18 31 
17 21 
36 45 
46 52 
36 82 
81 85 
36 62 
51 67 
22 46 
37 64 
17 62 
17 63 
56 68 
73 84 
35 63 
68 81 
12 26 
77 84 
22 86 
14 75 
12 32 
13 61 
42 58 
53 83 
25 41 
27 83 
42 83 
31 75 
51 64 
33 43 
27 72 
23 32 
66 76 
12 45 
28 67 
12 24 
44 45 
17 65 
38 77 
56 66 
32 47 
55 86 
38 65 
42 51 
42 78 
55 57 
13 73 
48 83 
41 72 
33 65 
17 88 
25 44 
35 56 
18 75 
27 41 
41 56 
33 76 
38 68 
35 62 
41 67 
28 35 
27 67 
47 52 
41 86 
53 61 
12 68 
61 73 
34 84 
17 33 
33 67 
17 51 
62 87 
57 67 
11 54 
68 83 
16 88 
35 86 
54 75 
24 37 
57 63 
77 78 
84 88 
15 53 
21 52 
18 72 
28 36 
27 74 
51 53 
74 84 
15 78 
27 57 
22 41 
31 82 
44 68 
53 62 
13 36 
22 26 
28 76 
66 75 
61 87 
41 48 
62 78 
76 81 
43 72 
65 77 
11 36 
47 57 
11 61 
27 61 
78 86 
41 43 
11 84 
23 31 
23 76 
67 84 
11 33 
56 84 
11 17 
24 72 
15 55 
31 38 
16 22 
22 27 
28 83 
36 57 
26 48 
13 27 
68 86 
62 84 
55 75 
25 66 
16 78 
14 36 
47 56 
11 71 
48 51 
17 68 
62 73 
32 83 
64 88 
21 58 
43 75 
27 31 
51 87 
53 56 
45 86 
57 85 
35 36 
17 87 
53 84 
62 68 
24 51 
11 25 
28 82 
45 48 
37 78 
21 51 
17 78 
14 37 
16 28 
22 28 
32 72 
23 74 
13 46 
71 85 
54 64 
75 84 
72 77 
13 68 
12 82 
13 14 
41 66 
27 48 
83 87 
27 58 
27 64 
43 55 
53 78 
63 71 
33 88 
37 38 
37 61 
54 62 
32 41 
31 33 
54 84 
15 35 
27 84 
41 75 
23 37 
42 63 
11 64 
28 68 
62 77 
18 28 
42 66 
25 36 
22 76 
27 46 
31 34 
35 45 
65 84 
46 63 
31 62 
43 66 
58 62 
17 74 
12 63 
35 76 
31 74 
71 87 
23 35 
34 61 
55 74 
51 65 
28 41 
14 31 
14 51 
21 32 
21 24 
58 84 
18 64 
47 78 
44 52 
48 76 
41 81 
34 66 
52 73 
41 77 
66 71 
44 51 
38 55 
18 38 
37 87 
11 14 
17 67 
11 46 
32 52 
53 64 
28 88 
13 62 
32 44 
23 45 
13 43 
47 58 
31 86 
14 78 
11 24 
26 43 
15 25 
18 82 
61 75 
35 55 
74 75 
11 62 
58 86 
68 87 
16 54 
26 57 
51 73 
31 54 
13 35 
23 57 
27 56 
23 82 
57 73 
56 87 
54 58 
18 83 
55 64 
41 61 
24 55 
47 64 
12 88 
31 51 
25 76 
16 76 
27 42 
15 71 
26 53 
65 66 
23 63 
37 67 
55 76 
46 55 
27 88 
23 34 
13 78 
68 76 
56 58 
54 82 
45 55 
34 35 
42 52 
44 87 
31 72 
72 81 
17 58 
18 42 
14 74 
45 67 
82 84 
14 34 
27 38 
43 68 
31 87 
11 81 
53 73 
18 62 
36 61 
43 77 
25 43 
51 62 
75 82 
44 47 
36 68 
36 74 
38 78 
17 55 
33 73 
44 63 
51 88 
24 61 
13 31 
26 71 
36 53 
17 24 
41 47 
28 61 
21 87 
15 88 
52 83 
55 65 
16 36 
57 76 
47 62 
42 65 
21 36 
64 71 
57 83 
75 83 
15 42 
53 66 
32 35 
25 85 
27 75 
24 53 
58 63 
14 47 
13 54 
45 66 
34 53 
18 26 
14 44 
52 63 
48 66 
51 58 
24 65 
21 45 
55 82 
14 42 
32 56 
41 57 
25 45 
24 58 
47 73 
14 73 
33 81 
41 58 
64 67 
27 68 
41 63 
12 54 
52 82 
15 84 
16 47 
18 77 
31 67 
21 28 
25 47 
16 65 
46 86 
23 72 
46 67 
26 55 
44 81 
22 53 
21 47 
36 38 
54 71 
16 57 
58 83 
71 74 
35 51 
28 52 
75 87 
33 77 
65 87 
11 77 
34 47 
13 23 
66 82 
26 47 
16 35 
66 67 
18 35 
11 41 
12 76 
33 68 
46 48 
17 43 
24 83 
81 87 
54 87 
72 74 
21 54 
13 47 
43 88 
22 81 
22 74 
57 75 
61 86 
64 77 
21 62 
32 46 
16 67 
23 66 
24 43 
74 83 
77 82 
34 67 
11 87 
11 67 
56 75 
57 77 
12 83 
44 61 
21 74 
63 72 
16 75 
13 76 
13 17 
65 72 
52 66 
24 73 
44 77 
32 34 
18 71 
78 85 
22 71 
46 77 
35 52 
23 25 
17 71 
35 38 
78 87 
42 56 
31 46 
18 45 
13 66 
23 67 
62 75 
17 34 
26 73 
43 86 
27 51 
77 87 
36 86 
25 63 
65 71 
31 37 
54 57 
33 63 
28 51 
74 78 
37 52 
28 58 
35 88 
11 66 
65 88 
55 84 
42 54 
27 66 
51 55 
18 63 
84 87 
58 71 
65 83 
33 83 
64 86 
11 38 
24 26 
14 63 
25 27 
42 77 
38 58 
24 56 
61 72 
18 32 
85 87 
24 84 
22 31 
82 86 
57 58 
25 26 
73 86 
37 71 
61 76 
13 18 
47 75 
56 83 
38 86 
67 76 
16 46 
11 86 
36 67 
17 81 
42 76 
78 82 
18 41 
32 84 
17 32 
17 66 
43 58 
43 64 
65 82 
37 77 
31 81 
52 78 
44 53 
14 54 
43 52 
52 53 
56 71 
37 81 
27 62 
21 78 
34 44 
41 45 
28 47 
33 41 
24 67 
65 75 
15 31 
51 68 
38 85 
36 65 
12 48 
12 74 
44 85 
62 83 
56 73 
42 82 
41 78 
46 66 
18 61 
55 72 
26 46 
22 61 
26 44 
12 31 
71 83 
67 85 
12 27 
62 76 
42 43 
64 84 
11 12 
43 54 
13 88 
15 37 
33 34 
28 78 
52 68 
44 84 
56 63 
34 87 
61 84 
34 46 
15 67 
26 76 
43 84 
11 88 
52 71 
16 86 
56 88 
41 88 
78 81 
21 55 
41 53 
16 48 
64 75 
21 27 
32 33 
14 43 
45 56 
27 53 
15 22 
75 88 
36 64 
12 23 
44 55 
31 68 
35 78 
25 48 
38 42 
41 87 
35 41 
23 41 
38 74 
21 34 
25 52 
56 77 
25 61 
33 45 
67 86 
57 78 
14 77 
36 52 
46 83 
55 81 
13 16 
26 31 
37 62 
42 67 
11 52 
12 14 
62 66 
53 76 
65 85 
12 22 
18 56 
34 52 
28 73 
33 53 
17 85 
56 74 
82 85 
33 78 
25 33 
18 88 
58 67 
12 18 
37 63 
46 61 
44 67 
66 83 
13 41 
16 84 
38 83 
41 46 
14 28 
23 84 
47 82 
25 74 
11 63 
65 74 
33 84 
72 86 
47 74 
28 84 
17 23 
18 52 
11 73 
31 65 
15 54 
32 61 
35 74 
26 52 
31 56 
32 81 
16 64 
24 32 
35 66 
11 65 
35 48 
15 85 
64 74 
23 64 
17 38 
23 71 
52 67 
14 84 
15 73 
14 66 
46 74 
63 81 
22 75 
24 47 
33 42 
38 46 
12 16 
13 52 
13 82 
12 84 
16 23 
32 38 
21 57 
38 44 
41 85 
61 85 
25 54 
18 53 
17 75 
18 46 
22 34 
42 44 
12 37 
14 88 
18 24 
53 57 
55 78 
15 63 
18 22 
54 85 
18 36 
45 57 
24 68 
43 47 
18 43 
48 62 
53 54 
61 77 
43 56 
21 83 
33 74 
16 71 
24 25 
34 64 
22 82 
37 47 
63 75 
48 54 
24 52 
67 87 
31 61 
42 64 
25 51 
63 78 
24 81 
27 85 
12 86 
31 32 
17 26 
24 64 
35 47 
26 51 
57 87 
28 45 
14 56 
55 71 
76 84 
54 88 
34 42 
24 87 
63 64 
38 48 
35 64 
16 26 
65 81 
61 64 
27 52 
66 87 
55 68 
34 38 
47 83 
51 82 
15 46 
26 41 
13 67 
22 56 
24 82 
31 42 
63 83 
14 33 
61 71 
13 37 
85 88 
22 48 
35 67 
71 72 
55 87 
21 22 
27 45 
83 86 
22 88 
15 72 
17 84 
52 72 
31 83 
47 55 
27 35 
25 37 
17 64 
51 54 
75 81 
42 87 
31 41 
31 78 
16 44 
24 74 
26 28 
38 88 
52 61 
42 57 
42 81 
34 57 
15 65 
35 61 
32 73 
33 72 
73 83 
74 81 
12 35 
26 78 
42 47 
22 37 
48 82 
32 88 
12 56 
52 75 
37 56 
34 37 
62 63 
45 75 
52 81 
54 81 
13 26 
27 47 
21 75 
54 83 
45 85 
47 84 
31 36 
74 77 
15 45 
37 72 
11 48 
46 56 
23 44 
28 66 
52 65 
74 88 
56 78 
37 54 
54 73 
42 53 
12 66 
17 47 
28 75 
68 85 
34 41 
61 65 
12 13 
44 86 
36 48 
74 87 
33 54 
56 72 
33 37 
51 84 
23 52 
72 73 
16 87 
34 72 
73 87 
53 88 
13 86 
22 87 
74 76 
25 86 
56 67 
56 64 
23 46 
35 77 
21 64 
12 85 
52 62 
43 73 
48 64 
25 72 
37 75 
45 87 
27 86 
57 82 
11 35 
31 64 
46 68 
53 75 
63 86 
16 41 
37 84 
52 88 
71 77 
41 82 
22 47 
25 58 
21 41 
25 42 
35 44 
16 74 
15 28 
16 82 
51 66 
34 51 
78 88 
37 57 
23 55 
68 75 
11 83 
63 74 
27 34 
73 81 
43 78 
58 75 
18 78 
11 76 
34 45 
44 73 
38 81 
14 64 
31 63 
26 83 
23 26 
48 68 
14 18 
34 63 
28 48 
77 81 
36 77 
53 81 
18 54 
62 74 
25 57 
72 76 
33 48 
46 87 
67 77 
27 54 
22 57 
11 37 
24 31 
26 27 
38 76 
76 86 
73 78 
47 86 
36 58 
44 58 
41 62 
37 51 
41 68 
32 86 
35 53 
46 78 
37 82 
28 85 
22 72 
34 73 
38 53 
68 88 
25 75 
25 38 
45 65 
46 88 
24 44 
57 68 
31 35 
35 54 
48 81 
17 82 
62 86 
46 84 
55 66 
31 55 
13 42 
77 86 
26 64 
16 68 
82 87 
14 35 
32 43 
36 81 
48 55 
32 42 
28 71 
43 62 
31 85 
35 85 
13 74 
38 57 
35 68 
26 68 
47 61 
74 85 
23 86 
62 64 
22 63 
17 83 
38 41 
17 76 
43 83 
14 72 
37 48 
61 83 
22 66 
32 82 
23 88 
23 33 
35 71 
62 88 
44 82 
28 81 
25 32 
11 51 
16 85 
63 67 
41 54 
13 87 
45 88 
37 44 
36 41 
15 52 
38 43 
21 26 
11 22 
25 55 
31 43 
24 54 
13 58 
14 26 
73 77 
21 23 
43 63 
68 77 
21 67 
24 78 
17 57 
17 41 
21 71 
62 72 
33 38 
51 86 
42 73 
42 68 
42 55 
58 74 
84 86 
34 54 
24 63 
22 45 
38 47 
75 86 
36 76 
31 57 
34 77 
18 34 
18 47 
63 68 
14 17 
18 65 
16 52 
38 51 
28 77 
52 76 
17 18 
47 51 
14 27 
13 84 
24 27 
34 68 
22 54 
58 61 
65 67 
25 67 
16 53 
43 65 
26 38 
41 76 
53 63 
57 65 
11 74 
62 71 
14 25 
78 84 
51 56 
17 42 
37 85 
53 68 
15 33 
12 58 
61 63 
11 34 
25 88 
47 85 
67 81 
17 72 
27 81 
12 21 
24 86 
14 81 
13 32 
43 46 
38 52 
14 83 
35 37 
63 87 
21 81 
68 71 
68 74 
26 63 
31 66 
45 76 
13 56 
23 42 
13 22 
15 64 
38 45 
46 51 
11 43 
15 34 
36 87 
18 73 
18 48 
24 33 
36 43 
45 54 
44 56 
41 64 
45 51 
45 83 
24 46 
55 58 
32 68 
47 88 
52 64 
53 72 
14 45 
32 57 
57 86 
38 64 
16 62 
45 84 
52 57 
21 42 
33 46 
37 73 
27 65 
57 61 
34 71 
74 82 
64 81 
33 66 
13 48 
35 75 
36 84 
57 84 
33 44 
14 46 
45 77 
61 88 
26 32 
31 73 
14 52 
33 47 
57 62 
11 32 
27 43 
37 46 
36 37 
54 55 
24 42 
33 57 
21 44 
47 66 
75 85 
61 66 
66 78 
83 88 
43 71 
15 82 
42 84 
27 44 
48 72 
62 81 
16 34 
26 72 
53 58 
22 77 
37 58 
53 87 
71 75 
43 67 
28 87 
15 57 
43 44 
73 75 
26 33 
33 35 
71 84 
48 75 
18 86 
24 71 
16 17 
71 78 
26 36 
42 71 
45 74 
16 55 
25 65 
58 88 
22 58 
68 73 
37 53 
14 22 
35 83 
17 31 
37 76 
24 38 
15 81 
48 57 
72 85 
13 24 
21 77 
17 73 
44 62 
47 68 
61 62 
21 63 
22 42 
26 34 
35 81 
61 67 
28 57 
55 56 
46 76 
55 73 
27 55 
11 31 
68 78 
45 71 
65 76 
33 51 
41 52 
18 74 
51 52 
26 85 
24 28 
64 76 
36 88 
11 21 
48 53 
67 83 
27 28 
13 81 
64 82 
41 51 
12 61 
38 66 
33 82 
25 53 
26 65 
45 63 
44 46 
13 71 
66 68 
22 33 
46 72 
44 76 
28 46 
63 76 
61 78 
64 68 
25 81 
32 36 
41 74 
14 24 
13 63 
15 74 
76 78 
45 47 
27 76 
15 17 
32 71 
67 71 
42 75 
32 74 
28 74 
12 64 
13 57 
14 87 
32 78 
27 71 
52 56 
63 73 
44 71 
52 85 
63 82 
48 73 
34 86 
18 76 
26 37 
31 44 
38 72 
17 44 
82 83 
54 76 
24 66 
48 74 
15 77 
34 83 
57 71 
37 83 
55 88 
34 48 
23 28 
32 51 
17 45 
72 83 
12 41 
34 56 
13 85 
28 33 
17 54 
45 68 
85 86 
58 73 
21 37 
32 62 
67 68 
24 76 
41 83 
15 62 
63 85 
14 65 
38 87 
31 52 
37 65 
22 43 
68 82 
38 63 
34 62 
13 55 
57 64 
47 81 
12 47 
15 47 
61 74 
72 82 
13 77 
12 25 
12 46 
33 71 
11 75 
76 82 
22 67 
56 76 
11 27 
15 36 
15 44 
33 52 
67 78 
21 46 
33 58 
27 32 
14 48 
18 85 
51 72 
26 62 
32 77 
37 86 
38 82 
45 62 
23 24 
55 67 
21 38 
11 78 
21 68 
32 76 
56 85 
23 54 
18 87 
31 47 
17 86 
18 57 
15 87 
36 42 
14 85 
46 57 
44 75 
23 56 
81 83 
51 71 
81 82 
25 62 
14 62 
51 76 
17 35 
58 68 
22 84 
84 85 
42 61 
46 73 
67 75 
22 25 
27 87 
66 88 
25 35 
33 36 
23 43 
28 56 
54 74 
56 61 
11 13 
47 72 
36 66 
21 66 
55 77 
36 85 
32 54 
36 55 
51 78 
15 24 
26 61 
26 74 
71 82 
46 58 
21 86 
43 76 
65 86 
47 87 
23 68 
51 85 
48 77 
46 47 
51 77 
16 42 
86 87 
37 68 
38 84 
11 28 
45 64 
23 77 
26 58 
46 62 
41 42 
64 85 
28 86 
62 82 
48 85 
34 65 
11 57 
12 75 
47 76 
54 56 
16 51 
76 87 
26 67 
38 73 
35 72 
12 42 
11 47 
24 36 
16 25 
25 87 
86 88 
24 62 
16 18 
46 71 
35 65 
47 71 
53 65 
63 77 
18 37 
46 64 
13 44 
28 64 
28 42 
72 75 
44 88 
63 66 
56 65 
16 32 
36 75 
17 25 
15 58 
62 65 
65 68 
21 82 
28 31 
22 32 
26 66 
37 45 
73 82 
64 72 
11 23 
72 87 
11 42 
25 84 
48 61 
26 77 
22 62 
34 82 
43 45 
11 16 
43 51 
36 63 
35 57 
48 63 
37 43 
46 65 
14 16 
24 48 
28 43 
12 28 
28 37 
17 36 
23 87 
54 77 
35 87 
38 62 
13 21 
33 64 
83 85 
37 42 
48 58 
31 77 
45 73 
12 87 
71 88 
71 86 
34 74 
21 56 
15 16 
55 85 
22 65 
24 88 
