5 23 30 
5 12 35 
11 30 35 
5 11 35 
5 17 30 
5 30 31 
5 24 30 
5 24 35 
0 5 11 
17 30 35 
0 2 35 
5 30 34 
5 30 32 
30 34 35 
0 2 5 
30 33 35 
0 24 30 
0 2 30 
0 3 5 
0 18 35 
4 5 30 
0 5 23 
5 29 30 
0 5 33 
0 30 32 
0 17 35 
3 30 35 
5 11 30 
0 5 17 
1 5 30 
1 30 35 
0 5 24 
0 29 35 
0 33 35 
0 31 35 
5 32 35 
5 33 35 
1 5 35 
0 1 5 
0 11 35 
0 5 32 
30 31 35 
0 34 35 
18 30 35 
5 31 35 
30 32 35 
5 29 35 
0 4 30 
5 12 30 
0 5 12 
5 18 35 
0 5 6 
0 30 33 
2 30 35 
0 23 30 
5 18 30 
2 5 35 
0 5 29 
0 6 35 
23 30 35 
12 30 35 
0 5 31 
24 30 35 
3 5 30 
0 11 30 
5 6 30 
0 5 18 
6 30 35 
0 12 35 
3 5 35 
2 5 30 
0 12 30 
0 1 30 
5 23 35 
0 24 35 
4 5 35 
0 23 35 
5 6 35 
0 32 35 
0 3 35 
0 17 30 
0 18 30 
0 3 30 
0 29 30 
0 4 5 
0 6 30 
5 30 33 
4 30 35 
0 30 34 
0 1 35 
5 17 35 
0 5 34 
5 34 35 
29 30 35 
0 30 31 
0 4 35 
