0 10 35 
26 30 35 
0 5 10 
21 30 35 
5 10 30 
0 9 35 
5 25 30 
15 30 35 
5 16 30 
0 5 26 
8 30 35 
5 22 35 
5 10 35 
5 15 35 
7 30 35 
0 5 20 
0 26 30 
0 5 7 
5 8 35 
13 30 35 
0 5 28 
0 21 30 
5 16 35 
0 5 16 
0 28 30 
0 10 30 
5 7 35 
0 5 22 
22 30 35 
0 13 35 
5 13 30 
0 5 19 
5 28 35 
20 30 35 
27 30 35 
0 9 30 
0 25 30 
5 19 35 
5 8 30 
0 5 14 
0 8 35 
0 16 35 
28 30 35 
5 14 30 
0 22 30 
0 7 35 
5 21 35 
0 28 35 
5 9 30 
5 27 30 
5 26 30 
0 13 30 
0 15 30 
5 26 35 
5 20 30 
5 21 30 
0 20 35 
0 25 35 
0 8 30 
0 5 13 
5 7 30 
5 20 35 
19 30 35 
0 5 25 
0 5 8 
5 28 30 
0 5 9 
5 19 30 
16 30 35 
10 30 35 
5 13 35 
0 20 30 
0 7 30 
0 19 35 
5 27 35 
5 22 30 
0 21 35 
0 14 35 
0 14 30 
5 25 35 
0 19 30 
0 22 35 
0 27 30 
14 30 35 
0 27 35 
5 14 35 
0 16 30 
0 26 35 
0 5 27 
5 9 35 
5 15 30 
9 30 35 
0 5 15 
0 15 35 
0 5 21 
25 30 35 
