0 6 33 
5 17 18 
0 4 29 
23 30 31 
12 30 31 
1 2 30 
3 12 35 
24 30 34 
12 29 35 
11 31 35 
2 23 30 
3 6 30 
2 3 5 
0 11 12 
3 5 29 
0 3 24 
24 30 31 
3 5 17 
6 24 30 
5 18 34 
4 30 34 
3 30 31 
3 24 30 
1 5 17 
0 2 11 
3 34 35 
6 23 35 
32 33 35 
1 4 30 
1 4 35 
6 30 34 
0 2 23 
0 23 31 
0 17 31 
5 11 18 
30 32 34 
5 23 24 
24 33 35 
0 18 23 
6 29 30 
5 11 24 
18 23 35 
17 30 32 
12 30 34 
5 17 32 
5 12 33 
24 29 35 
18 24 30 
5 31 33 
0 17 33 
3 33 35 
0 6 24 
5 6 34 
4 18 30 
2 30 31 
5 31 34 
0 3 18 
0 24 31 
5 12 18 
24 31 35 
24 29 30 
0 2 12 
0 1 29 
4 5 34 
5 11 17 
0 18 29 
18 30 34 
2 12 35 
4 33 35 
2 5 6 
3 6 35 
1 5 31 
4 5 33 
11 30 32 
5 11 32 
17 34 35 
0 33 34 
0 18 24 
5 6 18 
2 5 29 
5 18 31 
5 17 33 
4 5 11 
3 11 30 
1 29 35 
1 3 35 
4 5 17 
17 30 34 
23 31 35 
0 3 31 
4 6 30 
17 23 30 
6 11 30 
23 29 30 
3 5 23 
11 24 30 
0 11 32 
5 12 17 
2 29 35 
2 34 35 
3 23 30 
3 29 30 
0 2 29 
5 12 34 
0 24 29 
4 5 12 
0 4 24 
5 11 33 
1 5 33 
12 31 35 
0 18 34 
0 12 24 
6 34 35 
0 4 18 
2 18 30 
17 24 30 
5 24 29 
1 5 32 
6 30 32 
0 4 12 
0 23 24 
0 12 23 
18 30 31 
2 5 17 
0 4 34 
5 11 31 
11 17 35 
5 6 31 
0 1 34 
12 17 35 
0 4 23 
1 17 35 
11 24 35 
29 32 35 
12 23 30 
3 5 31 
1 30 31 
23 30 32 
5 23 29 
0 17 32 
17 18 30 
2 3 35 
0 6 12 
0 31 32 
5 11 23 
5 6 33 
11 29 35 
2 31 35 
18 30 32 
5 17 23 
30 31 33 
23 29 35 
3 4 35 
5 12 23 
32 34 35 
17 29 35 
2 23 35 
4 12 30 
4 17 35 
0 4 11 
0 6 31 
29 30 33 
0 11 29 
11 12 30 
11 30 33 
1 2 5 
3 5 24 
0 6 23 
0 12 33 
11 17 30 
11 33 35 
2 5 24 
2 4 5 
5 18 32 
4 5 29 
2 18 35 
17 30 31 
0 23 33 
23 34 35 
4 30 33 
5 32 34 
0 3 11 
12 33 35 
0 12 32 
2 11 35 
18 33 35 
2 5 18 
6 30 31 
1 23 30 
17 24 35 
0 11 24 
1 24 35 
5 6 11 
0 29 34 
1 30 33 
1 30 32 
0 2 34 
1 17 30 
2 29 30 
0 11 17 
3 5 12 
5 11 12 
6 30 33 
1 5 34 
6 29 35 
17 18 35 
31 32 35 
3 18 35 
29 30 32 
0 1 2 
12 24 35 
3 5 11 
4 30 32 
2 24 35 
4 29 30 
0 6 11 
5 6 29 
0 1 4 
3 32 35 
0 2 4 
4 29 35 
5 17 29 
5 12 29 
3 5 34 
0 29 32 
6 17 35 
12 18 30 
30 33 34 
0 4 31 
5 6 23 
1 12 35 
5 32 33 
0 23 32 
31 34 35 
0 1 24 
30 31 32 
2 11 30 
1 18 35 
11 18 35 
12 34 35 
1 32 35 
4 34 35 
0 6 32 
11 12 35 
3 23 35 
0 23 34 
12 18 35 
0 3 23 
0 31 33 
3 24 35 
2 5 33 
18 23 30 
2 5 31 
1 2 35 
4 23 30 
24 30 32 
4 12 35 
0 2 32 
0 11 18 
5 29 32 
3 18 30 
2 5 12 
17 29 30 
3 17 30 
1 6 35 
1 11 30 
0 17 23 
0 17 24 
5 12 24 
11 30 31 
29 30 31 
5 24 32 
2 12 30 
5 23 33 
3 30 32 
2 5 32 
5 33 34 
5 11 34 
4 17 30 
6 12 30 
5 11 29 
6 18 35 
4 5 32 
5 18 24 
2 3 30 
4 24 35 
4 11 30 
0 2 17 
5 29 31 
0 2 3 
5 23 32 
0 29 33 
2 6 35 
1 34 35 
23 30 34 
6 17 30 
0 32 33 
12 30 33 
0 3 32 
1 5 29 
12 30 32 
0 6 34 
11 23 35 
1 12 30 
0 24 33 
6 33 35 
18 32 35 
3 5 33 
24 34 35 
6 23 30 
5 12 31 
18 24 35 
2 5 11 
0 6 17 
1 5 6 
4 23 35 
0 17 18 
23 24 35 
4 5 31 
5 6 17 
3 30 33 
5 23 34 
24 30 33 
0 1 6 
29 34 35 
0 2 24 
2 30 32 
3 31 35 
4 6 35 
3 4 30 
5 18 33 
0 12 34 
12 32 35 
31 33 35 
3 5 32 
4 30 31 
30 32 33 
0 17 34 
17 23 35 
5 24 33 
23 24 30 
0 1 32 
4 18 35 
6 18 30 
1 5 12 
2 5 34 
3 11 35 
0 12 31 
0 11 33 
1 29 30 
5 6 12 
1 11 35 
1 30 34 
11 34 35 
12 24 30 
5 12 32 
1 5 24 
11 23 30 
6 24 35 
3 29 35 
30 31 34 
0 3 33 
2 33 35 
12 17 30 
3 30 34 
0 12 17 
18 31 35 
0 6 18 
18 30 33 
0 1 17 
4 5 24 
3 12 30 
3 5 18 
1 5 23 
5 17 24 
0 12 29 
0 3 34 
5 18 29 
0 1 18 
1 5 18 
1 23 35 
12 29 30 
18 34 35 
5 18 23 
3 5 6 
4 5 6 
0 12 18 
17 30 33 
29 31 35 
0 1 11 
17 31 35 
11 30 34 
1 3 5 
18 29 30 
33 34 35 
5 31 32 
0 1 12 
2 30 33 
0 2 33 
5 17 34 
0 18 33 
4 5 18 
1 3 30 
5 29 34 
5 29 33 
0 31 34 
2 32 35 
11 18 30 
0 11 31 
0 24 34 
0 2 6 
6 31 35 
0 1 33 
2 5 23 
3 17 35 
0 1 3 
24 32 35 
4 31 35 
23 30 33 
17 33 35 
2 6 30 
0 3 17 
5 17 31 
0 18 31 
5 24 34 
5 6 24 
4 24 30 
0 29 31 
1 33 35 
0 17 29 
0 4 32 
0 18 32 
5 6 32 
1 18 30 
6 32 35 
2 17 35 
2 4 30 
0 4 33 
0 6 29 
0 32 34 
6 11 35 
11 29 30 
0 3 12 
17 32 35 
29 33 35 
0 24 32 
18 29 35 
4 5 23 
0 1 31 
2 4 35 
0 4 6 
11 32 35 
5 23 31 
0 11 23 
1 6 30 
3 4 5 
5 24 31 
0 2 18 
1 24 30 
29 30 34 
0 3 6 
0 3 29 
0 3 4 
2 30 34 
23 32 35 
6 12 35 
2 17 30 
1 31 35 
4 32 35 
23 33 35 
12 23 35 
2 24 30 
0 4 17 
0 1 23 
0 23 29 
0 11 34 
0 2 31 
1 4 5 
4 11 35 
1 5 11 
