4 5 26 
0 20 24 
1 28 35 
1 16 30 
0 13 24 
11 13 35 
24 25 35 
5 6 10 
0 9 11 
26 32 35 
5 6 13 
3 20 35 
1 19 30 
3 26 35 
5 10 34 
10 17 30 
5 11 19 
23 28 30 
5 7 34 
5 8 18 
21 32 35 
13 31 35 
4 28 35 
2 15 30 
0 19 24 
16 23 35 
0 16 17 
15 23 30 
0 1 14 
4 5 20 
5 10 33 
25 29 35 
0 3 21 
1 21 30 
3 9 30 
24 28 35 
6 21 35 
23 27 30 
2 28 30 
5 10 29 
13 24 35 
10 24 35 
0 3 13 
18 21 35 
4 22 30 
28 31 35 
19 30 33 
20 30 31 
5 19 31 
0 23 27 
2 15 35 
24 28 30 
3 22 35 
0 15 24 
27 31 35 
3 5 8 
7 30 31 
15 31 35 
22 23 35 
12 21 35 
22 34 35 
5 13 33 
16 24 30 
18 27 30 
20 23 35 
24 27 30 
14 30 33 
6 26 30 
0 26 33 
5 21 29 
1 25 35 
13 34 35 
0 6 27 
18 22 35 
0 8 32 
6 25 30 
4 10 30 
10 31 35 
1 26 30 
3 5 22 
4 14 35 
9 30 32 
5 25 31 
0 23 28 
21 30 33 
11 27 30 
5 17 25 
13 18 30 
0 4 22 
19 24 30 
12 27 30 
0 1 21 
2 7 30 
0 22 24 
9 24 35 
2 5 27 
5 14 33 
0 20 31 
0 12 13 
0 17 22 
0 11 19 
3 5 16 
12 26 30 
11 21 35 
4 28 30 
8 29 30 
5 22 31 
5 19 29 
5 11 28 
1 7 35 
0 20 34 
15 30 32 
5 8 32 
19 32 35 
5 26 31 
5 9 32 
0 28 33 
0 4 15 
5 22 33 
3 27 30 
11 20 30 
0 20 23 
1 28 30 
14 18 35 
4 15 35 
16 18 30 
0 25 34 
0 21 34 
10 12 35 
0 9 31 
1 16 35 
11 28 35 
0 7 17 
0 19 32 
9 24 30 
0 7 29 
5 23 27 
1 5 16 
0 4 21 
0 3 22 
4 16 30 
1 13 30 
1 25 30 
0 6 22 
18 28 35 
9 30 34 
0 11 15 
1 21 35 
2 25 30 
0 4 10 
20 32 35 
26 31 35 
5 7 31 
5 18 22 
0 12 15 
8 12 30 
15 18 30 
11 27 35 
0 3 15 
0 11 22 
7 18 30 
26 33 35 
28 29 35 
3 25 35 
0 6 20 
14 30 34 
0 21 23 
0 2 13 
17 26 35 
0 3 20 
9 17 30 
15 24 35 
5 14 29 
3 26 30 
1 27 30 
8 17 30 
1 5 13 
0 1 25 
0 22 23 
0 10 31 
5 10 17 
6 10 35 
12 26 35 
9 18 35 
25 30 32 
5 22 23 
6 19 35 
0 11 28 
2 19 30 
0 24 28 
16 23 30 
5 15 17 
9 12 35 
5 28 31 
1 10 30 
11 15 35 
0 13 17 
7 17 30 
15 34 35 
10 34 35 
0 14 23 
14 24 35 
20 30 34 
18 25 35 
5 7 24 
5 7 23 
28 29 30 
5 11 16 
5 17 26 
5 16 32 
5 6 9 
5 15 34 
4 9 30 
4 21 35 
12 22 30 
3 9 35 
7 30 34 
1 13 35 
3 5 26 
22 33 35 
5 11 15 
5 8 11 
2 25 35 
20 29 35 
3 14 30 
2 5 13 
5 15 23 
13 18 35 
0 22 34 
21 33 35 
5 19 34 
0 24 27 
0 6 13 
0 13 32 
0 4 19 
7 29 35 
0 28 29 
5 24 25 
12 13 30 
11 20 35 
4 16 35 
6 20 35 
5 8 29 
19 33 35 
0 9 24 
22 24 35 
16 30 31 
0 18 27 
12 15 30 
5 7 11 
5 10 11 
14 30 31 
2 13 30 
10 24 30 
4 25 35 
5 11 14 
5 28 33 
0 18 19 
0 2 7 
5 9 18 
5 13 29 
0 12 16 
1 5 22 
0 22 29 
1 14 30 
20 30 32 
0 15 17 
3 7 30 
6 27 35 
5 11 20 
9 12 30 
22 23 30 
5 9 31 
0 2 27 
2 21 30 
7 29 30 
14 29 35 
11 14 30 
2 10 35 
0 26 32 
4 5 10 
5 15 33 
0 4 14 
5 27 33 
0 11 13 
5 11 25 
18 26 35 
15 30 31 
7 34 35 
0 18 28 
6 16 30 
22 29 30 
0 1 27 
5 14 34 
5 18 19 
1 19 35 
5 20 32 
0 26 31 
0 18 26 
5 9 12 
7 23 35 
5 17 19 
1 15 30 
0 28 34 
1 5 19 
25 33 35 
5 8 17 
0 15 23 
0 2 21 
0 7 11 
3 16 35 
2 14 35 
0 12 28 
0 2 15 
0 3 9 
0 19 23 
3 5 19 
0 2 22 
4 8 35 
21 29 30 
2 5 25 
25 29 30 
15 33 35 
3 5 21 
10 18 30 
8 12 35 
20 33 35 
5 20 23 
6 13 30 
5 18 25 
12 25 35 
4 10 35 
19 23 30 
2 20 35 
1 15 35 
8 30 33 
3 5 7 
4 21 30 
5 7 33 
28 30 31 
19 29 35 
5 6 26 
0 6 25 
26 29 35 
9 29 30 
0 8 24 
0 1 28 
10 29 30 
1 5 15 
28 33 35 
4 5 14 
0 17 20 
0 7 34 
5 8 31 
10 30 32 
5 25 34 
0 14 33 
5 17 22 
5 27 31 
25 31 35 
1 14 35 
16 30 33 
5 18 26 
15 29 35 
2 10 30 
13 30 32 
0 16 31 
9 23 30 
5 15 29 
2 13 35 
3 5 15 
10 33 35 
0 1 20 
20 30 33 
4 5 16 
5 21 31 
5 12 20 
0 7 31 
0 22 32 
14 34 35 
5 27 32 
7 32 35 
2 5 9 
5 10 23 
17 21 35 
0 24 26 
5 6 27 
5 16 18 
5 10 12 
0 17 19 
23 25 30 
5 14 18 
21 23 35 
5 25 33 
4 19 30 
16 29 30 
12 20 30 
13 23 30 
1 5 7 
11 16 30 
19 30 34 
0 8 12 
0 12 25 
17 28 35 
16 33 35 
3 19 35 
4 25 30 
20 23 30 
5 20 24 
3 27 35 
27 30 34 
5 13 32 
15 18 35 
0 12 26 
5 6 21 
5 7 17 
15 17 30 
5 17 28 
27 33 35 
14 23 35 
0 11 14 
5 7 18 
18 19 35 
0 11 25 
1 5 28 
5 16 31 
0 21 33 
2 9 30 
5 20 33 
0 3 19 
0 27 33 
1 5 27 
0 7 12 
7 23 30 
11 13 30 
26 34 35 
13 30 33 
26 29 30 
5 13 18 
6 22 35 
13 30 31 
0 15 34 
5 15 31 
5 13 24 
27 30 31 
0 15 29 
18 20 30 
0 3 14 
0 8 17 
13 23 35 
6 19 30 
12 25 30 
18 26 30 
15 23 35 
0 2 28 
0 13 33 
3 28 30 
0 14 31 
5 21 32 
5 12 28 
0 27 29 
5 6 20 
6 28 35 
0 6 7 
5 14 24 
0 19 29 
22 30 31 
3 5 10 
11 26 30 
5 6 15 
8 24 35 
1 5 25 
17 22 35 
0 12 14 
8 32 35 
9 30 33 
0 11 27 
10 30 31 
0 23 25 
17 20 30 
6 21 30 
6 27 30 
5 9 11 
2 5 28 
2 8 30 
23 28 35 
22 30 33 
2 9 35 
4 8 30 
4 5 19 
0 25 32 
5 21 23 
14 32 35 
5 24 28 
5 7 29 
6 20 30 
28 34 35 
5 6 19 
24 26 30 
9 34 35 
8 23 35 
4 5 28 
10 23 30 
26 30 31 
3 8 35 
11 22 35 
0 11 21 
25 30 31 
26 30 33 
6 9 30 
0 13 23 
0 4 16 
0 21 32 
4 13 30 
0 7 33 
18 21 30 
5 6 7 
7 24 35 
5 12 19 
5 23 25 
16 31 35 
0 4 25 
0 18 20 
5 22 24 
0 13 31 
16 18 35 
5 20 31 
6 15 35 
5 8 33 
5 11 13 
4 7 30 
5 10 18 
0 6 26 
16 24 35 
23 26 30 
5 9 34 
0 2 26 
4 5 27 
2 5 21 
5 26 29 
0 1 9 
5 26 34 
0 12 20 
27 29 30 
20 31 35 
5 13 23 
0 14 24 
0 22 33 
22 32 35 
0 20 29 
17 20 35 
28 30 34 
0 11 20 
6 7 35 
5 8 12 
2 26 30 
0 7 24 
1 20 35 
12 19 30 
0 10 29 
5 20 34 
13 24 30 
15 32 35 
13 30 34 
5 18 28 
3 13 35 
0 10 34 
16 34 35 
5 6 22 
24 27 35 
8 18 35 
4 22 35 
4 5 13 
2 16 30 
19 24 35 
5 24 26 
6 28 30 
6 8 30 
5 8 34 
0 12 22 
0 3 25 
0 10 11 
2 20 30 
9 33 35 
0 10 23 
0 4 28 
0 1 7 
1 22 30 
4 5 9 
0 14 32 
17 19 30 
3 5 27 
23 25 35 
6 9 35 
16 30 34 
2 5 19 
0 3 26 
0 19 34 
14 31 35 
2 7 35 
0 3 28 
5 13 31 
0 8 23 
0 15 32 
21 30 32 
2 5 20 
14 23 30 
0 9 12 
1 5 9 
0 1 10 
26 30 34 
5 12 22 
3 15 35 
6 14 35 
5 15 24 
5 6 28 
0 6 10 
28 30 33 
5 26 33 
21 24 35 
1 8 30 
0 2 19 
3 22 30 
0 4 26 
0 12 19 
5 9 33 
15 29 30 
10 32 35 
5 21 24 
0 6 16 
0 12 21 
8 34 35 
5 19 33 
0 9 33 
0 16 32 
4 15 30 
0 4 7 
14 17 35 
0 9 32 
4 27 35 
2 22 35 
0 15 18 
23 27 35 
3 5 14 
0 3 8 
0 3 27 
0 21 31 
5 12 13 
11 26 35 
3 20 30 
17 27 35 
5 6 8 
8 24 30 
5 16 33 
13 32 35 
3 14 35 
0 25 29 
3 16 30 
11 15 30 
0 3 7 
4 7 35 
3 10 35 
5 6 14 
5 12 25 
10 11 30 
16 29 35 
0 21 29 
5 6 25 
0 2 14 
0 9 18 
4 5 15 
1 22 35 
5 12 26 
16 30 32 
4 5 8 
5 14 32 
5 19 24 
0 14 29 
0 16 29 
0 4 20 
0 13 34 
3 8 30 
19 23 35 
0 17 28 
5 25 32 
0 26 34 
27 30 33 
6 22 30 
13 33 35 
0 6 21 
5 12 16 
19 31 35 
5 18 21 
6 10 30 
16 17 30 
15 30 34 
5 23 26 
22 31 35 
0 7 32 
10 17 35 
7 11 35 
5 28 29 
12 16 35 
2 21 35 
0 18 22 
0 9 29 
4 27 30 
2 27 35 
0 13 29 
8 11 35 
0 28 31 
9 31 35 
5 13 34 
0 6 8 
28 32 35 
9 32 35 
6 7 30 
1 8 35 
2 5 15 
7 30 33 
3 5 9 
0 11 16 
8 30 32 
1 5 14 
8 30 31 
2 5 16 
0 12 27 
12 21 30 
9 23 35 
25 30 34 
14 17 30 
5 23 28 
1 5 8 
0 4 9 
9 18 30 
14 29 30 
6 26 35 
3 10 30 
8 18 30 
26 30 32 
5 16 17 
5 17 27 
0 10 17 
1 5 20 
27 29 35 
10 11 35 
0 16 23 
6 8 35 
2 26 35 
19 30 32 
0 22 31 
5 19 32 
17 27 30 
5 28 32 
1 26 35 
3 19 30 
0 1 22 
18 20 35 
0 2 16 
0 27 34 
18 25 30 
4 5 7 
4 5 21 
18 19 30 
7 12 35 
5 27 29 
0 8 29 
12 20 35 
5 26 32 
27 34 35 
5 12 14 
2 27 30 
5 14 23 
5 20 29 
25 32 35 
9 17 35 
4 19 35 
0 18 21 
19 29 30 
1 5 21 
5 14 31 
11 19 30 
6 16 35 
5 14 17 
5 17 21 
13 17 35 
5 11 26 
0 14 18 
5 27 34 
17 26 30 
0 3 10 
0 2 25 
2 22 30 
20 34 35 
2 14 30 
5 12 15 
7 33 35 
12 14 35 
0 27 32 
4 14 30 
20 24 35 
0 1 19 
7 17 35 
6 14 30 
0 10 33 
0 6 28 
2 28 35 
0 1 16 
0 6 15 
14 18 30 
21 23 30 
4 26 30 
8 31 35 
11 21 30 
0 6 19 
18 27 35 
8 33 35 
0 17 26 
5 11 22 
12 19 35 
1 27 35 
2 5 26 
5 15 18 
17 21 30 
5 10 24 
3 5 13 
0 3 16 
14 30 32 
19 30 31 
27 30 32 
1 20 30 
9 11 30 
0 1 26 
4 5 25 
0 19 31 
15 24 30 
2 5 7 
1 7 30 
17 19 35 
3 5 20 
0 7 23 
13 17 30 
9 30 31 
5 22 32 
12 22 35 
5 9 23 
16 17 35 
5 13 17 
0 8 11 
27 32 35 
3 21 35 
22 30 32 
5 12 21 
0 17 27 
0 1 15 
0 25 31 
5 8 24 
0 28 32 
10 29 35 
0 8 18 
0 8 34 
0 2 9 
0 4 27 
3 7 35 
0 20 32 
5 16 23 
17 25 30 
8 23 30 
5 11 27 
12 27 35 
20 29 30 
5 10 31 
0 23 26 
5 15 32 
0 27 31 
17 25 35 
0 2 10 
0 24 25 
22 29 35 
10 30 34 
5 24 27 
4 5 22 
2 19 35 
3 15 30 
10 12 30 
5 12 27 
15 30 33 
10 18 35 
8 11 30 
3 25 30 
5 11 21 
0 6 14 
9 11 35 
4 13 35 
0 4 13 
5 10 32 
21 31 35 
10 30 33 
0 17 21 
0 14 17 
0 15 33 
5 6 16 
17 22 30 
20 24 30 
21 34 35 
0 18 25 
2 5 22 
11 25 30 
6 25 35 
0 9 34 
5 9 29 
7 12 30 
21 24 30 
1 5 26 
2 5 8 
24 25 30 
8 29 35 
0 16 24 
5 9 17 
11 19 35 
2 5 10 
0 10 24 
5 18 20 
21 30 31 
5 22 29 
0 15 31 
0 6 9 
0 4 8 
5 18 27 
28 30 32 
5 16 34 
0 26 29 
11 16 35 
4 20 35 
5 16 24 
2 16 35 
3 13 30 
7 31 35 
0 1 8 
11 28 30 
0 16 18 
0 25 33 
21 30 34 
3 21 30 
13 29 30 
1 9 35 
2 5 14 
5 17 20 
12 28 30 
12 15 35 
15 17 35 
1 5 10 
5 21 33 
0 14 34 
6 13 35 
22 30 34 
0 17 25 
18 22 30 
5 8 23 
12 28 35 
3 5 25 
0 10 12 
1 9 30 
5 19 23 
8 17 35 
5 28 34 
12 13 35 
14 24 30 
21 29 35 
24 26 35 
5 7 12 
16 32 35 
0 16 33 
7 30 32 
7 11 30 
1 10 35 
19 34 35 
12 16 30 
25 34 35 
13 29 35 
5 7 32 
23 26 35 
0 8 31 
5 21 34 
4 26 35 
18 28 30 
5 25 29 
0 7 18 
0 9 23 
3 28 35 
2 8 35 
0 2 8 
8 30 34 
0 10 32 
12 14 30 
4 20 30 
0 10 18 
4 9 35 
9 29 35 
10 23 35 
0 11 26 
0 13 18 
6 15 30 
22 24 30 
7 18 35 
0 16 34 
0 21 24 
25 30 33 
14 33 35 
5 22 34 
0 2 20 
0 9 17 
0 20 33 
11 14 35 
0 1 13 
11 25 35 
0 8 33 
5 9 24 
0 19 33 
7 24 30 
3 5 28 
17 28 30 
5 16 29 
11 22 30 
