6 12 29 
3 6 17 
17 18 33 
4 6 12 
2 4 31 
2 4 29 
1 24 32 
3 23 31 
12 18 31 
3 12 17 
1 18 33 
11 32 33 
3 18 34 
3 4 17 
4 24 29 
17 24 31 
4 11 12 
3 11 33 
18 24 29 
1 3 29 
6 12 23 
2 12 23 
12 18 24 
1 3 11 
24 32 33 
4 24 32 
12 18 33 
1 12 18 
24 32 34 
3 24 31 
17 18 34 
23 24 29 
6 12 32 
1 12 17 
2 18 34 
1 18 34 
12 24 33 
4 33 34 
4 6 18 
2 4 12 
6 12 34 
3 29 32 
12 29 31 
3 11 18 
4 23 34 
3 6 18 
29 32 33 
6 23 33 
1 6 24 
11 24 29 
3 18 33 
6 23 32 
18 23 31 
2 3 4 
3 33 34 
1 6 31 
6 12 33 
17 23 29 
11 23 33 
6 31 33 
2 3 11 
1 24 34 
4 32 33 
11 18 24 
1 29 33 
2 4 33 
6 31 34 
4 6 17 
3 4 12 
3 4 31 
6 18 33 
6 31 32 
1 11 23 
12 29 33 
1 11 33 
6 11 24 
12 23 29 
1 3 4 
31 32 33 
6 11 31 
1 6 11 
4 6 33 
2 11 12 
4 31 33 
1 17 34 
2 29 33 
2 12 29 
4 11 17 
1 18 24 
3 23 33 
2 3 17 
4 18 33 
2 24 31 
2 23 24 
3 17 34 
2 6 17 
3 4 23 
4 11 23 
17 29 33 
32 33 34 
1 3 18 
11 24 31 
4 24 34 
12 18 23 
2 18 23 
6 17 18 
24 29 32 
11 18 32 
1 2 12 
6 17 24 
4 11 34 
1 32 33 
24 31 33 
3 29 31 
3 6 33 
4 17 34 
3 6 32 
1 11 17 
18 29 34 
1 23 31 
3 4 34 
1 12 29 
4 12 17 
24 31 34 
12 17 32 
12 29 32 
23 32 34 
2 17 18 
6 24 34 
2 11 32 
23 29 33 
2 23 34 
1 24 33 
2 3 12 
1 33 34 
6 33 34 
11 17 31 
23 29 32 
2 3 29 
6 11 29 
1 12 34 
2 11 24 
12 23 24 
11 12 33 
3 17 32 
11 24 33 
6 29 32 
2 6 18 
4 6 31 
23 31 32 
1 3 24 
6 18 29 
3 4 32 
3 11 34 
3 18 31 
4 12 31 
6 29 34 
1 3 6 
11 29 34 
11 17 18 
23 31 33 
23 29 31 
1 23 33 
18 24 31 
3 6 34 
6 32 34 
1 23 32 
2 17 29 
6 24 33 
1 6 29 
18 32 34 
17 18 29 
4 18 32 
2 32 33 
2 11 29 
29 31 33 
3 11 24 
1 17 23 
2 6 12 
31 33 34 
6 17 23 
17 24 32 
3 17 23 
1 11 12 
4 11 32 
3 17 24 
2 24 33 
4 18 34 
1 6 12 
3 23 32 
6 24 29 
3 32 33 
12 17 29 
18 31 33 
1 3 33 
17 29 31 
12 23 32 
2 11 33 
2 11 31 
12 31 33 
4 29 34 
4 24 33 
1 2 34 
2 6 32 
6 17 33 
1 17 24 
4 17 29 
4 11 24 
23 24 32 
23 24 34 
18 24 32 
2 24 29 
2 4 6 
6 23 29 
11 17 32 
11 17 34 
1 4 11 
11 32 34 
1 2 31 
1 4 24 
17 29 32 
3 31 32 
11 29 33 
3 12 32 
11 18 34 
24 29 33 
3 29 33 
12 23 34 
1 29 31 
3 6 12 
12 17 34 
18 29 33 
1 3 12 
23 31 34 
2 18 24 
2 3 23 
1 2 24 
17 23 33 
2 17 33 
1 24 29 
4 18 24 
1 23 34 
6 23 31 
11 17 29 
1 6 17 
17 18 23 
3 11 23 
1 2 17 
3 12 24 
4 23 24 
1 17 32 
11 31 33 
17 23 24 
2 23 29 
1 6 18 
1 17 18 
4 6 34 
3 31 34 
1 31 33 
1 12 23 
11 23 31 
11 31 34 
12 17 18 
11 18 33 
3 29 34 
3 4 11 
3 24 32 
2 6 24 
1 3 17 
6 18 23 
12 32 33 
4 17 32 
1 6 32 
3 24 33 
2 12 24 
3 17 31 
4 29 31 
3 17 18 
2 11 23 
23 32 33 
2 32 34 
2 12 18 
18 23 33 
12 18 29 
4 11 18 
3 4 6 
17 24 33 
1 2 32 
11 23 32 
3 4 29 
17 29 34 
2 31 33 
11 29 32 
18 33 34 
12 17 24 
2 3 18 
1 6 23 
2 6 31 
1 11 34 
2 17 31 
6 24 32 
11 12 17 
3 23 24 
11 33 34 
3 12 31 
4 17 31 
11 12 29 
2 24 34 
12 17 23 
1 2 3 
1 24 31 
3 12 34 
2 12 34 
17 24 29 
2 24 32 
4 12 32 
11 23 29 
6 12 31 
18 23 32 
2 17 34 
2 11 18 
11 31 32 
12 24 32 
3 6 11 
11 29 31 
2 4 17 
4 32 34 
6 12 17 
17 18 32 
12 17 31 
3 11 31 
11 12 34 
1 2 33 
1 2 18 
18 23 34 
1 12 33 
6 11 17 
29 31 34 
17 18 24 
1 23 24 
4 12 34 
1 4 17 
3 32 34 
1 31 32 
6 11 12 
1 11 29 
1 3 31 
2 29 31 
6 18 24 
1 11 18 
11 23 34 
4 18 29 
12 18 32 
3 6 23 
18 29 32 
17 31 32 
11 18 29 
12 17 33 
2 12 17 
17 24 34 
2 6 11 
3 24 34 
1 11 24 
12 33 34 
6 32 33 
11 18 31 
2 6 29 
23 24 31 
1 4 23 
2 6 23 
1 18 32 
11 17 24 
1 4 33 
11 12 32 
12 29 34 
4 12 33 
11 24 34 
24 29 34 
23 29 34 
11 12 31 
11 12 24 
6 11 18 
17 23 34 
2 33 34 
18 29 31 
2 23 33 
4 6 24 
3 17 29 
4 11 33 
2 17 32 
1 2 4 
1 3 32 
17 31 34 
12 32 34 
6 29 31 
1 12 24 
1 4 18 
1 2 29 
2 12 32 
6 11 34 
3 4 18 
2 3 24 
2 3 34 
2 12 31 
1 12 31 
4 11 29 
2 31 32 
1 32 34 
1 4 6 
1 6 34 
3 18 24 
4 23 32 
2 11 34 
1 18 23 
4 31 34 
2 17 24 
1 2 6 
1 4 12 
18 31 34 
2 23 31 
4 6 29 
18 23 24 
3 17 33 
4 29 33 
4 6 11 
29 33 34 
1 3 23 
6 23 34 
4 11 31 
3 18 23 
2 29 34 
4 6 23 
3 23 29 
4 24 31 
12 24 31 
1 29 34 
6 24 31 
2 4 23 
2 3 32 
4 31 32 
1 17 29 
24 29 31 
11 17 33 
3 12 23 
1 17 31 
4 6 32 
6 23 24 
12 24 34 
3 11 29 
2 4 18 
1 18 31 
1 3 34 
11 17 23 
6 18 34 
2 29 32 
3 18 32 
17 23 32 
2 4 24 
4 23 31 
18 31 32 
1 2 11 
6 17 32 
23 33 34 
3 6 31 
1 17 33 
1 4 31 
2 11 17 
4 23 29 
3 4 33 
3 11 32 
4 23 33 
18 24 33 
2 6 34 
1 18 29 
6 12 18 
2 4 34 
17 23 31 
1 29 32 
11 24 32 
11 12 23 
6 17 31 
12 18 34 
4 17 33 
2 23 32 
29 31 32 
17 32 34 
2 3 33 
18 32 33 
4 12 18 
2 3 31 
2 18 33 
1 6 33 
2 4 32 
1 23 29 
2 4 11 
3 31 33 
2 18 29 
4 17 24 
2 18 31 
24 33 34 
17 31 33 
3 4 24 
2 31 34 
1 4 34 
6 18 32 
1 4 32 
4 29 32 
2 3 6 
3 12 18 
24 31 32 
12 24 29 
1 12 32 
6 11 32 
4 17 18 
4 12 23 
4 18 23 
2 18 32 
6 29 33 
6 17 34 
23 24 33 
12 23 33 
6 18 31 
6 12 24 
1 4 29 
2 6 33 
12 31 32 
11 18 23 
11 12 18 
3 11 12 
12 23 31 
17 33 34 
29 32 34 
2 17 23 
3 12 29 
18 24 34 
3 11 17 
6 11 23 
11 23 24 
1 11 32 
3 6 24 
17 18 31 
1 31 34 
1 11 31 
3 24 29 
12 31 34 
17 32 33 
2 12 33 
3 6 29 
1 2 23 
4 18 31 
3 23 34 
31 32 34 
3 18 29 
6 17 29 
4 12 24 
6 11 33 
4 17 23 
18 23 29 
3 12 33 
4 12 29 
