4 18 22 
2 3 14 
4 17 27 
2 3 8 
12 13 34 
6 16 32 
23 25 29 
27 32 33 
22 23 33 
6 24 25 
8 24 32 
3 9 11 
1 15 31 
2 18 28 
10 12 34 
11 27 29 
21 32 34 
12 27 34 
6 24 26 
10 33 34 
22 23 34 
2 28 34 
11 26 31 
3 13 17 
6 25 29 
9 17 23 
4 20 33 
12 19 32 
2 21 33 
4 16 24 
2 11 28 
3 12 13 
4 9 34 
4 7 32 
6 10 34 
13 24 33 
9 17 29 
11 15 34 
15 31 32 
6 10 17 
14 24 32 
2 19 32 
28 29 31 
1 15 18 
1 4 20 
4 27 29 
11 23 25 
3 24 27 
20 29 31 
21 31 33 
17 21 23 
1 22 34 
6 22 33 
6 7 24 
3 6 26 
6 15 32 
1 26 32 
10 11 12 
6 11 27 
3 26 33 
1 18 26 
1 12 13 
2 16 18 
2 19 29 
4 23 27 
4 26 32 
4 7 29 
11 25 32 
9 33 34 
6 9 34 
9 12 34 
6 26 32 
1 7 34 
13 17 31 
4 9 12 
12 20 24 
17 21 32 
15 23 29 
12 15 31 
2 17 28 
3 6 20 
16 17 29 
10 12 17 
12 20 29 
7 18 34 
14 18 24 
1 10 17 
2 20 29 
3 19 34 
10 11 18 
2 22 31 
1 18 28 
6 19 31 
8 24 29 
4 18 26 
6 28 29 
1 12 28 
11 26 33 
16 24 34 
6 25 32 
6 18 20 
13 29 31 
3 9 18 
19 23 34 
1 18 19 
24 25 32 
3 13 31 
3 14 33 
17 28 32 
20 24 32 
4 12 15 
12 24 27 
12 22 24 
3 4 25 
12 19 24 
2 10 18 
15 17 33 
2 24 27 
11 20 24 
2 21 31 
19 23 24 
9 32 34 
11 21 31 
2 16 33 
18 20 34 
1 6 27 
1 14 33 
16 29 32 
4 23 28 
3 9 23 
4 17 28 
2 21 24 
9 23 24 
6 21 23 
3 26 31 
8 32 33 
4 15 18 
2 9 11 
6 7 17 
4 23 26 
1 2 27 
16 17 32 
4 18 28 
12 17 21 
20 24 33 
16 17 24 
8 11 31 
6 7 18 
6 13 31 
17 18 25 
1 11 20 
2 6 13 
1 27 33 
12 25 32 
9 11 24 
24 25 31 
11 15 31 
1 2 9 
6 20 31 
8 17 18 
7 23 32 
1 11 21 
1 4 19 
4 16 34 
9 11 34 
12 15 32 
12 18 27 
21 29 31 
4 21 32 
2 27 33 
11 28 29 
1 8 11 
2 20 24 
2 7 17 
10 18 34 
15 18 33 
18 23 27 
3 19 31 
14 32 33 
6 20 33 
10 17 32 
23 24 27 
2 26 29 
2 9 23 
23 28 33 
3 10 34 
6 18 22 
4 7 34 
3 15 32 
11 15 23 
2 24 25 
7 18 24 
6 14 29 
1 19 32 
11 20 34 
3 23 25 
6 10 33 
4 6 14 
2 12 22 
18 21 23 
20 23 24 
19 32 34 
3 22 34 
10 24 34 
4 16 32 
3 12 28 
12 14 17 
2 22 34 
17 27 29 
2 3 27 
4 10 23 
1 4 22 
7 12 33 
8 17 31 
17 26 34 
3 16 33 
18 23 26 
17 28 33 
2 23 25 
12 22 31 
2 13 33 
6 12 27 
13 24 34 
7 29 34 
9 24 33 
18 26 31 
17 28 29 
2 15 32 
6 11 22 
3 21 24 
16 18 34 
1 20 23 
6 22 34 
12 27 29 
3 8 29 
2 9 34 
1 13 33 
4 10 12 
6 11 25 
22 24 34 
1 21 31 
3 28 32 
6 17 19 
9 31 32 
2 16 17 
6 16 17 
10 23 34 
1 13 31 
9 12 24 
2 10 34 
23 26 33 
3 11 21 
8 17 33 
12 21 34 
4 12 20 
6 15 31 
11 13 33 
18 26 29 
2 7 12 
9 23 33 
6 9 29 
11 12 15 
4 15 32 
17 21 31 
8 12 34 
10 24 29 
1 11 27 
18 25 29 
1 26 29 
20 24 34 
12 21 24 
13 18 31 
7 24 33 
19 29 33 
8 12 31 
13 32 33 
1 7 11 
16 24 31 
4 16 29 
4 6 9 
4 25 34 
1 2 10 
4 9 11 
25 29 33 
13 31 32 
2 7 33 
3 12 26 
2 8 17 
7 32 34 
4 18 27 
1 10 33 
28 32 34 
1 2 22 
1 25 34 
14 29 32 
6 12 22 
4 15 24 
25 29 32 
14 29 31 
1 11 15 
12 13 29 
11 17 20 
12 16 18 
26 29 33 
1 22 23 
2 8 29 
16 18 32 
2 22 23 
1 8 12 
9 18 32 
4 27 32 
11 16 34 
13 17 32 
11 22 31 
2 12 15 
11 17 19 
2 6 27 
3 7 24 
18 24 25 
11 13 32 
4 9 17 
14 17 18 
8 11 29 
1 19 31 
1 2 15 
3 27 29 
13 23 24 
8 33 34 
6 7 32 
1 2 16 
3 7 23 
6 8 12 
3 10 31 
6 15 34 
3 7 18 
4 12 26 
1 17 20 
1 3 13 
4 13 33 
1 11 19 
2 25 34 
12 26 31 
18 22 24 
2 13 23 
3 9 12 
7 11 24 
8 23 32 
3 22 24 
3 21 29 
1 11 16 
13 18 34 
15 18 32 
11 15 29 
2 4 9 
1 16 24 
11 13 31 
2 6 26 
11 18 28 
9 17 32 
16 18 29 
2 14 18 
4 9 29 
4 6 28 
10 18 24 
6 26 33 
3 17 22 
10 18 33 
6 12 21 
3 18 19 
1 16 31 
15 29 34 
4 8 17 
18 24 28 
18 22 31 
4 10 33 
3 19 29 
3 23 27 
28 31 34 
2 27 29 
6 14 34 
1 13 29 
2 4 7 
12 25 31 
11 21 23 
18 27 29 
13 24 29 
6 21 29 
9 17 33 
15 24 32 
12 28 32 
6 22 29 
25 29 31 
3 13 34 
6 20 23 
3 19 32 
27 31 32 
3 10 18 
18 21 29 
3 15 24 
7 24 32 
7 31 34 
6 21 31 
3 8 24 
2 13 31 
18 20 32 
11 12 19 
1 14 29 
6 11 16 
4 15 31 
1 17 27 
3 22 33 
3 14 31 
4 17 25 
10 17 24 
24 25 34 
8 17 24 
28 29 32 
10 12 32 
1 9 31 
4 20 23 
15 18 29 
6 8 33 
24 27 31 
12 13 17 
15 29 33 
7 12 17 
1 20 29 
2 19 33 
2 18 20 
22 24 29 
6 14 17 
4 21 23 
4 6 25 
4 28 32 
2 8 23 
1 19 23 
21 33 34 
13 31 33 
6 7 33 
21 31 34 
1 6 20 
2 3 16 
1 16 17 
12 28 29 
1 27 31 
3 19 23 
1 26 31 
6 11 15 
18 19 34 
2 6 15 
6 7 29 
4 12 28 
14 18 23 
11 12 14 
6 19 32 
6 9 11 
11 28 33 
2 3 25 
10 29 33 
12 17 20 
6 8 23 
11 12 26 
6 8 29 
9 17 34 
4 6 10 
12 23 27 
6 12 16 
6 16 33 
4 11 27 
27 31 34 
17 24 27 
15 32 33 
2 3 22 
6 17 22 
1 4 25 
7 17 24 
23 26 31 
1 2 14 
24 28 33 
11 18 25 
12 16 31 
4 6 16 
10 32 34 
1 6 16 
6 13 18 
4 17 20 
6 9 32 
21 29 33 
11 26 34 
6 26 29 
7 17 29 
1 7 12 
1 6 14 
4 25 33 
16 17 23 
14 23 33 
1 12 15 
2 11 20 
8 11 32 
8 12 17 
6 8 11 
1 8 18 
8 11 18 
6 14 24 
20 23 33 
15 31 34 
6 28 32 
1 9 11 
10 24 32 
11 13 34 
18 22 32 
21 29 32 
9 11 32 
14 17 23 
11 19 32 
4 7 18 
3 4 15 
12 16 24 
2 3 7 
16 18 23 
4 12 16 
11 16 18 
6 7 12 
1 6 25 
1 3 28 
1 14 32 
10 17 33 
3 7 34 
28 31 32 
21 23 31 
11 20 32 
16 33 34 
10 12 29 
24 28 32 
24 26 31 
3 19 24 
6 28 33 
1 2 28 
6 13 17 
2 8 32 
11 16 31 
4 11 14 
12 17 27 
1 9 24 
2 15 34 
2 28 29 
1 21 29 
6 9 23 
1 11 13 
6 17 20 
3 18 27 
6 18 28 
15 24 33 
19 24 29 
15 17 23 
1 4 28 
6 18 21 
8 29 34 
1 13 34 
2 11 22 
24 27 29 
8 29 33 
1 27 32 
2 12 25 
6 10 24 
7 17 18 
1 11 25 
27 29 33 
4 20 32 
6 16 24 
3 24 25 
11 12 28 
6 20 24 
1 9 34 
11 15 33 
11 16 29 
17 25 31 
1 26 33 
21 23 33 
19 24 33 
15 17 34 
16 31 32 
24 26 34 
13 18 29 
2 17 26 
4 8 11 
1 8 23 
11 22 32 
4 6 7 
2 4 14 
22 23 31 
23 26 29 
12 27 32 
2 6 25 
2 7 18 
8 11 17 
6 19 33 
19 23 31 
3 20 34 
16 31 33 
11 28 34 
2 8 18 
2 8 24 
3 13 29 
3 26 32 
10 11 17 
3 22 29 
6 23 28 
1 28 29 
12 22 29 
1 8 34 
16 32 33 
1 6 8 
6 19 29 
3 17 20 
2 15 29 
4 27 34 
10 24 33 
3 17 25 
4 20 34 
3 27 34 
6 13 32 
3 6 10 
2 15 17 
6 8 31 
4 11 13 
4 7 24 
12 16 32 
17 28 31 
6 22 32 
6 9 12 
4 8 32 
24 26 29 
2 13 34 
4 7 17 
1 20 24 
10 18 32 
2 17 22 
2 7 34 
3 15 29 
22 29 32 
1 6 9 
6 9 17 
6 17 28 
9 29 32 
6 7 11 
2 13 32 
1 24 26 
9 24 31 
2 16 23 
23 27 32 
4 10 29 
17 19 31 
2 6 22 
25 31 32 
6 19 23 
4 22 33 
1 18 22 
4 6 27 
21 23 32 
23 28 34 
10 32 33 
17 28 34 
2 13 29 
4 25 32 
15 23 24 
6 17 27 
4 21 29 
12 17 22 
4 26 29 
8 24 34 
1 3 27 
1 20 33 
9 11 23 
18 19 29 
2 18 26 
4 21 31 
4 7 11 
23 27 31 
23 25 32 
6 27 34 
2 12 16 
9 23 34 
1 4 14 
17 20 24 
17 20 31 
20 32 34 
28 29 33 
7 24 34 
2 11 21 
18 20 23 
2 14 31 
15 29 31 
4 17 26 
4 8 31 
11 21 24 
4 16 31 
6 15 18 
6 16 18 
3 16 29 
11 21 29 
12 25 33 
7 33 34 
17 22 31 
24 28 29 
3 20 23 
15 17 32 
1 21 24 
4 6 13 
1 3 20 
3 17 26 
11 16 17 
13 23 33 
12 22 23 
1 9 32 
2 11 19 
23 25 34 
1 28 31 
12 23 25 
7 17 32 
12 16 29 
4 12 27 
23 25 31 
6 25 33 
1 16 32 
3 15 18 
4 19 24 
3 4 13 
1 19 34 
8 23 34 
3 25 29 
12 18 20 
1 25 32 
11 20 29 
12 15 23 
18 20 24 
14 17 29 
14 17 33 
2 13 24 
24 25 29 
3 4 28 
2 6 9 
1 12 22 
1 14 18 
11 26 29 
1 10 31 
10 29 31 
18 20 33 
3 9 31 
2 3 9 
2 19 34 
8 23 31 
3 4 19 
9 32 33 
8 23 24 
22 23 24 
2 12 13 
1 2 7 
9 17 18 
7 11 17 
6 11 21 
4 7 23 
6 16 29 
17 19 33 
3 22 23 
3 10 17 
11 22 34 
21 24 29 
3 12 20 
2 26 31 
6 10 18 
2 4 27 
3 4 16 
18 27 33 
7 17 33 
16 18 24 
1 18 25 
10 29 34 
15 17 29 
6 14 33 
1 3 8 
2 27 32 
4 14 17 
1 3 16 
2 14 29 
1 8 32 
14 23 29 
1 12 25 
19 23 29 
6 15 24 
1 7 33 
1 2 21 
11 15 32 
11 16 33 
1 4 9 
9 29 31 
4 8 12 
2 16 24 
3 15 23 
17 21 34 
17 19 32 
16 18 31 
7 12 23 
14 31 32 
4 13 34 
3 12 15 
12 18 25 
1 4 15 
11 14 33 
11 19 23 
4 9 23 
4 7 12 
3 12 16 
4 24 27 
18 26 33 
14 18 33 
17 21 33 
3 28 33 
1 6 13 
9 31 33 
12 21 31 
17 19 24 
8 29 32 
3 6 15 
3 6 21 
4 18 25 
24 27 33 
4 25 31 
12 27 31 
17 18 21 
2 23 28 
1 13 24 
11 12 16 
1 20 32 
11 13 29 
12 28 31 
11 20 23 
2 6 20 
24 25 33 
1 25 29 
16 24 32 
12 13 33 
3 20 33 
9 23 31 
2 23 26 
18 28 32 
15 23 31 
13 29 33 
22 31 32 
1 15 23 
7 29 31 
3 25 32 
13 17 23 
4 15 29 
2 4 28 
7 12 24 
18 19 31 
3 15 17 
1 9 33 
18 27 32 
8 23 33 
4 15 17 
4 22 29 
8 11 33 
1 15 17 
14 17 32 
3 27 33 
19 23 33 
11 14 34 
18 21 24 
17 23 28 
11 27 33 
6 14 23 
11 14 29 
4 12 25 
12 13 31 
3 8 31 
2 3 20 
11 17 27 
12 24 25 
3 11 15 
11 18 22 
9 11 12 
12 15 17 
6 10 31 
2 9 17 
3 23 26 
1 7 23 
12 20 34 
17 23 27 
4 8 33 
2 6 14 
6 19 24 
2 11 26 
10 23 24 
2 28 33 
14 23 31 
15 18 31 
3 14 32 
4 25 29 
10 11 29 
6 23 26 
4 17 21 
2 3 21 
18 19 32 
1 4 13 
1 14 31 
1 9 18 
2 13 17 
21 29 34 
9 24 29 
4 19 31 
11 16 23 
6 28 31 
18 24 27 
1 3 26 
1 6 22 
6 10 32 
12 19 34 
27 29 34 
1 22 33 
3 4 10 
10 17 18 
11 19 24 
3 21 33 
13 33 34 
16 24 29 
3 8 23 
12 27 33 
4 28 33 
4 14 29 
12 14 18 
6 13 34 
12 17 28 
1 17 19 
23 27 34 
26 33 34 
2 9 12 
13 17 18 
1 9 12 
11 27 34 
3 9 34 
2 21 32 
12 13 18 
3 11 26 
2 14 32 
25 32 34 
27 29 31 
6 12 25 
2 17 19 
3 4 21 
22 23 32 
6 20 34 
3 10 23 
11 27 31 
6 12 20 
16 17 31 
4 11 19 
6 11 26 
1 12 19 
18 25 32 
11 24 25 
26 31 34 
3 4 22 
11 25 34 
6 17 21 
2 10 32 
3 7 31 
20 23 31 
4 10 31 
28 33 34 
3 17 21 
8 18 24 
19 29 31 
6 11 13 
4 27 33 
14 18 31 
14 32 34 
12 18 22 
4 11 28 
24 27 34 
2 10 31 
12 14 33 
6 7 31 
4 13 31 
17 24 25 
19 23 32 
4 14 34 
14 17 34 
3 14 24 
18 27 34 
3 20 32 
18 19 23 
3 12 22 
1 10 23 
3 13 32 
2 25 32 
15 18 34 
11 14 23 
1 13 17 
3 18 21 
2 14 23 
4 11 16 
2 11 25 
11 16 32 
3 6 14 
2 6 16 
17 22 33 
8 11 34 
3 10 11 
11 22 33 
3 8 34 
6 8 18 
11 17 22 
8 11 24 
9 11 31 
4 15 23 
7 23 31 
2 20 32 
25 33 34 
11 19 31 
1 2 13 
2 9 29 
2 9 31 
8 31 34 
11 22 24 
12 24 26 
8 12 33 
7 11 29 
2 26 33 
1 6 10 
25 31 34 
3 12 27 
1 17 22 
2 4 22 
8 18 29 
7 11 32 
3 13 23 
11 18 21 
3 6 19 
12 23 28 
23 26 34 
2 19 23 
2 10 11 
16 24 33 
1 6 7 
4 26 31 
3 20 31 
4 6 15 
3 18 28 
1 4 21 
12 16 34 
24 28 31 
1 14 17 
15 23 33 
10 29 32 
3 9 24 
16 17 34 
4 18 21 
6 26 34 
11 12 20 
12 21 29 
4 16 33 
2 7 11 
11 23 26 
17 18 20 
18 28 31 
22 29 33 
10 11 33 
23 27 29 
16 32 34 
6 25 34 
9 17 31 
3 6 8 
9 12 23 
1 8 31 
24 27 32 
4 14 31 
10 23 33 
21 24 33 
4 22 24 
17 26 31 
10 31 32 
11 14 32 
6 19 34 
3 8 12 
1 22 31 
21 32 33 
3 15 34 
4 14 32 
2 3 26 
3 25 34 
15 24 31 
12 22 32 
7 11 12 
12 15 34 
3 4 7 
12 26 29 
8 23 29 
12 21 32 
4 27 31 
4 16 18 
3 11 25 
6 12 13 
4 15 34 
4 8 24 
4 10 11 
4 24 25 
2 3 13 
17 19 23 
2 17 20 
3 13 24 
12 15 18 
4 19 33 
2 22 24 
4 10 18 
3 28 34 
2 6 19 
1 22 24 
9 23 29 
13 23 31 
1 17 28 
2 8 34 
1 9 29 
10 18 29 
14 24 29 
20 31 33 
3 9 17 
2 9 24 
4 13 24 
3 22 32 
2 7 23 
12 17 19 
10 11 32 
17 18 19 
20 31 32 
2 12 14 
13 17 24 
3 16 18 
3 7 32 
6 23 27 
1 21 34 
2 11 27 
19 33 34 
2 15 33 
2 7 24 
12 26 33 
6 21 32 
3 11 22 
1 13 18 
2 18 22 
18 21 32 
2 14 17 
11 19 34 
2 4 21 
7 31 33 
17 21 24 
28 29 34 
1 11 26 
1 7 17 
20 32 33 
3 4 20 
7 12 31 
10 12 18 
2 28 31 
18 25 33 
2 23 27 
2 6 8 
11 13 18 
1 20 31 
10 11 24 
2 19 31 
4 18 19 
3 25 31 
4 20 31 
2 4 10 
2 20 33 
11 17 21 
6 21 24 
14 18 29 
19 24 34 
12 15 33 
6 16 23 
7 32 33 
26 29 32 
21 24 34 
12 13 32 
1 19 24 
7 11 18 
1 10 24 
6 12 14 
4 22 34 
7 11 33 
6 10 29 
4 15 33 
4 11 21 
6 18 27 
1 11 14 
11 24 28 
2 11 14 
7 24 31 
10 17 34 
4 16 17 
18 20 29 
7 29 33 
13 23 29 
4 28 34 
7 24 29 
2 15 31 
6 27 29 
3 11 20 
1 28 34 
13 24 32 
3 8 33 
18 26 32 
9 29 33 
13 31 34 
4 6 22 
7 18 31 
7 18 33 
2 20 31 
12 19 23 
15 17 24 
14 33 34 
10 18 23 
6 15 17 
11 28 31 
2 14 33 
2 27 34 
17 19 34 
7 23 29 
12 22 34 
17 24 26 
14 24 34 
6 14 18 
1 11 22 
1 12 20 
12 21 33 
3 7 12 
14 31 34 
12 26 34 
13 29 32 
10 12 33 
1 23 26 
17 27 31 
2 11 16 
22 31 34 
12 13 23 
6 12 19 
1 2 20 
2 24 26 
4 16 23 
2 11 13 
11 18 26 
7 23 33 
6 13 23 
26 32 34 
2 20 34 
18 27 31 
18 25 34 
3 13 18 
6 10 23 
3 10 12 
7 31 32 
4 11 26 
15 17 31 
18 21 33 
2 3 19 
3 4 8 
11 21 32 
9 11 29 
2 15 23 
4 14 33 
16 29 31 
17 25 32 
23 26 32 
17 20 34 
24 26 33 
10 23 29 
20 23 34 
16 31 34 
6 11 14 
6 13 24 
22 24 32 
3 14 23 
11 12 13 
24 26 32 
3 12 19 
2 7 29 
2 10 24 
10 23 32 
23 25 33 
4 19 32 
3 27 31 
4 22 23 
1 25 31 
9 12 17 
4 24 28 
2 22 29 
6 25 31 
6 23 25 
8 18 31 
3 16 34 
1 15 29 
16 23 32 
6 9 24 
2 12 20 
1 4 16 
2 18 27 
3 22 31 
25 32 33 
2 9 32 
3 7 11 
11 18 19 
22 33 34 
2 8 33 
2 16 34 
17 22 24 
1 6 26 
2 4 26 
14 23 34 
21 23 34 
1 18 21 
11 19 29 
1 10 18 
1 4 7 
3 7 17 
2 25 29 
19 31 34 
9 24 32 
8 18 23 
14 18 32 
2 15 18 
3 27 32 
1 3 19 
1 10 29 
1 7 29 
11 17 26 
9 12 29 
6 10 12 
10 24 31 
14 18 34 
16 23 34 
15 18 23 
6 15 33 
3 8 11 
6 22 23 
1 12 21 
16 17 33 
9 18 24 
3 14 18 
1 3 10 
2 10 12 
4 8 23 
4 19 23 
7 17 31 
4 23 25 
3 14 17 
12 28 33 
10 18 31 
3 4 26 
16 18 33 
3 9 33 
19 29 32 
1 4 27 
18 26 34 
18 28 33 
2 9 18 
6 11 20 
1 7 24 
1 23 25 
22 24 31 
2 3 15 
20 33 34 
4 12 21 
1 27 29 
15 18 24 
4 13 32 
23 24 28 
12 25 29 
1 21 32 
11 15 24 
4 12 14 
1 8 33 
11 14 17 
3 16 24 
8 17 23 
22 29 31 
4 26 33 
23 28 31 
8 18 34 
11 14 31 
3 6 7 
12 17 26 
3 7 33 
17 25 33 
1 3 9 
6 8 34 
14 29 34 
12 20 23 
22 29 34 
10 12 31 
7 11 31 
4 21 24 
1 10 32 
3 12 21 
1 4 10 
6 18 25 
3 24 28 
12 26 32 
4 8 29 
12 19 29 
17 20 32 
1 24 28 
19 31 33 
6 14 31 
28 32 33 
8 18 33 
2 26 34 
1 12 14 
8 11 12 
18 19 33 
4 9 31 
12 14 24 
6 8 24 
2 7 32 
15 23 32 
1 17 26 
4 11 25 
2 4 15 
11 12 21 
2 12 27 
7 17 23 
3 20 29 
1 19 29 
12 18 26 
26 29 34 
12 13 24 
9 18 23 
14 17 24 
3 18 20 
6 17 26 
11 18 20 
17 26 33 
13 17 29 
8 11 23 
6 24 27 
1 26 34 
2 4 8 
6 27 31 
1 24 27 
1 18 20 
27 33 34 
10 12 23 
3 24 26 
13 17 34 
1 13 23 
11 27 32 
17 22 29 
2 3 28 
17 22 32 
2 17 25 
6 20 29 
18 25 31 
1 15 32 
7 18 23 
10 11 23 
3 17 19 
3 20 24 
3 21 34 
12 22 33 
3 6 16 
12 15 24 
4 26 34 
4 6 21 
23 28 29 
3 9 32 
4 8 18 
9 18 33 
3 14 34 
4 12 22 
3 10 29 
2 18 25 
6 7 23 
3 28 29 
7 11 23 
2 28 32 
1 6 19 
14 24 31 
19 32 33 
6 22 24 
3 13 33 
25 31 33 
2 26 32 
3 10 32 
10 31 34 
12 18 28 
15 17 18 
3 14 29 
24 28 34 
1 25 33 
12 16 17 
27 32 34 
12 17 25 
17 18 28 
4 10 24 
4 13 17 
16 29 33 
11 12 22 
12 24 28 
12 20 32 
11 24 26 
1 13 32 
2 6 21 
4 6 19 
13 24 31 
11 28 32 
1 3 22 
10 17 31 
20 24 29 
23 28 32 
2 20 23 
8 18 32 
2 4 25 
3 7 29 
4 9 18 
4 6 26 
19 29 34 
2 22 32 
8 17 34 
11 18 27 
12 14 31 
22 32 34 
11 12 25 
3 18 25 
6 17 25 
18 24 26 
16 23 29 
9 11 17 
21 23 29 
6 12 26 
13 23 32 
2 9 33 
6 21 34 
3 11 27 
3 4 9 
1 7 32 
4 28 29 
4 19 34 
4 11 20 
2 19 24 
6 14 32 
16 23 31 
4 11 15 
2 4 20 
11 17 28 
1 9 17 
15 33 34 
15 29 32 
2 12 21 
1 18 27 
2 21 34 
4 9 32 
8 31 33 
1 3 14 
3 11 14 
10 17 29 
1 16 29 
10 31 33 
2 18 21 
6 13 33 
16 23 33 
14 17 31 
15 24 34 
6 16 31 
18 23 28 
1 16 33 
11 25 31 
3 16 32 
6 15 23 
14 29 33 
3 6 28 
17 26 32 
1 23 28 
4 17 19 
3 17 27 
26 31 32 
15 32 34 
2 13 18 
6 26 31 
17 20 33 
15 24 29 
11 22 29 
17 25 34 
14 24 33 
17 20 23 
3 9 29 
6 18 26 
16 29 34 
1 4 8 
9 12 31 
4 19 29 
11 22 23 
12 14 34 
4 7 33 
6 15 29 
3 12 25 
2 8 12 
11 24 27 
4 18 20 
1 3 21 
6 12 15 
1 3 25 
18 21 34 
12 28 34 
9 11 18 
1 16 18 
8 17 32 
1 8 24 
11 19 33 
3 12 14 
18 21 31 
17 18 26 
6 22 31 
11 13 24 
11 26 32 
4 21 34 
27 31 33 
25 29 34 
3 11 13 
1 6 28 
19 24 31 
2 14 24 
1 17 25 
16 17 18 
7 29 32 
11 14 18 
11 14 24 
1 7 31 
1 7 18 
12 21 23 
1 14 34 
6 27 33 
12 23 26 
9 18 34 
11 21 34 
11 13 17 
12 20 31 
2 3 10 
3 6 13 
15 31 33 
2 10 17 
2 14 34 
9 24 34 
1 8 29 
9 29 34 
12 16 33 
11 23 28 
15 23 34 
2 17 27 
17 23 25 
2 24 28 
18 28 29 
4 12 19 
4 20 24 
1 22 29 
20 23 32 
6 27 32 
4 10 17 
1 12 27 
18 28 34 
1 15 33 
19 24 32 
2 10 29 
12 18 21 
1 27 34 
8 12 18 
6 11 28 
8 24 33 
12 14 29 
6 8 32 
11 16 24 
3 21 23 
8 31 32 
3 26 29 
7 12 18 
1 21 23 
1 17 21 
3 6 25 
17 22 23 
17 24 28 
10 17 23 
13 23 34 
1 28 32 
1 6 21 
18 22 29 
2 8 31 
23 24 26 
4 20 29 
1 16 34 
9 18 31 
6 9 18 
3 16 23 
4 14 24 
3 8 17 
2 4 13 
3 6 22 
22 32 33 
9 31 34 
2 11 15 
20 24 31 
1 12 26 
16 23 24 
13 17 33 
3 16 17 
2 16 32 
4 9 24 
9 12 18 
17 20 29 
13 32 34 
1 9 23 
9 12 32 
4 11 22 
4 21 33 
17 23 26 
1 15 34 
9 18 29 
10 11 34 
2 21 29 
11 25 33 
4 12 13 
1 6 15 
4 13 18 
10 23 31 
12 15 29 
1 2 8 
4 28 31 
17 25 29 
4 6 20 
6 28 34 
1 21 33 
6 13 29 
1 22 32 
13 18 33 
7 12 34 
2 10 23 
4 9 33 
7 23 34 
6 12 28 
3 11 28 
6 21 33 
6 7 34 
2 10 33 
1 11 28 
26 32 33 
3 8 18 
13 18 24 
1 10 34 
6 20 32 
4 22 32 
6 24 28 
13 29 34 
17 26 29 
12 14 23 
21 24 32 
9 12 33 
2 25 31 
1 2 19 
1 10 11 
13 18 32 
1 10 12 
17 18 27 
9 11 33 
2 15 24 
7 18 32 
11 23 27 
3 21 31 
4 24 26 
9 17 24 
18 22 34 
4 22 31 
2 21 23 
4 10 32 
1 12 16 
1 15 24 
11 25 29 
3 18 26 
11 15 18 
13 18 23 
1 8 17 
8 24 31 
8 29 31 
21 23 24 
20 23 29 
3 4 14 
4 14 23 
17 21 29 
4 13 23 
3 4 27 
1 23 27 
3 25 33 
1 14 23 
4 10 34 
2 7 31 
2 22 33 
4 8 34 
18 20 31 
1 2 26 
3 15 31 
17 22 34 
7 17 34 
8 12 24 
6 18 19 
26 29 31 
3 11 19 
8 17 29 
20 29 33 
10 11 31 
4 6 8 
11 15 17 
2 4 16 
18 22 23 
3 28 31 
22 23 29 
7 11 34 
3 17 28 
20 29 32 
4 14 18 
2 6 7 
2 12 19 
4 7 31 
8 32 34 
6 16 34 
1 28 33 
12 25 34 
17 27 34 
1 16 23 
6 9 33 
2 6 10 
22 24 33 
3 26 34 
3 16 31 
23 27 33 
27 29 32 
3 21 32 
1 2 25 
26 31 33 
17 18 22 
12 20 33 
2 25 33 
14 23 24 
14 23 32 
7 23 24 
4 17 22 
8 12 23 
2 16 31 
9 23 32 
7 12 29 
3 8 32 
8 12 29 
1 3 7 
2 16 29 
11 20 31 
12 18 19 
12 19 33 
7 12 32 
1 4 26 
1 14 24 
3 10 33 
11 13 23 
8 12 32 
3 10 24 
22 31 33 
28 31 33 
21 24 31 
6 8 17 
18 19 24 
3 19 33 
3 23 28 
2 4 19 
3 6 9 
1 3 15 
11 12 27 
2 17 21 
12 16 23 
2 12 26 
1 20 34 
10 12 24 
19 31 32 
17 19 29 
20 29 34 
2 18 19 
6 11 19 
3 11 16 
14 31 33 
17 27 32 
11 17 25 
2 6 28 
3 18 22 
2 27 31 
1 19 33 
18 22 33 
4 13 29 
1 24 25 
6 9 31 
11 21 33 
20 31 34 
18 23 25 
12 19 31 
17 27 33 
7 18 29 
6 10 11 
11 20 33 
3 6 27 
23 24 25 
2 12 28 
3 15 33 
12 14 32 
21 31 32 
2 8 11 
