10 12 13 
2 9 16 
3 9 28 
10 16 33 
10 14 17 
9 25 31 
8 23 27 
2 14 28 
13 15 34 
16 20 34 
14 23 26 
11 15 26 
9 26 32 
19 23 28 
13 17 25 
6 9 25 
21 23 28 
1 19 20 
9 14 17 
6 14 28 
17 20 28 
15 21 23 
9 10 31 
12 13 27 
9 22 23 
15 20 32 
7 19 24 
10 19 33 
8 26 34 
7 11 13 
15 16 17 
13 22 24 
13 19 33 
7 12 19 
1 10 21 
6 8 28 
3 22 25 
14 16 34 
16 22 24 
10 16 32 
16 19 32 
14 19 34 
10 14 23 
3 19 21 
16 26 32 
22 27 33 
8 27 34 
25 26 32 
8 22 32 
1 26 28 
1 14 28 
9 22 29 
1 14 21 
2 13 20 
8 28 31 
8 22 23 
14 20 24 
13 26 31 
20 23 27 
15 17 28 
9 15 17 
14 19 32 
7 9 34 
14 16 17 
6 26 27 
9 11 20 
12 13 16 
20 21 31 
6 19 22 
16 17 27 
18 25 26 
21 26 33 
10 13 18 
13 26 33 
11 14 21 
6 8 20 
10 18 26 
16 19 34 
11 16 28 
7 15 32 
12 19 25 
7 12 28 
9 20 32 
6 15 28 
22 28 33 
16 22 33 
15 28 34 
7 8 11 
12 14 25 
9 21 31 
18 22 28 
3 25 28 
9 26 31 
2 22 25 
8 16 18 
6 7 16 
10 21 33 
6 16 22 
16 18 26 
10 23 28 
16 20 31 
21 27 33 
10 12 19 
16 18 21 
22 24 27 
2 16 22 
2 7 26 
8 11 22 
2 13 16 
9 14 23 
7 27 31 
15 26 33 
2 16 20 
19 27 29 
11 21 27 
6 14 25 
8 18 20 
3 7 21 
17 21 22 
1 21 28 
2 15 22 
1 14 20 
10 18 21 
13 20 24 
13 17 21 
6 9 19 
4 22 25 
10 11 25 
11 15 27 
13 20 32 
3 8 16 
8 13 29 
21 26 34 
3 10 26 
4 25 27 
7 15 24 
6 16 21 
25 27 31 
27 28 32 
17 21 26 
3 7 13 
7 21 32 
1 7 19 
3 20 28 
11 26 28 
13 16 29 
1 25 26 
12 13 26 
10 11 16 
3 14 19 
6 9 14 
9 25 34 
2 15 25 
7 15 34 
9 18 26 
7 28 34 
8 10 18 
16 24 26 
4 7 19 
21 24 28 
16 17 22 
22 24 26 
2 9 15 
14 22 24 
2 25 26 
9 16 34 
3 16 26 
12 14 19 
2 21 27 
7 21 34 
12 22 27 
10 17 28 
1 8 16 
19 27 32 
7 12 22 
4 7 8 
7 15 29 
14 15 33 
9 21 24 
6 8 14 
10 11 22 
8 15 29 
17 26 28 
7 27 32 
15 22 23 
12 21 28 
2 7 20 
1 21 25 
4 19 25 
18 19 22 
11 14 22 
7 19 31 
16 19 29 
3 9 16 
15 26 29 
11 13 28 
21 26 32 
4 16 28 
1 9 16 
10 27 31 
9 18 19 
15 19 24 
17 25 28 
8 9 17 
1 20 26 
22 24 28 
6 25 27 
7 21 29 
11 21 25 
6 7 13 
7 8 31 
8 25 29 
6 21 28 
8 12 21 
18 26 28 
9 14 18 
14 20 34 
3 13 14 
11 22 25 
10 26 31 
8 13 31 
15 25 29 
17 19 26 
15 23 25 
16 24 25 
2 22 28 
9 12 14 
15 19 34 
10 25 29 
1 10 26 
13 26 32 
2 8 19 
19 21 34 
14 25 34 
22 27 31 
3 19 27 
1 7 28 
2 9 20 
14 17 21 
15 20 23 
6 7 14 
7 8 24 
6 13 27 
7 20 33 
8 16 33 
10 18 25 
25 26 29 
9 17 26 
19 25 31 
8 18 22 
15 26 32 
14 18 25 
8 15 32 
12 15 28 
10 28 32 
2 9 13 
21 22 33 
3 9 26 
10 23 26 
13 22 32 
3 8 13 
7 19 29 
15 19 29 
14 19 29 
9 15 23 
14 21 29 
2 7 21 
6 8 25 
19 20 34 
14 17 19 
1 10 14 
3 19 25 
7 8 23 
7 18 26 
7 22 33 
6 10 26 
11 27 28 
19 22 24 
8 15 24 
10 18 22 
14 20 23 
15 21 33 
14 21 32 
6 20 22 
12 26 27 
8 20 31 
11 16 26 
1 26 27 
9 10 29 
9 15 24 
1 21 27 
2 10 27 
3 15 28 
9 21 29 
4 20 26 
1 9 28 
6 8 13 
8 28 33 
4 8 25 
8 26 29 
4 9 25 
14 26 31 
18 21 27 
9 17 19 
20 21 34 
6 8 19 
15 17 21 
8 14 31 
7 18 28 
16 19 31 
20 23 25 
6 26 28 
7 24 27 
6 16 20 
14 25 32 
2 13 27 
7 12 14 
9 11 28 
4 8 21 
1 16 21 
16 28 31 
1 13 22 
4 16 26 
3 15 16 
11 16 22 
2 13 15 
18 19 26 
4 9 27 
3 10 19 
9 21 34 
27 28 29 
9 10 11 
9 15 18 
13 18 25 
3 9 15 
19 20 33 
11 21 28 
2 9 27 
23 25 26 
16 22 23 
7 19 33 
19 21 33 
15 16 29 
9 20 33 
14 17 28 
15 21 32 
2 13 25 
13 24 27 
4 14 27 
9 26 34 
20 26 34 
8 17 25 
11 14 19 
4 16 27 
3 7 20 
2 15 16 
3 10 20 
4 10 15 
10 21 31 
15 17 22 
12 13 25 
9 26 33 
1 20 25 
3 14 15 
11 13 22 
16 25 32 
14 23 27 
1 22 26 
20 23 26 
9 22 31 
19 25 32 
10 11 13 
19 22 31 
6 7 27 
2 10 19 
13 14 23 
6 19 25 
3 10 16 
14 27 32 
12 20 25 
11 15 28 
17 22 28 
10 18 27 
1 13 27 
21 25 31 
9 10 32 
13 17 26 
3 20 27 
7 16 34 
8 22 29 
1 9 22 
9 25 29 
1 21 22 
16 21 23 
1 27 28 
26 27 33 
8 18 27 
2 8 20 
2 15 27 
14 17 27 
7 8 18 
7 16 33 
9 27 34 
8 9 34 
8 27 31 
7 18 25 
16 17 21 
7 10 17 
3 26 28 
16 18 20 
15 17 20 
25 28 29 
13 18 28 
9 11 15 
9 11 25 
13 21 29 
14 17 26 
2 9 14 
2 16 28 
8 22 33 
4 10 25 
3 8 9 
7 11 19 
15 27 32 
10 11 19 
2 16 19 
3 13 16 
9 20 31 
22 27 32 
4 10 14 
15 21 34 
19 25 29 
15 19 33 
13 26 29 
7 17 19 
2 19 21 
4 9 21 
11 19 20 
9 28 32 
17 22 26 
11 13 20 
10 11 15 
9 12 26 
1 13 14 
10 18 20 
19 22 29 
8 12 25 
9 13 34 
18 20 25 
1 8 15 
8 15 34 
10 24 25 
7 25 34 
6 10 21 
21 28 33 
26 27 29 
9 23 25 
9 20 23 
9 17 28 
15 17 19 
10 17 22 
25 27 32 
3 14 27 
10 26 29 
10 19 34 
8 10 23 
22 23 26 
15 16 34 
24 26 28 
13 22 34 
9 13 18 
12 13 14 
16 20 32 
12 15 25 
7 16 32 
4 10 21 
23 27 28 
1 7 14 
11 25 26 
6 7 20 
2 13 22 
3 7 22 
4 9 13 
11 19 26 
2 7 28 
7 11 22 
7 12 13 
12 14 22 
11 15 22 
4 16 25 
10 16 34 
18 20 28 
7 16 31 
10 15 33 
8 9 11 
12 16 26 
11 19 22 
6 15 22 
10 22 24 
9 11 22 
9 13 29 
6 21 25 
10 25 34 
6 9 13 
1 10 22 
10 12 21 
11 15 20 
14 16 24 
7 18 22 
9 10 12 
7 18 27 
6 19 21 
10 13 24 
8 9 29 
9 24 25 
14 18 22 
11 14 27 
1 14 16 
14 25 29 
12 16 25 
9 22 34 
2 21 28 
15 27 31 
3 13 25 
7 9 17 
3 7 9 
22 25 33 
20 25 32 
10 16 23 
19 21 31 
1 7 27 
2 9 10 
6 8 26 
14 28 31 
17 19 25 
7 11 20 
18 19 20 
22 27 34 
7 20 34 
10 26 33 
2 13 14 
23 25 27 
16 28 32 
8 19 33 
4 8 20 
11 20 21 
1 16 22 
3 8 28 
9 15 32 
2 19 22 
1 8 19 
22 28 34 
15 25 32 
13 25 33 
9 20 24 
19 20 31 
9 13 17 
1 19 22 
20 27 29 
4 10 22 
24 25 26 
2 20 22 
15 22 24 
9 13 23 
16 22 34 
9 15 29 
8 14 24 
15 18 19 
7 12 27 
7 8 29 
14 15 32 
7 17 27 
8 12 20 
13 22 33 
8 25 34 
8 12 15 
2 14 20 
1 7 20 
12 20 22 
13 20 23 
6 19 26 
10 11 20 
19 27 31 
7 20 24 
1 15 25 
10 20 29 
8 11 19 
18 27 28 
7 22 24 
10 14 24 
10 25 33 
16 21 33 
4 8 19 
10 11 21 
8 17 26 
1 8 9 
4 13 22 
13 16 23 
8 15 23 
8 18 19 
8 26 33 
4 14 19 
10 17 26 
20 21 24 
1 16 27 
8 19 29 
9 24 28 
1 10 13 
16 25 29 
20 22 32 
25 28 31 
9 10 33 
6 10 27 
16 28 29 
4 16 20 
2 19 20 
8 17 22 
23 26 28 
13 25 32 
3 9 22 
8 9 32 
16 27 31 
1 15 28 
13 15 23 
12 22 26 
6 9 15 
21 25 33 
4 9 10 
22 28 29 
14 18 20 
1 13 21 
4 21 28 
7 13 34 
1 7 15 
25 27 34 
12 20 26 
14 20 32 
3 20 21 
6 13 26 
21 28 31 
2 20 26 
6 7 9 
10 18 19 
6 9 21 
22 25 32 
3 21 28 
7 12 21 
7 10 12 
8 18 21 
12 16 20 
10 17 27 
15 20 31 
27 28 31 
16 18 27 
15 16 23 
15 19 23 
16 23 26 
3 13 20 
4 9 28 
4 15 27 
7 16 17 
8 12 19 
3 8 19 
10 28 29 
7 8 34 
10 17 21 
8 27 29 
13 17 19 
16 21 31 
8 22 24 
16 23 25 
20 28 34 
3 20 26 
10 15 23 
4 13 19 
1 14 22 
15 23 28 
8 23 28 
8 28 29 
7 11 25 
8 24 25 
15 28 29 
8 16 24 
10 20 34 
25 28 33 
9 11 13 
9 17 20 
9 16 32 
9 27 29 
21 22 29 
1 13 26 
3 10 27 
10 20 23 
13 28 32 
8 15 17 
14 22 34 
3 9 19 
2 13 21 
15 26 34 
10 20 33 
10 22 23 
4 16 19 
10 20 24 
7 13 23 
4 14 22 
1 9 25 
13 15 32 
17 22 25 
10 11 28 
20 27 34 
16 17 20 
10 24 26 
7 14 31 
11 13 21 
8 9 24 
17 19 27 
9 15 31 
6 10 19 
18 26 27 
2 8 26 
14 26 33 
20 22 31 
7 12 16 
24 27 28 
7 10 31 
8 14 32 
15 20 33 
6 21 22 
2 16 26 
7 22 31 
8 13 17 
16 26 34 
1 19 26 
7 14 23 
17 22 27 
8 17 20 
12 15 21 
8 10 34 
1 16 26 
9 12 16 
10 22 29 
8 24 28 
2 16 25 
2 19 28 
2 25 28 
13 17 20 
1 9 13 
17 20 25 
15 16 32 
3 10 28 
4 7 28 
6 13 19 
10 13 32 
10 22 32 
10 27 34 
9 11 19 
4 22 26 
2 14 25 
8 12 26 
4 20 27 
4 20 28 
4 22 28 
4 7 15 
25 27 29 
13 17 27 
15 27 29 
21 25 29 
6 9 16 
14 19 23 
7 16 24 
15 27 33 
16 27 33 
7 20 29 
14 16 32 
4 10 13 
7 28 33 
2 7 8 
4 14 20 
17 19 22 
2 14 19 
20 26 33 
8 9 18 
18 19 25 
14 24 26 
11 20 22 
7 27 34 
20 24 26 
13 27 33 
1 7 8 
9 26 29 
14 27 33 
4 10 20 
10 22 34 
11 20 25 
4 13 16 
21 24 26 
1 19 28 
20 25 29 
6 9 20 
6 20 21 
4 8 9 
9 18 25 
14 15 18 
9 12 15 
9 14 34 
2 10 14 
10 12 15 
8 10 12 
9 22 33 
3 7 26 
12 13 20 
17 25 26 
4 8 28 
19 28 29 
9 10 24 
3 7 10 
1 9 10 
11 25 27 
8 10 24 
1 21 26 
8 16 32 
3 13 28 
1 16 28 
10 27 32 
11 20 27 
11 13 14 
6 15 25 
3 19 22 
10 15 32 
13 15 31 
8 24 26 
14 27 31 
17 20 21 
15 23 26 
8 13 18 
2 19 26 
2 27 28 
3 8 27 
8 18 26 
19 22 23 
7 8 33 
2 26 28 
14 17 20 
21 27 32 
2 14 15 
15 18 27 
11 16 21 
8 10 32 
17 21 25 
9 27 31 
11 16 25 
8 17 19 
1 7 16 
6 7 8 
14 20 31 
10 26 32 
7 8 32 
1 8 20 
6 25 26 
9 28 29 
8 14 18 
15 16 24 
7 26 29 
18 25 27 
14 21 34 
9 19 31 
22 28 32 
6 13 15 
13 16 32 
19 28 33 
4 21 22 
16 23 27 
1 14 26 
3 7 14 
15 18 20 
7 14 32 
7 11 14 
1 25 28 
15 26 31 
1 10 15 
9 15 34 
7 12 15 
2 14 21 
2 10 15 
19 26 34 
18 22 27 
1 9 14 
9 19 32 
13 21 31 
8 13 33 
4 25 28 
6 16 19 
14 15 31 
1 15 26 
16 26 31 
20 21 33 
19 26 29 
1 13 25 
9 12 22 
4 9 20 
7 27 33 
19 23 26 
3 15 20 
14 16 18 
7 13 18 
10 13 17 
13 19 24 
3 10 14 
2 7 9 
4 8 22 
11 14 28 
6 15 27 
4 22 27 
2 15 19 
9 24 27 
8 22 34 
11 16 27 
24 25 27 
20 22 34 
13 28 33 
19 22 33 
21 25 32 
16 27 34 
16 20 23 
4 21 27 
7 26 33 
6 8 21 
1 10 28 
11 25 28 
9 17 25 
13 14 29 
3 19 28 
16 25 31 
11 13 15 
16 19 33 
2 16 21 
3 8 20 
10 28 34 
6 13 28 
22 27 29 
4 7 20 
6 13 20 
7 22 29 
13 15 33 
12 14 20 
14 26 29 
12 16 19 
14 27 29 
10 19 29 
16 22 29 
4 13 25 
27 28 34 
11 14 15 
6 22 28 
15 27 34 
3 9 13 
3 15 26 
7 20 32 
12 15 19 
20 26 29 
6 8 15 
20 22 23 
13 22 29 
6 19 27 
3 10 22 
3 25 26 
10 14 18 
14 15 24 
14 22 33 
8 14 23 
15 25 34 
4 8 10 
9 17 21 
14 21 23 
19 21 29 
3 19 26 
16 22 32 
8 26 32 
4 7 14 
22 26 31 
22 23 25 
17 19 28 
7 21 31 
7 13 31 
4 8 27 
6 14 16 
10 13 29 
15 24 27 
15 16 33 
9 14 24 
9 10 23 
4 8 14 
4 7 16 
2 16 27 
13 18 26 
3 7 16 
8 13 24 
14 20 29 
2 7 25 
19 22 32 
3 13 27 
20 27 31 
11 14 26 
18 19 27 
12 25 27 
6 14 26 
9 20 34 
7 15 33 
2 22 26 
12 21 22 
7 11 15 
6 22 26 
11 15 16 
13 16 17 
8 18 25 
13 25 34 
1 13 15 
7 26 34 
3 16 19 
13 14 17 
12 19 26 
8 13 23 
4 14 16 
8 17 21 
10 17 20 
21 28 32 
13 14 24 
15 21 31 
12 19 22 
20 22 29 
7 11 16 
9 14 31 
10 22 33 
15 16 18 
9 14 33 
19 28 31 
10 25 32 
4 7 9 
4 26 27 
2 20 25 
7 16 23 
14 27 34 
1 13 19 
6 10 28 
7 23 25 
1 8 22 
4 13 20 
15 18 28 
3 15 25 
23 26 27 
4 20 25 
8 20 34 
10 25 31 
19 21 24 
6 16 25 
18 21 28 
2 15 20 
8 21 29 
14 18 19 
17 19 21 
13 14 33 
8 11 13 
13 17 22 
7 15 17 
8 11 25 
16 27 29 
11 16 19 
9 19 23 
16 21 24 
12 14 15 
10 15 18 
14 16 33 
1 14 25 
15 18 26 
21 22 24 
7 10 18 
12 21 27 
2 15 26 
19 24 26 
9 22 32 
1 20 28 
14 19 24 
16 27 32 
10 16 29 
10 23 27 
13 27 32 
16 26 29 
19 23 27 
2 20 21 
14 26 34 
3 13 22 
21 22 31 
2 14 22 
8 15 33 
8 16 23 
18 19 21 
4 10 19 
12 14 27 
4 9 26 
4 15 20 
4 7 26 
16 25 33 
10 28 31 
17 27 28 
6 9 26 
1 15 20 
8 21 32 
4 16 22 
8 27 32 
7 9 12 
9 20 29 
13 23 27 
21 27 29 
20 22 24 
4 10 16 
8 23 26 
16 19 24 
3 16 28 
2 20 28 
7 11 21 
4 15 25 
14 18 28 
15 21 29 
13 26 34 
7 14 34 
6 7 28 
9 12 13 
7 10 23 
13 19 32 
20 27 33 
4 9 15 
21 23 26 
8 12 22 
9 28 31 
3 10 21 
12 27 28 
11 21 22 
8 21 24 
2 10 16 
1 10 16 
4 10 26 
17 20 22 
9 21 33 
25 28 32 
8 14 33 
8 25 32 
12 16 28 
2 15 21 
16 18 28 
13 14 31 
4 15 28 
18 19 28 
12 22 25 
9 27 32 
6 15 16 
21 24 27 
10 23 25 
3 26 27 
17 21 27 
20 22 33 
12 16 21 
7 19 23 
25 26 33 
1 8 13 
6 22 25 
11 22 27 
17 20 26 
11 14 20 
9 15 33 
10 15 34 
8 27 33 
4 13 21 
8 26 31 
2 21 22 
10 27 33 
14 24 27 
7 22 34 
7 13 24 
1 25 27 
9 13 24 
19 27 33 
8 12 28 
18 25 28 
3 8 26 
15 19 31 
13 18 21 
2 10 22 
7 26 32 
13 15 17 
14 28 32 
9 16 23 
7 11 27 
3 8 21 
2 13 26 
7 21 23 
15 24 26 
19 26 31 
6 15 21 
19 20 29 
8 13 32 
8 11 15 
1 16 25 
12 26 28 
8 12 16 
2 22 27 
27 28 33 
14 23 28 
7 20 31 
2 8 25 
4 19 26 
15 18 25 
8 17 28 
10 14 32 
1 7 10 
11 15 19 
4 13 15 
2 15 28 
15 28 33 
7 25 29 
13 16 33 
12 13 19 
2 9 19 
13 20 33 
11 13 19 
6 8 16 
6 8 22 
8 21 31 
6 13 22 
4 13 28 
20 28 32 
13 28 29 
7 26 31 
12 25 26 
10 20 32 
6 7 15 
10 15 24 
6 21 26 
3 16 25 
13 24 25 
7 9 31 
13 17 28 
19 23 25 
3 20 22 
7 11 28 
13 18 20 
16 18 19 
8 11 16 
4 14 15 
1 10 19 
16 20 24 
4 19 20 
7 16 18 
9 12 21 
2 10 21 
10 12 27 
21 27 31 
25 26 31 
8 23 25 
20 24 25 
3 14 16 
4 25 26 
6 13 14 
3 7 28 
15 21 24 
9 13 31 
7 9 24 
10 21 23 
7 22 32 
19 28 34 
11 26 27 
21 28 34 
9 19 33 
2 14 16 
8 19 23 
4 14 26 
13 21 33 
1 9 21 
7 10 33 
7 14 24 
14 16 29 
14 17 25 
2 7 13 
6 7 26 
4 8 13 
4 9 16 
6 10 13 
1 10 20 
16 26 33 
8 20 29 
7 16 29 
16 17 19 
11 21 26 
3 15 27 
7 10 24 
11 13 27 
1 15 21 
8 21 34 
11 22 28 
3 21 25 
1 7 21 
2 8 21 
13 24 26 
16 19 23 
22 26 34 
10 19 32 
8 11 27 
4 26 28 
1 16 19 
9 18 20 
13 28 34 
11 13 16 
19 24 25 
8 19 31 
9 11 16 
11 14 25 
7 27 29 
19 27 34 
2 9 26 
8 18 28 
6 8 10 
21 23 27 
6 7 19 
26 28 32 
4 21 25 
10 14 29 
3 8 25 
7 15 18 
6 27 28 
1 14 19 
6 19 20 
9 18 22 
4 7 22 
6 13 21 
9 16 31 
25 27 33 
16 17 26 
7 9 29 
3 9 14 
3 27 28 
9 14 29 
6 15 19 
15 20 24 
6 9 27 
10 19 31 
12 14 26 
8 25 33 
11 19 25 
12 19 27 
10 12 14 
1 8 14 
1 16 20 
12 15 20 
1 22 28 
2 9 22 
10 21 34 
1 10 25 
8 12 14 
19 22 34 
9 24 26 
8 19 24 
22 23 27 
10 11 26 
4 14 28 
16 28 34 
16 17 25 
11 19 21 
8 9 23 
19 24 27 
14 19 31 
13 18 22 
9 13 32 
9 28 33 
7 11 26 
14 15 29 
6 8 27 
7 9 33 
20 24 27 
3 8 14 
13 23 28 
6 20 25 
20 26 31 
3 14 26 
13 14 34 
9 25 33 
9 10 18 
8 19 32 
11 14 16 
3 13 19 
14 28 33 
18 20 27 
22 25 34 
6 22 27 
1 9 15 
7 10 29 
9 18 28 
13 19 31 
7 8 17 
18 21 22 
12 25 28 
18 21 25 
10 24 27 
14 24 28 
3 14 22 
9 17 27 
13 20 31 
3 7 27 
2 8 16 
7 24 26 
9 11 26 
1 8 26 
2 7 22 
2 8 13 
1 15 27 
14 16 23 
2 7 15 
22 24 25 
21 26 29 
7 21 33 
6 10 22 
10 21 24 
15 18 21 
8 16 31 
12 15 16 
19 25 34 
2 14 26 
9 12 20 
2 8 14 
17 21 28 
7 13 33 
6 15 26 
7 25 33 
7 17 22 
17 26 27 
1 14 27 
10 13 31 
1 15 19 
15 20 34 
12 21 25 
4 19 28 
1 19 25 
9 16 18 
2 13 19 
15 17 27 
7 12 26 
10 17 25 
1 9 26 
16 20 29 
15 17 25 
21 22 23 
9 19 24 
11 20 28 
13 22 23 
7 18 21 
1 7 25 
13 19 34 
8 16 17 
1 8 27 
23 25 28 
2 9 25 
14 18 26 
22 25 29 
3 16 22 
7 10 34 
21 25 34 
3 21 27 
1 8 25 
15 22 32 
6 7 25 
26 28 33 
14 21 31 
7 19 34 
6 14 22 
12 16 27 
3 9 20 
4 9 19 
2 10 25 
1 10 27 
6 21 27 
12 13 22 
11 15 21 
8 14 17 
2 10 13 
6 7 10 
7 23 27 
13 18 27 
10 12 25 
13 20 34 
10 15 17 
4 15 16 
11 19 28 
19 20 32 
16 18 22 
2 14 27 
6 10 20 
15 28 31 
6 10 25 
21 22 32 
3 10 13 
10 16 31 
21 28 29 
4 9 22 
7 8 12 
7 15 31 
18 21 26 
10 11 27 
16 21 29 
10 21 29 
13 27 34 
3 25 27 
22 26 32 
16 18 25 
8 11 26 
25 26 34 
14 15 23 
1 8 10 
13 22 31 
9 23 28 
1 22 27 
13 28 31 
6 15 20 
3 10 25 
4 9 14 
2 21 25 
15 22 29 
16 17 28 
21 23 25 
7 9 11 
17 25 27 
13 23 26 
12 16 22 
11 13 26 
7 12 25 
8 10 11 
1 8 28 
15 18 22 
6 16 28 
14 28 29 
20 26 32 
2 20 27 
8 12 27 
2 25 27 
20 21 32 
6 14 20 
6 10 15 
10 22 31 
13 25 31 
1 7 9 
1 20 21 
8 11 28 
9 12 25 
4 10 27 
18 20 22 
22 28 31 
9 18 21 
21 26 31 
20 25 33 
8 9 33 
20 23 28 
17 20 27 
4 19 22 
7 28 29 
13 23 25 
2 13 28 
10 19 23 
7 23 28 
8 10 29 
15 16 31 
4 7 25 
13 18 19 
4 20 21 
7 17 21 
4 15 22 
1 20 22 
13 20 29 
10 27 29 
12 13 28 
1 20 27 
18 22 25 
1 7 22 
4 13 14 
1 14 15 
2 8 27 
19 24 28 
3 7 15 
14 15 34 
14 16 31 
6 9 28 
10 14 34 
18 20 21 
10 20 31 
13 27 29 
7 14 18 
2 8 9 
26 28 34 
9 11 21 
1 13 16 
14 24 25 
3 21 22 
7 19 32 
13 15 18 
3 22 27 
19 21 23 
8 17 27 
2 26 27 
1 7 13 
7 21 24 
17 19 20 
3 13 21 
8 22 31 
14 25 31 
8 14 34 
21 24 25 
6 8 9 
8 13 34 
19 25 33 
3 20 25 
3 9 21 
4 8 26 
12 13 21 
6 25 28 
12 19 21 
8 9 12 
22 25 31 
24 26 27 
10 16 17 
14 22 32 
10 16 18 
8 24 27 
14 22 23 
7 13 29 
14 21 24 
7 14 33 
13 21 24 
12 19 20 
12 20 21 
15 22 34 
15 20 29 
7 23 26 
13 14 32 
6 7 21 
3 8 15 
9 25 32 
10 12 26 
20 25 31 
3 9 10 
11 15 25 
3 16 21 
13 16 18 
4 19 21 
8 25 31 
26 28 29 
4 10 28 
14 22 31 
7 10 32 
8 20 24 
7 17 25 
3 15 22 
20 28 33 
9 12 28 
4 27 28 
3 22 26 
16 24 28 
7 25 32 
1 19 27 
3 7 8 
13 15 24 
9 22 24 
3 10 15 
7 10 11 
13 19 23 
12 14 28 
9 14 32 
24 25 28 
8 20 23 
7 13 32 
2 10 20 
6 14 21 
6 9 10 
8 15 31 
7 17 20 
16 21 34 
2 19 25 
1 9 20 
7 9 23 
4 14 25 
22 26 33 
4 8 16 
9 23 27 
9 10 34 
4 19 27 
9 13 33 
4 13 27 
12 20 28 
6 16 26 
7 15 23 
15 19 32 
4 7 13 
12 20 27 
10 17 19 
20 25 34 
3 8 22 
13 25 29 
8 10 31 
12 14 16 
14 21 33 
10 13 33 
4 15 19 
15 28 32 
2 8 10 
12 22 28 
11 19 27 
10 15 31 
10 12 22 
6 9 22 
10 15 29 
2 9 21 
1 13 28 
14 25 33 
1 7 26 
7 12 20 
7 28 32 
3 14 20 
9 19 34 
8 28 32 
4 7 10 
8 21 23 
9 11 14 
20 28 29 
4 15 26 
9 27 33 
6 10 14 
3 14 25 
8 9 31 
16 20 33 
14 19 33 
14 17 22 
15 22 33 
2 8 15 
20 21 23 
15 17 26 
20 28 31 
9 17 22 
8 21 33 
9 16 17 
3 13 15 
8 10 17 
13 19 29 
2 7 19 
8 16 29 
9 12 19 
14 23 25 
6 13 25 
8 20 33 
9 18 27 
8 28 34 
8 10 33 
12 15 26 
15 25 31 
16 21 32 
20 24 28 
10 13 34 
14 28 34 
16 24 27 
10 14 33 
10 18 28 
9 23 26 
10 28 33 
4 15 21 
10 26 34 
26 28 31 
8 15 18 
9 21 32 
6 13 16 
20 27 32 
2 10 28 
3 19 20 
9 10 17 
10 12 20 
2 8 22 
6 14 27 
13 16 34 
3 15 21 
2 7 14 
10 12 16 
3 7 19 
4 14 21 
6 16 27 
3 14 28 
9 12 27 
26 27 31 
19 26 33 
18 22 26 
6 20 26 
7 13 17 
9 28 34 
6 20 28 
7 9 32 
9 16 24 
7 14 17 
4 16 21 
13 27 31 
10 19 24 
1 15 16 
9 19 29 
2 8 28 
3 16 27 
2 21 26 
8 20 32 
4 7 27 
13 21 23 
13 24 28 
12 15 22 
7 14 29 
2 10 26 
13 21 32 
18 20 26 
15 24 28 
13 14 18 
21 27 34 
20 21 29 
14 20 33 
4 21 26 
1 13 20 
2 19 27 
9 11 27 
8 14 29 
7 18 19 
15 22 31 
3 13 26 
9 16 29 
19 28 32 
7 18 20 
15 24 25 
1 8 21 
21 22 34 
16 28 33 
19 21 32 
1 9 27 
11 22 26 
15 25 33 
7 17 28 
8 11 21 
4 8 15 
6 20 27 
7 24 28 
7 22 23 
3 9 27 
6 14 19 
10 12 28 
11 13 25 
13 16 31 
6 14 15 
8 11 20 
10 24 28 
7 28 31 
8 12 13 
3 9 25 
14 26 32 
7 17 26 
2 7 10 
9 21 23 
26 27 32 
7 24 25 
3 15 19 
16 25 34 
13 16 24 
13 15 29 
15 23 27 
7 25 31 
25 28 34 
1 9 19 
12 19 28 
6 7 22 
3 22 28 
1 22 25 
2 7 16 
22 26 29 
13 21 34 
10 13 23 
22 23 28 
4 13 26 
7 20 23 
12 13 15 
11 16 20 
4 7 21 
8 19 34 
6 19 28 
10 16 24 
10 21 32 
12 15 27 
19 20 23 
14 15 17 
10 11 14 
3 8 10 
3 21 26 
12 21 26 
14 18 27 
3 7 25 
8 16 34 
14 18 21 
2 9 28 
19 26 32 
1 15 22 
7 9 18 
6 10 16 
19 20 24 
12 14 21 
16 23 28 
16 22 31 
3 14 21 
3 16 20 
4 20 22 
26 27 34 
10 14 31 
11 20 26 
8 11 14 
9 16 33 
14 22 29 
2 7 27 
1 19 21 
