0 5 30 33 
4 5 30 35 
0 5 30 34 
5 30 33 35 
0 30 33 35 
5 23 30 35 
0 5 11 35 
0 4 30 35 
0 3 5 35 
0 4 5 35 
0 29 30 35 
0 5 33 35 
0 5 17 35 
0 5 11 30 
5 30 31 35 
0 5 30 31 
0 4 5 30 
0 5 29 35 
2 5 30 35 
0 24 30 35 
0 5 32 35 
0 17 30 35 
0 23 30 35 
0 5 17 30 
0 5 24 30 
0 11 30 35 
0 5 6 35 
0 2 5 35 
0 5 18 35 
0 6 30 35 
5 30 32 35 
0 5 23 30 
0 5 34 35 
0 30 34 35 
0 5 18 30 
5 6 30 35 
0 3 30 35 
0 30 31 35 
0 1 30 35 
0 5 31 35 
5 29 30 35 
0 5 30 32 
5 12 30 35 
0 5 23 35 
0 1 5 35 
0 2 30 35 
0 5 24 35 
0 3 5 30 
0 30 32 35 
0 1 5 30 
3 5 30 35 
5 18 30 35 
0 2 5 30 
5 30 34 35 
5 11 30 35 
1 5 30 35 
5 24 30 35 
0 18 30 35 
0 5 29 30 
0 5 12 35 
0 5 6 30 
0 12 30 35 
0 5 12 30 
5 17 30 35 
