0 27 30 35 
0 13 30 35 
0 5 15 35 
5 20 30 35 
5 10 30 35 
0 26 30 35 
0 5 21 30 
0 15 30 35 
0 5 20 35 
0 22 30 35 
0 21 30 35 
5 14 30 35 
5 22 30 35 
0 19 30 35 
0 5 8 30 
5 9 30 35 
0 8 30 35 
5 7 30 35 
0 10 30 35 
0 5 28 30 
0 9 30 35 
0 5 19 35 
0 5 28 35 
0 20 30 35 
5 16 30 35 
5 21 30 35 
0 5 8 35 
0 5 26 35 
0 5 10 35 
5 19 30 35 
0 5 27 30 
0 5 27 35 
5 27 30 35 
0 7 30 35 
0 5 16 30 
0 5 15 30 
0 5 13 30 
0 16 30 35 
0 5 10 30 
0 28 30 35 
0 5 16 35 
0 5 20 30 
0 25 30 35 
5 15 30 35 
0 5 19 30 
0 5 13 35 
0 5 25 30 
0 5 22 35 
5 8 30 35 
0 5 7 35 
0 5 7 30 
0 14 30 35 
0 5 22 30 
5 28 30 35 
0 5 9 30 
0 5 26 30 
0 5 14 30 
5 13 30 35 
5 26 30 35 
0 5 9 35 
5 25 30 35 
0 5 21 35 
0 5 25 35 
0 5 14 35 
