5 11 29 30 
0 11 29 30 
3 5 24 35 
5 18 30 33 
0 12 31 35 
0 18 29 35 
0 4 6 35 
5 12 23 30 
3 30 33 35 
0 4 12 35 
2 17 30 35 
5 11 12 30 
0 3 5 18 
0 5 24 31 
0 29 30 33 
0 5 11 17 
23 24 30 35 
0 2 24 35 
3 5 23 35 
0 3 23 30 
0 5 17 31 
0 3 12 35 
0 6 30 32 
2 18 30 35 
0 3 30 31 
5 29 31 35 
0 4 29 35 
0 4 30 31 
0 4 5 11 
3 5 11 30 
3 5 18 35 
5 23 30 31 
0 11 33 35 
0 2 30 32 
0 2 6 30 
3 24 30 35 
4 5 12 30 
0 4 12 30 
4 5 30 31 
0 4 5 24 
11 17 30 35 
30 31 33 35 
3 18 30 35 
2 5 34 35 
3 30 34 35 
0 3 30 34 
5 11 24 35 
0 3 11 35 
0 32 33 35 
4 5 30 33 
0 5 23 34 
5 6 12 35 
0 3 6 30 
0 5 17 24 
0 3 5 33 
3 6 30 35 
0 2 6 35 
18 29 30 35 
5 17 32 35 
0 2 5 31 
5 12 31 35 
0 5 12 29 
0 23 31 35 
0 3 5 23 
0 5 18 31 
0 6 30 31 
0 4 17 35 
0 17 33 35 
0 24 32 35 
5 6 23 35 
4 5 33 35 
1 2 30 35 
5 24 31 35 
0 5 11 33 
5 6 30 34 
0 23 34 35 
5 23 33 35 
5 11 18 35 
2 5 23 30 
6 24 30 35 
0 2 12 30 
0 2 5 18 
5 11 33 35 
5 24 29 35 
0 4 30 34 
0 1 5 24 
12 29 30 35 
1 30 33 35 
5 29 30 31 
5 12 30 31 
0 30 32 33 
4 5 17 30 
0 12 23 35 
0 23 30 31 
5 31 34 35 
5 6 11 30 
4 11 30 35 
5 11 29 35 
18 30 34 35 
5 11 23 30 
3 5 6 30 
0 17 30 32 
3 5 23 30 
0 12 24 30 
0 5 12 17 
5 6 23 30 
5 17 23 30 
5 12 33 35 
0 2 30 31 
5 6 18 30 
0 6 30 33 
0 5 17 32 
1 6 30 35 
0 2 5 32 
0 31 34 35 
3 5 29 35 
1 2 5 30 
5 6 31 35 
4 12 30 35 
0 2 5 34 
0 5 12 33 
0 1 17 30 
1 3 30 35 
0 12 30 31 
5 12 17 35 
0 23 33 35 
5 12 18 30 
5 17 29 35 
0 5 31 32 
2 5 6 35 
0 5 29 31 
0 17 18 30 
0 5 24 33 
0 5 6 18 
0 6 11 30 
1 3 5 30 
0 5 11 32 
0 32 34 35 
0 24 29 30 
0 2 30 33 
1 17 30 35 
0 4 5 23 
12 30 31 35 
5 11 30 32 
0 18 30 31 
4 5 6 35 
11 30 31 35 
0 2 5 11 
0 1 4 35 
1 5 24 35 
4 5 12 35 
0 1 29 35 
5 12 29 35 
3 5 6 35 
0 5 32 34 
5 11 30 34 
5 12 30 32 
3 17 30 35 
0 5 12 31 
17 23 30 35 
1 5 18 35 
2 30 31 35 
0 2 29 35 
0 18 23 35 
5 32 33 35 
18 30 33 35 
0 5 11 34 
6 18 30 35 
0 3 24 35 
3 5 30 33 
1 5 11 35 
0 6 30 34 
0 1 5 33 
0 1 30 31 
0 4 23 30 
3 5 30 31 
0 3 29 35 
0 12 17 35 
0 3 23 35 
23 30 32 35 
0 5 17 34 
0 5 6 33 
17 18 30 35 
5 17 30 32 
1 5 30 32 
5 12 23 35 
0 5 29 32 
2 3 5 30 
0 29 34 35 
0 4 23 35 
0 4 24 35 
0 5 11 31 
0 2 5 33 
5 30 31 34 
0 6 34 35 
1 5 12 30 
3 12 30 35 
5 12 30 33 
30 33 34 35 
17 29 30 35 
5 23 30 32 
5 11 34 35 
5 24 33 35 
0 5 6 12 
0 3 5 24 
0 6 29 30 
0 4 31 35 
0 5 23 24 
4 5 24 30 
0 1 30 33 
11 30 32 35 
0 30 31 32 
1 5 30 34 
0 23 24 35 
5 6 29 35 
1 5 31 35 
4 5 29 35 
5 11 17 35 
1 5 17 35 
5 12 18 35 
0 5 18 24 
4 30 31 35 
0 1 6 35 
3 5 33 35 
1 5 18 30 
0 5 12 23 
5 24 32 35 
0 5 24 32 
5 29 30 32 
0 5 6 31 
5 30 33 34 
5 29 34 35 
3 5 24 30 
0 6 12 35 
0 1 34 35 
2 5 29 35 
0 5 17 18 
0 6 11 35 
0 6 24 35 
5 17 30 31 
0 1 11 30 
0 3 5 32 
5 6 18 35 
3 5 29 30 
0 3 5 12 
0 4 5 12 
0 24 29 35 
0 18 32 35 
18 30 32 35 
5 17 31 35 
0 1 3 5 
0 23 30 33 
5 18 23 30 
0 18 33 35 
4 5 23 30 
0 1 12 30 
0 2 3 30 
0 12 29 30 
11 24 30 35 
29 30 33 35 
0 4 18 35 
0 3 17 35 
0 11 17 30 
3 5 32 35 
5 29 30 34 
2 12 30 35 
4 23 30 35 
1 11 30 35 
4 18 30 35 
0 17 30 33 
5 11 17 30 
0 17 24 35 
0 4 32 35 
0 30 33 34 
0 3 18 30 
0 3 24 30 
4 5 34 35 
0 11 31 35 
5 11 23 35 
0 4 5 31 
3 5 12 35 
0 3 5 17 
12 30 32 35 
0 11 23 35 
2 11 30 35 
0 2 11 30 
0 5 18 23 
5 24 30 34 
0 2 5 24 
2 5 32 35 
5 18 30 32 
0 6 23 35 
0 1 5 12 
5 18 24 30 
0 1 5 29 
0 30 32 34 
0 1 5 18 
3 5 12 30 
4 5 23 35 
5 17 30 34 
5 17 29 30 
5 17 33 35 
2 4 30 35 
2 5 11 35 
4 5 31 35 
0 18 24 30 
0 3 31 35 
5 23 32 35 
6 30 33 35 
30 31 34 35 
24 30 33 35 
0 12 18 35 
5 12 24 35 
0 17 32 35 
0 24 30 32 
1 30 32 35 
3 5 30 32 
0 5 23 31 
0 5 31 34 
0 23 32 35 
0 1 5 34 
4 30 32 35 
0 5 11 18 
1 5 12 35 
0 2 23 30 
5 18 30 34 
2 5 30 34 
5 6 30 33 
0 29 31 35 
0 12 33 35 
0 3 33 35 
0 6 23 30 
0 1 24 30 
0 4 5 29 
11 23 30 35 
1 5 11 30 
1 24 30 35 
3 30 32 35 
0 5 24 34 
0 6 18 35 
0 18 31 35 
2 24 30 35 
0 1 5 11 
4 5 29 30 
2 5 18 30 
0 5 17 33 
0 23 29 30 
0 3 34 35 
0 3 5 34 
11 30 33 35 
0 18 29 30 
1 5 17 30 
0 5 29 33 
5 18 29 30 
5 11 24 30 
1 3 5 35 
0 2 3 35 
5 12 29 30 
0 5 18 29 
23 29 30 35 
0 2 4 5 
0 1 2 5 
0 11 30 32 
1 5 32 35 
4 5 18 30 
18 30 31 35 
29 30 31 35 
0 1 4 30 
0 11 18 30 
4 30 33 35 
1 5 30 31 
0 3 5 6 
5 11 30 31 
5 18 30 31 
0 3 30 32 
3 4 30 35 
3 4 5 30 
0 17 30 31 
5 6 11 35 
5 11 31 35 
5 6 34 35 
0 2 5 23 
0 5 12 32 
5 23 34 35 
5 6 33 35 
0 6 12 30 
0 6 31 35 
6 30 34 35 
1 4 5 35 
23 30 33 35 
2 29 30 35 
5 23 30 34 
2 5 30 32 
0 24 30 34 
0 3 18 35 
5 24 30 31 
3 5 31 35 
2 5 30 33 
0 11 24 35 
0 24 34 35 
1 30 31 35 
5 18 32 35 
0 6 18 30 
5 24 34 35 
0 11 12 35 
0 1 2 35 
2 5 33 35 
4 5 11 35 
3 30 31 35 
4 6 30 35 
24 29 30 35 
5 6 32 35 
4 5 24 35 
0 12 17 30 
23 30 34 35 
2 30 32 35 
0 2 30 34 
0 11 32 35 
5 30 32 33 
0 5 23 29 
0 30 31 34 
0 5 29 34 
0 3 6 35 
5 17 24 30 
0 1 17 35 
5 6 12 30 
17 30 31 35 
12 24 30 35 
0 17 29 35 
0 18 23 30 
0 18 30 33 
0 12 23 30 
0 24 31 35 
5 23 29 35 
5 17 23 35 
0 5 11 29 
0 1 3 35 
0 30 31 33 
0 11 24 30 
4 29 30 35 
5 23 29 30 
0 1 29 30 
5 17 30 33 
0 12 29 35 
3 5 18 30 
0 4 5 17 
5 18 31 35 
5 30 32 34 
0 29 30 34 
4 30 34 35 
5 12 32 35 
0 1 2 30 
0 3 17 30 
0 4 5 6 
0 17 30 34 
17 30 33 35 
1 5 29 35 
0 3 5 31 
1 2 5 35 
0 29 30 32 
18 23 30 35 
0 5 17 23 
0 23 30 32 
1 23 30 35 
0 4 17 30 
2 5 12 30 
5 24 30 33 
5 6 24 35 
0 1 5 6 
2 30 33 35 
24 30 32 35 
6 30 32 35 
0 4 11 35 
5 6 17 30 
11 29 30 35 
0 5 33 34 
0 17 23 35 
0 4 30 33 
5 12 30 34 
5 29 32 35 
0 4 11 30 
0 11 30 33 
0 2 18 35 
0 2 24 30 
0 5 12 24 
5 23 31 35 
1 4 5 30 
5 11 30 33 
30 31 32 35 
0 17 34 35 
0 6 17 35 
3 5 17 35 
0 5 6 34 
5 23 24 30 
5 23 30 33 
0 1 30 32 
0 18 30 32 
0 2 33 35 
3 5 11 35 
0 5 6 23 
2 6 30 35 
0 11 30 34 
11 12 30 35 
0 5 6 29 
0 6 29 35 
3 29 30 35 
0 2 5 17 
0 12 30 34 
0 5 18 34 
0 23 29 35 
5 18 34 35 
5 6 24 30 
24 30 31 35 
0 3 11 30 
5 31 33 35 
5 11 18 30 
6 30 31 35 
0 29 32 35 
12 17 30 35 
0 2 23 35 
0 1 5 23 
0 24 30 31 
2 5 23 35 
0 4 18 30 
0 1 24 35 
0 12 34 35 
0 24 33 35 
5 18 23 35 
6 17 30 35 
0 6 24 30 
0 6 33 35 
0 3 32 35 
0 3 5 29 
0 2 3 5 
11 18 30 35 
0 1 11 35 
0 1 18 30 
0 2 17 35 
1 5 33 35 
0 1 32 35 
1 4 30 35 
0 17 23 30 
2 23 30 35 
4 17 30 35 
5 6 29 30 
0 31 33 35 
1 5 23 35 
1 18 30 35 
3 11 30 35 
5 12 24 30 
3 5 34 35 
0 2 12 35 
1 5 24 30 
0 11 29 35 
6 23 30 35 
5 24 29 30 
0 4 34 35 
0 2 11 35 
2 4 5 35 
0 4 5 34 
0 4 30 32 
0 12 30 32 
0 17 18 35 
12 30 33 35 
5 29 30 33 
2 5 6 30 
0 2 5 6 
6 29 30 35 
0 3 4 30 
0 12 18 30 
0 4 24 30 
0 1 33 35 
0 11 12 30 
2 5 17 35 
3 23 30 35 
12 23 30 35 
0 2 31 35 
0 5 23 33 
6 11 30 35 
1 5 34 35 
17 30 32 35 
5 30 31 32 
0 4 5 18 
5 30 31 33 
0 31 32 35 
0 1 3 30 
0 11 18 35 
3 5 17 30 
1 5 30 33 
0 11 23 30 
2 5 17 30 
5 18 29 35 
2 5 24 30 
4 5 6 30 
0 17 31 35 
5 17 24 35 
29 30 34 35 
17 30 34 35 
5 23 24 35 
0 1 31 35 
3 5 30 34 
2 5 18 35 
1 5 23 30 
1 30 34 35 
0 2 18 30 
2 5 12 35 
4 5 32 35 
0 5 6 17 
0 1 5 31 
0 4 6 30 
2 5 30 31 
2 3 30 35 
4 5 17 35 
0 2 5 29 
0 1 5 17 
0 17 24 30 
0 1 23 35 
0 5 18 33 
3 4 5 35 
11 30 34 35 
5 11 32 35 
0 5 31 33 
0 5 23 32 
0 11 30 31 
0 5 32 33 
24 30 34 35 
0 5 11 23 
0 3 4 35 
0 2 34 35 
0 5 12 18 
5 11 12 35 
1 12 30 35 
5 6 30 32 
0 4 5 32 
2 5 11 30 
5 12 17 30 
12 30 34 35 
0 2 17 30 
0 12 30 33 
0 1 12 35 
0 5 11 24 
2 30 34 35 
30 32 33 35 
5 33 34 35 
0 1 30 34 
1 5 6 30 
0 5 11 12 
2 3 5 35 
0 5 24 29 
0 1 4 5 
0 18 34 35 
1 5 6 35 
0 2 4 35 
6 12 30 35 
0 23 24 30 
0 4 29 30 
0 5 18 32 
5 32 34 35 
23 30 31 35 
0 1 23 30 
5 17 34 35 
0 23 30 34 
0 3 5 11 
4 5 30 34 
0 29 30 31 
5 31 32 35 
12 18 30 35 
0 11 17 35 
4 5 11 30 
0 6 32 35 
5 6 17 35 
30 32 34 35 
0 5 17 29 
0 5 6 32 
5 12 34 35 
1 5 29 30 
5 18 24 35 
2 5 31 35 
17 24 30 35 
0 1 5 32 
0 3 12 30 
0 4 5 33 
0 6 17 30 
5 6 30 31 
0 5 6 11 
0 5 12 34 
0 3 29 30 
18 24 30 35 
0 17 29 30 
0 4 33 35 
0 2 29 30 
0 18 30 34 
0 3 30 33 
0 1 18 35 
0 5 6 24 
0 2 4 30 
5 17 18 30 
2 4 5 30 
5 24 30 32 
0 11 34 35 
0 2 5 12 
0 29 33 35 
4 5 30 32 
0 33 34 35 
0 1 6 30 
4 5 18 35 
4 24 30 35 
5 17 18 35 
0 3 4 5 
2 5 29 30 
5 29 33 35 
2 5 24 35 
0 18 24 35 
0 12 32 35 
0 2 32 35 
29 30 32 35 
0 24 30 33 
1 29 30 35 
0 12 24 35 
5 18 33 35 
