10 27 30 35 
5 8 28 35 
5 15 22 35 
13 19 30 35 
5 15 20 35 
5 9 15 30 
0 5 25 26 
0 5 10 15 
5 10 16 30 
5 15 27 35 
0 5 8 21 
21 25 30 35 
0 9 26 30 
0 5 8 9 
0 5 20 26 
0 15 19 35 
5 9 25 35 
0 5 27 28 
0 19 26 35 
0 21 25 35 
0 9 13 30 
0 16 20 35 
0 5 8 13 
5 22 25 35 
0 9 10 35 
5 8 19 35 
0 5 9 16 
0 14 26 35 
16 28 30 35 
0 5 10 20 
5 21 22 35 
5 13 26 35 
20 25 30 35 
5 26 27 35 
0 20 28 30 
0 9 27 35 
5 15 27 30 
0 5 15 19 
15 19 30 35 
0 5 20 25 
0 9 10 30 
15 21 30 35 
0 5 7 10 
25 26 30 35 
0 5 7 25 
0 5 13 27 
0 5 8 14 
0 13 25 35 
0 13 15 35 
5 10 26 30 
0 10 14 30 
5 7 28 30 
8 16 30 35 
9 28 30 35 
0 8 27 30 
8 28 30 35 
5 22 27 35 
5 8 25 35 
5 19 21 30 
0 5 7 19 
0 8 26 35 
0 7 14 35 
0 13 14 30 
0 5 7 13 
0 9 22 30 
0 8 10 35 
5 20 26 30 
5 10 16 35 
0 26 27 30 
10 26 30 35 
0 22 25 35 
13 15 30 35 
0 16 21 30 
0 5 7 21 
0 5 10 25 
5 19 20 30 
5 20 21 35 
0 13 14 35 
0 14 15 30 
0 5 9 10 
0 5 19 28 
13 22 30 35 
5 9 20 30 
0 19 22 30 
5 9 14 35 
0 26 27 35 
5 8 15 30 
0 13 28 35 
0 13 25 30 
0 10 14 35 
0 5 21 22 
9 25 30 35 
0 19 25 35 
5 13 25 30 
5 10 28 35 
5 15 22 30 
0 7 9 30 
5 10 27 30 
27 28 30 35 
0 5 14 27 
5 15 19 35 
0 8 14 30 
5 20 25 30 
5 13 15 30 
0 5 9 14 
0 5 9 27 
5 19 25 35 
5 9 26 30 
5 21 27 30 
19 20 30 35 
15 27 30 35 
9 10 30 35 
15 20 30 35 
5 14 27 30 
0 21 28 35 
5 8 20 35 
0 9 22 35 
20 21 30 35 
5 10 22 30 
5 15 16 30 
0 19 22 35 
5 25 27 30 
5 8 13 30 
0 20 25 30 
0 8 9 30 
0 7 25 30 
5 8 27 35 
0 13 21 35 
0 14 19 30 
0 25 26 35 
5 9 26 35 
5 26 28 35 
14 16 30 35 
0 8 27 35 
0 5 20 28 
0 5 8 26 
5 13 22 35 
0 9 21 35 
0 7 28 35 
0 9 19 35 
5 8 21 30 
5 9 25 30 
5 9 22 35 
10 28 30 35 
0 5 13 26 
5 22 26 30 
0 10 15 30 
5 10 20 35 
0 5 16 27 
0 5 19 27 
0 14 26 30 
5 20 28 35 
5 9 16 30 
0 5 13 14 
0 5 7 14 
5 10 20 30 
0 25 28 35 
5 15 26 35 
0 7 10 35 
5 7 13 35 
7 15 30 35 
0 15 22 30 
0 5 7 22 
0 15 27 30 
5 13 25 35 
0 5 16 21 
9 22 30 35 
0 5 10 13 
9 16 30 35 
0 22 26 35 
0 7 13 30 
0 9 16 35 
8 22 30 35 
0 7 25 35 
9 15 30 35 
5 21 26 30 
0 21 26 35 
13 25 30 35 
0 7 13 35 
5 10 15 30 
15 26 30 35 
9 26 30 35 
0 5 22 25 
7 10 30 35 
5 13 20 35 
5 16 26 35 
0 8 21 35 
0 5 16 28 
5 10 21 30 
0 5 19 21 
8 9 30 35 
0 10 22 35 
0 19 28 30 
0 7 9 35 
0 21 22 35 
7 13 30 35 
0 5 14 22 
5 27 28 35 
0 14 20 35 
0 27 28 35 
0 8 15 30 
0 14 21 30 
0 5 26 28 
7 14 30 35 
5 20 27 35 
0 8 16 30 
0 19 28 35 
0 16 25 30 
0 16 27 30 
5 7 22 35 
0 9 15 30 
5 13 28 35 
5 20 26 35 
13 28 30 35 
5 16 19 35 
5 8 27 30 
5 13 22 30 
0 8 14 35 
0 13 16 35 
5 8 14 30 
25 28 30 35 
0 5 9 21 
0 5 14 20 
9 21 30 35 
0 16 21 35 
7 22 30 35 
8 27 30 35 
0 15 19 30 
5 7 15 35 
5 16 28 30 
5 22 26 35 
5 20 22 30 
0 16 26 35 
0 5 21 25 
0 5 15 22 
0 10 16 30 
0 13 21 30 
19 28 30 35 
0 8 10 30 
0 9 14 30 
0 15 16 35 
5 25 28 30 
8 26 30 35 
5 15 25 30 
0 5 7 16 
0 13 22 30 
5 9 28 35 
0 13 27 35 
5 22 27 30 
0 9 19 30 
0 9 25 35 
5 21 28 35 
0 5 10 21 
0 14 25 35 
0 5 20 27 
5 7 14 30 
5 13 16 35 
10 15 30 35 
5 14 26 30 
0 8 19 30 
0 9 26 35 
13 26 30 35 
0 7 15 35 
8 15 30 35 
5 8 26 35 
0 25 27 35 
0 14 22 30 
0 13 22 35 
5 9 13 35 
0 8 22 30 
0 14 16 30 
5 14 16 35 
0 13 26 35 
5 14 22 35 
0 15 27 35 
0 20 21 30 
5 14 19 35 
5 8 9 35 
5 9 21 30 
0 7 21 30 
0 5 14 26 
0 7 26 30 
0 5 13 22 
0 10 16 35 
0 5 8 19 
0 5 22 27 
0 14 22 35 
5 9 27 30 
20 26 30 35 
5 10 27 35 
0 8 13 30 
0 5 16 25 
5 14 26 35 
0 8 16 35 
0 10 22 30 
0 15 22 35 
22 26 30 35 
0 8 25 30 
0 10 19 30 
0 16 20 30 
5 14 22 30 
0 14 28 35 
5 13 27 30 
5 8 14 35 
15 22 30 35 
5 7 19 30 
0 8 28 35 
5 20 28 30 
0 5 22 28 
0 5 8 16 
0 20 27 30 
0 5 13 20 
0 8 26 30 
5 7 28 35 
0 8 13 35 
0 5 13 19 
0 14 25 30 
0 5 9 19 
5 14 19 30 
0 5 13 25 
5 15 28 30 
0 5 9 26 
5 15 16 35 
5 20 22 35 
5 7 26 30 
15 25 30 35 
0 5 7 27 
5 8 28 30 
0 5 10 16 
14 19 30 35 
5 14 15 30 
0 10 21 30 
0 9 15 35 
5 22 28 35 
5 25 26 35 
0 9 27 30 
0 5 21 27 
0 13 20 35 
10 13 30 35 
0 5 9 20 
0 22 26 30 
0 13 20 30 
0 13 27 30 
0 10 26 35 
5 16 27 35 
5 7 8 30 
5 9 13 30 
0 8 25 35 
0 5 7 15 
19 22 30 35 
0 7 27 35 
0 14 28 30 
0 5 13 15 
0 14 27 35 
0 13 15 30 
0 5 7 9 
0 15 21 35 
0 20 27 35 
0 10 15 35 
15 28 30 35 
5 7 10 30 
0 7 19 30 
0 5 14 28 
0 7 20 30 
0 5 7 20 
5 21 22 30 
5 19 27 30 
0 8 22 35 
5 10 13 30 
0 22 28 35 
15 16 30 35 
5 21 25 35 
5 9 15 35 
0 5 14 19 
19 25 30 35 
0 8 20 35 
5 15 25 35 
5 16 26 30 
0 5 7 28 
5 16 21 30 
5 8 22 30 
0 25 28 30 
0 10 28 35 
0 22 28 30 
0 16 22 35 
0 9 28 30 
0 5 8 27 
5 19 20 35 
5 21 27 35 
21 27 30 35 
13 14 30 35 
0 7 8 30 
0 14 21 35 
5 7 27 35 
13 27 30 35 
5 9 21 35 
13 20 30 35 
0 10 26 30 
5 7 25 30 
0 13 19 35 
0 25 27 30 
0 5 19 22 
8 25 30 35 
0 8 19 35 
0 21 27 30 
0 20 21 35 
0 10 27 35 
5 8 13 35 
7 16 30 35 
22 25 30 35 
5 14 25 35 
0 5 26 27 
0 15 26 30 
8 14 30 35 
19 26 30 35 
5 7 8 35 
8 13 30 35 
0 5 8 20 
0 5 9 13 
0 8 28 30 
0 5 15 26 
0 15 28 30 
0 5 9 15 
5 13 16 30 
5 7 20 35 
0 5 21 26 
0 5 13 28 
0 15 20 30 
0 5 15 20 
5 13 21 35 
14 26 30 35 
0 22 25 30 
0 5 13 21 
0 19 25 30 
5 25 27 35 
5 9 10 35 
10 19 30 35 
0 21 27 35 
5 20 21 30 
5 8 26 30 
0 14 19 35 
0 20 22 30 
5 14 21 30 
0 5 16 22 
0 8 21 30 
0 5 14 21 
5 10 21 35 
9 27 30 35 
0 10 19 35 
0 21 22 30 
5 13 27 35 
0 7 19 35 
0 5 16 20 
16 26 30 35 
13 16 30 35 
7 21 30 35 
5 9 28 30 
0 5 7 8 
0 5 14 16 
5 10 26 35 
21 22 30 35 
0 5 15 21 
0 26 28 35 
21 26 30 35 
5 8 25 30 
5 19 25 30 
5 25 28 35 
0 19 27 35 
0 10 28 30 
5 8 16 30 
5 16 27 30 
5 16 21 35 
5 13 26 30 
5 15 21 30 
5 16 22 30 
16 25 30 35 
5 7 16 35 
0 7 8 35 
0 7 26 35 
26 27 30 35 
5 9 10 30 
5 21 25 30 
0 10 25 30 
10 16 30 35 
7 8 30 35 
0 5 16 19 
0 13 16 30 
5 10 19 30 
0 10 13 30 
5 7 9 30 
5 19 28 30 
0 15 20 35 
21 28 30 35 
0 9 13 35 
10 21 30 35 
7 27 30 35 
5 22 28 30 
0 9 28 35 
5 7 26 35 
5 7 10 35 
9 19 30 35 
5 16 28 35 
0 16 22 30 
5 19 26 30 
0 14 27 30 
0 8 20 30 
20 28 30 35 
5 13 19 35 
5 14 25 30 
16 20 30 35 
5 19 22 35 
10 20 30 35 
5 8 9 30 
0 21 25 30 
5 9 19 30 
5 14 28 30 
5 10 13 35 
5 15 26 30 
0 13 28 30 
0 15 16 30 
5 19 21 35 
5 9 27 35 
0 10 27 30 
0 9 20 35 
5 7 16 30 
0 14 16 35 
5 22 25 30 
5 20 27 30 
5 8 21 35 
5 7 21 35 
5 10 28 30 
22 28 30 35 
5 21 26 35 
5 19 26 35 
0 5 15 27 
0 5 8 28 
0 5 15 28 
0 5 21 28 
5 8 15 35 
0 7 22 35 
0 19 26 30 
5 8 22 35 
0 5 14 25 
0 20 25 35 
5 13 19 30 
22 27 30 35 
0 10 21 35 
0 10 20 35 
0 19 20 35 
5 9 22 30 
19 27 30 35 
0 10 25 35 
0 5 20 21 
5 9 19 35 
5 26 28 30 
0 8 15 35 
0 20 28 35 
0 8 9 35 
16 27 30 35 
0 15 28 35 
0 15 25 30 
0 5 19 25 
5 16 25 35 
14 22 30 35 
5 7 19 35 
7 25 30 35 
5 10 19 35 
5 13 28 30 
0 7 10 30 
5 13 14 30 
0 20 26 35 
0 9 25 30 
0 10 20 30 
0 7 28 30 
0 5 25 28 
14 21 30 35 
0 10 13 35 
5 26 27 30 
0 5 20 22 
0 19 21 35 
5 8 16 35 
5 14 28 35 
9 20 30 35 
14 28 30 35 
10 14 30 35 
10 22 30 35 
0 9 14 35 
5 21 28 30 
0 9 21 30 
5 10 25 30 
5 7 15 30 
0 5 19 20 
7 19 30 35 
0 15 25 35 
0 20 26 30 
14 27 30 35 
0 7 21 35 
16 19 30 35 
5 9 16 35 
0 27 28 30 
0 14 15 35 
0 5 9 28 
5 15 28 35 
5 20 25 35 
5 19 28 35 
5 13 15 35 
5 14 27 35 
8 19 30 35 
5 7 13 30 
0 16 19 35 
13 21 30 35 
5 7 25 35 
5 19 22 30 
0 5 10 14 
9 13 30 35 
5 13 14 35 
0 5 7 26 
14 25 30 35 
14 15 30 35 
0 5 10 22 
5 7 9 35 
7 9 30 35 
8 10 30 35 
0 7 20 35 
0 9 16 30 
20 27 30 35 
9 14 30 35 
10 25 30 35 
0 16 26 30 
14 20 30 35 
0 7 27 30 
0 7 15 30 
0 16 19 30 
5 10 22 35 
5 7 21 30 
26 28 30 35 
0 16 28 30 
0 5 13 16 
5 13 20 30 
0 21 26 30 
0 15 26 35 
7 26 30 35 
0 5 25 27 
20 22 30 35 
5 7 27 30 
0 13 19 30 
5 8 19 30 
0 5 14 15 
0 16 28 35 
5 15 19 30 
0 15 21 30 
0 5 22 26 
5 19 27 35 
0 7 16 30 
5 8 10 30 
0 7 22 30 
7 20 30 35 
0 7 16 35 
16 21 30 35 
0 13 26 30 
0 5 9 25 
0 5 15 16 
5 16 25 30 
0 14 20 30 
5 7 20 30 
0 5 15 25 
0 5 8 10 
0 22 27 30 
0 22 27 35 
0 5 8 25 
0 19 20 30 
5 15 21 35 
16 22 30 35 
5 25 26 30 
0 20 22 35 
7 28 30 35 
0 16 27 35 
0 5 10 19 
0 16 25 35 
5 8 10 35 
5 9 20 35 
5 10 15 35 
5 10 14 35 
5 13 21 30 
19 21 30 35 
0 7 14 30 
0 5 8 15 
5 14 21 35 
5 10 25 35 
5 7 14 35 
5 9 14 30 
5 14 20 35 
0 5 10 26 
5 8 20 30 
5 10 14 30 
0 5 8 22 
5 27 28 30 
0 21 28 30 
5 14 16 30 
0 5 16 26 
0 5 9 22 
8 20 30 35 
5 16 19 30 
0 26 28 30 
0 19 27 30 
5 16 20 30 
5 15 20 30 
25 27 30 35 
5 16 20 35 
5 7 22 30 
5 14 20 30 
5 14 15 35 
0 5 10 28 
0 9 20 30 
0 19 21 30 
0 5 19 26 
0 5 10 27 
8 21 30 35 
5 16 22 35 
0 25 26 30 
