3 5 23 24 
1 30 33 34 
0 1 29 31 
0 1 12 34 
12 32 33 35 
0 4 11 12 
0 17 18 32 
1 4 5 11 
3 5 17 24 
2 5 24 31 
5 6 24 31 
0 3 4 12 
1 5 23 32 
4 31 33 35 
1 24 29 30 
5 17 23 29 
0 4 17 18 
6 12 23 30 
0 3 6 29 
2 29 30 33 
0 17 33 34 
2 4 5 12 
3 11 31 35 
12 17 23 30 
2 3 6 30 
0 6 11 17 
1 3 12 30 
0 6 18 23 
0 12 17 33 
2 3 4 35 
0 24 29 34 
3 5 11 32 
0 11 24 33 
0 1 11 17 
1 4 5 32 
4 18 32 35 
0 11 18 29 
0 6 32 33 
12 18 30 34 
11 23 29 30 
6 29 30 33 
0 3 11 34 
4 18 30 32 
0 1 23 32 
5 23 24 31 
3 5 29 33 
0 1 17 33 
5 18 29 33 
2 5 18 33 
0 12 18 24 
0 12 18 31 
6 17 33 35 
4 29 33 35 
5 11 18 24 
5 6 11 29 
1 5 12 18 
3 4 17 30 
0 11 18 34 
3 12 29 30 
2 5 6 17 
0 2 17 34 
17 18 33 35 
1 5 6 23 
4 11 12 35 
0 1 24 33 
5 11 18 33 
0 3 17 33 
3 11 12 30 
6 23 30 31 
1 6 18 30 
4 24 30 32 
3 24 30 33 
23 29 30 31 
0 3 18 23 
6 18 29 35 
0 3 4 29 
3 18 30 31 
2 17 18 30 
5 6 32 34 
4 6 18 30 
0 4 18 34 
29 31 33 35 
0 6 11 18 
12 17 30 31 
3 5 31 34 
5 18 23 32 
0 1 6 31 
5 11 23 33 
4 5 18 23 
0 6 11 31 
12 30 31 32 
6 12 31 35 
0 24 31 33 
4 23 30 31 
4 11 31 35 
2 29 30 32 
0 6 11 32 
6 11 24 35 
24 30 33 34 
5 12 17 24 
12 23 24 35 
4 5 17 34 
0 2 6 17 
0 6 12 33 
2 5 17 31 
2 5 11 29 
11 23 30 34 
1 2 4 5 
5 17 18 32 
2 29 30 34 
1 30 31 33 
4 5 6 18 
4 12 17 30 
2 23 29 35 
1 18 33 35 
5 24 29 32 
1 30 32 34 
12 32 34 35 
0 2 4 29 
4 5 17 33 
18 30 31 33 
3 5 32 33 
23 31 34 35 
1 5 17 32 
0 11 24 31 
5 6 24 29 
1 12 24 30 
3 5 12 33 
1 5 31 33 
3 17 34 35 
2 12 17 30 
4 5 6 31 
1 29 34 35 
6 23 29 30 
6 30 32 33 
0 1 3 32 
0 11 12 17 
0 2 3 18 
2 11 17 35 
24 30 31 33 
1 30 32 33 
18 23 30 31 
0 1 6 23 
1 4 11 35 
2 11 33 35 
12 18 30 31 
4 5 18 24 
2 17 31 35 
1 18 32 35 
3 4 30 34 
0 1 17 34 
6 29 34 35 
5 11 17 33 
12 30 31 33 
5 12 23 24 
4 12 29 35 
6 12 30 31 
5 12 17 23 
1 6 33 35 
2 4 5 17 
23 30 31 33 
0 4 29 32 
3 4 5 23 
5 11 12 29 
1 5 6 17 
0 17 23 29 
2 6 32 35 
4 5 11 33 
0 11 23 29 
11 18 32 35 
6 32 33 35 
0 17 24 29 
3 5 18 29 
0 3 18 29 
0 4 11 34 
11 17 30 34 
23 30 32 34 
3 12 30 32 
6 17 34 35 
0 24 31 32 
5 18 23 24 
2 11 23 30 
2 11 24 30 
2 4 24 30 
5 12 18 31 
24 29 34 35 
3 4 24 30 
1 3 5 11 
12 18 31 35 
4 6 24 30 
0 6 12 32 
11 30 31 32 
24 29 32 35 
3 32 34 35 
1 2 34 35 
6 30 33 34 
18 32 34 35 
5 6 17 31 
2 4 11 30 
4 5 23 34 
2 5 18 29 
4 5 6 12 
0 12 31 32 
11 23 30 31 
1 5 11 31 
0 18 32 34 
23 24 30 32 
17 18 23 30 
1 2 31 35 
4 6 11 35 
6 11 31 35 
1 5 17 31 
0 6 23 24 
5 6 23 31 
2 3 6 35 
6 11 33 35 
0 4 6 18 
23 29 32 35 
1 11 34 35 
2 4 23 30 
6 12 18 30 
11 12 30 31 
18 31 32 35 
2 5 33 34 
2 5 17 24 
6 17 24 30 
4 5 29 34 
2 4 29 30 
5 32 33 34 
4 12 17 35 
5 23 24 29 
0 11 29 34 
0 1 6 33 
4 29 34 35 
0 12 29 34 
4 5 23 32 
18 30 33 34 
11 18 23 35 
0 4 6 33 
0 1 17 29 
17 24 30 34 
1 5 11 34 
2 4 32 35 
4 5 12 18 
1 2 3 30 
1 2 5 11 
3 17 23 35 
0 2 24 31 
0 3 11 17 
0 12 24 33 
1 3 5 6 
18 23 24 35 
2 5 24 34 
0 2 31 32 
0 1 12 33 
1 5 33 34 
24 31 32 35 
1 2 3 35 
0 11 17 23 
24 31 33 35 
6 18 23 35 
3 17 29 30 
3 11 33 35 
6 11 30 33 
0 3 23 29 
2 4 5 34 
3 17 24 35 
12 17 23 35 
0 6 17 33 
23 31 32 35 
0 11 32 34 
0 11 33 34 
1 3 29 35 
3 29 30 34 
4 29 30 32 
6 24 30 31 
3 29 30 32 
1 4 29 30 
0 11 23 34 
2 24 33 35 
30 31 32 34 
5 11 18 23 
11 18 29 35 
5 12 32 34 
0 3 23 31 
6 17 23 35 
2 6 17 35 
2 4 30 33 
0 1 3 17 
17 32 34 35 
5 6 12 23 
4 5 23 29 
12 23 24 30 
0 1 31 32 
0 3 6 12 
1 2 11 35 
1 3 5 12 
1 5 11 12 
5 11 18 29 
17 23 29 35 
3 12 17 35 
24 29 31 35 
0 1 3 23 
0 1 17 31 
2 18 24 35 
2 5 24 32 
1 2 11 30 
0 4 31 32 
3 6 32 35 
5 11 17 32 
4 24 33 35 
17 18 30 32 
2 4 18 30 
5 12 18 32 
0 1 17 18 
0 3 4 32 
0 6 23 31 
5 12 17 31 
0 1 32 33 
4 6 11 30 
4 23 33 35 
0 6 17 24 
3 11 12 35 
0 12 18 23 
0 2 6 33 
11 18 34 35 
4 12 30 33 
0 2 12 31 
1 3 30 33 
11 17 29 35 
4 11 33 35 
4 5 23 24 
0 2 3 23 
5 17 23 34 
0 3 23 24 
11 24 30 33 
4 18 31 35 
3 12 34 35 
6 12 24 35 
17 24 29 30 
1 6 17 35 
3 5 12 34 
2 3 29 30 
18 29 33 35 
2 5 11 31 
1 23 29 35 
2 12 34 35 
3 5 6 29 
5 11 12 32 
12 17 32 35 
2 18 30 31 
4 12 18 35 
0 11 29 33 
4 5 12 29 
5 11 12 18 
0 2 24 33 
5 11 23 34 
17 18 30 31 
3 11 18 30 
6 29 31 35 
11 24 34 35 
0 3 33 34 
6 29 30 32 
6 18 29 30 
6 23 34 35 
2 24 34 35 
5 18 32 33 
1 6 12 35 
2 3 30 31 
0 12 29 33 
5 23 24 34 
4 12 33 35 
0 4 17 34 
0 18 23 24 
2 3 5 34 
5 17 23 32 
17 23 24 35 
4 32 34 35 
11 32 34 35 
0 2 11 24 
0 3 24 34 
3 5 18 24 
0 17 23 31 
0 1 12 24 
18 23 24 30 
3 24 29 35 
3 17 24 30 
2 6 33 35 
3 30 31 33 
3 24 33 35 
3 4 23 35 
3 11 24 35 
3 11 23 35 
12 17 24 35 
2 3 33 35 
1 11 32 35 
12 17 18 35 
2 4 24 35 
1 2 5 33 
1 17 32 35 
0 2 29 34 
2 5 12 31 
0 1 11 31 
1 18 30 31 
1 6 30 34 
5 6 12 31 
0 1 18 33 
0 2 31 33 
2 4 5 32 
3 4 5 24 
23 24 31 35 
0 2 31 34 
0 3 4 23 
29 32 33 35 
6 18 30 33 
2 4 29 35 
3 11 30 31 
6 18 24 30 
4 6 17 35 
0 18 23 33 
0 3 11 23 
3 6 24 35 
1 5 12 33 
11 17 32 35 
1 5 11 18 
12 29 30 31 
17 23 30 32 
0 2 12 18 
1 4 24 30 
17 24 31 35 
0 17 29 31 
4 18 23 30 
1 11 24 35 
3 5 17 23 
12 29 34 35 
3 17 18 35 
0 3 11 31 
17 24 30 32 
1 12 30 34 
4 31 34 35 
1 12 30 32 
2 6 30 31 
3 12 17 30 
4 5 11 32 
2 5 23 33 
5 17 29 34 
5 6 18 31 
3 18 31 35 
3 5 31 32 
1 12 23 30 
4 23 29 30 
2 5 6 29 
0 1 6 17 
2 29 34 35 
17 31 34 35 
0 24 31 34 
17 30 33 34 
0 1 6 29 
1 12 17 35 
11 12 24 35 
4 11 30 33 
0 3 32 33 
3 12 23 30 
11 12 17 30 
1 23 32 35 
0 6 17 23 
4 17 23 35 
1 12 18 30 
0 11 17 31 
17 23 34 35 
12 18 24 30 
0 24 29 32 
18 24 31 35 
6 23 30 33 
5 11 29 33 
6 18 30 32 
6 17 29 30 
23 30 33 34 
2 5 6 18 
6 17 31 35 
5 23 31 32 
1 11 31 35 
1 32 34 35 
1 2 32 35 
11 12 17 35 
1 4 30 33 
2 5 18 23 
3 11 29 30 
17 24 30 31 
0 23 29 31 
3 5 24 33 
11 29 34 35 
11 12 18 30 
12 17 29 30 
3 5 17 18 
1 5 24 33 
0 17 24 34 
0 1 3 29 
31 32 34 35 
3 4 31 35 
1 4 5 17 
2 31 32 35 
0 6 12 24 
4 12 24 30 
5 12 32 33 
0 2 6 29 
0 4 12 31 
2 17 24 35 
0 2 17 31 
3 4 5 18 
1 5 12 32 
23 32 34 35 
0 1 18 31 
18 33 34 35 
1 5 18 31 
6 17 23 30 
4 5 11 31 
3 4 11 35 
1 12 18 35 
2 3 24 30 
3 24 31 35 
5 11 17 23 
1 17 30 33 
4 29 30 31 
29 30 32 34 
6 17 30 32 
3 6 11 30 
0 2 6 23 
5 24 29 33 
2 18 29 30 
0 12 32 33 
2 17 34 35 
0 17 18 34 
0 17 23 32 
4 5 17 29 
0 2 17 23 
0 6 33 34 
4 11 32 35 
3 5 12 31 
2 24 29 30 
0 1 18 34 
3 5 31 33 
4 5 24 34 
2 12 17 35 
0 23 24 31 
5 17 31 33 
2 12 30 32 
1 12 30 31 
6 11 17 35 
3 4 32 35 
18 29 30 33 
3 17 30 31 
5 11 29 32 
3 4 5 33 
1 6 18 35 
0 3 31 32 
1 11 29 35 
5 24 31 34 
1 24 29 35 
0 2 12 32 
2 4 34 35 
2 6 11 30 
6 24 34 35 
4 5 31 32 
5 6 32 33 
2 4 6 30 
4 18 30 33 
5 17 24 34 
3 5 29 32 
2 23 31 35 
3 5 6 34 
6 11 34 35 
1 2 4 30 
12 24 30 34 
18 30 31 32 
4 11 18 30 
2 3 32 35 
29 31 34 35 
24 29 30 32 
6 12 33 35 
0 18 24 29 
0 6 17 29 
0 3 29 34 
12 23 33 35 
2 6 24 30 
0 11 31 33 
17 18 32 35 
6 17 24 35 
0 17 18 31 
0 1 3 33 
0 2 6 24 
4 5 11 29 
3 5 11 12 
6 11 29 35 
0 1 4 17 
0 1 4 12 
1 18 30 33 
18 24 33 35 
0 4 23 31 
4 24 29 35 
2 23 30 34 
1 17 34 35 
0 29 32 34 
0 1 11 33 
0 1 6 18 
1 5 12 31 
2 11 24 35 
23 31 33 35 
2 4 5 11 
1 29 32 35 
4 5 11 34 
1 6 11 30 
1 6 11 35 
6 17 32 35 
23 30 31 32 
1 12 30 33 
17 31 33 35 
2 5 29 33 
4 23 34 35 
1 17 18 30 
1 3 4 30 
4 17 23 30 
1 5 31 34 
2 18 33 35 
4 6 24 35 
0 2 23 33 
3 24 29 30 
24 29 33 35 
11 29 30 32 
2 5 11 23 
0 6 31 34 
3 32 33 35 
6 29 32 35 
0 11 17 18 
0 3 4 6 
0 17 31 34 
1 5 29 33 
0 17 32 33 
0 1 2 6 
3 29 30 31 
17 18 30 34 
2 6 18 30 
2 31 34 35 
1 32 33 35 
2 6 12 35 
0 4 12 33 
0 1 3 18 
1 3 11 35 
3 4 24 35 
6 11 18 35 
0 3 6 24 
0 3 11 33 
3 5 6 33 
3 24 34 35 
1 2 30 31 
5 23 29 33 
11 17 34 35 
2 5 6 23 
11 29 30 33 
0 2 3 33 
0 3 11 24 
2 5 11 17 
4 18 29 30 
4 29 31 35 
4 5 23 31 
6 11 23 35 
4 17 30 32 
1 23 34 35 
0 23 29 34 
12 24 31 35 
4 23 32 35 
11 17 23 30 
6 29 33 35 
2 3 24 35 
1 4 17 30 
6 17 30 33 
3 11 30 32 
2 17 29 35 
0 2 24 32 
2 17 30 31 
2 5 6 11 
6 11 12 35 
2 6 23 35 
2 3 5 12 
2 3 29 35 
2 5 11 32 
5 6 23 32 
3 18 34 35 
4 11 23 30 
1 2 12 30 
0 2 11 18 
4 5 12 32 
11 24 30 31 
2 5 24 33 
1 11 30 33 
0 2 18 29 
0 4 6 31 
5 18 31 32 
3 30 33 34 
6 23 24 35 
5 23 24 33 
3 5 29 34 
23 24 34 35 
5 17 18 23 
18 30 32 34 
3 11 32 35 
17 18 24 35 
0 4 29 34 
0 17 31 33 
29 30 32 33 
1 5 18 29 
3 23 24 35 
1 3 5 34 
2 17 24 30 
0 3 6 11 
4 5 29 32 
11 17 31 35 
0 12 32 34 
12 29 32 35 
0 11 12 18 
1 17 23 35 
3 5 23 29 
6 32 34 35 
4 12 30 32 
0 11 12 32 
5 17 29 31 
11 18 29 30 
3 6 12 35 
1 29 30 31 
17 23 29 30 
0 4 17 24 
12 30 31 34 
1 4 30 32 
1 5 24 29 
3 23 34 35 
3 4 12 35 
5 12 24 34 
3 17 33 35 
1 24 33 35 
0 4 24 31 
0 4 18 24 
12 31 32 35 
1 2 23 30 
2 3 5 24 
3 18 33 35 
0 6 11 29 
5 11 31 34 
11 29 30 34 
6 24 30 33 
0 23 24 29 
2 4 12 30 
5 12 18 34 
5 6 17 33 
17 30 31 33 
3 5 12 29 
0 17 24 32 
1 2 17 30 
0 3 4 18 
0 1 33 34 
5 11 17 18 
18 23 32 35 
0 2 18 32 
4 24 29 30 
2 5 12 32 
2 11 30 32 
0 1 2 18 
3 12 18 35 
0 1 11 34 
2 18 29 35 
6 31 32 35 
0 23 29 32 
5 6 12 17 
0 3 11 29 
4 6 12 35 
2 5 12 24 
11 30 33 34 
11 29 30 31 
5 6 24 34 
3 17 32 35 
2 4 5 31 
0 2 6 18 
1 11 23 35 
3 12 30 33 
1 3 23 30 
0 1 12 23 
5 24 31 32 
4 11 30 31 
11 17 23 35 
0 4 12 29 
1 5 6 32 
0 2 12 23 
5 23 32 33 
11 29 33 35 
5 18 23 29 
0 3 12 29 
2 5 17 23 
0 1 2 32 
3 5 11 29 
4 29 30 34 
17 18 34 35 
24 29 30 33 
5 12 31 32 
12 29 30 34 
3 33 34 35 
5 6 17 23 
4 5 6 11 
3 23 30 34 
1 5 6 31 
5 12 18 24 
5 6 31 32 
1 5 23 29 
11 18 30 31 
5 18 24 33 
5 6 31 34 
1 11 18 35 
18 23 31 35 
2 3 18 30 
0 12 23 32 
1 4 5 23 
12 17 29 35 
0 6 29 32 
12 29 30 33 
1 5 6 33 
2 5 23 29 
2 4 30 34 
0 1 29 34 
0 2 12 17 
6 17 18 35 
5 18 29 34 
1 17 23 30 
0 1 4 32 
2 3 18 35 
3 12 33 35 
2 30 32 33 
0 6 31 33 
5 17 24 32 
4 11 12 30 
3 17 31 35 
4 6 30 33 
29 32 34 35 
1 17 30 31 
1 2 5 18 
2 30 32 34 
2 3 5 11 
5 23 33 34 
5 6 23 33 
5 17 18 34 
0 2 3 12 
4 5 6 17 
3 5 23 32 
1 12 34 35 
0 4 11 18 
0 1 3 4 
12 18 23 35 
0 4 17 23 
0 12 17 32 
0 2 4 11 
5 11 12 17 
1 2 30 33 
6 23 31 35 
11 24 30 34 
0 17 18 24 
17 23 24 30 
2 24 30 31 
18 29 30 34 
4 18 24 35 
0 31 33 34 
0 2 3 17 
0 29 31 33 
5 18 24 34 
0 3 4 33 
2 18 30 32 
3 5 24 34 
2 24 30 32 
0 1 24 32 
6 11 32 35 
3 18 30 34 
0 18 29 31 
11 12 23 35 
0 4 11 24 
11 17 18 35 
0 11 17 24 
4 23 30 32 
0 2 4 33 
2 23 32 35 
1 12 24 35 
2 3 17 30 
0 11 17 32 
0 1 17 24 
1 5 29 31 
1 24 34 35 
23 30 31 34 
3 18 30 32 
18 23 33 35 
1 31 34 35 
0 1 2 3 
11 33 34 35 
1 30 31 34 
12 24 30 33 
18 24 30 33 
0 3 23 34 
0 4 29 31 
4 5 29 31 
4 11 29 35 
0 3 17 24 
3 5 11 24 
5 17 24 29 
5 17 23 24 
0 17 18 33 
1 11 33 35 
5 11 17 24 
0 23 32 33 
1 4 18 30 
0 4 18 33 
1 11 23 30 
3 17 23 30 
11 23 29 35 
0 3 18 31 
0 2 23 32 
12 31 33 35 
0 3 17 23 
2 5 11 33 
0 2 6 32 
1 5 29 32 
0 1 32 34 
2 5 6 31 
4 5 6 34 
2 4 6 35 
5 18 23 31 
24 29 30 31 
31 32 33 35 
5 11 23 24 
2 4 30 32 
0 2 3 24 
5 18 29 32 
2 11 12 30 
0 2 4 6 
0 18 29 34 
3 11 30 34 
0 6 23 34 
17 29 34 35 
1 12 32 35 
17 24 34 35 
0 17 29 32 
3 24 30 32 
12 29 30 32 
2 5 32 33 
0 3 32 34 
6 31 34 35 
5 12 23 31 
3 12 32 35 
0 3 12 31 
4 5 24 29 
0 1 31 34 
2 17 29 30 
6 24 29 35 
5 11 31 32 
0 3 18 24 
3 5 6 12 
6 17 30 34 
4 5 6 24 
0 2 6 11 
6 29 30 34 
12 29 33 35 
0 3 24 29 
0 4 6 32 
0 18 23 31 
1 3 17 30 
1 5 12 23 
2 3 11 35 
0 18 31 32 
0 2 29 33 
1 2 18 30 
0 2 18 24 
0 6 11 23 
4 6 17 30 
0 4 17 29 
5 12 18 23 
0 2 17 18 
0 4 23 29 
2 32 34 35 
1 18 24 35 
5 6 18 24 
6 11 30 34 
18 24 30 31 
0 2 18 33 
5 11 17 29 
0 2 23 31 
5 6 11 31 
5 31 32 33 
1 2 30 34 
12 17 18 30 
0 1 23 24 
2 23 30 32 
32 33 34 35 
5 24 31 33 
12 24 29 35 
0 3 4 31 
0 4 23 24 
3 4 5 29 
5 11 29 34 
4 11 29 30 
5 12 18 33 
4 29 32 35 
3 12 23 35 
17 18 31 35 
2 32 33 35 
5 23 29 31 
5 17 24 31 
23 29 31 35 
0 4 23 34 
11 24 29 35 
5 12 24 32 
0 1 24 34 
5 17 29 33 
4 17 24 30 
2 24 32 35 
0 1 2 34 
1 3 4 35 
4 5 24 33 
1 3 5 24 
5 24 33 34 
6 11 12 30 
0 1 24 31 
0 6 17 31 
1 17 30 34 
5 18 23 34 
4 32 33 35 
4 5 11 23 
0 2 18 23 
6 11 18 30 
4 11 30 32 
0 3 18 32 
18 24 30 34 
2 4 5 6 
0 2 3 32 
0 11 31 34 
11 12 29 35 
11 12 30 33 
5 6 18 23 
0 3 18 34 
3 6 17 30 
0 6 24 34 
0 23 29 33 
1 3 34 35 
3 5 18 33 
6 23 30 32 
1 2 5 34 
5 24 29 31 
2 23 24 35 
5 11 24 33 
2 3 23 35 
1 17 31 35 
2 12 24 30 
4 12 23 35 
1 5 11 33 
0 31 32 33 
2 12 31 35 
3 4 5 32 
1 18 29 35 
3 6 29 30 
1 24 30 33 
4 12 29 30 
0 4 32 34 
12 17 31 35 
0 6 29 33 
5 11 24 32 
1 3 31 35 
2 5 23 24 
5 12 23 33 
2 12 24 35 
4 5 12 23 
2 5 23 34 
2 30 31 33 
1 5 17 24 
5 17 31 34 
0 11 12 31 
5 6 31 33 
18 24 30 32 
0 6 18 33 
17 29 32 35 
3 5 18 32 
2 11 32 35 
5 11 24 31 
4 5 23 33 
3 18 30 33 
1 12 29 30 
5 11 12 34 
1 2 5 24 
12 17 24 30 
3 5 23 33 
0 1 2 17 
2 18 23 30 
6 31 33 35 
6 18 32 35 
3 18 24 35 
1 6 24 30 
1 4 33 35 
2 3 5 6 
4 5 18 32 
0 4 24 32 
12 24 34 35 
0 1 11 12 
1 3 6 35 
0 1 2 23 
0 11 18 31 
1 5 6 34 
3 5 24 31 
17 31 32 35 
1 2 24 35 
3 18 24 30 
1 17 18 35 
3 6 18 30 
1 24 30 34 
0 1 12 31 
1 5 24 34 
1 2 5 23 
1 3 5 23 
0 11 12 33 
1 2 5 29 
1 23 24 30 
5 11 24 29 
0 1 4 11 
24 30 32 34 
2 6 29 30 
3 24 30 34 
4 5 11 18 
12 30 32 33 
17 23 31 35 
6 30 32 34 
4 5 11 24 
5 6 11 18 
11 17 30 33 
0 2 11 32 
3 11 29 35 
5 17 18 29 
0 1 11 23 
0 23 31 34 
0 1 18 23 
0 17 31 32 
12 30 33 34 
2 11 29 30 
0 3 17 32 
1 2 24 30 
0 6 24 33 
0 1 3 24 
1 17 24 35 
5 6 12 18 
0 11 24 32 
0 4 17 32 
4 18 33 35 
0 2 17 24 
2 3 23 30 
6 23 32 35 
12 18 30 32 
5 23 31 34 
3 29 34 35 
11 18 30 32 
3 5 23 31 
11 12 30 34 
4 11 23 35 
5 11 23 29 
3 6 18 35 
6 12 17 35 
5 12 24 31 
2 5 6 33 
12 23 30 32 
0 1 3 31 
2 17 32 35 
0 4 6 34 
2 5 12 34 
0 3 6 18 
17 29 33 35 
2 29 31 35 
2 3 12 35 
1 4 5 18 
3 6 34 35 
2 5 12 17 
2 5 6 24 
5 11 12 24 
2 23 34 35 
5 12 31 33 
6 23 33 35 
0 1 18 29 
3 5 18 31 
4 17 33 35 
2 5 31 34 
1 5 31 32 
3 23 31 35 
3 18 29 30 
5 11 18 34 
1 5 11 24 
11 30 31 34 
2 33 34 35 
0 2 23 34 
5 6 18 29 
30 32 33 34 
4 17 30 33 
6 24 31 35 
2 6 18 35 
2 6 34 35 
2 5 29 32 
0 2 3 34 
0 2 4 17 
6 12 32 35 
4 6 29 35 
4 17 30 34 
11 18 30 33 
17 24 32 35 
4 24 30 34 
1 5 6 29 
0 24 29 33 
5 31 33 34 
5 6 11 23 
1 11 29 30 
23 29 30 34 
3 6 17 35 
0 4 32 33 
2 12 33 35 
4 17 31 35 
12 23 29 30 
0 3 23 32 
0 23 33 34 
2 24 30 33 
2 5 11 12 
0 18 24 32 
1 5 17 33 
4 12 30 31 
0 31 32 34 
6 23 29 35 
1 2 17 35 
4 6 18 35 
5 18 24 29 
0 6 12 23 
0 1 11 32 
1 11 17 35 
4 5 17 18 
0 4 31 33 
11 31 34 35 
2 6 30 32 
18 23 29 35 
0 29 33 34 
0 6 18 34 
2 5 6 34 
0 1 2 4 
1 5 23 24 
5 18 24 32 
0 3 24 32 
1 11 30 32 
2 5 12 29 
0 2 11 17 
0 4 17 31 
4 12 23 30 
0 2 11 29 
12 17 30 33 
1 6 32 35 
0 2 11 34 
3 6 24 30 
1 23 33 35 
3 11 23 30 
2 3 4 5 
0 4 18 23 
1 2 5 32 
5 11 24 34 
4 23 24 35 
5 17 31 32 
11 24 33 35 
1 3 5 32 
3 4 5 12 
1 29 30 33 
2 3 5 18 
3 4 30 33 
0 6 18 32 
0 17 32 34 
5 29 31 32 
0 1 24 29 
0 2 17 32 
6 12 29 30 
1 3 12 35 
0 6 32 34 
5 6 12 24 
5 11 32 33 
0 3 4 17 
0 4 11 29 
5 12 24 29 
1 23 30 31 
1 24 32 35 
4 24 34 35 
2 4 23 35 
6 29 30 31 
2 18 23 35 
0 18 24 34 
0 4 12 18 
1 5 12 17 
0 1 11 18 
5 6 29 31 
4 5 6 33 
5 17 29 32 
1 3 5 17 
12 23 32 35 
0 12 33 34 
0 4 23 33 
5 11 29 31 
0 2 3 31 
4 5 24 31 
2 23 30 33 
1 4 18 35 
5 11 12 31 
4 18 23 35 
0 3 31 34 
3 4 29 35 
2 3 12 30 
3 23 29 35 
17 29 30 31 
1 2 6 35 
0 2 4 12 
12 23 30 34 
3 17 18 30 
5 29 32 33 
4 18 24 30 
4 11 17 35 
1 6 30 32 
5 24 32 34 
2 18 34 35 
3 5 11 31 
3 24 30 31 
5 12 29 31 
0 1 4 6 
2 5 23 31 
0 17 24 31 
0 1 23 34 
1 4 29 35 
0 11 18 33 
2 17 30 33 
5 12 29 34 
0 1 4 31 
0 12 29 32 
0 2 32 34 
11 32 33 35 
3 5 11 23 
0 3 6 34 
0 1 12 29 
0 3 4 24 
0 18 23 32 
5 11 17 31 
0 1 4 23 
11 12 32 35 
5 12 23 29 
3 23 30 31 
0 2 23 29 
6 30 31 32 
4 30 31 32 
3 5 6 18 
11 17 18 30 
4 5 12 31 
1 2 6 30 
2 5 23 32 
12 17 30 32 
1 5 18 24 
3 29 32 35 
0 2 24 29 
1 5 23 33 
11 18 24 35 
12 23 29 35 
2 5 18 34 
0 12 23 34 
1 4 12 35 
5 23 29 34 
3 5 17 33 
3 6 30 34 
11 30 32 34 
6 23 24 30 
4 5 18 33 
12 33 34 35 
3 4 18 30 
0 3 6 23 
0 12 17 18 
18 23 29 30 
0 1 6 24 
0 6 11 34 
0 4 11 33 
0 1 12 17 
2 3 5 33 
0 2 3 11 
17 18 23 35 
4 24 30 33 
4 5 6 32 
0 18 31 34 
5 6 17 18 
2 6 23 30 
2 17 30 34 
4 5 17 23 
1 6 30 33 
5 23 24 32 
11 17 24 30 
2 4 12 35 
0 12 17 29 
5 6 18 32 
2 5 24 29 
11 18 33 35 
0 4 18 31 
4 12 24 35 
18 24 34 35 
18 30 32 33 
29 30 31 34 
11 31 33 35 
0 1 11 24 
3 30 31 32 
12 31 34 35 
11 17 24 35 
1 6 29 30 
11 23 32 35 
2 23 33 35 
1 18 23 30 
3 5 18 34 
0 3 12 32 
4 24 32 35 
3 5 29 31 
0 11 12 24 
5 6 29 33 
3 17 30 32 
2 3 30 34 
30 31 32 33 
4 11 18 35 
4 6 29 30 
18 29 34 35 
5 6 17 32 
3 6 30 31 
4 23 29 35 
6 24 33 35 
4 33 34 35 
3 31 34 35 
4 30 33 34 
0 3 12 23 
0 4 33 34 
6 30 31 33 
0 6 12 18 
0 23 24 32 
1 29 30 32 
2 12 18 30 
0 18 23 34 
0 3 12 34 
0 2 11 12 
6 11 29 30 
5 24 32 33 
3 5 17 34 
0 12 17 23 
6 11 23 30 
4 11 24 30 
0 6 23 33 
4 5 12 34 
11 23 24 30 
2 3 5 23 
12 18 34 35 
2 5 31 33 
0 11 23 32 
3 12 31 35 
0 2 4 18 
17 23 32 35 
0 23 32 34 
2 12 29 30 
0 11 29 32 
3 11 30 33 
3 5 6 32 
1 3 23 35 
0 12 23 33 
0 1 18 24 
18 31 34 35 
3 17 30 33 
4 12 31 35 
2 11 30 33 
0 1 23 29 
0 4 11 31 
2 29 30 31 
5 11 23 32 
5 6 17 34 
18 23 34 35 
2 4 18 35 
12 17 34 35 
3 24 32 35 
0 6 12 34 
1 17 33 35 
1 5 32 34 
3 11 17 35 
1 2 5 12 
17 18 30 33 
0 2 6 31 
1 23 30 34 
3 11 18 35 
12 17 30 34 
4 12 34 35 
0 3 11 18 
3 4 5 31 
0 3 11 12 
5 6 12 34 
2 5 17 18 
0 2 33 34 
12 24 30 31 
3 4 5 11 
0 6 11 33 
3 23 29 30 
17 29 30 34 
0 6 24 29 
0 11 23 31 
2 5 17 33 
0 4 6 23 
0 1 6 32 
2 3 31 35 
12 29 31 35 
3 5 12 32 
18 23 30 33 
2 11 31 35 
12 18 32 35 
24 30 31 32 
5 18 33 34 
0 1 2 31 
17 33 34 35 
11 23 30 32 
2 5 18 24 
4 23 30 34 
3 6 11 35 
0 2 4 24 
0 4 18 32 
0 17 24 33 
18 29 30 31 
3 11 24 30 
6 23 30 34 
24 32 34 35 
2 11 30 34 
0 1 3 11 
5 17 32 33 
6 18 33 35 
0 1 4 33 
24 31 34 35 
5 6 11 34 
0 6 17 34 
2 5 18 31 
3 17 29 35 
0 4 18 29 
17 18 29 30 
5 6 18 34 
1 4 23 30 
2 5 17 34 
3 4 5 17 
2 3 4 30 
12 18 30 33 
4 30 32 34 
0 4 12 32 
1 11 12 30 
0 18 31 33 
4 5 24 32 
11 18 30 34 
0 4 6 29 
5 6 12 32 
17 30 32 34 
3 4 6 35 
0 6 18 31 
3 4 18 35 
0 1 2 29 
5 6 33 34 
2 12 29 35 
0 3 17 34 
2 4 30 31 
0 11 17 34 
17 29 30 33 
11 23 24 35 
2 18 30 33 
2 12 32 35 
1 18 23 35 
3 5 12 24 
0 4 11 32 
0 12 23 24 
3 18 23 35 
3 5 17 31 
18 30 31 34 
1 4 5 24 
1 2 5 31 
2 5 18 32 
0 2 3 4 
23 24 29 30 
17 23 30 31 
24 30 32 33 
0 6 29 34 
2 5 29 34 
1 12 23 35 
1 6 17 30 
0 23 31 33 
0 11 18 23 
3 6 31 35 
0 6 12 17 
0 4 31 34 
2 11 18 30 
0 4 24 29 
6 12 18 35 
2 6 30 34 
0 2 12 29 
3 12 30 31 
4 6 30 31 
2 11 34 35 
5 18 32 34 
3 4 12 30 
1 5 6 11 
0 1 3 6 
0 2 4 31 
4 6 30 34 
5 12 17 18 
0 2 11 31 
1 6 24 35 
18 29 31 35 
17 24 30 33 
0 3 6 31 
5 12 29 33 
24 30 31 34 
6 33 34 35 
3 18 29 35 
6 11 17 30 
0 1 3 34 
5 6 11 33 
2 5 12 23 
0 3 6 32 
0 24 32 34 
3 5 12 23 
0 17 18 23 
2 17 30 32 
2 17 23 35 
1 4 5 34 
1 11 18 30 
6 24 30 34 
18 24 29 35 
1 4 5 29 
0 6 23 29 
0 1 4 34 
0 12 18 29 
1 18 24 30 
0 2 23 24 
0 4 12 17 
2 24 31 35 
18 24 32 35 
5 11 32 34 
1 5 23 31 
29 30 33 34 
3 23 33 35 
5 6 12 29 
2 4 33 35 
0 3 17 31 
5 12 23 34 
1 3 18 30 
1 5 17 29 
1 17 30 32 
0 2 29 31 
4 6 12 30 
0 6 31 32 
4 6 33 35 
0 1 23 33 
0 11 23 33 
2 3 17 35 
5 11 31 33 
11 30 31 33 
1 5 24 31 
0 12 18 33 
6 11 24 30 
2 30 33 34 
2 6 24 35 
4 5 17 24 
1 11 17 30 
6 24 32 35 
3 23 30 32 
24 33 34 35 
2 3 5 32 
2 18 31 35 
3 4 5 34 
6 18 24 35 
1 5 17 18 
0 1 23 31 
30 31 33 34 
18 23 30 32 
0 11 31 32 
1 4 12 30 
0 1 4 24 
1 5 18 23 
3 5 6 24 
0 24 33 34 
2 11 17 30 
24 29 30 34 
17 24 33 35 
17 23 30 33 
2 5 17 32 
17 18 29 35 
2 23 30 31 
4 31 32 35 
2 5 32 34 
2 5 29 31 
0 2 11 33 
5 6 29 34 
1 5 12 24 
3 6 30 33 
0 1 4 18 
0 6 18 24 
11 23 34 35 
4 18 29 35 
1 4 5 6 
0 4 11 23 
1 33 34 35 
12 18 24 35 
5 6 17 29 
0 6 12 29 
2 4 5 29 
5 17 18 31 
1 4 30 34 
5 29 31 33 
0 3 23 33 
6 12 30 33 
1 5 23 34 
3 29 30 33 
6 12 23 35 
0 2 17 29 
5 18 31 34 
1 2 33 35 
0 29 32 33 
3 12 24 30 
2 3 5 29 
0 23 31 32 
0 3 11 32 
0 18 32 33 
2 12 30 33 
3 6 33 35 
17 30 31 32 
6 18 23 30 
0 1 31 33 
3 5 17 29 
0 3 17 29 
5 29 32 34 
4 5 12 33 
2 4 5 23 
0 1 17 32 
2 11 23 35 
0 1 3 12 
3 12 30 34 
6 11 30 32 
0 3 18 33 
0 6 29 31 
0 4 6 11 
5 6 23 29 
0 29 31 34 
5 12 17 32 
1 4 5 33 
2 4 17 35 
5 6 23 34 
11 12 31 35 
11 18 31 35 
18 23 30 34 
0 1 29 32 
0 17 29 34 
11 12 30 32 
1 4 31 35 
5 17 18 24 
2 6 11 35 
2 12 18 35 
0 3 12 24 
1 4 23 35 
1 3 30 31 
3 4 5 6 
5 17 23 33 
1 29 31 35 
0 1 6 34 
0 1 6 11 
4 17 29 35 
5 29 31 34 
4 5 18 29 
11 17 33 35 
3 4 34 35 
1 2 5 6 
2 6 17 30 
0 4 12 24 
4 18 30 31 
1 6 12 30 
23 24 32 35 
1 2 4 35 
0 2 32 33 
2 12 23 35 
0 12 18 34 
0 2 24 34 
1 5 17 34 
11 24 30 32 
2 12 30 31 
23 33 34 35 
6 12 30 32 
1 4 6 35 
3 29 33 35 
3 5 11 33 
4 17 29 30 
1 2 29 30 
0 29 31 32 
6 12 24 30 
0 6 11 24 
0 18 24 33 
17 24 29 35 
5 12 23 32 
3 31 32 35 
17 29 30 32 
12 23 30 33 
2 17 18 35 
4 5 32 34 
3 5 23 34 
1 5 11 23 
3 12 29 35 
0 12 18 32 
2 4 5 33 
0 17 18 29 
1 3 5 31 
11 18 23 30 
4 23 30 33 
4 17 18 30 
5 12 29 32 
17 32 33 35 
0 12 17 31 
12 23 31 35 
6 17 30 31 
4 5 31 33 
6 24 30 32 
2 3 5 17 
1 3 24 30 
11 29 31 35 
0 2 11 23 
2 5 31 32 
5 23 29 32 
2 17 33 35 
11 23 30 33 
11 23 33 35 
4 5 12 17 
2 5 17 29 
29 30 31 33 
3 17 30 34 
12 24 33 35 
12 17 33 35 
5 11 18 32 
4 30 31 33 
0 24 29 31 
4 18 34 35 
0 4 6 17 
6 18 34 35 
5 11 12 23 
0 12 31 34 
4 30 31 34 
11 12 23 30 
11 24 32 35 
0 2 4 23 
0 2 12 24 
5 6 29 32 
5 6 11 17 
1 17 29 30 
4 6 31 35 
5 11 23 31 
2 4 5 18 
2 3 30 32 
3 6 23 35 
0 1 2 33 
1 3 18 35 
12 18 29 35 
3 5 11 17 
2 6 30 33 
5 11 12 33 
2 23 29 30 
0 2 12 34 
5 6 24 33 
23 29 30 33 
3 5 6 17 
0 3 29 32 
1 17 24 30 
1 6 31 35 
1 4 11 30 
2 11 29 35 
3 23 30 33 
0 4 12 34 
2 3 34 35 
4 5 32 33 
4 5 17 31 
0 12 17 24 
11 12 29 30 
5 23 32 34 
3 5 11 18 
17 23 33 35 
5 17 33 34 
17 30 32 33 
1 5 12 34 
0 2 17 33 
4 24 31 35 
4 18 30 34 
0 1 29 33 
3 18 32 35 
3 6 23 30 
3 23 24 30 
11 31 32 35 
0 2 12 33 
1 6 30 31 
0 4 12 23 
12 24 29 30 
1 3 4 5 
5 6 17 24 
0 4 11 17 
0 1 2 11 
2 11 30 31 
23 29 30 32 
2 24 30 34 
4 17 18 35 
2 5 6 32 
2 5 11 18 
5 17 32 34 
0 23 24 34 
1 5 12 29 
0 1 4 29 
0 1 11 29 
23 32 33 35 
0 3 12 33 
23 24 30 33 
0 3 6 17 
1 2 30 32 
3 12 24 35 
0 3 31 33 
0 4 29 33 
1 11 12 35 
0 2 3 6 
0 11 18 32 
2 3 11 30 
3 5 6 11 
0 3 12 17 
4 5 11 12 
0 12 23 31 
11 30 32 33 
3 30 31 34 
0 2 4 32 
1 2 3 5 
11 12 33 35 
1 11 24 30 
1 3 6 30 
1 29 33 35 
0 17 29 33 
4 6 32 35 
5 6 11 32 
1 5 29 34 
0 11 12 34 
0 4 24 34 
1 4 32 35 
4 11 17 30 
0 2 18 31 
17 18 24 30 
2 5 12 33 
3 5 24 32 
3 4 23 30 
3 30 32 34 
4 11 30 34 
1 18 30 32 
6 12 30 34 
3 5 18 23 
1 4 5 31 
0 12 29 31 
5 12 24 33 
1 5 18 32 
5 6 24 32 
6 17 18 30 
3 4 17 35 
3 18 23 30 
0 24 32 33 
0 17 23 24 
1 2 18 35 
2 5 11 24 
0 1 12 32 
5 17 24 33 
4 5 6 23 
17 30 31 34 
4 5 18 31 
1 4 6 30 
3 5 32 34 
0 6 18 29 
1 4 24 35 
6 18 30 31 
0 3 24 31 
2 23 24 30 
0 18 29 33 
1 5 6 12 
2 18 32 35 
3 6 30 32 
1 3 17 35 
2 6 12 30 
0 2 3 29 
3 4 33 35 
5 12 33 34 
11 23 31 35 
1 18 31 35 
11 29 32 35 
11 17 30 32 
0 3 24 33 
4 12 18 30 
2 4 11 35 
1 5 18 33 
1 3 11 30 
5 12 17 29 
1 4 5 12 
0 18 29 32 
2 24 29 35 
4 5 29 33 
0 1 6 12 
6 18 30 34 
1 6 23 30 
2 18 30 34 
23 24 29 35 
1 31 32 35 
0 17 23 33 
0 2 4 34 
23 29 33 35 
5 18 29 31 
0 3 29 31 
3 23 32 35 
0 1 2 24 
3 6 29 35 
2 29 33 35 
3 5 6 31 
0 3 29 33 
11 18 24 30 
1 3 5 33 
2 4 31 35 
4 23 31 35 
0 18 33 34 
0 12 24 34 
4 17 24 35 
6 12 17 30 
1 2 12 35 
18 29 32 35 
1 4 17 35 
29 31 32 35 
4 17 30 31 
1 5 32 33 
11 24 29 30 
0 12 31 33 
0 4 6 12 
5 6 11 24 
4 5 18 34 
5 18 23 33 
4 17 34 35 
5 11 17 34 
4 17 32 35 
0 12 24 31 
5 29 33 34 
0 4 17 33 
1 23 29 30 
1 29 30 34 
4 23 24 30 
12 23 34 35 
1 3 5 29 
2 12 23 30 
6 11 30 31 
0 12 17 34 
0 1 18 32 
1 4 30 31 
3 31 33 35 
3 30 32 33 
4 12 30 34 
5 12 18 29 
12 18 23 30 
6 17 29 35 
4 5 6 29 
3 5 11 34 
3 11 34 35 
11 17 30 31 
1 12 29 35 
0 4 6 24 
0 11 18 24 
3 5 17 32 
2 30 31 32 
1 6 34 35 
0 2 6 12 
0 6 23 32 
1 3 30 32 
1 6 23 35 
3 5 33 34 
12 24 30 32 
1 5 11 29 
2 6 29 35 
1 6 29 35 
1 3 24 35 
1 30 31 32 
0 3 6 33 
1 3 30 34 
0 11 32 33 
0 2 29 32 
4 5 11 17 
4 6 30 32 
3 4 11 30 
17 23 30 34 
5 17 18 33 
11 17 29 30 
4 5 33 34 
2 4 5 24 
11 12 34 35 
3 4 30 31 
1 18 30 34 
1 2 23 35 
5 6 18 33 
18 32 33 35 
0 6 24 32 
4 6 34 35 
0 18 23 29 
17 29 31 35 
1 11 30 31 
4 30 32 33 
29 33 34 35 
4 6 23 30 
5 23 31 33 
1 31 33 35 
2 5 6 12 
2 11 12 35 
1 5 11 17 
0 2 6 34 
23 24 33 35 
1 4 34 35 
0 11 29 31 
1 12 31 35 
1 3 33 35 
0 11 17 29 
0 6 12 31 
12 23 30 31 
2 5 12 18 
31 33 34 35 
1 23 31 35 
1 5 6 24 
1 12 17 30 
0 11 17 33 
2 30 31 34 
1 24 30 32 
4 5 17 32 
0 3 17 18 
5 12 17 33 
2 17 23 30 
0 4 23 32 
11 12 24 30 
2 4 17 30 
6 12 34 35 
3 5 12 17 
0 12 24 32 
1 23 24 35 
6 24 29 30 
0 6 17 32 
1 11 30 34 
3 5 12 18 
0 6 17 18 
1 24 31 35 
1 3 32 35 
0 1 17 23 
3 4 29 30 
18 31 33 35 
2 3 30 33 
5 17 23 31 
2 12 30 34 
4 11 34 35 
1 12 33 35 
2 31 33 35 
1 5 6 18 
23 24 30 34 
3 11 17 30 
0 12 23 29 
1 3 29 30 
0 6 24 31 
18 24 29 30 
3 6 12 30 
6 30 31 34 
0 11 12 23 
0 11 24 34 
2 11 18 35 
0 11 23 24 
1 23 30 33 
3 29 31 35 
0 1 2 12 
5 31 32 34 
2 5 11 34 
3 12 18 30 
0 32 33 34 
12 18 33 35 
3 5 6 23 
29 30 31 32 
0 11 12 29 
1 17 29 35 
12 18 29 30 
5 12 31 34 
12 24 32 35 
0 12 24 29 
4 6 23 35 
12 30 32 34 
4 29 30 33 
11 24 31 35 
4 12 32 35 
5 6 12 33 
5 11 33 34 
5 6 23 24 
5 6 11 12 
23 24 30 31 
5 24 29 34 
0 23 24 33 
11 12 18 35 
0 3 12 18 
3 4 6 30 
4 5 31 34 
0 17 23 34 
1 24 30 31 
3 5 24 29 
6 18 31 35 
2 3 5 31 
1 5 11 32 
1 3 5 18 
4 5 12 24 
1 18 29 30 
5 18 31 33 
2 29 32 35 
0 1 12 18 
1 2 5 17 
0 18 24 31 
0 11 24 29 
0 2 18 34 
5 11 18 31 
1 5 24 32 
23 29 34 35 
1 5 17 23 
0 4 24 33 
1 5 18 34 
0 6 11 12 
5 12 17 34 
4 24 30 31 
23 30 32 33 
0 3 4 34 
3 4 30 32 
24 32 33 35 
5 18 24 31 
1 23 30 32 
4 11 24 35 
1 18 34 35 
2 6 31 35 
6 12 29 35 
0 3 4 11 
1 2 29 35 
2 18 24 30 
18 29 30 32 
