8 18 30 33 
11 23 26 30 
5 11 20 24 
3 9 34 35 
6 8 18 30 
0 4 22 32 
2 12 25 35 
3 24 27 35 
6 10 12 35 
4 8 30 31 
12 26 30 31 
12 21 29 35 
18 28 30 31 
0 6 10 34 
0 1 12 22 
0 13 24 29 
1 28 29 35 
0 2 19 29 
16 18 24 30 
2 3 5 15 
7 11 30 32 
0 10 12 32 
6 7 30 33 
23 25 30 31 
5 18 21 24 
14 17 24 30 
0 2 24 25 
1 7 29 30 
1 23 25 35 
1 12 13 35 
6 15 31 35 
2 3 8 30 
3 5 10 32 
2 5 10 33 
0 6 9 18 
0 6 27 31 
1 8 30 34 
4 5 19 32 
26 32 34 35 
5 6 7 34 
0 8 23 34 
3 10 30 34 
6 14 34 35 
0 18 27 33 
1 7 18 35 
18 27 29 35 
0 2 27 34 
4 17 26 30 
4 21 30 31 
6 7 30 34 
5 25 29 34 
1 5 18 25 
0 2 21 34 
3 5 10 18 
23 28 29 30 
5 6 13 18 
5 7 29 32 
4 8 34 35 
0 2 6 27 
9 23 30 31 
5 20 24 33 
6 16 33 35 
0 6 16 18 
5 17 18 27 
5 6 26 29 
28 29 30 32 
0 6 9 17 
0 22 23 24 
4 12 19 30 
1 5 13 18 
0 18 24 27 
13 18 24 35 
2 12 27 35 
20 23 29 35 
6 15 18 35 
8 29 30 34 
2 27 34 35 
4 7 30 33 
11 17 19 30 
1 5 15 18 
3 5 12 15 
0 6 18 20 
9 11 29 30 
3 26 34 35 
5 20 23 31 
19 23 30 32 
3 5 17 26 
0 13 23 29 
1 5 23 27 
0 2 3 26 
11 17 26 30 
5 16 23 32 
1 4 5 22 
0 3 13 31 
0 11 28 31 
2 13 23 35 
1 10 33 35 
21 29 34 35 
22 31 34 35 
0 4 10 34 
2 4 5 8 
17 22 29 35 
4 5 7 23 
0 4 7 32 
13 17 23 30 
4 5 10 31 
6 16 34 35 
3 22 31 35 
0 2 8 29 
22 24 30 33 
6 22 24 35 
12 17 21 30 
9 12 17 30 
5 8 12 34 
2 21 30 34 
13 29 33 35 
2 5 10 11 
18 26 30 34 
5 8 29 32 
2 16 17 35 
1 7 34 35 
15 32 34 35 
9 23 30 34 
5 6 7 32 
16 24 32 35 
11 21 30 34 
11 15 24 30 
19 24 29 30 
3 11 15 35 
6 9 23 35 
1 3 14 35 
0 24 28 33 
5 11 25 32 
3 28 33 35 
1 10 12 35 
5 16 23 24 
0 11 14 31 
6 9 18 30 
4 9 12 35 
5 7 11 17 
1 3 28 35 
0 26 29 32 
0 1 3 8 
0 11 19 34 
5 6 21 32 
5 9 32 34 
0 1 12 16 
0 3 26 32 
1 10 24 35 
3 4 5 27 
2 5 23 25 
12 21 30 34 
12 14 18 35 
5 24 28 31 
12 14 33 35 
5 7 32 34 
11 15 23 30 
0 9 18 34 
1 8 24 30 
0 1 6 20 
5 11 28 29 
13 29 30 34 
5 13 18 31 
2 11 21 35 
3 22 24 35 
1 5 28 33 
5 6 12 13 
0 2 7 31 
5 8 17 18 
11 21 33 35 
6 27 30 33 
0 2 12 15 
0 11 19 32 
2 4 16 30 
5 8 18 23 
5 12 18 19 
1 13 30 31 
6 15 30 33 
2 21 23 35 
12 27 30 32 
0 10 24 31 
5 12 27 29 
22 29 30 33 
4 5 17 27 
12 24 27 30 
5 21 24 33 
2 3 19 30 
0 11 23 26 
0 16 18 24 
3 15 30 31 
0 1 17 20 
12 19 34 35 
16 17 31 35 
1 4 5 20 
10 29 31 35 
3 7 31 35 
3 5 7 11 
11 16 17 30 
6 12 22 30 
4 6 26 35 
5 11 14 32 
2 12 21 30 
3 21 31 35 
5 12 13 34 
3 12 27 30 
21 31 32 35 
12 26 33 35 
24 27 34 35 
3 12 19 30 
16 23 24 30 
5 18 19 31 
0 6 18 25 
6 23 27 30 
4 5 10 12 
3 5 28 33 
11 12 19 30 
11 13 30 32 
25 29 31 35 
3 19 29 30 
12 20 29 30 
0 4 12 16 
0 10 31 32 
3 5 14 23 
2 5 11 21 
0 28 29 31 
3 11 20 30 
1 21 30 31 
2 22 24 35 
4 12 19 35 
5 7 18 29 
18 19 30 34 
0 4 6 7 
0 6 19 32 
0 4 26 29 
0 17 20 29 
2 27 30 32 
0 17 25 29 
2 4 10 30 
5 18 19 34 
4 17 25 35 
9 12 30 34 
5 16 24 33 
1 18 27 30 
2 5 11 14 
17 21 23 30 
8 17 33 35 
2 22 23 35 
20 30 31 34 
2 3 5 22 
0 1 22 29 
7 12 29 30 
1 9 30 31 
0 1 11 19 
5 13 24 32 
2 15 24 30 
11 15 34 35 
4 21 31 35 
2 9 31 35 
0 18 22 32 
2 5 26 32 
2 21 31 35 
7 17 29 30 
0 11 18 28 
5 8 17 29 
2 10 31 35 
0 6 21 23 
12 15 23 35 
12 13 30 32 
2 24 28 35 
11 12 13 35 
11 22 30 34 
0 4 21 24 
3 5 15 34 
26 29 30 34 
15 18 32 35 
2 28 32 35 
3 5 21 31 
1 12 19 30 
0 6 17 19 
5 12 14 34 
0 1 18 25 
0 12 25 32 
2 5 6 13 
3 17 26 35 
5 11 24 25 
19 23 30 34 
12 14 30 33 
4 5 15 33 
0 4 9 12 
6 13 30 34 
23 24 27 35 
4 8 11 30 
4 7 23 35 
11 20 33 35 
16 17 33 35 
5 8 12 17 
20 29 30 34 
1 5 11 13 
5 18 20 31 
10 24 32 35 
0 10 33 34 
18 20 30 33 
2 3 19 35 
0 21 24 32 
0 4 18 25 
0 2 23 25 
16 17 29 35 
0 23 28 31 
1 19 24 30 
3 5 7 24 
5 23 25 33 
2 5 8 24 
6 13 24 30 
5 8 17 34 
24 28 30 34 
6 27 34 35 
1 4 28 30 
0 3 22 33 
8 30 31 34 
1 5 17 19 
0 12 18 25 
3 5 8 29 
0 10 12 17 
4 14 24 30 
3 5 6 7 
5 9 17 33 
15 17 23 35 
17 19 23 35 
1 7 23 30 
6 7 12 35 
5 13 29 32 
5 17 22 24 
2 4 13 35 
1 4 20 35 
4 14 30 34 
11 17 19 35 
4 5 22 31 
3 5 9 34 
2 5 10 34 
0 9 11 32 
3 5 16 31 
1 2 7 30 
16 23 30 31 
18 23 27 30 
9 18 29 30 
1 11 28 30 
6 10 23 30 
0 1 2 10 
0 1 28 34 
0 16 23 31 
4 5 22 34 
5 12 15 24 
4 12 15 35 
0 6 14 34 
6 10 24 35 
0 3 9 29 
1 4 7 35 
0 1 25 29 
1 5 18 20 
11 18 22 30 
3 22 32 35 
0 8 17 23 
5 9 17 18 
0 7 18 34 
5 6 9 17 
23 26 29 35 
1 12 27 35 
5 20 23 24 
0 18 19 32 
5 12 22 34 
0 2 15 34 
13 32 33 35 
18 22 24 35 
0 11 22 31 
12 28 30 33 
0 4 23 25 
1 2 16 30 
3 5 13 33 
2 5 8 11 
3 5 21 23 
9 18 33 35 
5 6 10 12 
1 5 10 18 
3 23 28 30 
1 10 11 30 
22 33 34 35 
10 23 31 35 
12 18 20 35 
0 3 10 24 
1 21 29 30 
24 28 29 35 
2 5 7 11 
5 19 23 32 
0 4 6 8 
4 20 23 30 
23 27 29 30 
0 17 20 32 
2 5 18 26 
5 19 24 33 
0 2 28 31 
4 6 20 35 
6 17 28 30 
0 6 15 17 
4 10 17 30 
0 8 18 33 
23 26 30 31 
1 10 24 30 
4 27 33 35 
5 15 32 33 
0 4 22 29 
4 5 19 34 
1 11 19 30 
0 2 9 29 
0 4 12 26 
0 18 20 34 
0 6 7 31 
2 14 30 33 
5 11 17 28 
0 19 23 33 
2 13 30 32 
0 9 17 33 
3 5 11 25 
0 2 7 18 
0 4 12 19 
5 7 12 17 
0 6 26 33 
0 18 26 32 
4 12 13 35 
5 23 25 31 
5 17 21 23 
0 8 12 18 
5 20 23 33 
26 31 33 35 
5 24 27 29 
0 15 17 33 
0 7 24 34 
9 12 23 30 
2 6 10 35 
1 4 16 35 
1 28 33 35 
2 5 27 29 
0 1 11 16 
0 11 21 29 
5 16 23 31 
2 19 34 35 
5 6 16 18 
0 1 17 19 
1 9 32 35 
0 4 11 15 
3 20 30 33 
3 6 28 35 
4 6 14 35 
1 19 30 34 
2 13 30 34 
0 4 6 27 
0 4 23 28 
2 16 17 30 
0 4 6 15 
6 17 20 35 
1 5 16 18 
2 17 28 35 
2 14 31 35 
2 4 27 30 
0 4 8 34 
5 14 17 18 
5 6 11 14 
5 6 12 25 
4 5 6 14 
1 22 29 35 
8 23 24 30 
0 24 25 33 
1 19 30 31 
1 8 11 30 
4 23 27 30 
9 30 31 32 
5 10 11 24 
17 26 30 34 
3 5 14 33 
11 23 28 35 
5 22 32 33 
5 13 23 31 
3 5 11 21 
3 20 23 30 
13 23 30 31 
1 8 32 35 
12 27 33 35 
0 2 22 24 
2 6 13 35 
0 2 28 29 
0 24 26 29 
10 18 30 33 
4 18 26 35 
6 16 18 30 
4 14 17 30 
14 18 32 35 
0 17 19 31 
3 4 25 35 
4 5 17 26 
0 17 28 32 
1 2 21 30 
0 18 21 31 
1 5 6 13 
0 2 6 22 
1 5 10 33 
13 17 29 35 
22 23 33 35 
4 7 30 34 
4 23 26 30 
5 6 25 32 
4 5 8 29 
0 2 3 19 
0 14 32 33 
6 21 33 35 
26 29 32 35 
0 20 31 33 
0 12 15 32 
3 19 30 32 
3 4 28 30 
3 21 30 34 
16 29 31 35 
0 1 8 24 
0 3 17 27 
0 6 28 32 
0 15 18 32 
1 8 24 35 
2 16 23 35 
1 25 30 33 
5 11 15 29 
0 6 21 24 
11 15 17 30 
12 23 27 35 
1 26 34 35 
5 6 10 33 
5 11 18 20 
1 4 5 19 
0 9 29 32 
17 21 30 32 
0 8 17 24 
3 16 17 35 
11 27 29 35 
23 26 33 35 
10 29 32 35 
0 6 12 27 
3 4 8 35 
3 12 25 35 
4 15 31 35 
2 27 30 34 
2 5 13 29 
1 3 5 26 
0 20 33 34 
0 11 19 29 
2 17 19 30 
4 12 15 30 
1 5 25 32 
3 4 8 30 
12 17 27 30 
0 7 24 31 
2 13 17 30 
5 12 20 23 
0 8 11 23 
26 30 32 33 
3 13 30 33 
14 17 30 33 
4 7 11 30 
17 21 29 35 
0 6 11 27 
1 26 33 35 
0 18 28 31 
1 9 34 35 
4 11 15 35 
0 1 13 24 
3 7 11 35 
5 20 29 32 
17 25 34 35 
1 3 9 35 
5 12 15 32 
2 10 18 30 
11 27 30 31 
0 1 26 34 
3 8 31 35 
18 19 34 35 
6 19 30 34 
6 22 24 30 
2 4 26 30 
0 10 31 34 
2 13 18 35 
5 9 24 33 
9 11 18 30 
13 24 30 32 
2 5 20 34 
1 13 30 34 
5 6 21 31 
9 17 29 35 
0 11 19 31 
0 12 15 34 
3 9 23 30 
10 17 24 30 
1 26 30 34 
4 18 22 35 
10 11 29 35 
5 6 13 29 
10 30 33 34 
22 23 30 32 
0 6 8 32 
9 23 34 35 
3 23 27 30 
0 3 10 17 
7 30 32 34 
4 18 20 30 
0 18 19 24 
2 20 23 30 
2 3 26 30 
12 21 23 35 
21 24 29 30 
3 17 25 35 
5 11 17 21 
0 11 14 17 
3 12 25 30 
5 11 19 32 
1 3 19 35 
12 15 31 35 
3 7 24 35 
16 17 30 33 
0 14 18 23 
4 12 20 35 
0 1 4 13 
0 15 24 34 
3 11 28 30 
0 2 4 22 
10 12 31 35 
14 31 34 35 
5 13 32 34 
5 10 23 32 
3 5 10 17 
0 22 31 33 
6 7 17 30 
6 17 22 30 
6 25 29 30 
17 18 20 35 
5 10 29 31 
0 18 20 32 
7 11 17 30 
2 7 11 30 
0 21 29 32 
0 12 17 28 
4 5 14 33 
2 6 26 30 
1 15 34 35 
0 7 17 24 
3 5 17 25 
21 23 30 34 
5 8 23 24 
0 3 25 34 
0 15 18 29 
11 16 17 35 
12 16 18 35 
0 2 4 13 
5 13 23 33 
0 3 17 19 
3 4 27 30 
2 14 23 30 
1 5 6 26 
0 3 13 29 
9 18 24 35 
0 11 19 24 
3 6 26 30 
8 17 31 35 
6 22 23 35 
1 7 30 34 
5 6 20 34 
17 28 34 35 
3 5 7 33 
5 14 23 24 
13 29 30 31 
11 14 30 33 
4 5 18 25 
0 1 3 15 
11 20 29 30 
5 19 23 34 
0 9 17 31 
2 5 7 33 
3 24 28 35 
7 17 18 30 
1 14 33 35 
6 7 24 35 
17 22 30 32 
4 6 14 30 
0 7 11 31 
6 12 20 30 
4 19 31 35 
0 4 16 17 
6 24 25 30 
0 6 9 23 
26 30 31 32 
2 15 30 33 
0 11 27 32 
3 19 29 35 
4 5 27 34 
1 24 25 30 
5 18 23 27 
9 31 33 35 
0 1 6 16 
3 18 25 35 
4 5 13 32 
11 21 30 33 
0 6 16 32 
4 5 9 31 
3 17 19 35 
8 11 31 35 
0 2 22 33 
4 19 24 35 
1 7 17 30 
4 26 30 33 
5 23 28 29 
9 18 30 31 
5 21 23 32 
3 6 9 30 
3 16 18 30 
0 2 3 22 
2 24 26 35 
5 11 15 32 
3 22 33 35 
8 18 23 30 
24 25 29 30 
18 22 23 35 
0 6 28 29 
2 12 13 30 
5 14 33 34 
1 11 16 30 
10 17 30 31 
10 32 34 35 
0 2 16 18 
17 21 34 35 
17 25 32 35 
5 28 29 33 
0 25 29 34 
12 15 30 31 
5 23 26 32 
3 5 12 14 
0 3 15 17 
1 12 28 35 
0 20 24 34 
0 2 14 34 
2 28 30 33 
11 26 31 35 
6 7 31 35 
1 3 15 30 
1 5 8 31 
14 30 33 34 
2 9 33 35 
13 29 31 35 
4 25 29 30 
0 6 25 34 
0 1 8 11 
8 29 31 35 
2 18 27 30 
0 4 19 24 
2 5 24 28 
5 20 32 34 
1 22 24 35 
2 5 21 34 
0 1 7 17 
0 1 4 28 
10 11 12 30 
7 31 34 35 
4 15 29 30 
0 12 23 26 
2 25 33 35 
7 17 32 35 
0 16 31 33 
1 11 16 35 
11 16 29 30 
1 13 18 30 
0 17 21 24 
2 18 20 30 
7 12 31 35 
12 28 30 32 
26 30 33 34 
9 11 18 35 
3 10 30 31 
6 10 12 30 
5 23 27 33 
0 4 18 21 
16 24 30 34 
6 26 30 32 
25 29 30 33 
2 4 5 14 
4 17 20 30 
5 26 29 32 
3 5 23 25 
2 27 31 35 
0 12 13 23 
3 14 34 35 
3 9 33 35 
11 12 15 30 
5 18 27 32 
5 21 29 32 
4 24 28 30 
3 5 9 29 
15 31 32 35 
0 1 3 20 
5 17 20 33 
21 23 29 30 
19 24 29 35 
18 26 31 35 
1 22 33 35 
0 15 29 34 
1 2 19 30 
6 9 29 30 
0 12 17 27 
0 13 18 32 
10 17 30 32 
18 20 30 31 
4 17 21 35 
5 9 32 33 
4 14 34 35 
3 17 22 30 
0 2 8 23 
0 4 6 20 
2 25 30 33 
0 15 29 31 
0 14 29 33 
5 6 7 29 
22 29 30 31 
3 4 5 28 
0 6 9 31 
5 22 31 32 
12 14 17 30 
0 15 17 31 
4 5 12 21 
18 21 30 33 
14 24 30 32 
2 11 13 35 
4 5 27 29 
5 10 18 23 
5 10 12 34 
1 5 8 12 
23 27 32 35 
1 27 31 35 
2 4 22 35 
7 18 29 35 
0 1 11 21 
10 17 32 35 
1 14 18 35 
0 16 29 31 
5 6 16 17 
0 2 12 16 
7 17 30 31 
0 8 12 23 
0 4 15 29 
4 22 29 30 
19 32 34 35 
21 30 32 33 
0 3 20 33 
6 27 29 35 
5 6 16 34 
18 20 34 35 
5 25 32 34 
17 18 26 35 
0 21 24 31 
0 13 23 24 
5 9 24 31 
4 8 24 35 
19 30 31 34 
0 15 18 31 
1 2 25 35 
12 26 30 32 
17 26 31 35 
25 30 32 33 
0 1 18 20 
4 18 27 35 
0 18 22 29 
1 3 5 14 
6 17 27 35 
1 5 12 14 
5 9 23 29 
1 3 9 30 
1 10 18 35 
10 24 30 31 
2 5 20 33 
2 11 20 35 
0 6 10 23 
13 18 29 35 
5 12 14 23 
0 2 3 14 
3 15 29 30 
3 5 8 11 
11 14 31 35 
10 17 23 35 
1 16 30 31 
0 3 9 17 
0 1 19 24 
0 9 17 32 
5 14 24 32 
2 20 29 30 
2 5 13 24 
17 22 30 34 
17 21 29 30 
5 16 18 23 
3 14 24 35 
2 28 34 35 
5 18 21 33 
0 3 13 17 
21 29 33 35 
16 17 29 30 
1 25 31 35 
1 3 13 30 
2 3 10 30 
4 23 28 35 
3 13 29 30 
3 12 14 35 
2 5 15 34 
19 30 31 33 
5 22 24 34 
0 7 11 18 
0 4 12 25 
2 20 32 35 
25 32 34 35 
6 8 29 35 
0 6 23 28 
5 15 17 33 
9 23 24 30 
6 7 32 35 
0 6 11 22 
4 10 11 35 
0 3 27 33 
25 31 34 35 
5 11 16 32 
0 3 13 34 
12 16 23 30 
0 9 12 18 
0 6 9 34 
0 2 9 24 
2 6 15 35 
5 15 17 18 
0 11 13 24 
5 12 19 24 
5 6 15 17 
6 13 23 35 
0 12 14 18 
5 9 29 31 
23 25 29 35 
11 15 24 35 
8 12 23 30 
3 4 21 35 
2 5 6 7 
0 10 17 23 
0 1 2 13 
2 9 23 35 
9 11 12 30 
4 5 21 33 
5 16 24 34 
11 16 29 35 
4 8 18 35 
5 12 26 33 
4 16 30 31 
5 7 11 29 
0 6 13 24 
5 8 29 34 
15 30 33 34 
4 13 32 35 
5 12 16 24 
0 4 14 24 
2 5 6 16 
5 24 28 33 
5 10 12 17 
4 5 18 28 
3 5 21 34 
6 10 23 35 
1 26 30 33 
2 5 12 27 
0 2 13 29 
0 9 18 23 
15 18 30 32 
1 21 24 35 
0 24 25 29 
5 17 20 32 
3 24 26 30 
8 12 23 35 
3 16 30 32 
0 3 23 28 
2 3 5 16 
5 19 31 32 
0 1 22 33 
0 4 24 28 
5 12 25 32 
0 4 15 33 
25 32 33 35 
2 12 22 30 
1 21 33 35 
0 22 29 32 
11 19 30 33 
0 2 16 33 
3 5 6 16 
1 7 23 35 
17 24 26 30 
5 11 19 33 
1 18 21 30 
7 18 30 33 
1 5 17 28 
5 6 11 15 
3 26 33 35 
5 17 25 34 
2 23 28 30 
18 20 29 30 
5 7 11 32 
1 20 24 30 
0 2 14 23 
15 29 31 35 
0 18 26 33 
3 15 24 30 
3 5 17 20 
13 23 34 35 
3 4 5 25 
0 17 27 34 
5 9 17 31 
0 2 17 20 
16 17 30 31 
4 11 16 35 
5 17 21 34 
0 23 25 29 
3 27 30 33 
2 26 33 35 
4 8 17 35 
5 11 27 34 
2 10 17 35 
19 23 30 33 
0 3 4 16 
0 6 15 33 
3 4 13 35 
1 5 8 24 
1 17 25 30 
4 5 19 29 
1 4 28 35 
3 19 30 31 
3 15 17 30 
26 32 33 35 
0 18 23 26 
18 23 28 30 
1 5 6 25 
17 28 29 30 
18 21 24 30 
2 12 26 30 
8 30 31 32 
0 1 14 31 
2 5 11 20 
6 10 29 30 
0 3 6 22 
0 4 10 33 
27 30 32 34 
3 15 30 33 
4 5 6 22 
0 1 27 31 
5 16 18 24 
4 5 6 27 
5 12 24 28 
6 11 27 30 
0 3 4 25 
5 12 16 33 
5 17 21 33 
26 29 33 35 
6 8 12 35 
3 12 26 30 
0 21 24 33 
15 31 34 35 
6 17 25 30 
4 26 31 35 
18 21 30 32 
11 17 25 30 
0 3 15 18 
13 24 29 35 
0 4 18 26 
3 17 28 35 
0 8 11 32 
4 26 30 32 
3 8 23 35 
2 6 20 35 
5 11 12 28 
2 9 23 30 
5 6 9 32 
5 15 31 34 
8 18 29 35 
0 1 19 33 
0 3 14 32 
2 25 34 35 
5 11 24 27 
6 9 11 30 
2 5 16 34 
2 11 16 35 
11 21 23 30 
13 23 30 34 
0 9 17 24 
2 5 12 26 
5 6 8 34 
6 21 30 34 
5 21 31 33 
6 8 30 32 
0 1 11 25 
12 25 31 35 
1 5 7 31 
0 12 17 20 
2 5 14 17 
0 16 17 23 
3 5 25 32 
0 2 27 32 
5 12 20 32 
6 7 18 30 
10 24 29 30 
1 4 22 35 
21 30 32 34 
8 23 30 31 
0 3 7 31 
3 5 27 31 
0 2 20 32 
5 6 9 33 
0 8 24 31 
18 28 31 35 
3 25 32 35 
0 16 23 33 
0 2 15 24 
12 13 17 30 
0 1 9 34 
0 7 17 29 
0 26 31 32 
0 24 28 32 
3 15 23 30 
0 11 13 23 
0 11 20 34 
2 4 7 35 
0 1 16 24 
1 5 10 31 
12 24 26 30 
11 15 18 30 
6 15 34 35 
8 11 18 35 
3 27 29 35 
8 11 12 35 
0 1 15 32 
2 7 18 30 
0 1 7 33 
0 10 12 24 
1 5 22 24 
0 7 29 31 
4 26 34 35 
2 5 26 33 
0 4 8 11 
2 5 9 11 
1 5 18 19 
19 31 32 35 
17 20 29 35 
3 7 17 35 
2 10 29 30 
5 16 17 24 
14 17 30 31 
10 18 23 35 
0 1 12 25 
9 24 32 35 
2 5 15 18 
5 14 23 34 
12 27 30 31 
2 11 19 30 
4 15 30 31 
1 17 20 30 
1 16 24 30 
3 10 17 35 
0 10 24 33 
0 3 24 28 
5 10 31 33 
16 29 30 31 
5 11 13 23 
1 13 34 35 
11 22 30 33 
5 24 27 34 
3 5 11 13 
4 21 23 30 
2 4 5 25 
0 13 17 23 
3 5 10 11 
11 26 30 31 
1 9 33 35 
3 15 23 35 
0 6 21 29 
11 18 28 35 
3 5 20 33 
16 17 18 30 
5 14 32 33 
0 1 7 34 
3 20 34 35 
4 24 25 35 
25 30 33 34 
15 30 32 34 
0 4 6 26 
8 11 17 35 
15 29 30 32 
1 8 30 33 
1 25 29 35 
1 13 17 35 
3 5 13 31 
0 3 20 31 
1 9 24 30 
0 4 9 17 
0 3 21 29 
4 27 30 33 
19 29 30 34 
4 20 29 30 
0 17 22 24 
1 4 5 16 
5 14 17 31 
0 6 9 33 
2 14 17 30 
1 6 10 30 
0 20 23 34 
11 27 32 35 
6 14 17 35 
0 6 12 13 
0 4 13 17 
1 9 24 35 
5 12 13 24 
15 17 34 35 
5 21 24 34 
3 22 23 35 
22 29 31 35 
5 8 31 34 
8 18 31 35 
0 4 15 24 
4 28 29 30 
14 30 31 33 
2 9 24 30 
5 25 29 31 
12 14 24 35 
7 12 18 30 
0 12 24 28 
0 19 32 34 
2 5 6 15 
6 12 16 35 
0 24 27 31 
0 1 4 10 
1 5 6 19 
2 10 18 35 
1 12 14 35 
0 2 26 32 
0 11 19 23 
2 5 11 26 
0 27 33 34 
0 3 11 15 
0 3 4 21 
2 5 22 32 
0 6 16 29 
5 10 31 34 
2 5 12 20 
4 5 6 25 
2 14 24 30 
0 2 10 17 
1 18 25 30 
1 2 5 10 
2 3 16 35 
18 23 26 30 
0 22 23 33 
3 12 13 35 
1 27 32 35 
0 6 11 16 
5 17 22 31 
0 8 33 34 
2 17 25 35 
0 2 9 23 
6 14 30 34 
3 15 24 35 
11 25 30 33 
5 7 17 34 
0 6 14 17 
24 28 29 30 
5 11 13 33 
5 17 26 31 
5 6 17 19 
3 27 32 35 
0 6 24 25 
0 10 32 34 
5 6 14 31 
22 24 30 31 
5 6 16 24 
1 5 13 33 
0 20 23 24 
1 5 21 29 
5 9 23 31 
12 19 24 35 
13 29 34 35 
15 17 32 35 
6 21 32 35 
23 25 30 34 
4 22 29 35 
0 18 21 33 
1 5 21 33 
9 24 34 35 
5 18 25 32 
0 15 17 23 
3 21 29 30 
3 6 28 30 
16 31 32 35 
5 6 27 34 
4 5 8 24 
6 26 33 35 
3 18 27 30 
24 27 33 35 
3 18 22 35 
11 23 25 30 
11 24 27 30 
14 23 30 33 
6 22 29 35 
1 5 11 28 
0 6 10 32 
1 4 22 30 
6 15 18 30 
15 17 29 30 
11 14 29 30 
5 7 32 33 
10 17 31 35 
1 11 26 35 
11 24 27 35 
11 12 26 30 
3 5 20 23 
0 6 19 29 
10 12 30 33 
1 24 26 35 
10 23 32 35 
1 3 25 35 
1 5 20 34 
5 11 15 33 
1 26 29 35 
1 25 34 35 
3 14 23 35 
17 21 30 31 
5 18 20 29 
10 12 24 30 
0 12 18 28 
6 8 17 30 
0 12 18 19 
4 5 27 31 
0 17 26 34 
2 4 21 30 
5 8 29 31 
3 5 18 26 
5 10 23 33 
0 11 15 24 
3 9 24 30 
2 7 11 35 
8 11 34 35 
4 8 29 35 
2 26 29 30 
0 2 15 31 
12 22 30 32 
0 2 10 24 
5 12 25 33 
9 32 34 35 
22 24 29 35 
3 4 10 35 
5 10 17 29 
6 8 30 33 
5 6 12 20 
0 23 28 29 
9 12 33 35 
3 26 30 33 
0 6 27 29 
9 12 32 35 
1 22 30 33 
1 2 15 30 
1 5 21 24 
5 20 31 34 
5 11 22 29 
5 6 18 19 
16 18 32 35 
5 12 21 23 
19 23 29 30 
0 1 24 26 
0 8 24 29 
4 5 7 17 
0 1 10 11 
4 28 30 31 
4 10 29 30 
28 29 30 31 
2 17 19 35 
5 21 23 33 
23 25 29 30 
3 9 30 32 
0 14 24 34 
11 22 31 35 
5 6 16 33 
3 5 23 28 
5 8 12 31 
4 17 27 35 
0 4 17 20 
0 26 32 33 
2 9 30 34 
8 12 31 35 
5 6 14 18 
0 16 24 31 
16 23 29 35 
1 18 26 30 
7 12 29 35 
5 14 32 34 
0 9 29 31 
4 5 6 15 
1 21 23 35 
6 14 23 35 
23 24 27 30 
4 12 21 35 
11 18 20 30 
2 6 14 30 
2 3 13 30 
5 13 24 29 
20 24 30 32 
0 11 25 31 
4 24 27 35 
0 4 11 13 
3 18 26 30 
5 8 32 34 
5 24 26 32 
18 27 30 31 
0 8 12 17 
11 20 30 33 
9 11 32 35 
1 10 34 35 
0 23 25 33 
0 4 21 31 
5 17 25 33 
0 2 3 27 
4 9 11 30 
5 8 17 31 
0 9 23 31 
11 17 22 30 
1 5 8 29 
5 17 24 25 
6 20 24 30 
5 10 11 33 
12 18 25 35 
0 6 14 18 
5 6 21 24 
11 12 14 30 
4 18 25 35 
26 29 34 35 
0 6 17 20 
5 6 17 28 
14 29 30 33 
10 17 18 30 
12 15 29 30 
5 18 27 33 
18 20 30 32 
12 16 32 35 
0 1 22 32 
7 11 18 30 
27 29 30 33 
2 28 29 35 
6 28 30 32 
0 12 16 17 
5 12 23 25 
12 26 34 35 
1 5 6 21 
20 32 34 35 
1 3 25 30 
6 15 17 35 
4 10 18 35 
2 15 32 35 
7 11 31 35 
4 17 22 35 
0 1 28 29 
1 6 28 35 
2 19 33 35 
6 19 29 35 
1 5 18 27 
1 5 16 34 
2 3 5 25 
0 3 19 24 
0 19 24 33 
1 13 18 35 
0 6 26 29 
14 30 32 34 
12 20 31 35 
23 25 31 35 
0 1 16 32 
2 5 12 21 
6 13 18 30 
10 23 33 35 
0 20 24 32 
2 3 26 35 
15 18 24 35 
4 14 18 30 
0 25 31 34 
11 28 29 35 
1 11 21 35 
5 9 12 17 
1 12 27 30 
0 11 26 33 
1 25 29 30 
4 28 32 35 
4 13 30 32 
11 27 33 35 
2 5 6 21 
20 23 33 35 
2 8 24 30 
2 4 5 21 
5 8 17 33 
23 25 33 35 
4 20 31 35 
1 12 20 30 
12 28 29 35 
14 17 34 35 
4 11 13 30 
24 28 31 35 
0 8 29 33 
0 24 26 31 
3 27 29 30 
0 10 11 34 
1 5 8 32 
2 15 17 35 
0 10 18 32 
0 8 11 31 
2 5 19 29 
14 32 34 35 
5 14 18 29 
2 14 32 35 
5 6 15 18 
0 1 14 32 
0 6 13 23 
0 3 22 24 
6 18 21 35 
1 15 32 35 
5 12 16 31 
5 15 24 29 
1 2 13 35 
11 12 20 30 
5 17 27 29 
2 15 23 35 
5 14 18 34 
6 14 30 31 
5 6 11 19 
1 15 17 35 
5 7 18 33 
5 11 16 24 
2 3 22 30 
2 5 21 32 
1 7 12 35 
0 3 27 34 
0 2 8 17 
2 8 24 35 
0 6 14 31 
4 21 30 34 
3 10 12 30 
19 31 33 35 
2 23 25 30 
4 9 18 35 
4 10 23 35 
0 2 24 26 
20 24 34 35 
1 3 22 30 
3 5 18 28 
0 2 28 32 
4 9 23 30 
4 5 16 29 
0 2 20 34 
0 2 9 32 
3 11 21 30 
4 22 24 35 
10 11 17 30 
6 21 30 33 
0 4 20 29 
5 16 17 32 
2 4 28 35 
0 6 19 31 
0 4 14 17 
0 11 14 23 
10 11 18 35 
6 11 22 35 
7 18 29 30 
2 5 21 23 
0 3 10 18 
3 10 29 35 
5 12 28 33 
5 11 12 13 
0 6 12 19 
3 4 20 30 
5 13 31 32 
2 5 14 24 
1 5 7 12 
0 17 21 33 
0 2 18 26 
0 10 17 34 
9 18 29 35 
14 29 30 32 
19 23 30 31 
0 4 11 21 
3 28 32 35 
4 19 33 35 
16 18 33 35 
2 4 5 9 
1 4 15 30 
23 27 29 35 
3 26 30 34 
5 18 26 29 
2 9 17 35 
1 5 26 32 
2 17 20 35 
1 5 20 29 
17 28 30 32 
0 1 14 17 
5 12 13 18 
5 11 14 18 
3 16 30 31 
3 5 11 15 
5 21 29 34 
1 17 27 35 
6 28 29 30 
2 5 16 32 
0 16 23 29 
2 24 27 35 
0 11 16 34 
23 25 34 35 
3 28 29 30 
5 22 23 33 
12 20 30 31 
5 9 18 32 
3 17 28 30 
2 9 30 32 
15 24 34 35 
1 3 13 35 
0 2 12 20 
3 5 9 17 
0 8 18 34 
0 11 17 28 
0 2 13 23 
1 7 30 32 
1 5 14 23 
5 10 31 32 
24 25 30 31 
9 23 29 35 
0 3 25 31 
2 10 33 35 
2 5 18 25 
6 11 28 35 
5 9 11 34 
5 11 20 29 
6 18 22 35 
2 4 5 20 
5 6 9 18 
1 13 17 30 
2 7 30 32 
5 15 29 31 
3 4 22 30 
3 12 16 30 
5 11 13 18 
3 4 5 22 
0 11 28 29 
3 5 6 21 
0 2 21 23 
3 5 16 32 
0 26 29 34 
3 5 15 29 
12 24 28 30 
0 1 28 31 
4 10 34 35 
5 8 23 33 
0 2 8 33 
3 18 19 35 
4 8 12 30 
0 3 6 15 
1 3 8 35 
2 20 30 34 
5 9 18 33 
4 28 30 34 
3 9 17 30 
5 11 12 22 
17 22 23 30 
4 6 16 35 
0 2 4 9 
5 17 27 32 
24 27 32 35 
5 15 23 24 
1 14 17 30 
1 20 34 35 
5 6 14 34 
23 26 32 35 
4 5 7 11 
14 18 33 35 
1 15 31 35 
0 10 12 29 
3 11 19 30 
0 13 29 32 
0 11 18 25 
28 30 31 34 
5 10 11 34 
2 4 22 30 
15 18 24 30 
9 30 32 34 
4 5 19 31 
0 2 4 8 
1 22 23 30 
8 23 30 34 
10 12 30 31 
0 12 20 23 
16 29 30 34 
0 4 6 25 
0 16 23 24 
10 23 34 35 
12 21 33 35 
6 19 31 35 
0 14 23 33 
1 6 10 35 
0 6 11 15 
0 4 8 33 
7 33 34 35 
1 5 12 26 
1 14 24 30 
0 11 16 29 
0 6 13 17 
5 17 23 26 
0 2 8 34 
0 12 13 33 
3 5 11 27 
11 19 23 35 
0 6 17 22 
11 18 19 35 
24 26 34 35 
2 7 24 35 
0 10 18 29 
2 7 29 35 
4 15 33 35 
5 6 23 26 
6 15 30 34 
2 25 29 35 
2 6 20 30 
5 6 9 31 
0 16 31 32 
3 7 29 30 
13 18 30 33 
11 23 28 30 
5 23 28 31 
21 24 29 35 
2 8 29 30 
5 15 31 32 
8 30 32 34 
0 3 15 34 
12 19 32 35 
0 2 21 33 
5 10 11 29 
0 4 19 33 
15 23 30 32 
5 13 18 33 
7 12 23 30 
5 17 18 22 
2 3 5 27 
2 5 25 32 
2 15 31 35 
1 5 19 34 
5 14 17 24 
5 12 21 33 
0 2 11 28 
11 25 34 35 
0 19 31 33 
4 5 18 27 
0 20 31 32 
3 5 22 32 
2 9 12 35 
0 1 4 16 
25 30 31 32 
5 8 24 31 
2 10 30 33 
2 18 22 30 
7 18 23 30 
0 14 18 29 
0 2 16 32 
5 6 10 11 
10 11 30 33 
0 1 4 26 
0 15 23 24 
5 18 22 29 
0 10 23 32 
1 5 9 23 
1 2 5 21 
0 1 3 10 
0 3 13 23 
1 5 9 17 
0 4 6 10 
4 5 26 29 
4 9 24 35 
5 6 22 29 
5 16 17 34 
12 17 20 35 
15 17 30 33 
0 6 12 25 
2 5 14 32 
0 12 18 27 
0 28 33 34 
0 12 20 29 
9 11 30 33 
0 3 21 31 
0 4 27 32 
5 15 24 34 
3 5 26 29 
1 24 27 30 
5 15 18 34 
0 2 11 26 
0 3 26 31 
3 25 31 35 
4 11 28 35 
5 15 24 31 
4 15 17 30 
0 7 29 32 
2 6 7 30 
1 6 26 30 
0 19 32 33 
4 19 24 30 
3 5 20 34 
1 9 30 32 
0 4 7 31 
19 31 34 35 
5 13 33 34 
0 22 24 33 
9 17 24 30 
12 21 34 35 
12 13 23 30 
5 12 17 19 
5 12 18 25 
0 8 12 24 
6 19 30 33 
3 13 24 35 
0 7 12 34 
0 2 21 29 
3 27 33 35 
0 4 8 32 
24 27 29 35 
1 2 15 35 
0 6 12 26 
3 5 22 29 
5 12 17 27 
4 26 30 31 
0 18 22 24 
6 25 32 35 
0 11 18 19 
1 5 15 33 
2 12 13 35 
6 26 30 31 
22 32 33 35 
0 2 4 28 
10 24 30 32 
4 23 25 30 
0 3 7 23 
2 12 28 30 
13 18 34 35 
6 14 18 35 
0 24 26 34 
11 27 30 32 
11 26 29 30 
17 22 31 35 
5 6 12 19 
0 10 11 31 
0 6 22 32 
0 3 10 23 
12 15 17 30 
3 7 32 35 
12 24 26 35 
2 5 15 17 
1 4 25 35 
5 12 14 32 
4 6 19 35 
15 24 32 35 
17 19 29 35 
20 29 34 35 
1 6 16 30 
5 11 22 34 
6 25 30 31 
0 10 29 33 
12 18 20 30 
8 11 29 30 
2 16 23 30 
3 5 17 27 
2 18 25 30 
1 6 22 30 
2 21 24 30 
0 1 11 14 
11 28 30 32 
4 5 11 15 
3 25 30 31 
0 20 31 34 
13 23 24 30 
11 19 24 35 
1 5 17 25 
5 16 24 29 
13 17 31 35 
12 16 23 35 
0 20 24 29 
5 18 28 32 
0 11 15 32 
0 9 18 29 
0 18 23 25 
2 3 5 13 
0 12 14 29 
3 6 22 35 
5 12 19 33 
1 5 15 23 
6 20 23 30 
0 9 24 34 
5 22 24 29 
6 11 13 35 
5 26 33 34 
7 29 31 35 
3 24 26 35 
0 3 10 29 
3 5 25 33 
0 8 31 33 
1 3 5 20 
0 2 19 23 
0 2 11 27 
0 13 32 33 
1 2 19 35 
4 8 18 30 
2 13 33 35 
8 24 29 30 
5 18 25 31 
5 6 27 29 
0 13 23 33 
10 12 23 35 
0 2 22 29 
0 8 18 29 
2 7 23 35 
0 18 27 32 
2 9 30 33 
6 10 18 35 
5 18 20 34 
0 4 7 18 
4 11 15 30 
12 21 24 30 
3 5 18 19 
3 5 22 33 
0 2 3 28 
1 2 22 35 
23 28 31 35 
5 24 28 32 
0 2 20 31 
5 10 12 29 
0 11 23 25 
0 2 28 33 
3 5 6 19 
5 11 21 29 
1 16 24 35 
0 2 6 14 
6 22 30 32 
1 5 22 33 
0 2 10 33 
0 1 10 29 
5 6 19 32 
8 17 23 30 
0 9 17 23 
0 2 3 10 
0 1 24 27 
15 17 31 35 
1 7 18 30 
5 9 12 23 
26 29 30 33 
0 17 25 32 
4 5 9 34 
0 15 17 18 
0 3 15 32 
2 5 16 24 
0 1 10 18 
18 19 30 31 
4 21 34 35 
0 6 14 23 
3 21 30 32 
5 7 11 31 
12 27 31 35 
5 17 21 31 
0 12 19 32 
2 12 22 35 
4 5 10 29 
0 13 17 32 
17 26 30 31 
0 6 23 27 
0 9 11 12 
1 23 27 35 
13 18 30 34 
1 12 15 35 
5 12 18 27 
1 11 15 35 
16 18 30 33 
2 5 9 24 
3 5 11 14 
3 17 21 30 
1 5 16 32 
18 26 30 31 
9 29 30 32 
11 14 18 35 
4 16 18 30 
1 28 32 35 
1 5 14 34 
5 12 19 23 
4 9 30 34 
2 4 5 16 
2 5 6 8 
12 18 26 35 
12 13 24 35 
2 10 30 32 
0 4 16 29 
1 18 20 30 
0 2 18 28 
0 7 11 32 
4 9 34 35 
0 12 20 32 
5 18 23 26 
1 18 25 35 
5 6 8 12 
0 6 18 22 
3 4 13 30 
2 5 9 29 
2 5 8 34 
2 3 16 30 
0 12 16 18 
0 11 26 34 
5 19 33 34 
0 1 3 22 
2 19 30 32 
13 24 30 31 
7 23 24 35 
4 18 21 30 
0 2 14 24 
3 5 14 18 
6 12 21 35 
7 24 32 35 
1 8 30 32 
3 25 30 32 
0 1 10 17 
0 1 4 25 
0 23 24 25 
5 15 24 32 
5 10 18 24 
6 12 28 30 
2 24 26 30 
26 33 34 35 
4 6 22 35 
0 2 18 19 
3 5 24 28 
0 2 23 26 
3 4 15 30 
1 11 21 30 
3 13 30 32 
18 20 31 35 
2 13 24 30 
21 24 32 35 
24 25 30 34 
14 32 33 35 
1 15 29 35 
3 18 21 30 
1 5 9 32 
0 3 17 26 
0 3 11 14 
0 4 27 31 
20 23 29 30 
2 3 5 21 
3 6 10 30 
0 15 29 32 
1 9 29 35 
4 7 24 30 
17 23 26 30 
2 4 15 35 
7 18 31 35 
10 12 29 35 
22 29 33 35 
5 11 17 20 
5 13 18 24 
1 5 13 32 
1 11 26 30 
5 6 28 33 
13 24 30 33 
3 5 9 33 
1 12 25 35 
0 3 22 31 
0 13 17 29 
5 17 28 32 
24 25 33 35 
10 29 33 35 
0 8 29 31 
0 9 18 32 
5 6 10 24 
18 21 29 30 
5 18 19 24 
5 12 22 31 
2 3 14 35 
15 23 33 35 
5 11 19 23 
0 11 13 34 
1 13 30 33 
1 5 12 20 
18 20 24 30 
5 12 26 32 
9 11 12 35 
11 26 32 35 
22 30 32 33 
17 27 31 35 
1 7 30 31 
4 5 17 25 
18 20 32 35 
0 3 9 33 
9 24 30 31 
3 5 24 27 
0 11 22 29 
2 19 30 31 
3 5 17 28 
3 5 22 23 
5 13 23 32 
11 28 33 35 
6 24 27 30 
5 16 32 33 
1 3 5 27 
1 2 9 30 
5 12 19 32 
12 20 33 35 
0 23 28 34 
1 2 16 35 
16 24 30 32 
23 24 26 30 
5 19 32 34 
5 23 25 32 
0 9 31 34 
5 13 17 18 
6 27 30 31 
1 8 17 35 
26 30 31 33 
4 7 29 35 
2 18 22 35 
10 29 30 32 
2 8 18 30 
4 5 16 18 
3 4 7 35 
8 12 34 35 
20 24 32 35 
0 10 17 33 
10 12 30 34 
2 28 30 34 
16 17 30 32 
5 12 20 34 
0 8 11 29 
18 25 34 35 
0 6 8 11 
9 18 23 35 
0 11 18 27 
1 5 26 29 
4 5 11 21 
16 29 32 35 
0 20 29 32 
4 5 18 26 
0 6 20 33 
5 22 29 33 
10 23 30 33 
1 2 7 35 
4 5 17 20 
1 2 9 35 
5 18 26 31 
0 6 11 20 
9 11 33 35 
0 3 27 31 
1 13 32 35 
0 20 23 32 
1 5 12 21 
3 4 28 35 
1 5 19 31 
3 11 27 35 
4 28 29 35 
0 7 12 24 
5 12 13 29 
2 4 5 15 
0 12 28 32 
5 18 24 28 
7 17 24 35 
0 4 28 33 
13 17 18 30 
5 6 28 32 
14 17 24 35 
0 22 23 31 
0 19 23 32 
0 3 12 27 
3 5 18 25 
0 19 23 31 
1 5 8 11 
5 12 23 27 
3 18 20 35 
0 2 25 33 
0 3 11 16 
6 27 33 35 
1 3 5 8 
24 27 31 35 
0 14 17 24 
12 16 24 35 
0 3 18 28 
28 30 31 33 
2 23 26 30 
0 4 27 33 
0 15 23 33 
0 6 12 20 
4 6 28 35 
12 15 29 35 
22 24 32 35 
1 5 27 33 
0 10 31 33 
0 11 12 14 
1 10 29 35 
2 5 8 32 
0 4 27 34 
0 6 18 26 
1 4 5 28 
0 1 6 14 
11 15 32 35 
3 5 22 31 
0 3 11 20 
6 28 34 35 
1 5 20 32 
0 7 18 29 
1 5 13 17 
0 2 11 16 
7 11 32 35 
2 5 18 19 
0 12 24 27 
1 4 10 35 
0 4 16 32 
0 17 19 24 
0 1 18 22 
0 14 29 32 
5 11 26 34 
15 24 30 33 
11 19 34 35 
4 17 22 30 
3 17 26 30 
4 5 24 27 
0 12 14 23 
0 12 27 31 
5 9 11 32 
3 4 16 35 
0 2 12 27 
0 1 17 26 
5 10 17 18 
6 22 33 35 
3 20 31 35 
17 22 30 31 
8 23 24 35 
5 12 28 31 
2 4 9 30 
15 17 30 31 
3 5 18 22 
2 3 5 14 
2 5 28 34 
5 6 7 31 
3 8 17 35 
5 16 18 29 
15 23 29 35 
6 14 24 30 
0 11 16 24 
12 15 18 30 
16 18 23 35 
0 2 11 20 
1 12 15 30 
0 6 24 28 
0 12 26 31 
0 4 6 19 
1 2 22 30 
0 16 24 34 
5 7 23 31 
5 24 27 33 
1 21 30 33 
4 19 23 35 
5 17 18 25 
6 16 17 35 
5 8 12 23 
4 10 11 30 
0 9 24 32 
1 17 27 30 
9 29 30 31 
24 26 30 32 
0 10 29 34 
0 1 11 22 
12 26 30 34 
11 22 23 30 
5 11 18 26 
5 12 28 29 
5 12 19 29 
4 5 17 19 
6 11 13 30 
3 21 32 35 
2 26 30 34 
11 12 14 35 
6 18 26 30 
0 13 23 31 
0 17 18 28 
3 5 9 11 
2 8 32 35 
23 27 30 31 
3 5 20 24 
0 6 10 12 
9 12 30 33 
27 29 31 35 
1 12 26 30 
0 2 6 16 
11 12 20 35 
1 4 5 8 
1 7 29 35 
1 12 22 35 
5 26 32 33 
2 17 27 35 
3 12 19 35 
0 2 11 13 
0 2 24 28 
4 5 8 23 
4 5 16 31 
5 9 29 33 
13 18 23 35 
5 16 18 33 
10 11 30 31 
18 22 33 35 
2 5 6 25 
1 5 14 18 
0 11 15 17 
0 11 12 26 
7 12 30 31 
11 13 24 35 
0 2 15 32 
0 4 18 20 
8 24 30 34 
0 1 9 17 
0 3 20 23 
0 2 14 33 
15 30 31 33 
12 20 29 35 
0 4 14 23 
18 19 30 32 
10 18 33 35 
11 28 30 31 
1 15 23 35 
3 5 8 33 
2 3 5 20 
0 2 13 32 
4 13 24 35 
21 29 30 31 
5 18 28 31 
17 25 30 32 
25 29 33 35 
0 4 17 22 
21 31 34 35 
8 17 30 32 
5 6 9 24 
5 13 17 32 
3 5 27 34 
4 27 30 32 
0 7 11 23 
6 15 23 35 
3 5 8 24 
2 5 12 25 
2 5 13 34 
5 16 18 31 
0 2 26 33 
4 23 27 35 
22 30 32 34 
11 21 34 35 
6 15 30 31 
3 8 30 34 
3 14 30 31 
5 25 33 34 
5 18 27 29 
0 1 6 22 
28 30 32 34 
12 16 30 31 
1 4 5 13 
4 5 16 33 
12 17 21 35 
4 7 32 35 
0 25 29 33 
0 23 27 29 
2 19 30 33 
0 9 29 34 
0 20 24 31 
5 11 12 26 
4 25 30 33 
11 18 21 30 
1 15 24 35 
25 30 32 34 
8 18 32 35 
5 14 18 31 
9 17 32 35 
28 29 32 35 
0 16 29 33 
5 8 11 23 
2 11 19 35 
11 22 34 35 
0 17 28 31 
0 1 13 23 
0 8 17 34 
18 26 30 33 
3 10 23 35 
10 30 32 34 
3 13 18 35 
13 23 31 35 
0 3 14 34 
20 24 29 35 
4 20 32 35 
7 18 24 35 
0 2 20 23 
5 12 27 33 
4 17 26 35 
0 26 29 33 
0 4 14 31 
2 3 21 35 
12 23 26 30 
0 21 24 34 
1 6 25 35 
4 28 31 35 
0 12 28 29 
17 27 30 34 
5 11 20 32 
1 3 5 7 
2 12 25 30 
19 29 30 32 
14 18 31 35 
4 12 28 35 
11 15 30 33 
0 7 23 29 
5 6 8 23 
0 18 25 33 
3 14 17 35 
5 10 12 24 
5 14 18 23 
1 4 15 35 
2 4 27 35 
1 8 18 35 
1 5 27 29 
2 11 25 35 
6 17 26 35 
0 12 14 24 
0 8 11 33 
0 1 8 12 
13 30 31 32 
4 17 19 35 
5 9 23 33 
19 30 32 33 
14 33 34 35 
1 4 27 35 
6 12 25 30 
12 15 32 35 
1 5 6 20 
0 2 16 23 
8 30 31 33 
17 18 27 35 
8 17 34 35 
5 7 12 34 
5 25 31 34 
2 18 21 30 
17 21 30 34 
1 23 26 35 
2 8 30 31 
1 7 32 35 
4 5 9 17 
0 4 11 28 
9 11 30 34 
2 12 14 30 
4 10 32 35 
0 6 10 24 
0 6 14 33 
16 30 31 34 
1 26 30 32 
5 8 12 32 
2 25 30 34 
0 3 8 11 
3 10 18 35 
3 6 14 30 
0 8 17 32 
10 11 23 30 
20 30 32 33 
6 14 18 30 
6 25 30 32 
2 6 28 35 
5 13 18 34 
2 13 30 31 
2 8 30 33 
5 23 24 25 
18 22 31 35 
5 9 17 23 
16 17 34 35 
2 3 5 28 
18 28 30 34 
11 26 33 35 
2 5 25 29 
2 5 12 15 
0 1 2 28 
4 6 20 30 
0 21 31 32 
0 12 23 28 
2 17 26 30 
14 29 32 35 
1 2 27 30 
8 11 32 35 
1 27 30 33 
0 3 24 26 
5 11 28 31 
7 31 33 35 
0 3 18 25 
1 5 26 31 
0 1 6 13 
4 5 10 17 
3 5 7 32 
0 6 8 31 
22 24 34 35 
3 5 6 8 
0 4 21 23 
2 6 22 30 
5 18 19 33 
2 28 33 35 
6 16 24 35 
4 27 30 31 
0 14 18 34 
4 6 21 35 
5 7 17 32 
4 14 30 31 
4 17 25 30 
0 1 2 15 
5 20 32 33 
1 14 32 35 
0 4 8 23 
6 11 21 30 
3 7 33 35 
4 10 24 30 
0 17 25 34 
2 14 29 30 
3 5 9 31 
11 20 24 35 
0 21 23 32 
4 5 13 17 
3 19 31 35 
6 14 33 35 
0 11 27 34 
17 22 24 30 
1 10 30 34 
9 12 24 35 
0 24 25 32 
17 28 30 33 
9 23 33 35 
0 12 14 31 
0 10 24 32 
0 4 11 16 
5 16 29 34 
0 3 18 19 
5 8 31 32 
4 5 14 29 
11 17 27 35 
0 3 14 18 
4 16 24 30 
0 12 21 31 
5 9 11 17 
7 29 30 34 
0 4 21 32 
0 2 22 31 
0 10 11 18 
0 2 14 18 
16 30 31 32 
0 3 25 32 
0 3 8 34 
13 24 34 35 
3 11 13 35 
5 15 18 24 
0 1 6 19 
0 10 17 24 
5 8 24 29 
6 8 33 35 
18 22 34 35 
0 3 18 27 
5 24 28 29 
9 24 30 34 
11 14 30 31 
0 3 19 34 
25 31 33 35 
0 1 19 29 
5 14 24 34 
14 23 24 30 
0 4 17 27 
6 12 16 30 
4 20 23 35 
0 27 29 32 
6 8 11 35 
3 23 25 35 
9 18 30 32 
9 29 30 33 
12 17 28 35 
0 3 4 8 
12 15 30 32 
12 17 27 35 
0 6 7 11 
28 30 32 33 
12 23 25 35 
10 31 33 35 
2 15 33 35 
5 18 27 34 
4 5 26 31 
20 30 33 34 
0 4 20 23 
5 28 29 34 
1 5 25 34 
5 12 24 25 
0 4 24 26 
0 20 23 33 
3 4 5 21 
0 3 4 22 
0 1 6 27 
5 23 27 31 
12 18 19 30 
6 21 30 32 
5 23 24 26 
2 10 23 35 
0 1 19 34 
5 19 31 33 
0 4 16 31 
11 27 31 35 
4 5 28 33 
18 25 29 30 
1 8 18 30 
18 21 23 35 
11 20 30 34 
1 5 9 34 
5 6 14 29 
5 7 12 23 
3 10 34 35 
5 6 11 28 
0 1 19 31 
15 24 30 31 
1 5 21 34 
5 6 27 32 
14 17 30 34 
11 13 17 30 
3 17 21 35 
8 12 32 35 
1 9 17 35 
1 25 33 35 
0 6 11 26 
0 11 15 33 
2 8 30 34 
4 18 19 35 
0 3 22 32 
0 3 4 13 
2 7 17 30 
7 32 34 35 
12 14 23 35 
3 24 27 30 
0 3 6 9 
0 1 3 14 
0 1 2 8 
4 5 7 29 
11 18 26 30 
0 1 11 20 
0 28 29 33 
5 23 26 31 
18 25 33 35 
0 7 11 12 
0 1 3 16 
1 15 30 33 
0 13 24 34 
12 28 31 35 
0 16 18 34 
9 12 29 35 
1 2 5 7 
0 11 24 25 
2 22 31 35 
12 25 30 33 
2 5 9 12 
0 2 28 34 
3 8 23 30 
7 18 30 32 
2 28 30 31 
1 6 13 35 
0 6 25 29 
2 19 29 35 
3 10 17 30 
0 6 11 19 
3 6 20 35 
8 18 23 35 
0 18 22 23 
27 33 34 35 
0 2 3 20 
5 11 25 29 
27 31 32 35 
3 17 22 35 
5 28 33 34 
5 6 24 26 
0 17 26 31 
6 15 24 30 
0 16 33 34 
2 5 13 17 
3 5 19 31 
3 6 19 30 
7 12 32 35 
1 24 28 30 
0 7 17 33 
17 22 32 35 
11 18 26 35 
22 31 33 35 
0 1 11 26 
0 23 26 34 
0 3 6 26 
24 28 33 35 
2 4 5 26 
12 27 32 35 
2 16 34 35 
1 5 14 32 
17 25 30 33 
11 25 30 32 
0 1 13 29 
10 24 33 35 
3 12 14 30 
5 13 17 29 
0 3 12 14 
0 4 7 33 
3 5 14 17 
1 5 25 29 
5 6 24 28 
0 22 32 33 
3 5 6 14 
1 5 7 18 
6 11 14 35 
0 13 17 31 
0 2 4 16 
6 10 33 35 
6 28 33 35 
1 23 26 30 
0 4 19 29 
0 18 28 34 
0 4 22 31 
5 11 16 23 
7 23 30 32 
0 12 28 31 
6 25 30 33 
18 20 33 35 
26 31 32 35 
6 21 23 35 
1 4 21 30 
3 5 20 29 
1 25 32 35 
17 27 30 33 
5 12 13 17 
3 20 30 34 
0 3 6 13 
0 13 32 34 
22 23 29 30 
1 6 28 30 
4 5 7 18 
0 2 11 15 
5 10 23 34 
11 12 13 30 
28 29 33 35 
5 7 17 29 
3 5 24 25 
5 13 29 31 
5 10 24 29 
2 18 26 30 
13 17 32 35 
1 11 22 30 
0 4 15 23 
5 11 21 34 
0 23 27 31 
9 17 34 35 
15 23 32 35 
0 2 6 26 
21 30 31 33 
4 9 12 30 
6 12 21 30 
8 12 30 32 
0 4 24 25 
0 12 13 29 
5 11 18 22 
5 11 28 32 
5 13 23 24 
0 26 33 34 
7 11 12 30 
0 22 31 32 
21 23 30 33 
5 23 27 29 
0 3 6 19 
0 6 7 24 
4 5 11 28 
1 2 5 27 
12 18 19 35 
6 14 24 35 
0 14 31 32 
5 14 31 33 
0 6 21 33 
16 23 30 32 
4 12 21 30 
0 6 12 14 
0 14 23 32 
3 8 24 35 
0 11 18 20 
0 3 17 20 
4 20 30 33 
2 11 16 30 
5 12 16 18 
14 18 23 35 
0 2 18 20 
7 17 33 35 
3 14 33 35 
0 14 18 33 
3 12 15 35 
5 18 20 24 
12 20 30 32 
3 16 33 35 
0 6 16 34 
5 11 13 34 
1 5 11 19 
6 9 30 33 
2 11 25 30 
0 3 8 23 
9 11 30 32 
12 17 26 30 
18 26 33 35 
7 12 24 35 
4 12 25 30 
1 3 5 15 
0 8 24 34 
0 2 18 22 
0 4 25 29 
11 24 26 30 
1 3 5 16 
4 5 22 23 
3 5 7 29 
4 17 28 35 
3 13 23 30 
0 1 7 23 
2 5 6 26 
6 7 18 35 
0 4 15 32 
14 29 34 35 
23 28 30 33 
3 28 30 33 
2 5 23 26 
0 4 9 33 
6 16 31 35 
7 17 18 35 
21 23 24 35 
27 29 30 34 
8 31 33 35 
2 25 31 35 
3 9 12 30 
19 29 32 35 
2 14 30 34 
0 2 18 25 
5 6 24 27 
1 18 28 35 
1 27 29 35 
23 27 30 32 
0 3 28 33 
17 27 29 30 
0 2 8 32 
5 6 17 20 
10 31 32 35 
2 12 19 30 
4 7 12 35 
15 17 30 32 
6 8 30 31 
2 20 29 35 
0 8 18 23 
0 1 7 12 
21 24 34 35 
4 12 22 35 
0 6 25 31 
25 33 34 35 
0 2 11 25 
0 6 8 24 
1 5 9 12 
13 23 30 32 
2 9 29 30 
8 11 30 31 
13 17 34 35 
1 23 25 30 
0 11 12 25 
3 4 14 35 
2 11 28 35 
0 6 18 21 
0 2 10 23 
3 10 33 35 
26 29 31 35 
27 31 34 35 
0 11 12 13 
2 7 23 30 
0 1 23 25 
3 5 11 26 
13 30 33 34 
4 5 25 32 
2 9 12 30 
13 24 30 34 
0 17 19 33 
0 14 23 31 
1 13 23 30 
9 29 32 35 
0 12 24 26 
0 3 12 21 
3 6 20 30 
11 16 33 35 
5 25 29 32 
10 12 17 35 
0 3 16 24 
11 22 24 35 
1 12 16 35 
4 10 18 30 
11 19 30 32 
5 22 32 34 
0 3 6 8 
5 16 17 23 
28 32 33 35 
16 24 33 35 
5 18 20 33 
11 12 25 35 
24 27 30 32 
27 32 34 35 
5 6 18 20 
0 2 8 18 
0 12 25 31 
0 13 24 33 
0 6 22 31 
1 4 5 15 
1 9 30 33 
2 16 29 30 
5 13 17 23 
5 18 28 33 
0 4 10 18 
0 9 11 34 
15 17 24 30 
0 1 6 9 
17 22 33 35 
0 4 6 13 
0 17 23 27 
5 17 21 32 
0 1 25 31 
4 11 16 30 
3 5 9 32 
5 12 20 31 
0 9 11 29 
4 5 8 17 
1 2 25 30 
10 32 33 35 
2 5 11 25 
5 17 18 19 
2 8 34 35 
6 10 30 31 
5 7 12 31 
1 7 24 35 
5 7 12 29 
0 6 17 25 
0 23 25 31 
1 16 18 30 
5 10 33 34 
12 20 24 30 
5 9 12 33 
0 2 17 28 
1 7 17 35 
0 1 23 28 
1 5 15 29 
2 9 29 35 
0 11 18 22 
0 10 23 34 
23 27 33 35 
0 4 14 34 
5 13 17 24 
5 12 18 20 
17 25 33 35 
5 24 26 31 
6 21 30 31 
0 2 15 17 
2 27 29 35 
0 1 15 17 
1 8 12 30 
0 11 20 24 
2 5 15 33 
6 19 24 30 
0 12 19 31 
7 18 32 35 
3 15 17 35 
0 3 12 20 
11 16 34 35 
16 18 30 31 
3 20 29 30 
5 7 18 23 
4 5 21 31 
3 5 6 13 
1 4 5 27 
14 23 31 35 
5 6 12 14 
24 25 30 32 
11 23 27 35 
6 11 16 30 
0 3 19 29 
3 17 27 35 
3 21 34 35 
0 3 11 26 
0 8 18 31 
0 8 12 32 
5 20 24 34 
5 6 10 31 
11 12 28 35 
0 19 29 32 
4 14 29 35 
4 20 30 32 
5 11 24 28 
3 9 23 35 
0 15 23 31 
5 7 24 31 
23 26 30 34 
0 7 31 32 
12 22 30 31 
6 7 30 31 
17 20 30 33 
0 2 3 15 
1 11 19 35 
0 3 4 15 
4 25 30 32 
0 11 17 27 
6 17 21 35 
0 21 29 34 
11 13 34 35 
6 12 19 30 
18 26 29 30 
2 9 11 30 
11 18 21 35 
4 11 26 35 
0 1 27 32 
18 22 23 30 
1 21 23 30 
0 7 17 18 
5 11 17 19 
3 15 29 35 
0 9 17 18 
12 17 22 30 
5 28 31 32 
0 4 23 27 
12 25 30 34 
0 1 20 34 
0 6 27 33 
1 3 22 35 
14 17 30 32 
4 5 20 24 
2 3 10 35 
5 6 22 32 
6 22 32 35 
4 19 23 30 
5 17 28 31 
12 22 31 35 
0 4 9 29 
4 12 16 30 
1 5 6 8 
2 12 14 35 
5 28 29 32 
5 12 22 23 
0 13 18 33 
1 5 11 15 
1 4 8 35 
1 24 26 30 
6 14 30 32 
1 4 5 7 
0 13 31 32 
24 28 30 33 
5 18 21 34 
10 11 17 35 
6 19 30 31 
11 22 29 30 
9 24 29 30 
3 6 25 35 
5 10 32 33 
1 15 30 31 
3 19 34 35 
6 17 20 30 
5 12 22 32 
3 5 25 34 
5 12 28 34 
5 20 31 32 
23 28 32 35 
3 11 16 30 
2 18 26 35 
13 31 33 35 
27 29 34 35 
13 17 33 35 
4 14 24 35 
11 28 30 34 
1 6 21 30 
4 10 12 35 
0 2 8 31 
5 19 29 31 
1 6 22 35 
5 23 26 34 
0 1 2 9 
0 13 23 32 
3 17 19 30 
4 12 14 35 
2 5 27 33 
3 27 30 31 
0 13 24 32 
5 22 31 34 
12 13 29 35 
2 20 30 32 
5 11 27 32 
3 26 31 35 
5 6 16 31 
0 3 9 31 
5 17 21 24 
0 11 12 20 
0 12 26 33 
1 15 30 32 
0 4 8 17 
17 18 20 30 
1 4 5 14 
1 26 30 31 
8 23 29 30 
5 19 23 24 
0 10 23 24 
3 5 8 17 
0 1 21 31 
1 4 7 30 
3 8 11 30 
19 23 29 35 
2 21 30 31 
20 29 31 35 
5 11 13 31 
8 24 32 35 
0 1 11 15 
15 24 29 30 
2 11 27 35 
2 21 34 35 
4 5 15 23 
6 26 30 34 
4 8 23 30 
5 7 24 33 
4 21 33 35 
19 29 33 35 
0 1 13 17 
0 3 14 31 
1 2 8 35 
11 23 26 35 
5 7 18 32 
7 12 24 30 
18 21 30 34 
6 20 34 35 
1 28 34 35 
9 33 34 35 
5 8 18 29 
0 15 24 31 
23 26 30 33 
0 4 13 18 
12 14 23 30 
12 13 18 30 
1 3 16 30 
4 17 20 35 
11 12 25 30 
0 3 14 24 
5 19 29 32 
15 18 33 35 
0 18 25 31 
5 12 14 24 
5 6 13 32 
0 2 22 23 
23 28 30 34 
1 14 34 35 
11 14 18 30 
1 16 17 35 
0 13 17 33 
5 9 17 32 
0 11 24 26 
9 11 17 35 
0 15 18 23 
17 20 23 30 
0 3 7 34 
2 8 29 35 
0 2 7 12 
7 24 30 34 
3 5 27 32 
0 10 11 24 
11 19 30 34 
1 5 24 27 
3 5 12 22 
2 5 11 16 
0 6 19 24 
17 24 27 35 
1 2 28 35 
0 9 12 34 
5 7 23 34 
3 21 30 33 
13 18 29 30 
5 18 22 34 
4 21 30 33 
0 22 23 29 
2 7 34 35 
2 22 30 32 
0 11 24 27 
12 26 31 35 
0 8 23 31 
3 27 30 32 
9 29 34 35 
4 20 34 35 
1 5 18 26 
5 18 26 32 
0 16 17 31 
5 22 24 33 
7 24 30 32 
10 11 24 30 
5 6 15 29 
1 5 19 29 
10 11 23 35 
1 2 5 16 
0 17 19 34 
3 16 24 35 
4 5 16 24 
21 23 30 31 
17 23 28 35 
0 1 23 27 
0 17 20 34 
5 7 11 33 
0 11 12 21 
10 29 34 35 
0 12 16 23 
10 11 33 35 
2 5 9 32 
0 8 11 17 
1 2 5 25 
4 16 29 30 
20 29 33 35 
1 9 11 30 
1 2 13 30 
3 6 27 30 
6 19 23 30 
22 23 31 35 
2 28 31 35 
21 32 33 35 
5 27 31 32 
4 15 30 33 
13 30 31 34 
0 17 25 31 
18 28 29 35 
5 17 19 23 
7 29 30 33 
4 11 22 30 
2 5 7 31 
0 12 22 24 
5 16 23 29 
22 29 34 35 
0 11 25 34 
5 11 27 33 
6 13 30 33 
3 9 30 31 
0 12 16 24 
13 17 24 30 
0 3 7 12 
12 23 25 30 
22 24 30 32 
0 7 24 29 
0 14 17 18 
8 17 30 34 
2 15 17 30 
1 5 6 7 
0 11 28 32 
7 11 17 35 
17 19 30 31 
1 18 19 30 
12 20 34 35 
0 7 18 31 
8 17 24 30 
0 4 9 23 
5 14 17 34 
0 14 23 34 
12 19 23 30 
5 6 11 22 
4 7 34 35 
23 28 34 35 
5 22 29 32 
2 5 26 34 
0 18 27 29 
1 14 30 32 
4 5 13 23 
5 12 26 29 
1 3 5 9 
11 14 24 30 
6 10 31 35 
2 8 17 30 
0 4 15 18 
9 12 29 30 
3 10 30 32 
5 12 15 18 
2 19 24 30 
28 33 34 35 
23 26 30 32 
14 18 24 30 
1 5 11 22 
0 17 19 32 
4 9 30 31 
2 11 26 30 
8 18 33 35 
5 13 18 32 
5 18 28 34 
0 27 32 34 
5 6 20 24 
0 12 24 25 
1 3 5 13 
0 12 21 33 
3 8 30 31 
5 6 10 34 
6 8 11 30 
9 31 34 35 
0 9 31 32 
8 12 18 35 
9 11 24 35 
0 12 13 34 
1 19 23 35 
12 28 30 34 
0 4 16 24 
1 5 14 29 
6 18 27 35 
8 11 30 33 
12 19 29 30 
0 12 16 29 
12 16 31 35 
26 29 30 31 
6 13 32 35 
10 18 29 30 
4 11 25 35 
4 28 30 32 
16 17 23 30 
3 19 23 30 
5 17 19 32 
4 5 14 23 
2 19 29 30 
10 12 30 32 
12 15 18 35 
12 16 18 30 
3 8 11 35 
3 13 34 35 
1 5 16 29 
1 5 22 31 
16 17 32 35 
0 22 29 34 
12 28 32 35 
0 3 9 24 
1 12 19 35 
0 11 21 32 
2 5 8 31 
5 10 12 18 
8 32 34 35 
21 23 34 35 
3 13 18 30 
7 29 33 35 
0 6 15 23 
1 21 32 35 
7 11 24 30 
10 23 30 31 
7 12 17 30 
1 4 16 30 
0 1 16 18 
0 6 12 15 
0 3 10 33 
0 11 16 33 
3 7 23 30 
5 8 11 24 
11 16 31 35 
17 27 29 35 
0 2 16 34 
1 4 26 35 
12 18 25 30 
11 12 22 35 
6 8 31 35 
11 13 18 30 
5 26 32 34 
0 4 28 32 
0 11 26 31 
11 18 28 30 
2 4 14 30 
2 5 10 18 
15 29 34 35 
0 17 22 32 
10 29 30 31 
6 13 31 35 
14 23 30 32 
2 8 12 35 
3 11 28 35 
5 10 17 32 
13 29 32 35 
5 6 20 32 
6 7 17 35 
0 1 14 23 
5 15 18 23 
6 15 17 30 
2 20 30 31 
0 13 18 23 
0 2 12 22 
20 24 29 30 
0 2 10 12 
11 12 22 30 
6 8 23 35 
7 24 30 31 
1 13 33 35 
8 24 33 35 
17 18 28 30 
4 22 30 32 
0 17 18 25 
8 17 29 30 
2 12 21 35 
11 15 23 35 
1 2 14 30 
6 21 29 35 
12 16 29 35 
0 17 22 31 
5 6 17 27 
5 28 32 33 
1 8 23 35 
11 15 30 31 
4 27 29 35 
5 6 8 31 
4 9 17 35 
4 5 6 16 
4 5 14 34 
2 5 26 29 
2 8 17 35 
0 1 8 18 
7 11 29 30 
5 13 23 34 
2 6 26 35 
2 5 17 25 
0 3 10 12 
4 14 31 35 
1 9 31 35 
0 17 18 26 
5 11 13 17 
15 17 29 35 
5 7 23 32 
4 5 11 14 
1 28 30 34 
2 5 10 32 
4 12 28 30 
5 12 23 28 
2 11 14 30 
0 12 21 32 
6 18 19 35 
2 17 27 30 
3 23 27 35 
4 13 31 35 
1 5 24 26 
17 18 19 30 
3 5 7 17 
2 13 29 35 
5 6 25 29 
0 16 17 33 
5 11 13 32 
4 5 6 13 
2 14 17 35 
4 5 7 31 
1 6 14 30 
0 6 8 12 
0 1 10 32 
0 18 23 27 
2 23 26 35 
1 3 21 35 
4 5 22 33 
5 8 11 34 
9 18 34 35 
2 4 14 35 
18 23 25 35 
0 16 29 32 
0 9 12 33 
0 8 12 31 
7 23 29 35 
0 14 17 33 
0 3 26 29 
11 16 30 31 
3 8 34 35 
0 13 18 29 
5 17 28 34 
9 12 30 31 
0 2 13 31 
0 20 23 29 
0 3 7 24 
0 2 6 8 
1 16 30 34 
3 5 21 32 
3 5 6 25 
4 11 27 30 
4 11 25 30 
0 6 16 33 
5 7 11 23 
6 14 32 35 
0 6 8 23 
3 5 17 21 
0 1 18 21 
2 6 15 30 
5 12 16 29 
5 11 17 26 
1 5 22 34 
3 6 13 30 
6 27 29 30 
5 11 28 33 
1 7 11 35 
12 19 30 33 
0 17 18 21 
11 12 27 30 
0 11 15 29 
11 15 31 35 
5 22 33 34 
5 19 24 29 
0 2 4 20 
14 24 30 33 
17 25 29 35 
3 5 16 24 
4 6 26 30 
0 14 33 34 
5 6 18 22 
0 4 9 24 
0 7 29 33 
0 6 10 11 
4 5 15 34 
0 4 17 21 
2 18 28 30 
2 11 13 30 
21 24 30 32 
1 6 7 35 
4 21 24 35 
1 5 19 24 
1 6 7 30 
5 7 18 24 
2 16 32 35 
18 25 30 34 
5 17 22 34 
0 17 23 25 
0 3 18 26 
1 19 23 30 
5 6 7 24 
2 4 19 35 
11 12 27 35 
6 16 29 30 
6 7 34 35 
4 11 19 35 
12 13 30 31 
21 29 30 34 
12 20 32 35 
6 10 18 30 
6 16 18 35 
15 23 24 35 
5 12 18 28 
4 16 24 35 
12 25 30 31 
13 24 31 35 
28 29 30 33 
1 27 30 34 
0 1 4 22 
0 21 29 31 
0 2 17 19 
4 5 9 24 
2 22 30 33 
19 24 34 35 
0 6 7 23 
2 16 33 35 
3 5 24 26 
4 8 12 35 
3 5 12 16 
1 5 12 27 
3 5 6 10 
5 6 25 33 
0 4 11 14 
5 11 26 29 
4 5 6 19 
4 5 15 18 
17 20 30 31 
2 13 18 30 
15 24 31 35 
0 6 21 32 
1 2 5 22 
0 1 21 29 
13 24 32 35 
3 12 21 30 
11 14 34 35 
6 9 12 35 
6 9 17 30 
7 11 23 35 
5 6 11 16 
6 28 30 34 
1 5 9 18 
0 4 24 27 
3 13 32 35 
11 19 29 35 
24 26 30 31 
3 6 10 35 
5 17 22 29 
0 4 25 32 
1 14 30 31 
24 28 32 35 
0 24 28 34 
12 20 24 35 
5 9 31 34 
0 3 10 11 
1 5 10 11 
14 30 32 33 
0 12 22 31 
5 10 12 33 
0 1 7 18 
0 14 24 32 
1 10 31 35 
0 1 22 23 
5 13 23 29 
5 9 11 24 
5 9 11 29 
0 1 26 31 
0 6 20 34 
2 12 20 30 
1 5 9 31 
5 15 18 29 
15 17 30 34 
11 13 31 35 
1 5 6 28 
0 15 32 34 
23 24 26 35 
3 5 13 24 
27 30 33 34 
12 13 30 34 
3 21 23 35 
0 22 23 34 
1 28 29 30 
2 5 27 34 
5 26 31 32 
4 17 27 30 
3 7 12 35 
0 12 28 33 
1 16 29 30 
1 5 11 21 
0 1 16 33 
5 21 23 24 
4 5 17 22 
6 16 30 32 
6 18 27 30 
0 11 14 24 
5 18 25 33 
21 32 34 35 
5 23 28 34 
16 23 30 33 
22 23 30 34 
9 18 31 35 
4 5 20 32 
16 23 29 30 
0 2 4 14 
9 17 23 30 
1 18 19 35 
0 6 11 21 
12 19 30 32 
4 5 9 18 
2 5 9 18 
2 13 30 33 
1 5 15 34 
3 15 30 34 
0 4 20 32 
0 6 10 31 
5 8 24 33 
5 12 18 22 
5 19 23 31 
2 19 31 35 
4 5 9 32 
1 6 19 30 
5 26 31 34 
0 4 13 23 
3 5 6 28 
1 12 22 30 
7 24 30 33 
5 21 31 32 
0 3 14 29 
0 11 22 23 
2 9 32 35 
3 5 15 33 
2 20 24 35 
5 12 16 32 
6 27 32 35 
0 3 24 25 
0 4 25 31 
0 21 24 29 
5 17 20 23 
2 5 16 23 
4 5 8 11 
15 32 33 35 
0 17 28 33 
0 2 20 24 
0 10 11 12 
0 3 12 19 
1 5 16 17 
10 30 31 32 
21 33 34 35 
0 11 20 23 
2 5 14 31 
3 20 33 35 
3 11 15 30 
2 5 7 24 
4 15 24 30 
2 5 7 34 
1 16 33 35 
0 23 24 28 
0 3 16 34 
12 21 23 30 
0 6 23 26 
5 18 24 27 
5 8 18 32 
2 5 14 18 
2 19 23 30 
0 2 12 21 
17 21 23 35 
0 12 20 24 
6 12 28 35 
0 4 11 22 
1 6 27 35 
5 11 12 15 
5 19 31 34 
0 12 15 33 
0 1 2 22 
0 1 10 31 
0 6 7 34 
3 5 6 27 
3 9 29 35 
7 12 23 35 
6 23 27 35 
11 26 30 33 
0 6 12 16 
18 28 29 30 
5 7 24 34 
0 1 12 27 
3 24 25 35 
1 5 17 22 
3 5 8 23 
2 14 23 35 
0 2 12 13 
7 17 24 30 
2 17 25 30 
1 2 26 30 
20 24 31 35 
5 12 27 32 
17 20 24 30 
0 1 12 21 
2 25 29 30 
2 5 6 28 
5 6 7 17 
0 4 13 31 
16 29 34 35 
5 11 19 31 
0 1 17 22 
17 18 21 35 
4 8 29 30 
1 3 27 30 
14 17 29 35 
0 7 17 23 
1 10 17 35 
0 12 16 32 
1 8 33 35 
4 5 12 25 
5 8 11 33 
0 9 11 24 
9 11 24 30 
11 17 28 35 
19 29 34 35 
17 19 32 35 
2 16 24 35 
0 3 4 27 
4 7 23 30 
25 29 34 35 
2 26 30 32 
4 22 23 30 
24 26 32 35 
1 14 29 35 
20 31 34 35 
5 10 17 24 
0 27 31 33 
1 12 28 30 
13 29 30 32 
3 20 30 31 
1 6 9 30 
0 4 6 16 
18 24 27 35 
4 5 6 8 
6 20 32 35 
0 6 22 34 
9 23 30 32 
5 6 10 23 
0 6 7 17 
2 3 5 8 
0 19 29 34 
8 12 17 30 
0 6 9 11 
17 23 25 30 
2 9 18 35 
3 5 28 31 
0 6 28 33 
10 30 32 33 
9 11 23 30 
0 1 6 28 
3 5 21 24 
0 6 9 29 
12 28 29 30 
1 6 25 30 
3 7 18 30 
12 23 26 35 
22 31 32 35 
0 11 21 34 
5 11 16 33 
5 27 32 33 
5 19 24 31 
0 11 14 34 
4 7 18 30 
3 13 17 30 
5 11 14 17 
2 6 19 35 
3 18 28 35 
0 3 20 29 
4 5 8 32 
17 24 27 30 
0 15 23 29 
26 29 30 32 
3 20 29 35 
2 6 21 35 
19 23 34 35 
0 10 12 18 
4 14 18 35 
11 17 22 35 
5 8 11 12 
2 5 6 22 
5 14 17 29 
4 5 23 26 
0 4 14 18 
9 17 31 35 
0 24 27 29 
0 10 29 32 
1 4 9 35 
0 2 7 34 
0 11 13 17 
5 18 20 32 
1 12 13 30 
6 15 29 35 
0 3 9 34 
2 16 24 30 
5 23 26 29 
1 12 21 35 
0 4 19 32 
5 6 15 34 
2 12 28 35 
6 20 24 35 
2 5 20 23 
4 8 31 35 
0 23 26 31 
11 14 30 34 
2 5 21 31 
2 5 17 26 
0 8 17 29 
3 4 5 15 
3 6 8 35 
21 23 24 30 
5 12 23 26 
0 6 17 27 
1 4 8 30 
2 15 29 30 
0 6 8 18 
12 21 29 30 
3 5 15 17 
1 22 30 31 
3 4 5 10 
2 21 30 32 
18 23 28 35 
0 12 18 20 
0 2 26 34 
0 15 33 34 
14 24 30 34 
0 15 17 34 
0 6 16 31 
10 18 30 31 
2 16 30 31 
0 18 21 24 
10 17 29 35 
2 13 31 35 
0 18 22 31 
0 19 23 34 
18 24 26 35 
5 6 21 23 
3 5 11 20 
0 16 23 34 
5 9 24 34 
6 21 34 35 
2 5 19 23 
4 20 29 35 
2 4 16 35 
11 12 19 35 
3 11 16 35 
4 10 30 32 
0 6 14 24 
0 17 26 33 
2 21 29 35 
11 26 34 35 
17 25 31 35 
4 28 30 33 
0 11 13 29 
4 5 12 28 
12 16 24 30 
21 23 33 35 
13 18 23 30 
3 28 30 31 
0 16 17 34 
1 27 33 35 
10 17 24 35 
5 10 17 31 
1 17 19 35 
1 17 28 35 
2 6 25 35 
7 17 31 35 
2 27 30 31 
0 2 7 24 
2 5 17 21 
0 1 9 23 
0 1 3 7 
17 27 34 35 
0 12 22 34 
1 4 5 25 
2 11 15 35 
0 4 12 28 
0 3 14 33 
5 7 31 33 
1 5 6 22 
2 12 27 30 
18 19 29 30 
2 3 20 30 
4 7 30 31 
0 3 23 26 
3 8 24 30 
12 27 29 30 
5 13 29 34 
8 29 34 35 
5 7 11 24 
0 12 15 18 
12 14 29 35 
17 22 30 33 
4 12 22 30 
0 10 17 29 
4 5 6 9 
4 15 17 35 
12 15 33 35 
0 1 16 17 
7 18 34 35 
1 3 10 30 
2 17 20 30 
0 2 15 29 
0 6 19 34 
1 3 26 35 
3 10 29 30 
5 11 18 28 
5 12 21 31 
2 5 14 33 
4 25 30 31 
2 20 30 33 
11 20 32 35 
11 22 29 35 
21 29 31 35 
0 4 11 19 
3 5 14 29 
0 11 24 28 
5 16 24 31 
0 3 12 22 
0 13 17 34 
22 24 33 35 
15 17 18 30 
0 20 29 33 
5 6 27 31 
0 7 31 33 
20 24 30 31 
0 4 17 26 
1 23 28 30 
5 9 24 32 
0 3 6 21 
2 5 12 13 
1 24 28 35 
5 17 27 34 
13 17 23 35 
0 9 23 34 
0 11 28 33 
5 16 29 32 
5 18 19 29 
0 6 7 18 
4 5 11 22 
3 5 10 12 
0 1 21 23 
6 9 24 35 
4 16 18 35 
3 11 25 30 
4 5 7 34 
0 3 24 27 
3 5 10 34 
0 12 13 24 
5 25 31 32 
4 7 30 32 
10 11 12 35 
0 12 25 33 
0 6 21 34 
25 29 30 31 
0 9 11 23 
12 13 23 35 
2 3 22 35 
4 5 26 33 
3 5 12 25 
1 3 21 30 
9 12 23 35 
16 23 31 35 
2 5 19 34 
3 20 24 30 
0 12 19 29 
0 3 8 24 
2 25 30 32 
3 6 16 30 
0 2 16 31 
2 11 26 35 
6 19 34 35 
0 12 27 29 
3 5 22 34 
2 17 21 30 
5 11 16 18 
15 29 32 35 
11 13 33 35 
0 14 17 34 
0 4 8 29 
2 5 24 26 
11 13 18 35 
16 23 33 35 
3 13 17 35 
0 2 27 29 
0 11 14 32 
5 11 22 31 
3 5 19 34 
6 11 19 35 
0 2 9 34 
0 8 31 32 
0 9 23 24 
4 6 7 35 
5 6 14 24 
0 10 24 29 
4 15 30 32 
2 6 13 30 
25 29 30 34 
1 8 11 35 
1 22 29 30 
2 5 24 27 
3 4 5 14 
2 20 23 35 
5 11 23 27 
25 29 32 35 
0 25 31 32 
1 10 29 30 
6 21 24 35 
5 8 12 24 
0 3 26 34 
6 9 17 35 
0 1 28 33 
5 11 17 25 
5 6 21 29 
0 4 10 12 
8 11 29 35 
5 12 14 31 
3 8 18 30 
5 8 17 23 
0 21 33 34 
12 26 29 30 
4 8 17 30 
8 12 30 34 
5 10 17 34 
3 7 34 35 
3 5 13 29 
6 28 31 35 
4 5 12 27 
1 20 24 35 
0 2 7 23 
2 5 18 21 
22 30 31 32 
18 27 31 35 
0 4 20 31 
1 14 23 35 
4 24 25 30 
0 28 31 32 
4 5 10 32 
0 1 3 9 
1 6 20 30 
5 6 26 34 
0 3 7 17 
5 18 21 31 
4 5 12 16 
3 16 18 35 
5 11 16 34 
1 15 24 30 
5 10 29 34 
7 24 29 35 
1 3 7 30 
0 24 27 33 
5 22 23 24 
3 16 30 34 
12 26 29 35 
0 12 19 24 
2 19 23 35 
0 1 14 24 
0 9 24 31 
0 1 9 29 
5 15 29 33 
1 5 19 33 
0 2 6 28 
3 18 20 30 
2 6 28 30 
2 15 30 32 
5 28 31 34 
17 24 25 30 
8 17 29 35 
20 33 34 35 
6 10 17 35 
28 31 33 35 
1 2 20 30 
2 3 27 30 
3 21 24 35 
4 27 31 35 
5 11 17 27 
0 4 6 22 
0 14 29 31 
4 9 29 30 
3 16 32 35 
0 23 27 32 
0 1 15 23 
1 4 20 30 
9 17 24 35 
0 6 16 24 
12 21 24 35 
5 11 20 34 
21 30 31 32 
0 1 14 33 
1 5 14 31 
1 6 14 35 
10 11 30 32 
18 19 24 30 
6 14 17 30 
3 14 17 30 
12 14 32 35 
2 5 22 23 
3 10 24 35 
8 23 30 33 
0 4 14 33 
3 11 20 35 
18 22 30 33 
3 21 23 30 
5 13 17 33 
11 18 20 35 
0 4 12 13 
4 25 30 34 
1 5 13 29 
1 12 16 30 
3 5 25 29 
2 19 32 35 
5 14 29 32 
3 5 19 23 
8 12 24 35 
0 3 12 16 
26 30 31 34 
3 13 29 35 
4 16 30 32 
3 24 28 30 
0 2 13 24 
13 18 30 32 
5 11 16 29 
5 11 14 24 
1 5 22 29 
10 12 18 30 
0 13 17 24 
6 28 30 31 
9 11 31 35 
6 7 11 30 
4 10 30 33 
11 16 30 32 
0 16 31 34 
5 6 13 23 
16 24 30 31 
0 2 12 26 
11 19 31 35 
0 2 27 31 
0 11 15 23 
6 12 19 35 
14 23 29 30 
0 26 31 34 
18 19 31 35 
11 28 29 30 
25 30 31 33 
5 6 28 29 
11 16 23 30 
1 5 8 34 
5 18 22 24 
18 21 34 35 
1 5 6 16 
11 25 29 35 
3 13 31 35 
13 23 24 35 
0 3 10 31 
0 3 27 29 
11 18 25 35 
3 8 30 32 
3 6 15 30 
3 28 30 32 
22 23 34 35 
1 19 30 33 
3 12 13 30 
4 27 30 34 
3 5 10 31 
10 23 24 35 
5 6 14 32 
0 3 9 32 
5 7 23 29 
4 5 21 34 
5 6 9 12 
0 6 8 34 
12 28 33 35 
0 4 25 34 
1 9 12 35 
9 24 31 35 
5 12 13 33 
0 23 25 34 
2 5 10 12 
17 19 30 33 
3 15 31 35 
0 10 18 33 
3 16 30 33 
2 21 32 35 
17 24 26 35 
5 6 12 27 
3 5 17 19 
0 18 28 29 
13 23 30 33 
18 27 30 34 
8 29 30 32 
0 2 7 33 
12 19 30 34 
5 17 22 33 
5 12 13 32 
5 6 8 18 
1 4 5 26 
4 13 30 34 
17 19 29 30 
4 8 30 32 
0 17 24 26 
11 15 29 30 
2 15 34 35 
3 20 30 32 
4 5 24 25 
2 5 6 10 
3 4 20 35 
0 6 20 29 
14 18 34 35 
0 1 13 31 
0 9 32 34 
6 20 23 35 
1 19 32 35 
0 2 6 10 
7 29 32 35 
5 8 17 32 
5 6 15 24 
0 11 19 33 
0 23 25 32 
11 20 30 31 
5 9 29 32 
0 2 26 29 
11 26 30 32 
2 4 28 30 
5 17 28 33 
5 15 18 32 
11 14 24 35 
25 29 30 32 
15 29 30 33 
5 7 11 34 
23 25 32 35 
0 3 11 22 
21 24 30 31 
2 22 30 31 
1 4 13 35 
7 23 24 30 
4 22 34 35 
17 22 34 35 
0 1 3 21 
20 29 30 32 
6 11 15 35 
6 26 31 35 
23 28 30 32 
0 6 17 28 
5 20 29 33 
0 4 21 34 
3 15 33 35 
0 3 25 29 
1 5 6 15 
4 7 18 35 
2 5 28 33 
2 5 18 22 
18 25 30 32 
5 10 24 32 
1 2 5 14 
6 12 14 30 
1 5 22 23 
0 16 32 33 
20 23 30 33 
21 29 32 35 
3 12 22 35 
1 5 13 31 
9 32 33 35 
4 5 25 31 
0 4 18 22 
4 12 26 30 
0 11 12 27 
0 7 11 33 
2 11 22 35 
0 2 25 29 
17 21 31 35 
5 6 8 11 
2 14 18 35 
3 5 23 27 
21 24 33 35 
0 1 6 8 
9 11 29 35 
3 9 17 35 
0 2 6 13 
3 5 12 27 
1 4 5 21 
0 1 16 34 
1 4 26 30 
3 5 13 23 
0 11 26 29 
4 15 30 34 
1 6 15 35 
3 5 17 22 
7 17 30 32 
0 1 16 29 
2 7 12 35 
0 3 17 22 
0 13 24 31 
2 5 7 17 
14 17 23 35 
0 11 27 29 
5 16 18 34 
4 8 24 30 
0 17 21 31 
3 5 27 29 
0 1 9 33 
0 18 21 23 
13 30 32 34 
2 16 30 33 
1 5 27 31 
0 12 26 29 
0 3 16 29 
6 26 34 35 
5 20 23 29 
3 20 32 35 
9 23 30 33 
18 28 34 35 
12 24 25 30 
1 11 20 30 
1 3 5 21 
0 2 25 32 
24 27 30 34 
5 6 8 17 
1 21 31 35 
3 5 16 33 
0 4 9 32 
9 30 31 34 
3 16 24 30 
4 6 10 30 
0 9 11 33 
0 1 2 16 
5 11 25 31 
8 30 33 34 
8 12 17 35 
1 4 14 30 
4 28 34 35 
6 24 25 35 
1 5 7 29 
12 22 23 35 
0 23 26 33 
3 5 13 17 
3 7 30 34 
24 25 31 35 
10 12 18 35 
0 12 20 33 
16 18 24 35 
14 24 32 35 
17 18 25 35 
5 11 22 24 
17 23 28 30 
5 11 16 31 
19 23 24 30 
6 16 30 34 
7 17 30 33 
16 23 32 35 
0 2 15 23 
10 24 34 35 
5 12 20 29 
4 5 28 29 
1 14 23 30 
0 3 12 26 
5 8 12 18 
0 8 17 31 
6 9 32 35 
5 6 15 32 
0 2 6 19 
11 19 23 30 
0 25 33 34 
0 11 12 22 
0 14 29 34 
5 18 22 31 
0 1 17 21 
3 14 30 33 
5 11 27 31 
0 8 32 33 
2 10 23 30 
18 28 32 35 
1 5 28 32 
14 17 32 35 
1 5 19 23 
2 10 32 35 
2 5 16 29 
4 5 7 33 
0 12 14 34 
11 12 21 30 
5 11 18 25 
2 20 24 30 
1 5 6 14 
4 5 13 31 
0 2 17 25 
0 17 28 29 
1 5 10 32 
0 6 15 32 
0 3 12 25 
0 4 12 14 
3 4 22 35 
0 1 17 27 
6 26 32 35 
9 31 32 35 
3 25 29 35 
8 23 29 35 
9 17 30 32 
0 3 19 32 
0 12 17 26 
5 14 17 32 
3 14 18 30 
2 10 24 35 
6 21 24 30 
0 7 23 34 
12 15 34 35 
5 16 23 34 
5 6 7 11 
6 12 14 35 
1 5 12 19 
0 6 9 32 
12 15 24 35 
0 1 24 25 
0 18 20 29 
1 4 14 35 
1 12 25 30 
16 23 30 34 
0 27 31 34 
1 17 19 30 
10 18 30 34 
2 15 29 35 
9 18 30 33 
1 2 20 35 
5 9 18 34 
0 3 13 18 
6 7 11 35 
11 20 29 35 
9 29 33 35 
5 12 27 31 
0 4 15 17 
5 24 25 32 
0 6 11 13 
5 13 17 31 
0 2 17 26 
3 5 20 31 
19 24 30 31 
3 5 7 18 
19 23 31 35 
6 7 29 30 
3 12 20 30 
7 30 31 32 
0 4 13 29 
19 33 34 35 
5 10 18 33 
11 12 28 30 
5 20 24 29 
5 14 31 34 
4 9 30 32 
5 12 25 29 
0 2 21 24 
0 4 16 18 
5 18 22 32 
11 13 30 34 
5 17 23 25 
2 5 16 18 
0 18 20 23 
3 5 15 23 
11 21 31 35 
3 10 18 30 
0 3 8 33 
2 14 30 31 
17 23 25 35 
0 6 8 17 
6 21 23 30 
0 10 18 23 
0 2 4 7 
3 8 12 35 
26 31 34 35 
0 12 15 29 
12 28 34 35 
5 11 22 32 
1 5 10 24 
0 3 9 18 
1 5 6 9 
4 11 26 30 
6 12 20 35 
3 5 26 33 
13 17 30 34 
1 6 13 30 
11 15 30 34 
1 6 27 30 
4 7 11 35 
1 8 29 30 
18 24 25 35 
3 12 28 35 
2 4 15 30 
4 12 27 35 
0 12 13 18 
2 8 30 32 
4 12 26 35 
4 16 34 35 
18 20 23 30 
4 22 30 33 
5 6 13 33 
0 9 12 31 
7 17 34 35 
2 10 11 30 
2 4 26 35 
0 6 12 21 
16 24 29 30 
0 14 18 32 
5 11 20 23 
2 4 5 27 
18 20 24 35 
5 10 29 33 
0 3 10 34 
12 20 23 35 
0 6 15 31 
6 18 19 30 
5 9 18 24 
0 4 23 26 
4 20 24 30 
5 17 20 29 
14 18 29 30 
1 11 28 35 
4 5 15 31 
0 12 19 33 
8 18 29 30 
1 2 5 26 
1 22 23 35 
0 9 11 31 
3 25 34 35 
2 6 8 35 
6 24 26 35 
0 17 22 33 
10 24 30 34 
3 5 26 32 
10 18 23 30 
4 11 28 30 
7 23 29 30 
5 23 25 29 
1 22 30 34 
0 1 4 15 
6 13 30 31 
20 31 33 35 
3 7 29 35 
0 21 23 24 
2 5 11 13 
0 1 20 24 
2 14 33 35 
4 19 34 35 
4 9 17 30 
0 2 17 27 
4 14 30 32 
1 3 5 28 
0 3 4 9 
2 5 9 23 
4 25 29 35 
4 20 30 34 
6 13 18 35 
2 5 12 22 
1 3 19 30 
2 11 20 30 
11 26 29 35 
18 21 32 35 
4 10 23 30 
2 5 17 28 
11 14 23 30 
0 3 11 28 
6 15 32 35 
0 4 18 19 
0 2 14 29 
2 26 30 33 
5 11 15 23 
1 5 10 17 
2 10 12 30 
2 21 23 30 
11 13 17 35 
0 2 3 25 
1 6 8 30 
2 15 18 35 
4 26 29 30 
0 3 11 27 
0 1 26 32 
12 22 29 30 
4 11 21 30 
27 30 31 34 
17 28 30 34 
3 16 31 35 
0 12 28 34 
0 25 29 32 
0 3 21 34 
0 11 17 25 
3 6 21 30 
4 9 11 35 
17 26 29 30 
0 21 23 34 
4 27 34 35 
0 12 20 34 
0 10 32 33 
5 18 23 28 
1 5 18 28 
0 1 7 24 
3 28 30 34 
14 24 29 30 
3 5 8 31 
5 7 11 12 
5 12 17 28 
16 24 29 35 
0 2 16 17 
6 10 30 33 
2 27 33 35 
2 5 23 28 
4 26 30 34 
0 11 15 31 
1 5 12 15 
5 22 24 31 
0 18 21 32 
1 5 7 34 
27 29 33 35 
0 1 26 29 
4 5 18 20 
2 13 24 35 
2 17 22 35 
5 15 23 32 
1 9 23 35 
0 1 7 31 
5 8 12 29 
0 4 16 33 
11 25 30 31 
19 24 30 33 
7 32 33 35 
3 11 27 30 
5 17 25 31 
3 22 30 32 
8 24 30 31 
11 13 29 30 
0 7 11 29 
1 14 30 33 
0 2 6 15 
2 24 27 30 
4 5 10 34 
0 22 31 34 
0 4 18 27 
3 18 21 35 
5 10 17 23 
0 6 7 33 
0 3 21 23 
12 22 34 35 
8 29 30 31 
5 11 25 33 
5 10 24 33 
22 29 30 34 
12 18 28 35 
0 1 2 20 
1 16 23 30 
0 22 29 33 
0 15 24 32 
1 5 28 31 
0 4 10 31 
1 11 14 30 
0 1 18 27 
5 9 29 34 
16 24 30 33 
5 15 18 33 
4 10 17 35 
2 8 23 35 
11 28 30 33 
6 16 23 30 
9 17 30 31 
11 20 34 35 
0 1 3 26 
2 5 15 32 
5 6 10 32 
5 19 29 34 
5 12 28 32 
0 7 17 32 
0 2 6 21 
0 11 21 23 
1 21 24 30 
2 8 23 30 
15 30 32 33 
12 13 29 30 
2 24 25 30 
4 5 13 33 
4 10 33 35 
1 8 31 35 
2 21 33 35 
11 18 27 35 
9 23 24 35 
4 21 29 30 
4 5 6 10 
0 6 8 29 
3 9 32 35 
6 11 26 35 
4 17 28 30 
5 12 26 31 
2 4 10 35 
4 5 23 27 
4 26 33 35 
0 2 7 32 
0 1 25 33 
1 16 29 35 
5 6 15 31 
0 1 26 33 
21 23 32 35 
0 1 9 18 
15 29 30 31 
0 6 16 17 
1 19 33 35 
5 15 24 33 
17 19 24 35 
0 1 22 31 
6 10 32 35 
6 10 11 30 
2 5 10 17 
5 18 21 23 
0 2 6 20 
5 8 18 33 
2 5 6 19 
0 16 18 33 
4 7 24 35 
11 14 29 35 
5 17 22 32 
3 6 21 35 
0 8 17 33 
5 8 12 33 
3 8 30 33 
0 12 19 34 
0 24 25 34 
0 1 20 33 
1 6 16 35 
4 5 10 11 
2 10 24 30 
12 13 18 35 
2 8 11 35 
8 17 18 35 
2 16 18 35 
0 3 11 21 
5 9 12 32 
0 3 17 21 
0 15 18 24 
2 10 29 35 
5 14 24 33 
4 5 8 31 
0 23 24 26 
6 18 25 35 
7 30 33 34 
1 4 25 30 
5 12 24 26 
5 14 17 33 
24 27 29 30 
11 27 34 35 
7 23 31 35 
10 18 24 30 
5 7 18 34 
5 21 24 29 
8 11 12 30 
3 4 26 30 
1 5 24 28 
17 25 30 31 
4 9 32 35 
5 28 32 34 
0 26 29 31 
6 11 25 30 
0 4 9 18 
7 17 30 34 
3 23 25 30 
5 11 20 33 
6 16 17 30 
1 14 29 30 
0 18 19 34 
0 9 23 32 
4 12 16 35 
0 4 26 34 
1 20 31 35 
3 11 14 35 
6 12 13 30 
1 5 17 21 
5 8 29 33 
6 9 31 35 
6 25 29 35 
1 7 12 30 
15 24 33 35 
1 5 26 34 
0 17 21 34 
0 12 16 31 
2 9 18 30 
21 24 30 34 
0 11 23 27 
0 17 18 19 
0 27 29 34 
2 27 30 33 
5 6 15 23 
22 24 31 35 
0 1 22 24 
17 22 24 35 
12 24 27 35 
7 11 24 35 
5 18 26 33 
3 25 29 30 
10 12 17 30 
5 23 26 33 
5 16 23 33 
0 1 2 26 
3 5 6 9 
2 5 11 22 
10 12 33 35 
0 22 23 32 
7 11 34 35 
5 18 20 23 
14 18 24 35 
3 7 18 35 
4 5 16 34 
20 24 30 34 
2 11 27 30 
0 11 25 33 
0 2 15 33 
9 12 18 35 
6 10 17 30 
5 6 18 25 
0 1 20 29 
0 7 23 32 
5 17 18 26 
0 4 6 21 
11 18 27 30 
1 4 9 30 
6 12 15 30 
12 23 27 30 
3 12 26 35 
11 19 24 30 
5 7 29 34 
3 10 24 30 
0 9 32 33 
6 16 32 35 
6 10 29 35 
17 21 24 30 
11 27 30 34 
5 6 13 34 
5 19 23 33 
3 10 31 35 
15 23 31 35 
0 3 6 7 
14 29 31 35 
0 11 21 24 
1 18 22 35 
13 23 29 35 
5 12 16 34 
4 6 15 35 
3 6 25 30 
3 9 30 33 
0 11 16 31 
1 3 27 35 
0 6 28 34 
0 21 23 29 
3 14 29 35 
4 5 11 27 
18 19 33 35 
8 24 34 35 
4 5 6 20 
6 12 13 35 
0 14 18 31 
0 2 11 22 
3 6 9 35 
1 19 30 32 
4 5 11 26 
5 12 18 26 
0 6 9 12 
0 15 23 34 
5 15 17 34 
3 5 10 24 
0 1 11 27 
12 16 34 35 
6 13 24 35 
0 6 20 23 
0 12 18 21 
0 18 25 34 
5 12 14 17 
2 3 5 9 
5 18 21 32 
16 23 24 35 
2 5 25 34 
2 17 22 30 
1 22 24 30 
0 7 18 33 
2 4 5 22 
0 3 12 15 
0 11 20 32 
2 23 25 35 
6 18 28 30 
3 13 33 35 
2 5 20 32 
1 18 27 35 
0 4 10 32 
7 24 33 35 
0 12 21 34 
0 3 21 24 
11 27 30 33 
8 17 24 35 
0 4 12 20 
0 7 12 29 
5 7 12 24 
1 5 20 31 
17 21 24 35 
5 11 15 34 
0 25 32 33 
1 20 30 33 
6 28 29 35 
8 32 33 35 
5 8 33 34 
5 6 12 26 
10 17 23 30 
1 20 30 32 
0 9 24 33 
20 23 24 35 
1 5 25 31 
4 15 23 35 
18 27 29 30 
4 9 18 30 
5 24 26 34 
16 18 29 30 
2 22 34 35 
15 18 30 33 
2 11 22 30 
5 10 18 32 
4 21 23 35 
7 23 30 34 
3 9 11 35 
5 20 24 32 
4 5 10 18 
5 8 18 31 
2 6 22 35 
0 14 17 23 
6 14 31 35 
0 12 21 29 
5 12 22 24 
0 6 10 29 
5 13 24 33 
4 13 24 30 
0 2 3 8 
18 27 33 35 
6 20 30 32 
6 10 24 30 
14 18 30 33 
12 20 30 33 
15 23 24 30 
8 18 24 35 
5 12 17 22 
12 17 25 30 
4 5 13 34 
5 17 25 32 
6 18 21 30 
0 1 3 19 
4 10 31 35 
0 1 6 26 
13 31 34 35 
5 15 29 32 
5 9 31 32 
23 27 30 34 
2 9 30 31 
1 26 31 35 
15 31 33 35 
2 5 9 17 
4 5 11 13 
3 22 29 30 
6 17 26 30 
21 23 30 32 
6 9 34 35 
0 3 15 24 
4 16 17 35 
4 5 16 32 
1 22 30 32 
0 3 13 33 
5 19 24 34 
0 19 23 24 
1 5 12 28 
0 10 17 18 
12 18 28 30 
4 19 30 34 
5 12 20 33 
0 4 28 34 
2 18 28 35 
3 5 19 33 
0 6 28 31 
27 30 31 33 
3 9 29 30 
5 6 14 23 
14 29 30 34 
1 21 29 35 
5 8 11 17 
2 3 7 35 
21 29 30 32 
1 2 5 13 
0 11 21 31 
4 5 12 22 
0 1 7 32 
4 5 7 12 
0 4 22 23 
4 20 33 35 
4 13 23 35 
1 10 23 35 
5 6 15 33 
3 25 30 33 
27 30 31 32 
0 2 11 19 
13 23 29 30 
5 11 18 19 
5 10 18 29 
5 17 20 34 
5 6 17 22 
3 4 21 30 
0 6 22 29 
5 23 28 33 
0 10 24 34 
22 23 29 35 
0 7 12 23 
3 7 30 33 
18 22 29 30 
5 16 17 29 
5 18 26 34 
0 17 19 23 
5 17 18 21 
0 1 15 29 
3 9 18 30 
13 18 32 35 
5 19 32 33 
5 27 33 34 
5 12 15 34 
0 1 8 33 
12 23 28 35 
5 11 27 29 
6 8 29 30 
2 7 30 34 
11 12 16 30 
0 2 21 32 
4 19 30 31 
0 4 20 33 
3 4 19 35 
1 7 30 33 
10 23 29 30 
27 30 32 33 
6 18 25 30 
4 5 20 23 
5 19 23 29 
12 19 29 35 
4 5 12 26 
5 14 23 29 
12 22 29 35 
5 9 12 18 
2 5 17 20 
9 24 33 35 
8 11 33 35 
1 13 31 35 
7 12 17 35 
0 4 14 29 
1 9 29 30 
3 5 16 23 
1 2 21 35 
0 12 18 22 
5 11 21 24 
19 29 31 35 
5 6 16 29 
1 5 23 25 
16 30 31 33 
1 11 13 30 
0 15 18 33 
9 23 31 35 
12 14 24 30 
13 24 33 35 
0 2 18 27 
9 11 17 30 
4 7 29 30 
0 18 24 28 
5 6 9 11 
0 3 18 22 
12 15 23 30 
2 5 13 23 
5 6 13 31 
1 5 16 23 
1 11 15 30 
3 23 26 35 
2 13 29 30 
6 9 11 35 
5 18 23 25 
3 14 18 35 
5 7 17 33 
0 17 20 33 
0 7 11 24 
4 15 23 30 
5 6 24 25 
0 10 11 29 
5 23 24 28 
5 10 23 29 
0 19 29 31 
11 25 30 34 
23 26 29 30 
5 6 27 33 
3 14 29 30 
11 13 30 31 
5 12 24 27 
2 8 31 35 
2 5 21 24 
4 6 25 30 
0 15 31 32 
2 5 16 33 
13 18 24 30 
2 5 22 31 
7 18 30 34 
1 20 29 35 
0 17 21 32 
15 23 30 33 
7 24 34 35 
6 15 23 30 
2 12 15 35 
11 25 32 35 
2 12 19 35 
6 22 31 35 
0 10 29 31 
0 3 21 32 
7 12 34 35 
6 20 29 30 
0 3 15 31 
4 5 25 29 
2 26 34 35 
1 16 23 35 
4 9 24 30 
6 20 30 31 
2 6 9 35 
0 10 23 31 
9 12 17 35 
0 7 12 33 
5 22 23 29 
12 17 26 35 
0 2 4 15 
1 5 9 29 
4 5 13 18 
1 18 21 35 
5 6 8 24 
0 16 17 18 
5 24 25 31 
6 8 24 30 
0 3 26 33 
5 6 13 17 
1 18 28 30 
1 5 9 24 
1 28 30 32 
4 5 12 15 
4 18 25 30 
5 6 19 23 
2 5 8 33 
9 18 32 35 
3 11 21 35 
12 20 30 34 
5 6 10 18 
16 31 33 35 
0 3 16 33 
1 18 20 35 
11 14 32 35 
3 5 12 26 
1 6 19 35 
0 14 17 29 
0 12 13 32 
1 2 8 30 
2 5 21 33 
2 18 19 30 
3 18 22 30 
8 29 33 35 
5 6 22 33 
0 1 15 33 
13 17 24 35 
3 5 19 29 
2 5 17 19 
1 17 21 35 
1 3 5 10 
12 25 32 35 
0 2 6 25 
0 2 27 33 
18 23 25 30 
4 14 33 35 
1 5 20 24 
5 17 19 31 
4 5 24 26 
17 20 34 35 
6 22 30 31 
1 5 12 16 
0 3 15 29 
0 7 17 34 
0 11 12 16 
5 12 18 21 
17 19 23 30 
6 13 29 35 
5 14 29 33 
3 22 29 35 
4 22 24 30 
24 25 30 33 
3 22 30 31 
5 11 18 27 
5 6 8 32 
5 12 19 34 
4 5 14 18 
5 11 12 14 
18 19 23 30 
2 6 9 30 
6 12 26 30 
5 10 11 18 
0 11 22 34 
12 27 34 35 
7 12 30 33 
3 7 12 30 
6 8 18 35 
9 24 30 33 
5 6 21 34 
5 7 23 24 
0 10 17 32 
12 16 30 34 
12 17 20 30 
7 29 30 31 
3 8 12 30 
10 11 32 35 
3 12 22 30 
1 20 29 30 
4 5 23 25 
0 3 23 25 
8 23 32 35 
20 30 31 33 
5 11 12 25 
2 7 30 31 
0 12 27 33 
8 23 34 35 
17 26 30 33 
4 11 13 35 
0 11 13 18 
12 19 33 35 
9 29 30 34 
5 11 14 29 
1 5 12 13 
0 11 17 22 
0 3 21 33 
2 5 8 17 
5 14 17 23 
16 30 33 34 
11 18 22 35 
0 14 17 31 
20 23 30 32 
0 23 27 33 
3 7 30 31 
0 26 31 33 
5 15 31 33 
5 6 18 21 
17 27 33 35 
0 18 24 25 
0 1 25 32 
2 20 31 35 
2 5 28 31 
5 13 32 33 
2 11 21 30 
8 18 34 35 
5 17 19 34 
3 5 10 33 
1 13 29 30 
1 10 30 32 
4 15 18 30 
11 12 15 35 
3 8 29 35 
17 23 27 30 
11 25 29 30 
0 1 15 18 
5 10 17 33 
5 20 33 34 
0 12 26 32 
5 17 26 33 
2 21 30 33 
3 10 11 35 
5 28 31 33 
7 30 32 33 
17 20 31 35 
3 6 15 35 
0 6 25 32 
2 5 18 20 
5 17 27 31 
11 16 30 33 
23 24 25 30 
1 5 11 14 
17 27 30 32 
0 20 24 33 
3 19 30 34 
0 1 2 19 
0 6 12 28 
0 9 12 29 
3 5 12 19 
7 18 23 35 
2 25 30 31 
14 23 33 35 
0 2 9 18 
2 5 19 31 
6 7 12 30 
1 17 22 35 
5 9 23 32 
0 1 21 32 
0 18 19 31 
0 11 16 32 
25 31 32 35 
0 6 13 18 
19 24 32 35 
1 15 18 35 
1 20 33 35 
4 19 29 30 
1 21 34 35 
11 28 31 35 
18 19 30 33 
5 27 29 31 
5 22 24 32 
9 12 34 35 
5 15 17 29 
5 6 12 28 
4 13 34 35 
6 10 34 35 
5 11 25 34 
17 20 30 32 
5 6 17 25 
13 17 30 33 
0 1 27 33 
12 16 17 35 
0 8 18 24 
9 29 31 35 
12 25 29 30 
0 1 11 28 
0 11 13 33 
0 23 24 27 
0 11 16 18 
0 6 11 25 
1 5 6 10 
7 17 29 35 
4 12 27 30 
3 4 27 35 
5 9 18 29 
1 5 17 26 
0 19 24 34 
5 18 21 29 
0 16 18 32 
10 18 30 32 
0 1 19 32 
5 12 15 29 
5 21 24 31 
2 5 11 28 
0 1 8 23 
5 12 19 31 
12 16 17 30 
9 18 30 34 
19 24 30 32 
1 5 7 32 
0 20 23 31 
0 1 4 27 
4 5 11 16 
5 9 12 31 
5 13 24 31 
2 5 14 23 
0 1 9 32 
5 16 31 32 
0 2 8 11 
5 16 24 32 
1 25 30 34 
23 26 31 35 
0 9 18 31 
3 5 8 32 
0 4 22 34 
0 14 23 24 
0 28 31 34 
1 5 28 29 
23 28 33 35 
0 1 23 26 
17 22 23 35 
10 17 30 33 
0 17 20 31 
9 12 31 35 
11 22 30 31 
1 9 17 30 
2 3 7 30 
0 1 22 34 
12 14 34 35 
1 5 13 34 
0 4 7 11 
4 8 11 35 
11 18 25 30 
1 16 30 33 
5 26 29 33 
1 5 16 24 
11 24 25 35 
21 24 31 35 
2 15 30 34 
3 4 5 19 
5 6 20 29 
0 17 22 23 
0 28 29 34 
5 11 24 26 
5 15 17 31 
0 9 33 34 
5 19 29 33 
3 10 11 30 
5 17 21 29 
3 11 13 30 
3 17 25 30 
3 4 16 30 
11 21 24 35 
0 3 16 32 
5 15 32 34 
0 14 31 33 
1 27 30 32 
12 15 30 34 
5 6 9 34 
22 30 33 34 
17 28 30 31 
6 25 31 35 
5 14 29 31 
3 5 15 18 
20 29 32 35 
4 5 21 23 
12 26 30 33 
0 1 8 17 
4 5 14 24 
3 13 30 31 
0 4 10 11 
3 11 26 35 
1 12 26 35 
0 25 32 34 
3 5 16 34 
12 18 21 30 
11 13 24 30 
11 17 20 30 
13 33 34 35 
3 5 15 32 
5 17 23 27 
5 16 29 33 
22 24 29 30 
2 23 27 35 
5 12 21 32 
5 15 17 24 
0 12 23 25 
5 11 26 31 
17 18 22 30 
2 5 27 32 
3 5 11 22 
0 11 17 19 
6 12 25 35 
1 26 32 35 
0 1 15 34 
6 20 29 35 
17 25 30 34 
5 13 18 29 
3 5 19 32 
3 15 34 35 
6 18 28 35 
2 10 34 35 
0 1 16 23 
10 12 23 30 
20 23 30 34 
0 19 31 34 
0 1 4 7 
15 17 23 30 
0 8 32 34 
4 13 17 30 
17 24 25 35 
3 9 24 35 
3 9 18 35 
6 14 29 30 
2 5 20 31 
0 1 10 12 
11 17 27 30 
0 1 15 24 
0 11 27 31 
12 28 30 31 
0 11 18 26 
17 18 27 30 
0 18 28 33 
5 19 24 32 
14 18 30 31 
4 9 33 35 
1 3 16 35 
25 30 31 34 
4 7 33 35 
5 15 23 29 
3 8 17 30 
5 6 20 33 
18 24 26 30 
12 14 30 32 
0 6 13 34 
5 11 26 32 
2 3 21 30 
4 21 30 32 
1 6 15 30 
18 25 30 31 
2 5 16 31 
1 28 31 35 
0 2 17 21 
5 11 14 33 
5 9 12 34 
3 9 31 35 
10 18 32 35 
12 13 24 30 
2 12 16 35 
9 23 32 35 
0 23 27 34 
8 24 30 32 
2 4 7 30 
1 5 22 32 
17 21 32 35 
5 13 31 33 
18 19 32 35 
0 14 23 29 
0 4 11 26 
0 11 18 21 
21 24 30 33 
24 26 30 34 
4 24 26 30 
4 5 6 28 
24 28 34 35 
1 2 5 19 
13 18 33 35 
3 20 24 35 
0 4 12 21 
0 3 17 25 
6 11 26 30 
0 2 7 11 
0 21 32 34 
7 11 12 35 
1 5 10 29 
0 15 23 32 
5 9 18 23 
1 5 26 33 
5 11 12 19 
5 12 27 34 
1 4 13 30 
0 4 11 20 
10 18 34 35 
11 14 33 35 
5 11 21 32 
17 20 23 35 
6 7 33 35 
20 24 33 35 
3 6 22 30 
14 18 29 35 
6 27 30 32 
0 1 4 9 
5 12 17 26 
15 18 30 34 
1 5 15 24 
2 5 13 18 
9 17 30 33 
1 5 15 31 
1 10 32 35 
11 12 26 35 
0 6 9 24 
17 19 24 30 
6 13 29 30 
5 18 24 25 
4 5 9 11 
2 22 33 35 
5 6 14 17 
0 12 15 17 
8 17 30 31 
0 17 27 29 
10 17 18 35 
5 17 27 33 
0 3 7 11 
0 1 3 27 
4 11 14 30 
1 3 15 35 
5 12 14 18 
5 6 13 24 
1 17 25 35 
6 23 28 35 
4 25 32 35 
11 16 18 30 
1 3 26 30 
5 8 23 32 
3 11 14 30 
23 27 30 33 
3 5 7 12 
0 1 8 34 
11 24 28 35 
2 7 32 35 
2 5 13 31 
3 17 20 30 
2 5 26 31 
0 7 11 34 
5 11 15 31 
0 7 18 24 
5 10 11 23 
2 3 15 30 
15 18 31 35 
5 10 11 31 
1 5 14 24 
0 6 24 27 
5 14 18 24 
1 2 5 28 
5 6 22 31 
5 15 18 31 
5 18 25 34 
0 13 18 34 
5 13 17 34 
8 11 24 30 
17 28 32 35 
3 11 25 35 
4 5 10 24 
5 16 33 34 
16 17 24 35 
0 1 9 31 
0 1 2 25 
0 2 25 34 
0 24 27 34 
1 8 34 35 
3 19 32 35 
0 4 21 33 
0 17 26 29 
5 6 12 21 
2 4 5 13 
5 11 15 18 
0 16 29 34 
1 19 29 30 
6 16 30 33 
0 6 15 29 
5 7 31 34 
2 14 29 35 
0 21 31 33 
2 3 5 10 
4 16 31 35 
3 5 20 32 
3 12 21 35 
6 19 24 35 
0 4 17 19 
0 10 18 34 
4 6 19 30 
5 21 23 31 
0 3 28 32 
0 11 13 32 
3 19 23 35 
6 11 19 30 
0 9 24 29 
0 8 18 32 
22 30 31 34 
0 1 3 13 
0 19 29 33 
4 5 21 24 
20 23 34 35 
0 2 15 18 
0 3 7 29 
5 8 11 32 
0 24 26 32 
1 19 34 35 
5 12 17 20 
0 18 19 29 
17 22 29 30 
0 4 25 33 
0 6 19 23 
2 5 27 31 
0 22 29 31 
12 18 27 35 
0 13 33 34 
5 6 12 22 
15 18 30 31 
0 2 11 14 
0 4 22 24 
3 5 21 29 
12 21 30 32 
0 1 12 20 
6 9 18 35 
5 8 18 34 
0 22 24 29 
2 8 33 35 
0 6 24 26 
0 8 17 18 
0 2 10 31 
2 5 16 17 
5 12 15 23 
2 5 15 31 
10 12 32 35 
2 4 5 19 
5 9 12 29 
7 12 33 35 
3 15 30 32 
15 23 29 30 
3 5 14 34 
0 3 16 23 
0 3 9 23 
0 1 16 31 
0 4 28 29 
7 29 34 35 
5 15 29 34 
4 6 10 35 
7 12 30 34 
5 6 11 27 
3 5 22 24 
0 2 26 31 
2 16 29 35 
2 5 23 27 
24 27 30 33 
17 27 30 31 
0 12 18 26 
4 16 32 35 
3 27 34 35 
0 1 21 34 
0 16 17 24 
18 21 30 31 
0 10 11 17 
5 6 7 12 
5 6 22 23 
19 23 24 35 
7 12 18 35 
0 4 18 28 
0 1 3 25 
0 12 22 23 
16 33 34 35 
7 31 32 35 
0 6 15 34 
12 27 30 34 
11 20 30 32 
3 4 5 8 
9 17 30 34 
9 30 33 34 
0 17 28 34 
5 6 25 34 
5 17 24 28 
0 16 17 32 
5 17 19 24 
7 11 29 35 
1 27 29 30 
0 27 29 33 
16 29 30 32 
0 15 29 33 
0 17 21 23 
2 4 8 30 
5 22 29 31 
4 6 27 30 
3 28 34 35 
4 5 16 23 
4 15 24 35 
3 5 6 26 
4 19 32 35 
4 13 29 35 
0 20 32 33 
3 5 9 23 
0 17 21 29 
5 9 12 24 
4 5 27 33 
4 13 18 30 
1 25 30 32 
2 7 17 35 
5 10 24 34 
1 15 18 30 
0 1 8 32 
5 6 9 23 
11 17 21 30 
6 26 29 30 
14 30 31 32 
2 17 28 30 
1 5 17 27 
0 4 6 28 
0 12 19 23 
3 28 31 35 
2 4 25 35 
5 17 18 20 
5 7 31 32 
8 23 31 35 
0 3 4 7 
0 7 24 33 
0 12 14 17 
12 15 24 30 
5 12 15 33 
1 4 27 30 
0 18 26 31 
6 15 24 35 
1 5 21 32 
4 16 23 35 
5 12 16 17 
0 1 8 29 
18 21 33 35 
0 11 16 23 
0 4 14 32 
0 2 18 21 
6 24 27 35 
0 18 24 26 
1 5 23 26 
6 24 26 30 
1 13 29 35 
16 17 30 34 
11 16 24 35 
7 30 31 33 
0 2 10 34 
14 24 31 35 
16 18 31 35 
5 9 11 12 
4 13 23 30 
2 3 5 19 
1 24 27 35 
0 2 7 17 
2 5 7 29 
4 7 12 30 
3 22 34 35 
18 25 29 35 
2 6 7 35 
5 6 28 31 
0 6 11 14 
4 13 17 35 
6 19 30 32 
5 6 22 24 
28 29 31 35 
8 17 18 30 
0 2 12 14 
3 14 23 30 
10 17 29 30 
13 30 32 33 
2 6 8 30 
2 18 21 35 
0 1 6 25 
20 30 32 34 
1 5 15 32 
5 15 17 32 
1 5 7 24 
4 25 34 35 
20 23 31 35 
0 4 15 34 
0 12 13 31 
28 31 32 35 
3 25 33 35 
4 23 26 35 
2 6 16 35 
1 3 28 30 
0 6 26 31 
11 15 29 35 
5 9 18 31 
2 20 33 35 
4 13 30 33 
16 31 34 35 
0 7 18 23 
10 29 30 34 
6 18 22 30 
6 27 31 35 
7 17 23 35 
0 3 28 31 
0 15 31 34 
1 9 11 35 
4 16 17 30 
8 23 30 32 
0 1 18 26 
17 19 34 35 
10 11 24 35 
3 16 29 35 
0 6 26 32 
16 32 33 35 
2 15 18 30 
5 6 10 17 
2 3 25 35 
3 5 8 18 
0 8 29 34 
5 6 19 24 
0 17 27 32 
5 21 24 32 
16 18 23 30 
3 11 19 35 
0 15 18 34 
1 19 29 35 
5 11 19 24 
5 8 11 18 
5 18 19 32 
2 5 19 33 
0 2 4 27 
2 14 34 35 
27 32 33 35 
4 15 32 35 
2 5 13 33 
16 18 34 35 
12 25 29 35 
0 17 24 25 
4 5 14 32 
3 6 7 35 
0 2 4 21 
17 21 30 33 
0 3 8 18 
12 27 30 33 
0 3 6 27 
12 14 18 30 
1 11 13 35 
7 18 24 30 
4 5 27 32 
4 10 30 31 
0 7 23 31 
16 23 34 35 
23 24 28 30 
12 19 24 30 
0 11 15 34 
0 28 31 33 
1 5 19 32 
11 25 33 35 
4 5 19 24 
0 12 27 32 
11 21 29 30 
21 29 30 33 
2 4 20 35 
0 9 18 33 
0 3 20 32 
3 7 17 30 
0 3 16 31 
1 5 10 12 
0 21 31 34 
5 18 25 29 
0 18 27 34 
6 13 17 35 
4 7 17 30 
6 26 29 35 
4 11 20 35 
0 19 31 32 
0 4 7 23 
5 13 24 34 
4 11 22 35 
17 20 29 30 
10 11 18 30 
22 23 30 33 
2 5 6 14 
1 2 5 8 
24 26 30 33 
5 11 14 23 
4 7 17 35 
0 12 17 19 
5 20 29 31 
6 22 34 35 
2 5 12 14 
18 21 23 30 
1 4 10 30 
3 14 30 34 
27 29 32 35 
2 18 19 35 
5 26 31 33 
1 2 14 35 
0 3 9 12 
5 6 20 23 
1 5 7 33 
5 24 25 29 
1 13 23 35 
8 11 23 35 
11 21 32 35 
5 16 17 33 
14 23 30 31 
4 5 8 34 
5 20 29 34 
5 24 26 33 
4 5 12 14 
12 21 30 33 
5 17 28 29 
4 21 24 30 
0 2 20 29 
0 1 18 19 
5 9 17 34 
0 3 14 17 
12 13 30 33 
1 19 24 35 
0 11 12 19 
6 9 30 34 
6 13 17 30 
4 5 20 34 
4 22 32 35 
4 5 22 32 
5 7 12 32 
11 12 16 35 
12 18 26 30 
1 3 20 30 
0 1 2 21 
13 18 31 35 
5 12 14 33 
11 13 29 35 
0 10 23 33 
3 6 26 35 
6 7 23 35 
4 15 34 35 
15 29 33 35 
1 5 23 28 
4 5 8 18 
0 24 28 29 
7 17 23 30 
17 20 33 35 
5 18 24 26 
0 4 11 25 
0 6 16 23 
4 5 23 28 
0 16 18 23 
1 11 25 35 
2 11 15 30 
0 23 26 32 
13 30 31 33 
0 18 21 29 
3 23 28 35 
3 9 12 35 
5 6 16 32 
5 11 19 34 
5 17 26 29 
5 6 7 23 
0 15 24 33 
0 11 21 33 
21 23 29 35 
11 17 20 35 
0 1 28 32 
0 2 8 24 
0 1 21 33 
2 5 18 28 
0 3 19 23 
4 28 33 35 
17 26 29 35 
4 13 29 30 
5 8 23 29 
9 11 23 35 
0 2 13 34 
12 19 31 35 
2 5 25 31 
5 10 23 31 
2 5 12 19 
0 7 23 24 
2 5 10 29 
4 6 25 35 
5 6 21 33 
4 8 33 35 
9 24 30 32 
3 4 9 30 
0 12 16 33 
14 17 18 30 
0 11 17 21 
0 1 14 34 
0 12 22 32 
0 7 24 32 
11 12 21 35 
0 16 18 31 
4 5 25 34 
0 4 8 12 
5 8 31 33 
10 12 24 35 
0 4 20 34 
1 2 28 30 
0 18 21 34 
4 13 33 35 
2 5 10 31 
5 16 17 31 
0 3 4 28 
11 17 28 30 
2 5 19 24 
0 12 17 25 
2 5 8 29 
5 11 19 29 
0 19 33 34 
18 19 23 35 
0 6 14 32 
11 19 32 35 
0 3 4 10 
1 22 34 35 
5 11 14 34 
0 11 12 28 
10 23 30 34 
5 7 23 33 
6 17 25 35 
2 26 30 31 
0 1 3 28 
5 14 23 32 
2 6 21 30 
0 12 22 29 
0 17 23 26 
0 1 20 32 
0 27 29 31 
0 4 28 31 
3 6 7 30 
5 27 29 34 
3 5 26 31 
1 3 8 30 
0 4 11 27 
16 18 30 34 
0 25 31 33 
6 11 20 30 
3 10 12 35 
11 27 29 30 
12 13 33 35 
6 23 25 30 
4 16 29 35 
0 3 15 23 
18 24 25 30 
2 27 29 30 
0 1 12 13 
4 6 13 35 
0 6 13 29 
3 5 15 24 
0 17 22 34 
0 1 21 24 
0 17 22 29 
1 5 8 33 
4 5 6 7 
4 24 27 30 
3 4 10 30 
12 15 30 33 
0 10 18 24 
3 21 30 31 
2 4 5 10 
12 19 30 31 
5 7 12 18 
10 18 29 35 
11 14 30 32 
1 5 18 22 
0 12 15 31 
2 17 21 35 
0 3 7 18 
3 26 30 31 
7 11 30 34 
6 17 22 35 
2 3 28 30 
24 28 30 32 
3 19 33 35 
22 23 24 35 
5 24 25 33 
3 25 30 34 
10 17 33 35 
1 20 30 31 
0 2 13 18 
1 9 12 30 
6 17 21 30 
6 23 25 35 
2 27 32 35 
6 17 27 30 
0 17 24 28 
0 16 24 33 
4 5 17 28 
16 30 32 33 
20 23 32 35 
1 5 11 16 
6 9 29 35 
0 3 8 29 
3 27 31 35 
9 17 18 30 
11 21 29 35 
5 20 23 34 
0 2 9 33 
0 22 24 34 
2 22 23 30 
12 17 25 35 
6 16 24 30 
21 30 31 34 
1 7 31 35 
3 8 29 30 
11 21 23 35 
0 3 28 34 
11 23 25 35 
20 29 30 33 
1 11 27 30 
14 23 32 35 
1 5 20 33 
13 31 32 35 
23 28 30 31 
5 10 29 32 
5 7 33 34 
10 12 34 35 
0 3 22 29 
1 15 23 30 
0 24 27 32 
17 21 33 35 
0 28 32 33 
1 13 30 32 
11 15 17 35 
0 2 10 32 
1 5 9 11 
4 10 24 35 
4 6 21 30 
0 4 6 9 
2 5 7 23 
2 5 11 15 
4 5 18 22 
1 4 5 9 
12 20 23 30 
5 6 12 16 
2 4 19 30 
3 5 8 12 
1 16 18 35 
11 15 30 32 
3 15 18 30 
0 1 7 11 
5 22 23 32 
4 10 12 30 
6 13 23 30 
0 1 13 32 
0 2 9 12 
4 11 20 30 
4 14 23 35 
0 3 19 31 
12 14 30 34 
2 5 6 9 
3 5 25 31 
24 26 29 30 
1 18 26 35 
18 22 30 32 
0 4 26 31 
3 5 13 34 
0 3 20 34 
0 1 10 24 
4 6 8 30 
0 13 31 33 
11 22 23 35 
5 23 25 34 
17 24 28 35 
3 5 9 12 
0 18 20 33 
18 26 34 35 
12 25 34 35 
6 7 23 30 
0 10 12 34 
2 5 22 33 
0 2 22 32 
6 9 24 30 
0 3 28 29 
4 5 19 33 
19 32 33 35 
0 2 14 17 
3 7 11 30 
0 11 25 29 
2 19 24 35 
15 17 24 35 
0 9 12 32 
6 11 22 30 
0 4 17 25 
4 5 14 31 
3 18 25 30 
4 16 23 30 
1 28 30 31 
14 17 31 35 
6 22 23 30 
5 6 18 26 
10 18 31 35 
6 21 31 35 
1 9 18 35 
1 9 23 30 
18 28 33 35 
0 18 28 32 
1 16 30 32 
5 10 23 24 
20 29 30 31 
3 16 23 30 
12 18 22 30 
11 20 24 30 
13 29 30 33 
5 6 10 29 
3 5 13 18 
17 26 34 35 
0 3 12 13 
6 28 32 35 
0 14 24 31 
5 10 18 31 
1 15 30 34 
6 9 33 35 
5 12 13 23 
0 1 15 31 
6 9 23 30 
0 3 9 11 
5 13 18 23 
3 12 16 35 
14 17 33 35 
2 9 34 35 
6 23 26 30 
4 22 30 31 
5 6 14 33 
5 18 19 23 
0 8 12 33 
0 10 11 33 
5 21 29 33 
0 3 15 33 
18 22 30 31 
3 21 33 35 
2 28 29 30 
17 26 33 35 
8 11 17 30 
3 22 30 34 
2 5 9 33 
0 2 11 21 
0 6 18 19 
16 17 18 35 
1 17 28 30 
2 22 29 35 
0 8 11 12 
22 23 30 31 
0 13 29 31 
5 11 28 34 
0 6 23 25 
6 18 20 30 
4 5 10 23 
5 6 23 27 
12 18 27 30 
2 26 29 35 
0 1 12 15 
8 17 23 35 
5 9 17 29 
12 22 32 35 
3 18 27 35 
5 17 25 29 
0 18 25 29 
6 13 33 35 
4 11 27 35 
8 18 30 32 
6 18 26 35 
6 19 32 35 
0 11 17 20 
4 5 16 17 
0 12 25 34 
0 6 17 21 
4 5 15 29 
6 20 31 35 
16 29 33 35 
5 6 23 25 
0 7 33 34 
1 5 13 23 
0 17 26 32 
14 24 29 35 
2 19 30 34 
10 11 31 35 
1 5 7 23 
15 24 29 35 
3 18 26 35 
13 23 32 35 
13 17 30 31 
4 5 15 32 
0 3 4 20 
5 11 16 17 
0 11 16 17 
0 3 18 21 
3 18 19 30 
2 5 9 34 
0 7 23 33 
14 23 29 35 
9 17 29 30 
2 18 27 35 
5 11 23 25 
6 11 21 35 
11 25 31 35 
3 14 31 35 
0 1 19 23 
22 30 31 33 
3 4 26 35 
0 11 14 33 
5 6 7 33 
0 2 3 21 
0 4 8 24 
18 22 30 34 
6 20 30 33 
5 7 24 29 
0 1 4 8 
11 21 30 31 
0 11 17 26 
8 12 29 35 
11 16 24 30 
4 18 22 30 
9 12 18 30 
0 2 21 31 
12 14 17 35 
11 15 18 35 
6 15 33 35 
6 11 16 35 
5 11 18 21 
12 14 29 30 
2 5 15 23 
0 24 26 33 
0 8 12 34 
6 11 27 35 
0 18 19 33 
11 23 27 30 
1 10 23 30 
4 25 33 35 
18 26 30 32 
8 29 32 35 
5 21 32 33 
14 18 30 32 
3 4 9 35 
0 14 32 34 
0 25 29 31 
24 25 34 35 
1 5 17 20 
5 6 19 34 
2 16 31 35 
4 22 23 35 
0 9 17 29 
5 9 11 23 
5 10 11 32 
0 4 9 11 
3 5 13 32 
0 1 4 20 
3 4 5 7 
4 18 28 30 
1 10 18 30 
0 4 10 24 
0 1 6 10 
1 27 30 31 
6 14 23 30 
3 5 7 34 
0 4 9 34 
1 5 6 27 
18 26 32 35 
7 30 31 34 
8 18 30 31 
4 5 8 33 
11 14 17 30 
5 7 24 32 
0 8 31 34 
4 12 13 30 
4 5 11 20 
0 15 24 29 
12 13 32 35 
0 17 20 24 
3 6 14 35 
4 16 30 34 
5 6 26 31 
1 5 27 34 
5 12 15 31 
0 6 20 31 
0 6 15 18 
5 12 15 17 
0 17 24 27 
16 32 34 35 
2 7 18 35 
0 17 18 27 
0 1 2 14 
5 16 32 34 
15 23 30 31 
1 7 33 35 
3 8 32 35 
3 5 7 23 
4 13 30 31 
7 11 30 33 
2 5 22 29 
5 11 23 26 
0 2 24 27 
4 6 28 30 
5 9 23 34 
18 25 31 35 
1 25 30 31 
3 5 11 16 
5 7 17 23 
3 4 14 30 
5 9 11 18 
0 7 32 34 
12 19 23 35 
1 10 17 30 
0 8 11 18 
18 24 27 30 
2 3 8 35 
5 21 23 29 
0 4 10 29 
0 6 14 29 
9 12 30 32 
1 17 26 30 
6 10 30 32 
0 22 24 31 
0 6 20 32 
8 12 30 33 
4 9 30 33 
23 25 30 33 
4 5 12 19 
0 6 13 31 
5 14 24 29 
14 31 33 35 
3 16 23 35 
0 1 27 34 
4 5 6 26 
6 15 29 30 
2 15 30 31 
4 12 14 30 
11 18 19 30 
3 26 32 35 
4 5 6 21 
0 3 6 25 
3 5 11 28 
1 11 22 35 
5 11 12 16 
0 1 27 29 
5 12 21 34 
4 21 32 35 
0 21 23 31 
1 5 20 23 
17 20 32 35 
5 21 29 31 
23 28 29 35 
5 6 8 29 
4 6 16 30 
5 8 24 34 
11 26 30 34 
3 12 20 35 
18 25 30 33 
14 24 33 35 
11 20 23 35 
23 26 34 35 
1 23 28 35 
5 7 17 31 
4 20 24 35 
2 22 32 35 
1 12 21 30 
3 21 29 35 
8 11 24 35 
18 24 28 35 
11 16 32 35 
5 10 12 31 
4 26 32 35 
15 18 34 35 
8 12 29 30 
0 11 14 18 
0 4 12 27 
0 11 26 32 
5 9 17 24 
4 5 15 24 
0 7 29 34 
5 9 11 31 
6 8 34 35 
0 6 11 28 
0 1 20 31 
13 17 30 32 
6 25 30 34 
6 8 23 30 
6 9 12 30 
4 5 9 12 
2 21 29 30 
9 17 18 35 
3 14 30 32 
0 3 27 32 
4 5 7 32 
0 18 19 23 
6 12 27 35 
0 12 15 24 
18 19 29 35 
5 22 23 34 
6 22 29 30 
0 11 15 18 
3 4 5 16 
5 27 29 32 
6 26 30 33 
12 22 23 30 
6 12 27 30 
2 5 14 34 
0 6 10 33 
0 8 23 33 
5 12 17 25 
6 16 30 31 
2 5 21 29 
0 9 23 33 
5 17 24 26 
1 3 5 25 
1 5 8 23 
1 20 30 34 
12 25 33 35 
6 11 25 35 
0 2 10 29 
2 15 24 35 
6 24 28 30 
0 14 24 29 
5 6 20 31 
8 12 30 31 
0 17 23 28 
11 20 31 35 
0 16 24 29 
0 11 20 31 
12 22 24 30 
5 11 21 23 
5 14 29 34 
24 27 30 31 
2 14 30 32 
3 23 26 30 
5 16 31 34 
0 17 27 33 
5 23 24 27 
6 7 29 35 
28 29 34 35 
0 2 17 22 
3 4 25 30 
5 16 29 31 
0 6 22 24 
0 4 7 34 
1 3 20 35 
17 18 21 30 
5 12 22 33 
13 17 29 30 
2 7 33 35 
5 12 26 34 
5 10 12 32 
12 15 17 35 
4 5 26 34 
1 27 34 35 
11 14 17 35 
4 5 10 33 
2 26 32 35 
2 18 20 35 
0 12 16 34 
0 18 26 34 
6 12 22 35 
17 18 22 35 
2 3 25 30 
3 17 20 35 
11 28 32 35 
0 4 15 31 
3 16 17 30 
0 11 28 34 
0 13 29 33 
0 2 3 9 
0 6 22 33 
0 1 8 31 
0 3 6 20 
5 22 31 33 
5 12 25 34 
1 11 20 35 
2 10 30 34 
5 17 24 27 
7 29 30 32 
8 11 23 30 
16 29 30 33 
20 30 31 32 
0 4 10 23 
3 5 23 26 
23 27 34 35 
0 4 13 24 
13 24 29 30 
0 4 16 23 
5 27 31 33 
0 6 27 34 
5 12 21 29 
4 14 32 35 
23 25 30 32 
17 18 25 30 
19 30 31 32 
0 12 17 22 
5 6 9 29 
21 31 33 35 
4 25 31 35 
14 29 30 31 
2 5 11 27 
3 10 32 35 
4 17 21 30 
1 8 23 30 
6 19 23 35 
1 2 5 9 
2 13 34 35 
0 2 10 18 
0 14 24 33 
2 5 8 23 
0 1 12 26 
12 17 19 35 
17 28 33 35 
5 15 23 31 
8 24 31 35 
2 28 30 32 
5 10 18 34 
17 19 30 32 
4 5 22 29 
3 8 18 35 
2 26 31 35 
0 8 24 32 
5 28 29 31 
0 12 14 33 
0 4 7 12 
0 18 20 31 
16 17 23 35 
18 27 34 35 
0 4 10 17 
5 17 20 31 
0 12 26 34 
10 30 31 33 
18 22 32 35 
2 12 15 30 
0 20 29 34 
14 17 29 30 
0 14 17 32 
6 28 30 33 
12 22 30 34 
0 2 6 7 
15 18 23 30 
3 5 18 20 
1 6 9 35 
3 5 10 29 
3 5 18 27 
4 19 30 32 
2 15 23 30 
0 4 27 29 
10 24 30 33 
0 12 21 23 
0 4 7 29 
0 11 20 33 
17 26 32 35 
4 5 24 28 
5 6 11 20 
0 18 20 24 
0 4 26 33 
0 12 21 24 
5 6 26 32 
12 17 19 30 
0 12 15 23 
17 18 26 30 
12 21 32 35 
0 1 6 15 
1 23 27 30 
12 13 34 35 
0 10 12 31 
0 28 29 32 
9 30 31 33 
5 17 19 33 
2 5 7 32 
12 21 30 31 
2 4 8 35 
3 5 28 29 
3 5 16 17 
6 23 26 35 
11 28 34 35 
3 5 9 18 
0 6 8 33 
5 17 26 32 
13 18 30 31 
5 11 14 31 
0 4 16 34 
11 13 32 35 
24 25 29 35 
5 6 18 27 
5 17 26 34 
5 11 26 33 
4 9 29 35 
1 5 16 33 
0 1 9 12 
16 30 32 34 
4 5 20 31 
2 10 30 31 
10 23 24 30 
28 30 31 32 
0 3 17 28 
0 6 21 31 
0 18 22 34 
0 3 4 26 
0 4 9 31 
2 12 20 35 
0 3 8 12 
2 9 17 30 
27 29 30 32 
1 15 29 30 
11 19 30 31 
0 7 12 17 
0 4 12 15 
0 2 12 25 
3 5 12 28 
20 23 30 31 
9 18 23 30 
3 5 28 34 
12 21 31 35 
3 26 29 30 
3 13 24 30 
3 13 23 35 
5 8 23 31 
11 22 33 35 
5 12 14 29 
0 2 23 28 
0 19 24 32 
0 18 26 29 
1 20 32 35 
3 5 19 24 
11 22 30 32 
0 10 11 32 
0 2 8 12 
0 13 17 18 
0 1 12 19 
12 23 28 30 
18 27 30 33 
17 24 28 30 
2 5 12 16 
18 20 30 34 
14 30 31 34 
4 11 21 35 
22 29 32 35 
1 5 25 33 
11 17 26 35 
3 5 8 34 
1 3 10 35 
0 2 9 11 
1 19 31 35 
17 20 24 35 
1 11 25 30 
5 14 18 32 
3 5 18 21 
0 15 32 33 
5 11 15 24 
17 19 31 35 
2 4 20 30 
6 16 29 35 
0 6 13 33 
7 18 30 31 
17 19 30 34 
12 22 24 35 
12 16 30 32 
2 25 32 35 
3 5 14 24 
5 8 32 33 
3 15 18 35 
1 15 17 30 
0 6 27 32 
8 12 24 30 
5 9 23 24 
3 4 15 35 
2 3 15 35 
0 8 24 33 
4 10 30 34 
2 16 18 30 
2 23 27 30 
0 11 22 24 
0 12 17 21 
1 24 25 35 
4 5 18 19 
2 3 13 35 
0 3 4 14 
1 6 20 35 
14 17 18 35 
1 8 29 35 
6 13 30 32 
0 4 13 32 
4 15 18 35 
5 23 27 32 
2 7 30 33 
15 29 30 34 
0 6 19 33 
0 3 22 23 
0 2 4 10 
13 17 18 35 
1 6 26 35 
3 20 23 35 
12 22 33 35 
16 17 24 30 
0 1 6 7 
0 6 18 27 
3 27 30 34 
0 16 17 29 
1 5 11 27 
0 1 14 18 
0 17 18 20 
3 5 28 32 
5 13 31 34 
0 6 7 12 
3 14 24 30 
10 33 34 35 
19 23 32 35 
4 18 26 30 
0 6 10 18 
2 3 14 30 
2 13 23 30 
3 5 21 33 
15 17 33 35 
2 8 18 35 
3 12 28 30 
5 24 27 31 
4 6 8 35 
5 8 18 24 
3 6 16 35 
0 2 4 25 
3 11 26 30 
0 10 23 29 
0 12 13 17 
2 12 26 35 
5 6 23 28 
0 2 23 27 
8 33 34 35 
0 9 12 24 
2 5 28 32 
0 6 26 34 
2 13 17 35 
2 11 14 35 
14 17 23 30 
1 20 23 35 
20 32 33 35 
0 4 22 33 
5 24 25 34 
0 3 16 17 
0 19 23 29 
6 14 29 35 
4 20 30 31 
5 11 23 28 
6 9 30 31 
10 17 30 34 
1 12 14 30 
4 7 31 35 
6 22 30 34 
2 24 28 30 
14 24 30 31 
1 3 7 35 
1 10 11 35 
5 6 18 28 
4 8 30 34 
0 22 32 34 
4 5 14 17 
6 10 11 35 
1 9 18 30 
6 10 30 34 
0 4 8 31 
4 13 18 35 
3 5 6 22 
0 4 6 14 
0 1 18 28 
0 17 18 22 
1 14 24 35 
0 3 19 33 
4 5 13 29 
5 27 32 34 
18 24 28 30 
1 16 34 35 
4 27 32 35 
2 5 18 27 
0 15 17 29 
5 6 11 13 
18 21 29 35 
11 19 29 30 
2 7 31 35 
1 5 21 31 
0 6 25 33 
11 13 23 35 
6 11 15 30 
2 12 16 30 
2 5 22 24 
8 17 32 35 
12 16 30 33 
0 12 22 33 
4 18 28 35 
5 24 26 29 
3 17 27 30 
1 8 12 35 
9 18 24 30 
9 17 23 35 
5 12 20 24 
8 18 24 30 
2 9 11 35 
4 10 29 35 
2 22 29 30 
11 17 21 35 
4 5 11 25 
0 2 16 29 
26 30 32 34 
1 17 22 30 
1 17 20 35 
0 7 17 31 
3 12 15 30 
1 5 18 21 
2 6 16 30 
6 19 29 30 
3 21 24 30 
3 5 7 31 
2 7 24 30 
2 5 20 24 
2 6 19 30 
1 5 21 23 
1 17 26 35 
27 31 33 35 
0 4 12 22 
1 10 30 31 
1 4 19 35 
5 15 33 34 
0 2 19 33 
1 26 29 30 
3 6 19 35 
1 5 11 25 
1 14 30 34 
2 10 11 35 
22 24 30 34 
0 7 12 31 
2 4 9 35 
3 22 24 30 
5 11 21 33 
4 15 29 35 
16 18 30 32 
17 18 28 35 
0 10 18 31 
27 29 30 31 
19 29 30 31 
2 6 27 30 
0 4 13 33 
5 10 12 23 
15 23 34 35 
24 26 31 35 
0 11 23 28 
2 3 9 30 
2 4 21 35 
7 12 30 32 
0 1 12 14 
5 14 18 33 
0 3 12 28 
5 6 11 25 
24 26 33 35 
8 17 30 33 
2 13 32 35 
5 15 17 23 
5 12 21 24 
14 18 23 30 
8 31 34 35 
10 12 29 30 
4 22 30 34 
0 16 32 34 
15 24 30 34 
0 8 23 29 
16 24 31 35 
18 20 29 35 
15 30 31 32 
5 7 17 18 
5 12 22 29 
5 6 7 18 
0 24 28 31 
0 2 22 34 
1 5 15 17 
18 22 29 35 
5 7 29 31 
0 15 17 24 
2 3 5 7 
14 29 33 35 
5 8 24 32 
0 8 29 32 
4 6 27 35 
5 12 13 31 
7 23 34 35 
22 23 24 30 
0 2 10 11 
12 24 25 35 
0 16 23 32 
0 3 6 28 
3 14 32 35 
5 6 19 29 
6 13 34 35 
11 15 33 35 
4 5 21 29 
1 2 10 30 
0 2 19 24 
1 2 5 20 
2 3 27 35 
18 21 31 35 
0 4 8 18 
5 16 31 33 
2 5 11 19 
6 17 28 35 
6 22 30 33 
15 18 29 35 
5 6 22 34 
8 12 33 35 
6 24 28 35 
5 6 19 33 
1 5 13 24 
5 18 28 29 
6 7 24 30 
2 4 13 30 
0 2 25 31 
3 6 13 35 
0 7 31 34 
2 21 24 35 
5 17 23 28 
0 8 23 24 
0 1 4 19 
3 5 11 19 
0 4 26 32 
4 27 29 30 
2 4 5 28 
5 11 13 29 
28 30 33 34 
4 14 23 30 
11 20 23 30 
0 1 14 29 
0 18 27 31 
18 19 24 35 
4 5 9 29 
6 7 30 32 
0 3 8 32 
5 12 25 31 
11 13 23 30 
6 15 30 32 
3 11 22 30 
2 5 15 29 
1 5 9 33 
4 24 28 35 
10 11 34 35 
0 3 11 19 
0 13 18 31 
0 1 10 23 
0 6 20 24 
8 12 18 30 
0 3 13 32 
7 23 32 35 
0 8 23 32 
10 11 29 30 
5 16 18 32 
22 29 30 32 
0 14 31 34 
0 21 29 33 
5 21 32 34 
0 2 16 24 
0 24 25 31 
5 14 31 32 
5 25 32 33 
2 11 28 30 
0 23 26 29 
2 8 11 30 
4 14 30 33 
2 6 10 30 
5 7 18 31 
0 3 18 20 
1 5 14 33 
4 23 28 30 
5 11 12 27 
0 17 20 23 
4 5 26 32 
13 23 33 35 
3 11 22 35 
4 5 7 24 
6 25 33 35 
0 7 32 33 
8 23 33 35 
2 5 8 18 
0 4 19 34 
18 25 32 35 
6 16 23 35 
2 24 25 35 
0 8 11 34 
3 26 29 35 
11 19 33 35 
0 2 19 32 
19 24 33 35 
5 6 12 15 
4 5 20 33 
3 10 23 30 
3 9 11 30 
4 5 17 21 
0 1 12 28 
4 16 33 35 
3 5 6 20 
5 6 28 34 
0 17 27 31 
7 23 30 31 
2 5 12 28 
15 18 23 35 
4 6 15 30 
3 7 24 30 
0 3 25 33 
0 12 23 27 
1 3 5 19 
0 9 12 17 
12 13 17 35 
6 12 26 35 
0 1 9 24 
0 11 14 29 
1 2 5 15 
8 11 30 32 
4 9 23 35 
4 8 30 33 
1 21 30 32 
17 18 19 35 
2 5 15 24 
7 18 33 35 
12 22 30 33 
5 14 24 31 
0 4 19 23 
9 11 30 31 
0 16 18 29 
6 27 30 34 
1 5 8 18 
4 5 18 21 
0 21 23 33 
18 28 30 33 
18 23 27 35 
3 5 15 31 
0 2 19 34 
3 5 10 23 
5 7 29 33 
18 23 26 35 
12 16 33 35 
4 14 17 35 
21 23 31 35 
14 24 34 35 
5 17 18 28 
0 6 22 23 
5 9 33 34 
11 24 28 30 
1 14 18 30 
5 26 29 34 
0 4 21 29 
3 4 5 26 
19 24 30 34 
0 9 18 24 
2 4 5 7 
11 24 25 30 
24 28 30 31 
0 4 19 31 
0 3 20 24 
1 5 24 25 
1 4 19 30 
1 16 31 35 
1 5 12 22 
2 17 26 35 
0 21 32 33 
10 24 29 35 
5 9 11 33 
12 16 29 30 
20 31 32 35 
1 5 28 34 
5 24 28 34 
0 1 24 28 
2 6 25 30 
5 11 12 20 
0 10 17 31 
15 23 30 34 
1 2 10 35 
0 2 14 32 
3 5 16 29 
1 7 24 30 
0 12 14 32 
0 23 28 33 
5 17 22 23 
4 12 25 35 
2 22 24 30 
0 13 23 34 
5 27 29 33 
14 23 34 35 
4 6 9 30 
18 22 24 30 
14 23 30 34 
3 22 23 30 
12 14 31 35 
0 3 8 31 
0 1 10 34 
4 16 30 33 
28 32 34 35 
1 21 30 34 
17 28 31 35 
5 11 12 21 
6 23 28 30 
5 9 31 33 
5 21 33 34 
6 18 20 35 
0 15 17 32 
0 9 31 33 
5 10 32 34 
3 24 25 30 
1 14 31 35 
18 27 30 32 
0 3 14 23 
4 5 25 33 
19 29 30 33 
1 11 14 35 
5 27 31 34 
0 4 7 17 
10 23 29 35 
0 9 29 33 
3 15 32 35 
5 11 13 24 
5 23 28 32 
4 6 7 30 
0 3 11 13 
10 30 31 34 
8 29 30 33 
5 14 23 33 
6 8 24 35 
0 9 11 18 
0 18 23 28 
2 6 27 35 
1 4 21 35 
0 1 2 27 
5 18 27 31 
5 15 23 34 
4 21 29 35 
3 5 12 20 
0 2 13 17 
23 27 31 35 
17 23 27 35 
1 18 22 30 
6 8 32 35 
18 28 30 32 
10 31 34 35 
3 26 30 32 
4 12 20 30 
2 5 13 32 
2 4 25 30 
4 22 33 35 
0 26 32 34 
0 2 19 31 
0 17 25 33 
0 19 24 29 
2 6 14 35 
7 11 18 35 
5 9 24 29 
5 6 19 31 
14 18 30 34 
3 5 26 34 
4 8 32 35 
8 11 30 34 
4 8 23 35 
0 11 25 32 
3 4 5 20 
1 5 10 34 
24 26 29 35 
5 26 29 31 
4 5 12 13 
0 2 4 26 
18 26 29 35 
1 3 5 22 
24 25 32 35 
0 10 12 23 
6 8 12 30 
3 4 7 30 
2 5 14 29 
1 16 32 35 
4 18 20 35 
0 1 4 21 
1 5 10 23 
15 24 30 32 
5 6 11 26 
1 16 17 30 
3 5 9 24 
0 22 33 34 
3 12 27 35 
5 11 22 33 
3 8 33 35 
19 30 32 34 
2 5 17 27 
1 6 8 35 
11 21 30 32 
12 18 22 35 
4 5 19 23 
0 1 13 18 
5 17 20 24 
5 6 11 21 
18 20 23 35 
7 11 30 31 
2 23 28 35 
2 5 28 29 
0 6 7 32 
0 11 12 15 
4 6 13 30 
12 14 30 31 
0 1 20 23 
8 30 32 33 
6 9 30 32 
2 5 8 12 
0 20 29 31 
18 21 24 35 
3 16 34 35 
1 7 11 30 
12 18 21 35 
3 19 24 30 
5 6 8 33 
0 6 10 17 
0 4 20 24 
0 3 6 16 
0 6 12 22 
9 24 29 35 
8 11 18 30 
10 17 34 35 
0 6 17 26 
2 9 24 35 
0 6 15 24 
6 8 30 34 
4 5 8 12 
3 5 16 18 
4 5 20 29 
1 5 7 17 
6 19 33 35 
5 25 31 33 
3 22 30 33 
0 18 22 33 
11 16 18 35 
5 10 11 17 
5 22 23 31 
0 8 11 24 
0 11 20 29 
7 24 31 35 
1 5 11 20 
3 6 27 35 
5 25 29 33 
2 5 22 34 
1 2 27 35 
1 10 12 30 
10 11 30 34 
1 13 24 35 
3 9 30 34 
0 8 12 29 
5 6 25 31 
9 23 29 30 
19 30 33 34 
6 20 30 34 
2 3 9 35 
0 4 7 24 
2 5 20 29 
0 1 13 34 
3 4 19 30 
5 8 23 34 
5 18 22 33 
12 25 30 32 
12 13 31 35 
6 17 19 35 
5 23 27 34 
12 24 28 35 
4 19 30 33 
0 4 13 34 
5 10 11 12 
6 8 17 35 
5 8 11 31 
0 3 6 10 
3 5 12 13 
4 5 21 32 
2 14 24 35 
23 24 28 35 
0 2 7 29 
0 6 18 28 
4 5 11 19 
2 5 7 18 
0 11 13 31 
0 9 23 29 
17 25 29 30 
2 3 20 35 
0 1 11 13 
9 11 34 35 
6 11 14 30 
4 17 19 30 
3 4 5 13 
5 17 19 29 
5 11 15 17 
0 10 12 33 
0 11 22 33 
3 4 5 9 
11 21 24 30 
3 5 14 32 
11 13 30 33 
2 7 12 30 
0 13 18 24 
0 2 12 19 
2 22 30 34 
5 21 31 34 
16 24 34 35 
1 5 11 26 
9 12 24 30 
1 22 32 35 
2 5 19 32 
3 19 30 33 
6 20 33 35 
11 16 30 34 
0 3 7 32 
19 23 33 35 
1 5 7 11 
2 5 25 33 
4 5 12 20 
20 23 24 30 
0 22 24 32 
2 20 34 35 
0 1 17 28 
1 28 30 33 
10 24 31 35 
1 5 16 31 
14 31 32 35 
0 4 17 28 
5 6 26 33 
0 14 18 24 
7 11 33 35 
0 1 6 21 
2 5 17 22 
2 16 30 32 
1 22 31 35 
5 18 22 23 
10 23 30 32 
1 14 17 35 
21 30 33 34 
0 11 22 32 
0 2 20 33 
3 18 28 30 
2 3 28 35 
5 22 29 34 
0 7 12 18 
5 20 24 31 
15 18 29 30 
17 23 26 35 
5 11 22 23 
11 16 23 35 
4 5 9 33 
0 3 8 17 
0 9 12 23 
5 15 23 33 
4 18 27 30 
0 3 16 18 
0 23 28 32 
4 9 31 35 
0 1 17 25 
8 31 32 35 
2 5 10 24 
0 13 29 34 
3 5 27 33 
19 24 31 35 
1 5 27 32 
0 2 13 33 
1 15 33 35 
5 20 23 32 
5 10 24 31 
5 6 17 26 
0 1 4 14 
0 13 31 34 
22 23 32 35 
8 24 30 33 
4 5 15 17 
0 12 27 34 
0 3 10 32 
12 17 28 30 
0 7 18 32 
5 6 16 23 
1 11 27 35 
0 3 7 33 
5 7 12 33 
7 23 30 33 
10 29 30 33 
7 11 23 30 
0 6 13 32 
2 5 6 27 
5 6 17 21 
16 18 29 35 
4 23 25 35 
6 14 30 33 
4 5 22 24 
1 6 21 35 
1 9 30 34 
6 11 28 30 
4 5 13 24 
28 31 34 35 
1 5 14 17 
2 5 9 31 
0 2 3 13 
4 5 28 32 
0 18 25 32 
4 5 28 31 
3 16 29 30 
2 7 29 30 
5 20 31 33 
3 6 8 30 
1 13 24 30 
9 30 32 33 
3 28 29 35 
1 20 23 30 
5 11 17 22 
12 17 22 35 
0 9 17 34 
5 11 20 31 
0 12 25 29 
4 5 9 23 
22 32 34 35 
0 28 32 34 
5 7 17 24 
0 27 31 32 
0 2 9 31 
0 2 6 9 
2 14 18 30 
3 7 23 35 
0 2 14 31 
1 3 14 30 
5 11 21 31 
5 14 23 31 
11 22 24 30 
28 29 30 34 
0 1 13 33 
15 33 34 35 
3 5 12 21 
4 11 19 30 
1 4 5 10 
14 23 24 35 
0 2 12 28 
1 10 30 33 
2 5 7 12 
2 5 24 25 
23 24 25 35 
4 24 26 35 
4 26 29 35 
5 13 29 33 
5 7 11 18 
1 5 12 25 
3 5 14 31 
0 1 9 11 
0 10 11 23 
5 8 17 24 
1 12 20 35 
4 18 19 30 
2 8 12 30 
0 3 6 14 
0 2 3 7 
2 10 12 35 
1 5 8 17 
0 1 10 33 
3 10 30 33 
4 6 9 35 
2 5 10 23 
3 7 30 32 
4 19 29 35 
0 9 11 17 
8 24 29 35 
17 19 33 35 
0 27 32 33 
12 26 32 35 
3 19 24 35 
3 13 30 34 
3 5 6 15 
4 6 22 30 
0 2 4 19 
7 23 33 35 
0 1 7 29 
0 17 19 29 
11 14 23 35 
0 3 13 24 
1 8 30 31 
5 21 23 34 
17 20 30 34 
0 2 3 16 
11 17 25 35 
17 27 32 35 
0 15 31 33 
11 24 26 35 
0 12 20 31 
6 21 29 30 
4 14 29 30 
6 12 15 35 
0 19 24 31 
0 3 23 27 
6 11 20 35 
6 17 19 30 
0 3 22 34 
4 18 21 35 
4 11 14 35 
10 18 24 35 
2 16 30 34 
1 8 17 30 
15 30 31 34 
0 7 12 32 
0 1 2 7 
5 12 17 21 
18 27 32 35 
0 1 25 34 
2 3 5 26 
4 5 28 34 
17 28 29 35 
5 8 11 29 
0 16 24 32 
9 17 33 35 
5 16 17 18 
7 24 29 30 
1 17 21 30 
20 24 30 33 
0 11 27 33 
1 2 26 35 
5 24 27 32 
11 22 32 35 
0 3 4 19 
13 32 34 35 
2 18 25 35 
4 22 31 35 
12 27 29 35 
2 10 17 30 
0 20 32 34 
6 25 34 35 
0 2 9 17 
2 5 6 20 
0 6 7 29 
17 26 30 32 
8 18 30 34 
5 12 16 23 
0 3 11 25 
0 7 11 17 
15 17 18 35 
