5 7 20 24 
0 11 13 16 
3 8 26 35 
0 8 12 16 
0 15 23 26 
14 20 32 35 
8 15 24 30 
8 27 29 35 
2 19 22 30 
5 14 27 32 
0 9 15 23 
13 27 34 35 
0 8 20 29 
4 5 15 22 
2 20 25 30 
4 10 15 35 
0 1 21 25 
5 10 23 28 
0 8 15 33 
5 18 21 25 
8 28 29 35 
3 9 15 30 
3 5 9 10 
0 12 16 20 
18 21 22 30 
6 7 28 35 
5 22 27 32 
5 12 21 28 
3 5 8 28 
19 21 30 32 
0 6 9 10 
6 10 27 30 
13 19 30 32 
2 9 22 30 
5 8 23 25 
0 9 22 24 
5 21 25 32 
12 25 26 30 
5 19 26 33 
5 11 26 27 
16 17 22 35 
5 23 26 27 
0 1 16 20 
10 16 30 32 
0 1 10 13 
9 12 20 30 
2 5 16 21 
17 26 27 35 
11 19 22 30 
4 5 7 22 
17 19 26 30 
9 19 24 35 
5 15 21 31 
0 8 26 31 
9 22 30 32 
10 23 28 30 
5 6 19 20 
1 7 21 30 
8 11 15 35 
5 8 21 34 
0 10 27 31 
9 10 23 35 
1 10 15 30 
0 9 23 27 
15 26 33 35 
8 16 24 35 
1 13 25 30 
0 3 21 26 
0 17 22 26 
4 7 26 30 
14 15 31 35 
7 11 16 35 
0 4 16 28 
5 8 20 29 
20 26 30 34 
7 9 34 35 
10 19 23 35 
20 25 33 35 
3 8 13 35 
8 24 25 35 
0 7 8 34 
6 13 22 30 
8 27 32 35 
6 8 16 30 
4 5 26 27 
16 20 30 33 
3 13 14 35 
5 10 11 21 
0 3 8 13 
0 6 14 27 
6 9 28 35 
7 9 31 35 
0 10 21 29 
8 9 24 30 
2 16 21 35 
5 18 22 27 
0 8 18 26 
4 7 14 30 
5 8 14 32 
5 9 21 23 
0 1 16 22 
24 25 28 35 
10 11 20 30 
26 27 32 35 
0 14 21 24 
5 9 17 25 
0 6 8 14 
0 19 20 24 
14 19 24 35 
0 2 19 22 
5 9 24 25 
1 13 19 35 
3 14 26 35 
5 10 25 32 
1 14 22 30 
0 9 24 25 
2 8 10 30 
5 11 19 27 
10 28 29 30 
0 3 7 9 
0 24 27 28 
13 27 31 35 
7 25 30 32 
0 14 19 23 
8 9 24 35 
0 9 19 23 
0 7 8 18 
10 18 21 35 
5 19 22 31 
5 9 10 23 
5 6 16 25 
13 19 30 31 
5 9 25 31 
15 28 30 32 
10 16 17 30 
5 6 15 28 
8 9 30 33 
5 7 14 29 
13 16 24 30 
4 10 26 35 
3 8 28 30 
0 19 27 32 
13 19 32 35 
0 1 7 20 
0 8 13 32 
11 13 27 30 
5 10 21 29 
10 25 30 31 
0 13 16 32 
5 15 22 31 
0 1 7 15 
11 15 21 35 
8 21 29 35 
4 13 20 35 
3 15 16 35 
3 5 7 21 
10 26 29 35 
12 16 22 30 
15 18 27 30 
3 5 8 25 
2 19 26 30 
0 11 20 25 
13 18 26 35 
0 3 22 26 
5 14 16 31 
0 4 21 26 
5 15 16 32 
0 16 28 34 
9 21 29 35 
21 24 25 35 
5 22 24 26 
14 18 28 35 
3 13 16 30 
0 4 21 27 
0 19 25 34 
0 14 19 34 
1 5 9 20 
14 16 17 30 
20 27 29 35 
0 17 20 26 
6 14 26 30 
8 10 29 35 
8 12 28 35 
9 10 17 35 
8 22 29 35 
1 5 7 14 
5 13 19 31 
16 25 30 33 
6 9 13 30 
0 14 17 19 
0 7 26 29 
7 12 26 30 
6 16 27 35 
0 1 20 26 
13 19 31 35 
6 15 26 30 
6 9 10 35 
12 19 25 30 
5 13 26 32 
5 9 17 21 
5 25 26 32 
10 13 30 33 
15 25 30 31 
0 21 22 29 
0 22 27 32 
16 19 24 35 
5 7 13 24 
5 19 27 32 
0 18 19 27 
4 8 16 35 
13 23 28 35 
7 23 27 30 
2 21 28 35 
6 19 20 30 
0 16 26 33 
3 5 14 21 
12 22 25 30 
0 9 12 22 
5 12 16 28 
9 20 32 35 
5 11 20 28 
3 10 15 35 
4 14 15 35 
9 19 33 35 
5 12 14 27 
3 10 14 35 
4 5 22 26 
5 6 20 26 
7 15 29 35 
0 16 27 33 
10 12 13 30 
20 23 26 35 
1 5 19 20 
1 15 22 35 
5 13 18 27 
5 22 28 31 
0 11 13 27 
5 13 23 26 
5 20 21 29 
10 19 30 34 
5 15 22 23 
0 12 15 16 
22 28 30 31 
7 10 30 33 
7 8 24 30 
0 19 26 32 
5 6 9 16 
5 6 9 22 
5 9 27 34 
16 20 34 35 
5 10 19 31 
0 13 15 31 
5 11 20 27 
19 24 28 30 
7 8 17 35 
5 9 19 32 
2 9 19 30 
1 5 20 25 
12 13 21 35 
9 11 26 30 
5 7 23 27 
0 14 15 34 
7 9 30 34 
5 21 22 32 
6 15 27 30 
5 16 17 26 
5 12 16 22 
10 16 33 35 
1 5 9 22 
19 28 29 30 
0 1 13 25 
14 23 26 35 
8 20 30 34 
0 20 27 32 
5 11 14 16 
5 19 21 31 
5 6 20 27 
20 24 25 30 
4 5 19 21 
9 27 34 35 
0 9 25 31 
5 14 17 19 
0 19 28 29 
0 3 26 27 
16 22 33 35 
9 12 21 35 
0 10 12 26 
8 21 31 35 
4 13 25 35 
0 14 24 27 
11 14 22 30 
19 20 29 30 
3 8 27 30 
0 3 8 15 
7 20 24 35 
0 10 13 17 
5 7 21 32 
12 22 25 35 
6 7 21 30 
0 4 15 25 
15 22 31 35 
5 9 21 33 
13 22 33 35 
0 7 27 34 
15 20 33 35 
0 2 15 21 
10 11 26 35 
0 21 28 29 
8 23 25 35 
5 12 16 26 
0 2 20 28 
1 22 28 30 
2 9 16 30 
13 21 23 35 
0 9 14 34 
3 9 25 30 
15 16 23 30 
13 25 30 32 
0 26 27 34 
0 2 19 25 
0 8 23 25 
0 15 27 31 
15 23 25 30 
0 25 27 32 
0 12 14 20 
5 7 8 17 
15 18 25 30 
8 11 19 35 
0 3 9 25 
14 16 34 35 
5 10 12 28 
8 11 25 30 
0 15 19 34 
1 7 14 35 
25 27 30 33 
9 19 30 31 
5 22 26 33 
0 14 16 23 
0 3 19 27 
5 10 17 25 
5 10 11 19 
0 16 21 33 
15 19 23 35 
5 14 27 33 
0 3 8 10 
0 10 15 17 
5 6 13 22 
0 13 17 20 
3 22 27 30 
0 21 27 32 
0 3 15 26 
2 9 26 35 
0 3 15 16 
4 5 16 21 
5 16 18 20 
9 26 30 34 
5 9 12 25 
8 13 23 30 
0 15 27 29 
0 10 14 29 
0 8 12 27 
1 5 8 20 
1 19 26 30 
9 20 34 35 
8 15 17 30 
6 13 15 30 
19 24 28 35 
0 20 25 32 
1 20 26 30 
8 25 34 35 
7 23 28 35 
16 24 26 30 
2 16 25 30 
19 21 32 35 
11 13 14 30 
9 11 13 35 
0 7 12 21 
5 14 24 28 
4 5 16 25 
3 10 22 35 
2 22 26 35 
4 5 15 19 
2 5 15 21 
15 16 31 35 
0 10 28 33 
0 9 16 29 
0 22 28 29 
5 9 11 28 
0 10 15 33 
0 12 20 21 
0 21 23 26 
7 12 13 30 
1 5 10 13 
0 17 21 28 
5 12 14 22 
0 7 17 26 
0 4 14 27 
2 5 15 19 
1 5 10 21 
5 27 28 32 
0 3 19 28 
0 2 22 26 
5 9 16 17 
5 15 18 26 
10 13 29 35 
3 13 15 35 
15 27 29 30 
0 3 8 16 
0 2 13 15 
1 13 15 30 
5 13 18 21 
0 11 13 26 
15 16 34 35 
3 5 7 10 
10 12 14 35 
11 22 27 30 
1 9 22 30 
0 19 25 33 
18 19 26 30 
5 14 19 29 
0 4 19 28 
0 9 21 23 
0 8 13 34 
3 5 20 27 
4 10 20 30 
13 23 27 30 
16 23 25 30 
0 11 15 27 
8 25 30 34 
3 9 16 35 
4 5 7 9 
4 19 22 30 
3 7 15 35 
15 20 30 34 
16 27 30 34 
0 15 21 33 
10 11 21 30 
1 7 19 35 
8 18 27 35 
0 7 21 32 
7 17 21 30 
0 2 8 10 
9 23 28 30 
7 20 24 30 
7 8 17 30 
2 5 10 15 
16 20 24 30 
5 14 15 29 
0 6 21 22 
9 12 16 30 
5 12 13 19 
0 10 11 19 
2 13 28 30 
12 20 22 30 
18 27 28 35 
21 22 23 30 
0 12 22 26 
1 7 27 35 
0 9 17 22 
5 10 18 28 
10 21 30 32 
5 9 11 14 
13 15 31 35 
0 10 27 34 
1 5 14 28 
18 21 28 35 
18 20 27 35 
10 12 28 35 
20 23 25 35 
2 9 22 35 
0 11 20 28 
0 16 22 29 
15 17 28 30 
5 7 25 34 
2 5 15 20 
19 22 30 33 
7 16 18 30 
7 27 29 35 
0 14 26 29 
6 7 13 35 
0 9 25 33 
7 8 29 30 
1 14 25 30 
0 10 14 18 
5 8 22 29 
3 9 21 35 
7 10 24 30 
3 5 13 15 
0 2 21 22 
5 7 20 33 
6 7 25 35 
2 8 22 30 
19 22 32 35 
23 25 26 35 
1 9 15 35 
19 20 23 35 
1 16 22 30 
16 28 30 33 
13 15 33 35 
13 18 22 30 
0 1 19 28 
5 24 26 28 
0 9 23 26 
1 5 8 22 
2 14 25 30 
0 17 19 22 
2 5 7 21 
1 5 7 10 
0 9 19 29 
0 3 14 27 
9 24 27 30 
11 16 28 30 
5 13 28 34 
0 8 20 32 
9 10 11 35 
19 22 24 30 
14 21 32 35 
11 19 21 35 
10 11 14 30 
13 14 30 32 
1 7 27 30 
0 14 22 33 
4 15 26 30 
6 10 20 30 
18 20 28 30 
5 20 22 34 
4 13 26 35 
0 20 27 33 
14 23 25 30 
9 22 30 31 
3 9 13 35 
6 7 10 30 
5 9 25 32 
5 17 20 26 
12 19 21 35 
0 15 17 28 
5 8 20 33 
0 15 22 24 
0 8 13 33 
5 10 28 33 
9 28 30 32 
5 6 10 21 
9 21 30 31 
6 14 15 30 
2 10 16 35 
8 16 30 31 
0 22 27 29 
0 1 8 16 
14 22 34 35 
2 13 19 30 
0 1 8 27 
4 5 15 21 
10 12 21 30 
18 21 22 35 
5 7 16 34 
10 27 30 32 
9 18 25 30 
0 9 13 24 
2 20 25 35 
14 28 30 32 
6 10 19 30 
10 21 32 35 
0 17 20 27 
5 10 19 32 
9 14 30 32 
8 25 30 31 
8 14 29 35 
0 7 14 31 
5 19 27 31 
6 21 22 30 
13 17 28 30 
6 16 21 35 
5 11 21 22 
4 9 16 30 
0 8 24 27 
1 21 22 35 
14 16 23 30 
7 12 22 30 
7 14 29 30 
0 21 24 28 
4 13 15 35 
5 14 20 29 
1 10 13 30 
3 5 19 22 
11 19 21 30 
1 22 26 35 
3 15 27 30 
5 14 28 32 
5 6 19 25 
9 27 31 35 
9 23 25 35 
5 7 13 17 
7 25 29 35 
6 22 27 30 
3 5 8 19 
0 1 20 28 
10 20 33 35 
10 19 23 30 
18 22 25 35 
3 9 25 35 
10 13 17 35 
13 27 29 30 
1 8 22 30 
2 5 7 26 
0 9 18 19 
6 22 27 35 
0 2 27 28 
5 9 24 27 
4 8 15 30 
0 9 15 24 
5 26 27 33 
13 26 31 35 
17 20 21 35 
5 7 11 14 
5 19 21 24 
5 10 15 18 
9 15 18 35 
17 22 25 35 
23 25 27 30 
5 7 12 22 
5 13 18 19 
8 10 24 30 
0 1 10 19 
2 16 21 30 
5 10 15 33 
0 14 16 33 
25 27 32 35 
0 4 7 15 
0 7 20 24 
16 22 30 33 
4 5 25 27 
0 20 28 34 
14 15 29 30 
5 12 13 28 
10 18 22 30 
0 19 23 25 
5 6 16 22 
5 9 27 33 
1 7 10 30 
0 14 15 18 
0 7 28 32 
1 5 10 20 
5 6 15 22 
4 7 9 35 
0 9 12 14 
3 5 15 26 
2 5 8 16 
8 11 22 35 
25 27 30 31 
8 17 27 30 
16 26 30 31 
0 4 19 21 
2 5 20 28 
5 13 16 31 
11 15 25 35 
8 12 20 30 
2 5 14 22 
4 5 25 26 
0 21 23 28 
8 11 14 35 
5 11 14 26 
7 25 30 33 
5 8 10 32 
3 8 9 35 
7 23 25 30 
5 9 21 34 
19 26 30 33 
0 7 12 28 
17 19 20 30 
14 22 30 31 
5 14 22 23 
7 18 25 30 
7 17 19 30 
0 1 13 20 
8 23 27 35 
7 21 23 30 
5 7 21 23 
13 22 24 30 
5 8 27 33 
3 5 19 21 
5 12 15 21 
5 8 26 32 
5 14 21 31 
2 9 21 30 
10 18 28 35 
5 13 17 28 
5 7 15 17 
16 20 23 30 
0 12 15 20 
5 12 26 28 
0 13 28 33 
5 15 27 31 
5 6 10 16 
8 10 23 30 
0 3 8 20 
4 10 27 30 
0 9 14 31 
8 13 33 35 
0 17 25 26 
19 22 34 35 
1 5 9 15 
11 13 28 35 
18 22 26 30 
9 16 18 35 
0 12 13 15 
5 10 21 23 
0 11 22 27 
5 8 11 21 
12 14 21 30 
15 16 32 35 
8 19 34 35 
9 10 11 30 
0 3 10 20 
5 13 20 23 
2 5 22 26 
9 12 21 30 
0 11 13 21 
5 6 10 14 
6 19 22 35 
4 10 14 30 
9 21 29 30 
6 22 25 30 
0 10 21 23 
0 10 12 15 
25 26 33 35 
3 10 21 35 
13 17 25 35 
26 27 30 31 
0 14 16 18 
0 12 22 28 
16 28 30 31 
5 11 19 26 
5 11 13 15 
0 6 20 22 
0 15 25 32 
0 12 21 25 
0 2 8 19 
22 25 29 35 
0 4 10 19 
6 7 26 35 
5 6 9 10 
7 15 29 30 
9 10 24 35 
6 15 25 30 
5 13 23 28 
8 28 34 35 
8 26 32 35 
0 10 17 20 
0 11 15 16 
5 14 28 31 
6 19 27 35 
10 28 32 35 
9 13 17 30 
18 25 27 30 
8 22 31 35 
22 24 26 30 
0 2 14 25 
5 9 10 18 
7 14 30 33 
16 19 30 32 
0 9 17 19 
10 18 26 35 
3 14 16 30 
0 6 15 25 
5 7 12 25 
14 20 30 34 
6 13 27 35 
0 13 19 31 
4 5 13 26 
0 7 12 22 
5 6 15 26 
0 15 20 24 
4 21 27 35 
5 13 15 17 
5 14 25 33 
0 18 25 27 
4 5 13 19 
0 2 8 20 
0 22 28 33 
5 14 15 34 
16 26 30 33 
13 22 29 30 
8 25 29 30 
7 25 33 35 
0 20 21 29 
16 25 29 35 
5 7 14 31 
1 7 25 35 
0 6 7 26 
0 9 10 34 
1 9 10 35 
4 5 20 27 
15 22 30 32 
4 5 27 28 
0 9 15 18 
10 15 18 30 
0 15 27 33 
7 8 31 35 
5 8 10 11 
4 14 20 30 
0 20 26 31 
10 12 28 30 
5 10 14 17 
14 22 23 35 
0 13 20 32 
3 9 20 35 
5 7 27 33 
17 19 25 30 
7 22 24 30 
1 16 21 35 
0 22 27 33 
9 23 27 30 
5 10 11 13 
0 6 21 27 
4 15 21 35 
0 6 7 19 
1 26 28 30 
5 6 7 9 
1 5 8 28 
2 22 25 30 
4 16 22 35 
8 13 30 33 
0 13 18 26 
0 3 7 22 
2 20 26 30 
0 20 23 26 
7 27 30 34 
27 28 32 35 
5 26 28 33 
3 22 28 30 
2 8 21 35 
1 5 8 27 
5 15 19 23 
5 25 28 34 
2 8 20 35 
0 16 17 21 
0 9 17 20 
0 16 28 33 
8 13 23 35 
7 23 26 35 
0 25 27 34 
5 21 24 27 
5 25 28 32 
5 7 8 23 
16 18 19 30 
7 21 23 35 
0 8 17 19 
13 28 31 35 
0 13 22 29 
5 19 23 28 
5 19 25 29 
9 16 29 30 
5 21 28 33 
0 19 26 33 
2 7 25 30 
5 7 17 22 
6 10 14 30 
0 7 16 34 
0 18 20 25 
21 25 31 35 
5 7 14 23 
0 8 9 31 
8 11 21 35 
7 25 34 35 
0 8 23 26 
0 13 27 32 
2 5 13 16 
7 9 24 30 
3 7 10 35 
1 5 7 28 
4 5 22 28 
21 28 29 30 
4 13 22 35 
23 25 27 35 
14 26 33 35 
7 25 32 35 
4 13 28 35 
5 9 15 18 
0 18 27 28 
0 16 23 27 
14 16 29 35 
17 20 28 35 
20 23 27 30 
0 3 20 26 
17 20 27 30 
0 19 21 34 
0 7 12 25 
19 20 30 34 
0 8 22 23 
0 8 12 28 
21 28 32 35 
1 5 14 26 
6 22 26 35 
0 21 25 31 
10 13 23 35 
0 9 14 23 
4 5 10 13 
5 7 17 26 
2 19 22 35 
1 5 7 15 
19 26 31 35 
0 7 12 16 
2 19 28 30 
5 14 26 34 
5 8 16 24 
0 12 13 27 
0 15 22 33 
25 26 30 33 
3 8 25 35 
10 13 18 35 
8 14 24 35 
1 5 7 8 
0 26 28 33 
5 6 20 28 
9 26 31 35 
5 15 22 29 
0 2 10 21 
0 19 26 34 
5 10 18 25 
5 8 20 31 
16 19 32 35 
2 10 28 35 
5 8 24 26 
5 8 18 21 
0 10 25 33 
0 10 12 14 
0 10 15 29 
12 16 26 30 
5 6 16 27 
0 25 28 34 
21 24 28 30 
9 15 32 35 
4 7 28 30 
13 19 34 35 
3 5 10 13 
3 9 21 30 
0 13 15 33 
5 6 26 27 
0 8 14 33 
3 7 21 35 
0 8 11 20 
0 22 28 31 
3 15 16 30 
0 9 15 33 
4 20 26 35 
0 14 18 26 
5 8 16 23 
0 2 7 19 
0 6 7 9 
2 16 22 35 
9 22 29 30 
1 15 28 35 
5 17 26 27 
5 16 26 32 
0 19 22 29 
5 13 24 26 
13 18 20 35 
0 13 23 26 
12 21 22 35 
22 27 30 32 
5 6 13 20 
17 21 22 30 
4 8 16 30 
9 11 16 35 
0 11 16 27 
1 5 13 22 
3 25 27 30 
13 28 29 35 
0 3 25 26 
1 9 19 30 
0 7 18 20 
5 7 10 32 
0 4 19 20 
22 25 34 35 
0 1 8 19 
12 14 25 30 
3 5 7 14 
10 18 28 30 
0 7 17 22 
5 18 21 27 
1 9 16 35 
6 15 19 30 
5 13 15 31 
15 28 29 30 
0 9 11 15 
5 7 10 11 
5 6 19 27 
20 22 24 35 
0 21 25 32 
2 5 10 27 
15 18 25 35 
5 14 28 34 
3 9 20 30 
1 5 25 27 
11 22 25 35 
3 5 7 20 
5 11 19 21 
0 22 28 32 
0 2 10 25 
0 4 27 28 
0 16 23 28 
0 2 21 28 
4 5 8 13 
2 21 28 30 
10 14 29 35 
2 7 9 35 
16 22 24 35 
4 5 7 13 
5 22 25 31 
11 21 28 35 
1 5 7 21 
5 10 25 33 
4 8 21 35 
2 21 27 30 
25 28 29 30 
0 13 21 33 
14 16 18 30 
16 27 30 31 
5 10 15 34 
0 10 12 21 
10 24 26 35 
5 6 9 27 
10 11 22 30 
7 20 32 35 
5 7 16 23 
9 13 23 35 
0 7 13 18 
19 23 27 35 
0 14 25 34 
0 15 25 29 
15 28 30 31 
4 10 22 30 
16 18 20 35 
13 18 27 35 
0 8 11 15 
0 7 19 29 
19 22 24 35 
5 10 14 29 
5 19 25 33 
20 21 24 35 
5 10 25 31 
11 26 27 30 
5 11 16 25 
5 8 16 17 
6 27 28 30 
2 5 21 27 
5 8 21 32 
12 16 26 35 
0 1 19 26 
5 22 24 27 
0 3 10 28 
4 5 8 15 
8 19 23 30 
5 15 21 33 
11 19 20 35 
12 22 26 30 
5 10 15 32 
22 23 26 30 
0 10 23 28 
12 16 21 30 
14 16 17 35 
7 13 17 35 
0 8 11 22 
1 5 16 20 
12 13 16 30 
3 7 21 30 
5 13 21 31 
0 22 26 29 
5 9 13 24 
4 19 27 35 
8 12 19 35 
6 14 25 35 
0 21 25 33 
5 7 28 31 
2 10 26 35 
18 19 20 30 
20 21 24 30 
0 12 25 26 
5 8 21 23 
0 14 19 32 
6 7 19 30 
5 14 21 32 
10 17 26 35 
7 13 30 32 
5 14 28 29 
5 9 16 34 
5 20 26 31 
3 14 20 30 
0 20 21 34 
20 22 23 35 
5 26 27 29 
6 14 21 35 
12 14 22 30 
5 7 13 33 
22 25 30 31 
0 7 17 20 
10 17 20 30 
4 7 25 35 
5 13 20 31 
4 8 26 30 
0 19 22 24 
5 20 28 31 
4 5 20 25 
6 10 16 30 
0 13 17 21 
5 15 24 25 
4 14 16 30 
19 20 31 35 
0 9 23 28 
0 3 14 19 
4 20 28 30 
10 19 30 31 
5 14 17 25 
4 5 20 26 
0 14 17 20 
5 17 19 28 
24 25 26 35 
9 13 24 30 
0 25 27 33 
5 9 16 33 
0 22 27 34 
12 16 27 35 
6 16 21 30 
4 5 10 21 
0 8 28 32 
0 4 14 22 
18 19 27 30 
5 20 28 34 
18 25 26 30 
22 27 29 30 
7 17 20 35 
0 3 19 21 
5 14 23 26 
2 8 9 30 
21 27 31 35 
16 19 34 35 
5 14 16 24 
0 11 20 22 
1 13 14 35 
2 5 10 20 
0 10 19 23 
5 7 15 29 
0 21 26 33 
0 13 14 24 
2 7 27 30 
4 14 20 35 
0 2 8 28 
5 9 21 24 
7 9 23 35 
0 20 23 27 
1 14 16 35 
11 20 27 35 
1 5 20 21 
0 15 26 32 
5 24 25 27 
0 7 25 32 
9 20 31 35 
7 18 27 35 
9 13 33 35 
5 8 14 34 
14 20 29 35 
3 7 26 35 
13 15 29 30 
3 5 9 20 
10 13 17 30 
5 11 20 26 
3 9 27 35 
6 13 26 30 
0 3 10 13 
15 18 26 30 
0 2 9 15 
19 27 32 35 
0 4 7 13 
0 12 13 16 
20 28 29 30 
4 9 20 30 
0 3 9 19 
10 19 29 30 
5 12 15 22 
9 14 17 30 
15 23 26 30 
0 16 27 32 
8 12 16 30 
0 22 26 34 
0 15 18 26 
4 5 7 10 
1 10 19 35 
5 16 25 33 
20 28 32 35 
5 10 12 13 
1 7 8 30 
26 27 29 35 
19 20 30 33 
5 10 28 31 
0 3 20 25 
10 15 34 35 
0 3 13 27 
8 22 24 35 
0 12 13 25 
12 19 27 35 
2 5 20 25 
5 11 15 25 
3 20 27 35 
15 21 24 30 
6 7 19 35 
15 28 29 35 
7 11 26 35 
0 7 21 34 
0 7 14 32 
5 9 17 22 
4 10 19 30 
9 27 32 35 
5 11 14 21 
2 13 14 35 
8 13 30 34 
12 13 19 30 
6 10 22 30 
5 7 18 22 
2 7 28 35 
7 11 28 35 
5 18 21 26 
2 5 7 14 
9 10 30 32 
0 8 22 34 
2 5 13 22 
3 5 15 27 
3 19 21 35 
0 2 14 19 
0 11 16 25 
0 1 7 8 
8 27 33 35 
2 5 22 28 
5 7 25 33 
0 7 11 15 
13 21 24 35 
14 15 17 35 
5 6 15 25 
26 28 30 32 
12 19 20 30 
5 14 19 24 
5 15 16 29 
4 5 8 14 
0 16 20 23 
10 23 28 35 
0 8 9 11 
0 8 15 23 
14 17 22 30 
11 14 26 35 
0 16 26 31 
13 17 21 30 
14 24 26 30 
0 2 14 21 
0 19 26 29 
0 7 21 23 
5 9 14 34 
3 5 15 20 
0 11 20 26 
10 28 30 34 
0 10 11 13 
0 10 13 18 
3 8 22 30 
10 27 29 35 
2 14 28 30 
0 10 28 29 
6 7 16 35 
14 15 24 35 
0 10 24 27 
0 15 21 34 
5 13 21 34 
0 6 8 21 
0 12 22 27 
5 13 16 17 
0 16 17 27 
4 7 20 30 
0 2 9 21 
4 13 27 35 
5 14 22 29 
4 5 7 15 
0 4 9 14 
2 20 21 30 
4 7 10 35 
0 13 19 24 
0 2 13 25 
6 19 25 30 
5 11 13 19 
12 20 26 30 
4 7 26 35 
4 5 20 22 
3 16 21 35 
2 5 8 9 
4 5 19 20 
6 13 25 35 
20 21 32 35 
3 5 9 28 
2 5 7 9 
1 5 10 15 
0 11 16 26 
14 27 34 35 
0 1 10 22 
3 5 7 8 
0 7 21 24 
1 21 28 30 
16 17 26 30 
4 5 7 16 
0 2 14 28 
4 8 25 30 
4 10 13 35 
14 21 30 33 
13 21 23 30 
13 14 32 35 
0 10 14 32 
1 13 16 30 
5 9 12 16 
0 22 23 25 
0 18 19 25 
3 7 19 35 
1 8 16 35 
14 17 27 30 
9 20 29 30 
0 22 27 31 
1 5 13 21 
3 19 26 30 
9 28 33 35 
1 7 13 35 
5 7 8 24 
20 22 30 33 
16 18 28 35 
8 10 29 30 
5 11 15 20 
1 7 10 35 
14 23 25 35 
6 9 25 35 
10 12 27 30 
8 27 30 34 
6 8 16 35 
3 16 27 35 
2 7 9 30 
7 11 22 30 
0 7 16 31 
13 14 23 30 
14 15 32 35 
3 19 25 35 
10 14 23 35 
6 10 26 35 
0 14 27 31 
20 21 23 35 
22 24 26 35 
6 13 20 35 
2 7 19 30 
22 24 27 35 
4 14 28 30 
13 15 23 35 
0 19 27 29 
8 15 31 35 
10 11 27 30 
4 5 10 16 
5 8 25 31 
8 14 33 35 
5 16 23 27 
6 21 25 30 
0 3 7 10 
4 5 14 20 
5 16 18 28 
5 9 18 27 
4 5 8 19 
0 10 22 33 
0 9 11 13 
6 9 20 35 
5 17 20 25 
5 10 26 29 
2 5 13 26 
18 22 26 35 
22 24 28 35 
18 19 22 35 
17 22 26 35 
3 20 25 30 
13 20 30 32 
3 5 13 25 
9 15 29 35 
0 9 11 21 
0 6 19 20 
5 22 23 25 
5 16 27 31 
0 21 22 33 
0 16 18 28 
15 22 30 33 
5 8 27 29 
14 17 20 35 
8 17 20 35 
2 16 28 35 
17 19 25 35 
3 5 21 26 
6 7 22 30 
15 19 29 35 
12 16 27 30 
0 2 19 20 
5 7 15 32 
7 9 11 30 
13 23 26 30 
5 19 24 26 
13 25 33 35 
5 6 7 27 
15 17 21 35 
1 5 15 20 
5 6 7 20 
0 3 13 14 
6 8 28 30 
0 4 15 21 
3 10 27 30 
0 8 10 34 
2 25 26 35 
0 2 15 28 
15 16 30 34 
0 11 14 28 
2 5 9 14 
9 17 27 30 
16 25 31 35 
5 7 19 34 
3 5 13 22 
4 27 28 30 
0 10 12 13 
4 13 27 30 
21 26 30 33 
0 20 25 33 
7 9 12 35 
3 10 16 30 
0 10 26 34 
9 19 23 35 
15 18 27 35 
5 7 23 26 
5 15 16 17 
16 27 30 33 
15 25 33 35 
5 10 21 33 
2 19 25 35 
5 6 13 16 
0 21 27 29 
5 7 22 32 
7 12 14 30 
6 20 25 30 
7 12 16 30 
9 11 26 35 
1 8 13 35 
2 5 8 21 
3 15 26 30 
0 3 8 26 
0 6 10 21 
5 8 21 24 
11 15 25 30 
0 11 21 28 
6 9 10 30 
19 27 33 35 
13 16 29 35 
5 6 19 22 
4 9 26 30 
1 10 13 35 
2 14 27 35 
22 28 29 35 
0 1 14 21 
0 11 19 20 
0 14 26 33 
0 14 27 33 
20 25 34 35 
8 10 23 35 
9 25 34 35 
8 16 29 30 
0 10 17 22 
5 7 18 28 
5 20 22 29 
5 9 12 21 
0 13 20 23 
5 14 17 26 
1 20 22 35 
11 13 19 35 
8 26 30 31 
0 4 7 21 
12 22 27 30 
4 5 21 22 
5 7 9 11 
19 28 32 35 
10 21 29 35 
26 28 30 33 
0 6 14 16 
5 8 18 27 
4 5 7 25 
0 8 16 17 
4 8 26 35 
13 25 32 35 
0 3 13 26 
6 10 25 30 
0 6 13 20 
7 11 22 35 
4 20 22 30 
0 13 26 34 
0 19 24 26 
5 22 25 33 
0 14 16 17 
19 25 30 34 
19 26 34 35 
0 2 7 21 
7 17 22 30 
5 9 10 12 
1 25 28 30 
4 14 16 35 
5 17 22 28 
0 9 12 13 
0 1 19 25 
11 13 16 30 
7 24 25 30 
5 7 21 24 
0 9 21 29 
11 20 25 35 
0 16 17 20 
0 20 26 29 
10 15 30 33 
5 13 18 28 
8 11 16 30 
13 24 27 35 
8 20 32 35 
5 9 23 28 
1 5 19 21 
8 13 32 35 
0 7 11 26 
9 10 23 30 
0 27 28 34 
8 20 23 35 
0 13 17 28 
0 6 9 16 
1 8 19 30 
1 5 15 19 
3 5 10 20 
0 12 15 22 
2 7 10 35 
18 19 28 35 
3 5 7 9 
9 10 12 30 
10 26 30 33 
3 20 26 35 
2 21 22 35 
7 12 20 35 
1 13 20 35 
1 5 16 19 
22 23 25 35 
0 7 9 33 
4 8 27 35 
15 26 29 30 
2 5 10 28 
0 6 9 15 
15 24 26 30 
0 6 10 13 
0 7 11 19 
5 9 13 23 
5 7 17 19 
17 25 27 35 
9 16 30 33 
0 4 16 21 
10 15 17 30 
6 13 21 30 
22 27 32 35 
0 15 18 28 
0 15 18 19 
7 9 11 35 
14 28 33 35 
5 6 8 27 
19 21 30 31 
17 20 26 35 
9 28 32 35 
15 22 23 35 
0 13 27 31 
0 9 11 20 
5 6 13 27 
14 15 33 35 
22 28 34 35 
0 2 10 26 
0 15 25 33 
5 16 19 29 
9 25 31 35 
5 7 11 19 
5 14 21 34 
10 20 34 35 
5 14 25 29 
5 19 20 33 
3 5 13 27 
0 2 10 20 
13 14 30 34 
22 28 33 35 
7 11 19 35 
14 16 24 35 
9 12 22 35 
5 7 12 27 
0 17 19 25 
5 6 15 19 
13 16 23 35 
0 1 15 19 
5 18 22 26 
0 10 23 27 
16 17 25 30 
5 13 15 29 
5 16 17 25 
3 21 27 35 
4 15 16 35 
2 20 22 30 
20 24 27 35 
5 7 27 32 
0 4 16 19 
3 25 28 30 
2 7 27 35 
5 23 25 27 
0 18 21 26 
9 28 29 35 
9 15 17 35 
7 8 23 30 
9 21 30 34 
5 19 22 32 
8 10 12 35 
4 5 7 27 
14 23 27 30 
10 25 33 35 
0 17 21 25 
9 18 28 30 
5 8 13 18 
0 2 20 21 
18 21 26 30 
6 8 19 30 
0 6 15 16 
0 3 16 20 
5 16 28 33 
10 14 24 35 
0 3 22 28 
6 16 20 30 
13 19 29 35 
0 3 9 16 
2 9 25 30 
2 15 22 35 
5 10 17 26 
0 16 21 23 
10 16 23 35 
24 25 27 35 
0 4 22 25 
5 21 25 34 
4 14 25 35 
0 1 9 22 
0 2 25 26 
5 8 9 17 
9 11 22 35 
12 15 26 35 
10 18 19 30 
0 13 14 23 
13 21 30 34 
0 14 18 22 
0 8 18 22 
4 9 27 35 
0 2 16 20 
9 25 29 35 
9 14 30 33 
7 26 29 35 
0 19 21 29 
0 8 9 29 
5 9 22 23 
13 28 30 33 
5 8 11 15 
16 22 29 30 
0 1 15 27 
7 13 18 35 
5 19 21 29 
10 12 25 35 
16 18 25 35 
0 7 27 33 
0 8 27 29 
5 6 7 25 
0 6 16 20 
2 5 20 21 
16 18 22 35 
4 10 14 35 
0 3 21 27 
12 13 20 35 
22 23 28 35 
5 8 14 33 
2 25 27 30 
2 5 20 22 
0 25 26 32 
4 25 28 35 
1 16 27 35 
5 8 14 29 
4 15 21 30 
0 9 18 20 
0 6 7 8 
21 26 30 32 
10 14 18 35 
13 25 34 35 
20 21 30 32 
0 13 16 17 
0 10 14 33 
0 10 22 24 
5 10 12 15 
5 15 24 26 
21 22 24 35 
1 5 10 27 
6 25 27 30 
8 10 18 30 
6 9 21 30 
5 16 22 31 
20 27 30 34 
0 14 15 29 
0 10 19 34 
19 20 30 31 
4 14 26 30 
18 19 26 35 
3 7 14 35 
17 20 21 30 
5 9 11 25 
6 14 27 30 
10 14 33 35 
0 6 7 21 
0 16 24 28 
3 15 28 30 
8 11 15 30 
0 14 19 33 
5 20 27 33 
16 18 21 35 
17 25 26 30 
0 14 23 26 
2 22 26 30 
7 28 29 35 
5 8 22 32 
7 11 26 30 
14 19 24 30 
2 10 25 30 
0 8 10 33 
1 5 8 15 
19 25 30 33 
0 13 22 34 
4 9 19 30 
0 19 25 29 
12 16 28 30 
8 11 19 30 
7 27 30 33 
8 12 14 30 
12 26 27 30 
14 20 24 30 
15 25 30 33 
6 26 27 30 
6 14 19 35 
14 28 29 30 
5 6 14 22 
0 8 13 23 
19 28 29 35 
0 15 18 20 
13 19 24 35 
0 20 25 34 
5 15 16 23 
6 20 27 35 
5 7 14 33 
16 23 27 30 
5 6 14 25 
4 8 13 35 
20 28 33 35 
14 17 26 30 
0 1 9 20 
6 19 25 35 
1 5 16 27 
0 4 10 20 
5 9 15 24 
0 15 25 34 
8 25 32 35 
5 19 20 24 
26 28 34 35 
0 2 9 13 
7 8 12 30 
0 16 21 34 
0 8 10 29 
0 9 20 34 
12 15 26 30 
0 2 8 26 
0 10 20 31 
10 16 24 30 
5 14 27 29 
0 26 27 29 
4 20 21 30 
4 25 27 35 
6 8 10 35 
1 5 13 16 
1 19 27 35 
5 15 26 34 
0 15 19 24 
0 11 16 22 
2 5 9 13 
5 8 19 29 
5 7 26 29 
2 10 20 35 
5 21 23 26 
18 26 28 35 
1 19 28 30 
5 6 22 27 
0 2 22 28 
0 1 10 21 
0 6 19 28 
0 12 14 15 
13 26 32 35 
5 14 16 17 
9 21 34 35 
14 25 30 32 
1 10 22 30 
0 10 17 21 
4 16 27 30 
5 20 28 29 
17 20 27 35 
14 21 23 30 
5 7 9 33 
0 2 9 19 
0 3 14 25 
1 14 28 30 
2 8 21 30 
19 28 31 35 
1 5 9 25 
16 21 24 35 
5 20 24 25 
7 14 30 34 
0 9 11 25 
5 15 21 24 
21 28 34 35 
5 18 21 28 
0 9 21 33 
5 15 27 29 
5 8 25 34 
10 23 26 35 
5 20 27 32 
0 7 10 23 
0 7 10 12 
5 19 26 31 
2 10 21 35 
0 16 20 34 
13 18 25 35 
5 19 22 24 
8 15 17 35 
0 6 19 21 
5 25 26 29 
0 9 10 17 
5 9 25 33 
6 21 28 30 
9 12 27 30 
5 25 27 33 
8 24 28 30 
0 15 17 19 
4 5 14 27 
7 25 31 35 
13 17 22 30 
0 14 21 29 
0 10 25 31 
3 7 10 30 
0 22 24 27 
5 14 24 25 
12 22 28 35 
21 24 26 35 
0 6 15 28 
1 8 10 30 
0 13 14 29 
0 4 8 15 
0 20 27 31 
2 14 21 30 
0 17 22 25 
0 14 21 31 
5 21 25 29 
5 14 20 32 
0 3 7 19 
18 25 28 30 
11 14 16 35 
5 10 16 32 
0 9 23 25 
3 5 14 16 
1 20 27 35 
20 21 23 30 
13 15 23 30 
2 21 26 30 
8 22 30 33 
0 16 21 24 
12 13 19 35 
8 10 34 35 
0 9 11 26 
3 26 28 35 
10 18 20 35 
5 11 21 25 
8 26 29 30 
8 25 33 35 
2 15 16 35 
8 26 30 34 
13 16 18 35 
4 8 19 30 
21 28 29 35 
11 16 20 30 
0 4 13 16 
3 9 19 35 
0 2 7 27 
1 19 25 35 
9 19 30 33 
6 14 28 35 
14 15 17 30 
0 2 13 28 
3 15 21 30 
12 15 28 30 
2 5 14 21 
5 7 15 23 
0 3 10 19 
8 14 31 35 
9 11 25 30 
10 12 15 30 
0 1 14 26 
8 14 17 30 
0 17 22 28 
5 8 24 28 
11 16 25 30 
5 18 19 26 
0 10 11 26 
1 9 21 35 
19 21 30 33 
13 15 32 35 
0 7 12 14 
8 20 31 35 
0 7 28 34 
5 8 27 32 
7 19 29 30 
5 10 19 23 
5 7 8 12 
0 2 19 26 
0 12 21 22 
11 13 14 35 
8 12 14 35 
2 5 9 25 
7 20 33 35 
8 14 30 31 
0 4 9 19 
5 10 22 29 
0 10 25 32 
9 20 30 31 
0 3 22 27 
5 7 11 28 
0 23 25 28 
0 3 15 19 
0 11 15 28 
2 5 7 19 
23 26 27 35 
0 1 7 28 
8 10 18 35 
7 19 30 32 
7 13 23 30 
0 20 25 31 
8 15 30 32 
5 17 20 28 
7 13 34 35 
4 16 20 35 
14 15 30 31 
13 20 34 35 
1 8 9 30 
5 9 25 29 
5 10 27 33 
5 9 15 17 
15 23 26 35 
4 14 25 30 
20 27 29 30 
15 20 31 35 
16 21 31 35 
3 5 8 26 
1 15 21 30 
5 12 20 26 
0 12 16 22 
3 7 28 35 
0 2 7 22 
1 5 13 20 
19 20 24 35 
0 7 14 29 
1 5 10 19 
8 19 30 32 
4 16 25 30 
5 20 22 31 
10 15 31 35 
20 24 27 30 
3 7 22 30 
5 11 20 25 
8 15 33 35 
5 14 21 29 
16 18 27 35 
5 13 28 29 
3 14 28 35 
8 27 31 35 
21 23 26 30 
0 8 11 19 
0 9 11 22 
12 20 27 30 
21 26 32 35 
3 7 25 35 
14 27 33 35 
0 4 13 25 
5 20 26 29 
13 17 21 35 
0 2 10 27 
5 9 16 18 
21 26 29 35 
0 14 20 23 
0 10 16 33 
10 25 29 35 
7 8 34 35 
11 13 20 35 
0 10 11 16 
2 21 25 30 
0 3 8 19 
0 18 20 27 
7 20 30 34 
0 3 20 22 
0 22 23 26 
10 12 21 35 
22 23 27 35 
11 19 20 30 
5 8 9 29 
5 9 28 32 
5 14 23 25 
0 6 14 26 
4 5 9 16 
13 24 28 35 
0 22 25 31 
21 22 31 35 
10 28 33 35 
5 16 27 33 
1 13 28 30 
5 13 15 33 
0 13 25 34 
5 13 27 33 
8 22 29 30 
14 18 25 30 
14 26 29 35 
0 16 27 34 
5 12 14 15 
11 21 25 30 
0 8 19 23 
5 9 11 22 
0 13 16 33 
1 5 15 26 
0 8 13 24 
0 19 27 31 
13 27 30 31 
0 6 26 28 
5 22 28 33 
4 22 28 35 
0 19 25 32 
2 9 28 35 
5 26 27 34 
0 11 14 19 
0 13 15 18 
0 7 14 34 
4 13 20 30 
0 16 25 31 
9 17 25 35 
0 4 7 14 
18 19 21 30 
0 15 20 31 
1 5 9 13 
0 6 7 14 
6 7 14 30 
13 15 17 30 
0 6 25 26 
0 13 18 20 
3 14 19 30 
5 13 22 31 
5 9 15 34 
2 26 28 35 
5 6 8 16 
0 9 15 32 
5 19 20 34 
0 9 12 16 
25 26 29 35 
3 14 22 30 
5 23 25 26 
5 18 19 28 
3 7 27 30 
5 6 9 25 
13 16 17 30 
5 10 17 28 
5 26 28 34 
2 15 20 35 
5 20 22 32 
0 7 10 29 
8 28 32 35 
1 8 22 35 
6 15 28 30 
0 21 26 32 
5 22 27 29 
0 1 21 27 
5 19 24 25 
5 6 13 21 
0 9 16 18 
6 16 19 35 
0 15 21 32 
8 27 34 35 
6 10 28 35 
7 15 18 35 
9 12 25 30 
0 10 17 25 
13 28 32 35 
0 14 25 32 
5 6 7 13 
8 11 27 30 
3 7 13 35 
8 23 26 35 
0 8 9 18 
2 7 16 30 
5 8 27 34 
11 19 26 35 
0 18 22 28 
5 20 26 32 
0 10 22 34 
1 5 8 26 
16 18 20 30 
5 12 15 19 
0 4 7 28 
0 25 28 31 
10 17 27 30 
1 13 15 35 
0 4 10 28 
5 17 19 27 
1 7 26 35 
0 7 19 32 
5 21 24 25 
18 22 28 30 
0 10 20 24 
0 3 13 16 
16 24 27 35 
0 14 15 24 
0 11 16 19 
0 9 19 32 
17 22 28 35 
0 12 25 28 
6 9 19 35 
0 11 13 20 
4 13 14 35 
4 13 14 30 
0 13 22 33 
6 20 21 30 
0 7 15 23 
5 9 16 23 
3 5 13 14 
15 24 25 35 
0 1 7 10 
3 10 21 30 
9 16 18 30 
4 5 9 22 
14 17 21 35 
24 27 28 35 
0 10 17 19 
0 9 21 24 
2 5 8 27 
7 16 23 30 
0 7 11 20 
0 13 15 32 
4 20 28 35 
5 13 16 24 
5 11 21 28 
19 20 30 32 
14 19 30 33 
9 11 21 30 
3 5 20 22 
3 15 25 35 
9 15 24 30 
5 13 22 29 
9 15 31 35 
5 16 20 29 
4 9 26 35 
13 27 30 32 
3 22 26 35 
7 15 17 35 
9 11 14 30 
5 6 10 20 
4 14 22 35 
14 18 20 35 
11 13 19 30 
9 22 24 30 
2 9 15 35 
0 3 16 26 
10 18 21 30 
1 20 26 35 
5 16 26 31 
5 15 22 32 
0 21 22 34 
0 25 26 29 
0 1 16 19 
0 13 18 27 
7 22 34 35 
5 9 11 15 
3 16 26 30 
5 16 22 32 
0 13 14 18 
18 25 27 35 
0 9 10 33 
3 5 10 22 
4 7 13 35 
5 8 28 31 
24 25 26 30 
3 16 26 35 
5 10 14 24 
8 13 17 35 
0 12 13 22 
5 6 8 14 
20 24 26 35 
1 5 21 25 
5 7 8 32 
13 27 33 35 
13 25 29 30 
0 4 15 16 
5 7 18 20 
3 5 14 20 
0 7 11 16 
5 16 17 28 
10 20 23 35 
0 8 28 34 
20 22 30 34 
10 22 30 31 
5 21 28 31 
6 8 9 30 
9 15 17 30 
16 28 31 35 
3 5 8 13 
0 19 21 23 
5 6 8 26 
5 6 7 26 
7 19 30 33 
0 11 21 25 
4 5 10 26 
10 20 24 30 
5 10 22 31 
6 7 21 35 
7 13 17 30 
5 13 26 33 
7 10 12 30 
8 28 31 35 
5 10 12 26 
0 8 24 25 
5 8 18 25 
15 19 30 32 
5 20 26 34 
0 3 13 22 
0 6 9 26 
1 5 7 19 
2 8 27 30 
0 6 20 26 
0 8 11 21 
5 19 27 33 
0 18 26 27 
14 27 31 35 
5 13 24 27 
8 14 23 30 
6 15 19 35 
0 14 28 32 
5 8 9 33 
7 19 33 35 
0 7 14 23 
5 8 28 34 
5 15 26 29 
4 7 25 30 
9 21 24 35 
4 7 14 35 
13 15 34 35 
11 20 28 35 
5 13 16 33 
3 5 16 27 
5 7 24 25 
0 8 26 33 
6 21 25 35 
17 21 26 30 
5 6 22 28 
7 9 33 35 
14 19 30 31 
12 20 22 35 
5 13 21 23 
21 24 26 30 
22 28 30 34 
13 28 33 35 
1 22 25 30 
16 17 21 30 
20 27 33 35 
9 18 22 35 
11 14 15 30 
4 5 8 10 
16 21 30 33 
0 13 14 31 
3 5 20 26 
20 22 29 35 
5 18 19 27 
0 2 15 22 
6 13 22 35 
5 14 27 31 
5 14 18 25 
1 21 28 35 
5 6 8 20 
2 13 14 30 
5 14 27 34 
4 5 13 14 
15 22 23 30 
8 16 33 35 
0 3 7 13 
12 19 21 30 
0 17 19 26 
5 20 23 27 
0 7 10 33 
2 5 7 27 
8 11 16 35 
5 16 24 26 
3 19 26 35 
0 9 10 32 
5 7 13 31 
3 14 21 30 
0 12 19 27 
2 5 10 13 
19 20 32 35 
0 11 15 26 
3 19 22 30 
10 22 24 30 
4 5 16 28 
8 13 30 32 
5 10 11 27 
4 21 28 35 
5 8 22 24 
0 8 17 26 
5 20 24 26 
5 8 13 29 
7 14 18 30 
5 6 9 15 
10 14 23 30 
0 1 8 26 
3 15 19 35 
5 10 20 34 
20 28 30 32 
5 21 22 34 
4 9 15 35 
0 11 26 27 
13 21 32 35 
11 19 28 35 
3 15 22 30 
0 6 9 21 
5 13 21 33 
5 22 24 28 
0 6 10 15 
7 10 30 32 
0 9 14 24 
18 20 22 30 
8 10 33 35 
5 8 13 34 
0 10 21 31 
0 21 28 34 
0 10 13 23 
8 16 30 34 
14 28 32 35 
0 8 11 14 
6 13 26 35 
2 7 8 30 
3 8 20 30 
0 18 19 28 
0 2 7 8 
9 23 28 35 
17 27 28 30 
0 7 28 33 
1 10 14 35 
4 22 27 35 
0 7 21 31 
5 10 14 34 
1 10 20 30 
0 9 15 17 
0 3 9 10 
4 9 21 35 
0 7 23 28 
0 7 11 14 
0 23 26 28 
14 25 31 35 
5 9 10 33 
5 14 18 22 
12 21 27 30 
6 7 15 30 
2 8 16 30 
3 19 28 35 
22 23 26 35 
20 28 30 34 
5 12 16 21 
5 10 11 25 
0 10 13 32 
4 8 14 35 
0 6 7 13 
3 5 8 27 
6 13 14 35 
0 7 16 33 
5 10 19 24 
21 22 34 35 
0 20 24 25 
10 17 27 35 
15 20 30 31 
10 19 31 35 
5 7 26 33 
5 12 13 25 
17 19 28 35 
11 13 15 30 
5 7 22 31 
13 15 30 34 
6 14 22 35 
8 22 34 35 
5 8 26 33 
0 14 16 29 
5 7 28 32 
10 24 25 30 
5 8 9 23 
4 7 13 30 
5 16 21 32 
0 2 15 26 
5 7 27 31 
0 12 14 25 
7 16 17 30 
5 9 15 29 
0 6 7 20 
14 15 30 34 
20 25 32 35 
12 15 22 30 
0 9 12 19 
5 6 19 28 
1 10 26 30 
12 19 26 30 
5 6 14 21 
4 25 26 30 
1 21 27 35 
1 21 27 30 
21 24 27 35 
7 13 31 35 
5 13 14 34 
8 17 28 35 
5 9 20 34 
8 17 25 35 
0 16 18 19 
3 5 10 28 
5 8 23 28 
5 19 23 26 
5 22 23 28 
3 7 14 30 
5 6 14 16 
8 16 32 35 
5 14 19 33 
17 25 28 30 
21 28 30 34 
13 21 30 32 
0 2 13 22 
5 13 14 31 
0 4 9 16 
0 20 28 29 
6 19 28 35 
10 15 18 35 
8 21 23 30 
22 24 27 30 
9 17 21 35 
10 28 34 35 
13 20 32 35 
1 14 20 35 
5 13 24 25 
0 12 25 27 
7 15 24 30 
8 20 29 35 
0 22 28 34 
3 5 27 28 
8 20 29 30 
0 7 11 22 
5 17 26 28 
0 6 19 22 
6 9 22 30 
8 14 29 30 
2 9 20 35 
5 8 28 33 
1 5 10 22 
0 8 11 26 
5 10 15 24 
1 5 19 26 
5 7 24 26 
18 20 21 30 
5 13 19 23 
8 15 18 30 
1 9 13 30 
22 28 32 35 
0 6 13 16 
2 5 9 20 
7 19 24 30 
5 10 24 25 
2 7 21 30 
2 13 15 30 
0 6 8 28 
8 14 34 35 
7 18 27 30 
7 14 23 30 
0 26 28 32 
0 7 9 34 
5 21 22 31 
5 9 26 33 
8 23 27 30 
0 15 28 32 
19 24 25 35 
15 20 24 30 
2 5 16 25 
7 17 27 35 
0 7 13 32 
0 6 9 27 
6 10 15 30 
8 15 30 34 
4 9 28 35 
0 3 19 26 
4 5 26 28 
6 7 8 35 
0 25 26 33 
5 10 17 27 
3 10 26 35 
19 21 30 34 
0 6 15 26 
0 13 15 17 
5 12 20 21 
0 18 20 28 
9 13 34 35 
2 5 9 19 
0 21 23 27 
1 13 20 30 
5 7 24 27 
2 13 26 35 
5 8 9 12 
0 6 22 27 
16 20 30 31 
5 16 28 32 
4 5 9 14 
5 8 17 25 
0 4 7 16 
0 9 18 28 
4 13 15 30 
1 15 20 30 
0 8 15 18 
2 15 28 35 
0 1 7 22 
0 4 8 9 
5 12 15 25 
12 14 22 35 
11 16 21 30 
2 16 26 35 
5 25 27 31 
5 20 24 27 
9 17 28 30 
0 11 22 25 
0 1 10 15 
8 16 23 30 
5 17 19 22 
0 2 8 14 
0 3 8 22 
0 25 28 33 
1 19 28 35 
15 20 29 30 
3 14 27 30 
20 27 30 32 
5 14 17 28 
2 13 16 30 
15 18 20 30 
10 16 31 35 
5 8 14 23 
5 15 17 26 
7 26 29 30 
0 16 19 24 
0 22 24 25 
7 10 18 35 
0 8 10 24 
21 28 30 32 
7 8 11 35 
3 9 27 30 
8 18 22 35 
0 10 17 28 
2 7 28 30 
4 9 15 30 
16 19 30 34 
13 18 19 30 
5 8 10 23 
3 5 19 20 
5 6 10 28 
8 22 32 35 
0 4 8 20 
2 5 14 28 
9 11 20 30 
0 7 19 23 
9 17 19 35 
0 9 10 12 
0 10 18 22 
1 10 28 35 
1 8 25 35 
5 13 25 33 
20 21 29 30 
0 2 8 22 
4 13 28 30 
5 8 13 33 
9 18 20 30 
16 28 30 32 
20 21 30 34 
5 21 22 33 
5 6 7 22 
5 8 15 33 
0 10 19 24 
22 25 33 35 
2 5 20 26 
0 3 26 28 
4 5 14 19 
1 8 13 30 
5 12 27 28 
15 20 30 32 
23 27 28 30 
19 22 23 35 
10 20 29 35 
1 8 10 35 
4 7 16 35 
13 21 31 35 
0 17 19 21 
9 14 18 35 
10 15 24 35 
0 9 11 16 
7 11 16 30 
4 14 19 30 
9 17 27 35 
14 16 32 35 
12 19 28 35 
5 11 15 22 
7 27 32 35 
4 19 26 35 
0 14 15 31 
5 17 21 28 
7 10 17 30 
5 21 26 33 
5 22 26 34 
0 3 7 14 
4 15 25 30 
8 23 28 30 
26 28 33 35 
6 8 20 30 
7 9 30 33 
8 15 29 35 
15 17 25 35 
5 12 19 27 
0 14 24 25 
12 20 25 30 
15 23 28 30 
10 11 22 35 
5 9 12 27 
0 1 8 22 
6 10 27 35 
11 16 25 35 
17 26 28 30 
15 26 31 35 
1 5 21 28 
4 5 13 16 
0 4 7 20 
0 10 21 34 
5 12 21 27 
0 1 9 25 
21 27 29 35 
16 19 24 30 
27 28 31 35 
0 4 14 25 
3 10 20 30 
5 12 20 28 
13 14 17 35 
5 11 22 25 
19 26 30 31 
5 13 25 34 
0 10 18 26 
15 22 24 30 
13 27 30 33 
21 27 30 34 
7 17 21 35 
20 26 33 35 
22 28 30 32 
5 10 22 34 
7 16 31 35 
10 11 28 35 
5 7 18 26 
5 10 22 24 
4 10 19 35 
2 5 21 26 
0 7 12 26 
5 12 19 25 
5 15 20 29 
5 13 21 24 
5 7 9 29 
13 24 25 35 
5 9 14 17 
6 8 26 35 
5 9 10 17 
6 15 21 30 
5 13 16 23 
9 27 30 32 
2 5 25 28 
21 26 33 35 
12 21 22 30 
7 22 23 30 
15 19 24 30 
13 21 30 33 
8 27 30 32 
5 16 17 20 
0 22 24 28 
0 3 21 28 
21 22 29 30 
4 22 25 30 
0 7 9 12 
5 7 10 34 
0 1 14 27 
5 7 21 34 
5 7 22 23 
3 13 20 30 
5 12 14 21 
0 6 14 15 
5 10 11 15 
10 15 23 30 
5 12 14 20 
7 24 27 35 
13 25 30 31 
0 1 13 28 
8 17 28 30 
3 16 22 35 
5 13 28 32 
0 3 20 27 
9 16 17 35 
12 15 25 35 
8 9 17 30 
5 13 22 34 
0 25 27 31 
21 23 26 35 
0 9 14 32 
7 17 25 30 
19 27 34 35 
0 10 14 31 
0 8 15 29 
9 26 32 35 
15 24 28 30 
16 23 27 35 
0 16 17 26 
0 13 14 34 
1 13 25 35 
5 10 23 27 
5 14 26 32 
26 27 31 35 
5 8 10 18 
10 22 31 35 
0 4 15 28 
0 21 28 32 
9 14 34 35 
13 28 29 30 
0 9 13 17 
2 19 21 35 
5 9 28 31 
8 16 17 35 
6 25 28 35 
3 21 26 30 
9 11 13 30 
8 11 22 30 
3 5 16 21 
7 28 33 35 
5 7 13 18 
0 8 12 15 
0 4 10 14 
5 8 14 18 
1 19 27 30 
22 28 29 30 
19 22 29 35 
22 23 28 30 
5 13 19 24 
1 9 21 30 
13 16 30 33 
0 4 8 16 
4 14 21 35 
6 9 25 30 
3 9 16 30 
0 6 8 10 
0 19 21 33 
16 28 34 35 
10 21 29 30 
8 16 30 32 
5 16 27 34 
5 14 18 26 
8 18 28 35 
0 20 21 24 
4 7 19 35 
10 11 25 35 
0 16 25 32 
4 5 7 8 
2 27 28 35 
5 15 18 21 
10 14 29 30 
5 9 21 31 
13 20 29 30 
5 13 26 31 
1 14 26 35 
5 10 15 31 
15 20 24 35 
14 18 19 30 
1 9 14 30 
13 16 23 30 
2 9 19 35 
3 5 19 25 
5 15 22 34 
3 7 20 30 
19 27 29 30 
0 3 10 26 
2 5 25 26 
3 15 27 35 
5 7 15 34 
8 11 26 30 
7 8 23 35 
0 8 17 20 
1 9 20 35 
0 9 22 23 
5 18 19 25 
0 7 15 33 
4 16 28 30 
5 21 27 33 
8 18 26 30 
1 5 7 22 
5 13 24 28 
4 5 9 19 
8 17 22 30 
3 14 20 35 
0 4 14 16 
5 7 10 31 
12 21 25 30 
0 13 27 33 
5 11 21 27 
3 13 20 35 
3 10 20 35 
3 5 8 20 
4 22 28 30 
14 18 22 35 
5 19 24 27 
10 11 15 30 
7 16 24 35 
0 6 16 28 
3 21 25 30 
2 5 9 16 
3 5 9 19 
20 22 30 31 
2 8 15 35 
11 19 25 35 
1 8 28 30 
5 11 16 22 
9 21 33 35 
5 8 13 23 
13 25 29 35 
27 28 29 30 
10 26 33 35 
0 8 23 28 
10 22 24 35 
1 10 15 35 
15 20 23 30 
9 24 25 35 
5 8 9 11 
16 26 29 30 
15 21 29 35 
6 7 14 35 
3 14 26 30 
0 7 10 18 
16 18 26 30 
3 10 13 30 
5 8 18 20 
0 20 26 32 
6 8 21 30 
11 20 22 30 
0 9 12 15 
1 5 21 27 
21 26 34 35 
5 9 15 33 
6 7 15 35 
6 8 15 35 
10 22 30 33 
26 28 30 31 
15 16 24 35 
2 9 14 35 
5 8 11 22 
0 13 21 32 
0 15 20 32 
0 18 25 26 
9 20 30 33 
1 16 28 35 
0 11 19 28 
13 17 20 35 
4 8 28 30 
4 5 16 26 
6 8 27 30 
1 20 25 35 
14 24 28 30 
13 14 33 35 
0 1 10 26 
5 12 15 16 
9 12 15 35 
3 16 28 35 
25 26 30 34 
5 9 20 32 
2 19 20 35 
11 21 28 30 
19 21 24 30 
8 21 33 35 
7 22 23 35 
27 28 30 31 
0 8 17 21 
0 9 22 34 
1 5 16 28 
14 18 26 30 
7 19 32 35 
1 15 19 30 
0 19 23 27 
13 21 29 30 
8 12 27 30 
1 9 25 35 
5 10 11 16 
3 19 20 30 
5 16 22 34 
3 26 28 30 
1 5 16 25 
22 27 34 35 
1 7 20 30 
0 12 19 25 
4 9 16 35 
5 17 21 26 
0 14 21 33 
11 15 26 30 
8 18 19 30 
0 9 28 32 
3 19 25 30 
5 13 17 19 
4 7 20 35 
20 25 29 30 
10 19 29 35 
2 14 15 35 
0 1 26 28 
5 8 15 32 
5 18 25 28 
0 10 15 23 
5 7 18 21 
11 27 28 35 
5 7 20 29 
8 9 29 35 
4 25 26 35 
0 7 13 29 
5 17 19 20 
13 20 30 31 
7 14 30 31 
0 1 8 28 
0 24 25 27 
0 6 27 28 
19 24 26 35 
1 20 21 30 
3 7 27 35 
5 6 22 26 
5 6 16 28 
6 8 28 35 
4 16 26 30 
12 16 22 35 
10 11 13 35 
5 13 17 25 
13 22 23 35 
5 11 20 21 
5 17 27 28 
5 7 18 19 
0 13 26 33 
10 19 24 35 
3 22 26 30 
5 11 13 22 
7 18 20 35 
5 9 11 20 
7 11 27 30 
4 5 7 21 
4 5 19 26 
2 7 20 30 
0 9 24 28 
13 20 33 35 
0 6 22 28 
16 21 30 34 
5 20 24 28 
5 15 27 34 
0 3 10 15 
19 25 30 31 
0 13 27 34 
6 7 20 30 
1 20 25 30 
2 5 13 20 
0 9 21 34 
10 16 23 30 
7 13 29 35 
7 9 12 30 
0 9 27 34 
0 12 13 19 
5 16 22 29 
0 7 14 18 
0 16 25 29 
13 17 19 35 
3 21 22 35 
9 10 18 35 
0 3 10 22 
5 27 28 34 
4 16 25 35 
2 10 19 30 
1 5 8 10 
13 17 28 35 
2 5 15 27 
11 14 22 35 
10 11 14 35 
0 12 20 28 
5 8 18 19 
4 14 22 30 
5 15 16 18 
0 3 13 28 
7 12 28 30 
9 12 13 35 
3 22 25 35 
0 4 8 22 
2 5 8 28 
0 15 26 29 
3 16 25 30 
0 6 21 28 
16 17 19 30 
8 10 30 32 
5 15 20 34 
4 19 28 30 
0 10 27 32 
9 11 22 30 
11 19 28 30 
0 16 17 28 
0 11 19 26 
5 7 19 32 
0 1 14 19 
2 19 21 30 
5 8 12 26 
9 11 27 30 
0 4 10 13 
19 28 33 35 
8 14 18 30 
0 14 23 25 
1 5 9 16 
6 7 22 35 
22 26 33 35 
5 10 11 22 
0 16 23 25 
0 16 18 27 
5 19 26 34 
17 21 28 35 
0 14 21 23 
2 15 16 30 
10 23 27 35 
5 21 27 34 
7 12 25 35 
9 11 14 35 
0 13 18 25 
2 10 28 30 
4 5 10 19 
0 16 22 33 
5 10 13 33 
5 11 13 28 
14 20 24 35 
19 25 29 30 
16 19 23 30 
0 10 15 34 
5 9 17 27 
10 12 16 35 
5 16 23 26 
0 15 28 34 
15 17 21 30 
0 6 13 26 
0 12 13 21 
8 9 30 34 
0 7 16 17 
0 13 19 34 
4 9 10 35 
6 10 22 35 
8 22 30 32 
14 27 32 35 
2 10 15 35 
2 22 28 35 
12 21 26 30 
11 20 26 35 
7 8 30 32 
0 2 8 27 
0 15 16 29 
9 15 23 35 
0 2 10 16 
7 16 30 34 
15 22 34 35 
0 18 20 22 
9 17 22 35 
6 26 28 35 
11 19 27 30 
4 5 14 28 
6 7 16 30 
1 16 19 35 
2 13 16 35 
0 15 22 29 
1 14 16 30 
5 21 23 27 
0 14 16 24 
5 6 21 26 
5 12 22 27 
19 27 30 31 
8 11 20 35 
0 17 19 20 
3 21 26 35 
0 1 9 28 
5 10 13 29 
5 8 10 24 
4 7 19 30 
13 19 33 35 
5 10 27 29 
11 15 22 30 
0 7 15 17 
5 8 15 31 
11 21 27 35 
7 12 14 35 
9 17 26 35 
12 13 16 35 
12 14 27 35 
5 7 28 29 
9 13 24 35 
0 7 11 28 
5 19 28 32 
9 12 14 35 
19 25 31 35 
5 15 21 34 
1 10 27 35 
5 15 27 32 
10 21 34 35 
8 15 30 31 
4 13 22 30 
4 14 19 35 
2 7 8 35 
5 8 16 31 
6 14 28 30 
3 13 19 30 
8 17 26 35 
1 7 16 35 
3 9 28 30 
2 5 8 25 
1 5 9 10 
9 15 34 35 
0 6 13 14 
13 16 30 31 
0 13 20 34 
0 10 24 28 
3 16 22 30 
9 11 19 30 
7 26 30 34 
6 26 27 35 
1 25 26 30 
3 5 8 9 
9 25 30 32 
0 13 21 29 
22 27 31 35 
0 6 25 28 
0 13 18 19 
0 13 21 24 
5 20 21 23 
9 10 17 30 
19 24 27 30 
4 14 21 30 
8 22 30 31 
6 9 26 35 
11 25 26 35 
6 10 19 35 
7 11 14 35 
5 15 17 25 
5 21 28 29 
5 10 24 27 
7 17 28 30 
0 15 16 33 
5 13 22 24 
0 22 26 33 
0 16 26 34 
0 1 9 16 
9 21 24 30 
5 17 25 26 
3 15 25 30 
0 3 9 28 
0 7 13 17 
2 10 21 30 
7 24 25 35 
7 17 26 30 
0 4 10 21 
0 8 28 33 
5 10 13 31 
0 11 14 21 
6 8 25 35 
15 25 30 32 
12 19 26 35 
5 16 20 31 
8 17 25 30 
5 7 12 21 
14 26 31 35 
3 15 20 35 
5 7 23 25 
9 19 32 35 
9 22 30 34 
1 16 26 35 
1 5 15 22 
5 9 14 32 
16 17 25 35 
7 21 30 34 
4 8 10 35 
0 4 8 21 
0 4 20 25 
14 21 30 31 
0 15 24 28 
0 15 27 34 
5 7 11 27 
16 21 30 32 
0 16 20 24 
8 13 24 30 
10 11 16 35 
21 25 30 31 
15 20 32 35 
2 9 26 30 
2 5 16 22 
14 18 19 35 
2 7 19 35 
0 8 15 17 
3 16 25 35 
9 15 30 33 
0 9 18 21 
3 21 22 30 
8 21 29 30 
0 7 11 21 
1 19 26 35 
0 10 20 23 
0 23 26 27 
0 13 22 24 
2 5 10 14 
2 8 13 35 
9 28 31 35 
5 16 18 26 
0 2 21 27 
1 5 10 28 
0 8 20 31 
4 26 27 35 
5 11 22 27 
14 25 30 33 
11 14 19 30 
5 19 22 23 
6 10 25 35 
0 9 12 26 
5 9 15 32 
5 20 28 32 
2 10 16 30 
0 8 26 32 
1 14 25 35 
0 14 20 29 
13 18 21 35 
5 13 15 34 
7 15 18 30 
9 11 19 35 
0 1 10 16 
9 26 29 30 
16 20 32 35 
16 24 25 35 
2 16 20 30 
0 2 14 20 
5 9 19 23 
1 5 20 27 
0 14 28 29 
5 7 9 34 
9 25 30 34 
2 10 26 30 
5 25 27 32 
7 15 30 32 
7 16 18 35 
0 20 26 33 
13 21 29 35 
8 9 18 35 
5 13 20 24 
5 12 16 27 
14 25 34 35 
9 25 30 31 
1 5 14 27 
13 18 26 30 
0 12 19 22 
2 5 9 27 
5 21 22 24 
15 17 22 35 
5 12 16 25 
0 8 17 25 
7 28 34 35 
1 5 19 25 
15 21 33 35 
10 11 20 35 
2 21 26 35 
0 1 9 27 
0 4 10 25 
6 15 20 30 
4 21 28 30 
8 26 30 33 
13 16 33 35 
5 22 26 32 
4 21 25 35 
5 8 11 14 
7 24 27 30 
5 14 16 32 
14 15 30 32 
0 4 20 27 
0 13 28 34 
7 9 17 30 
7 22 33 35 
0 23 27 28 
12 20 28 35 
0 10 17 26 
10 25 31 35 
5 7 9 17 
7 21 30 33 
10 22 34 35 
5 13 16 34 
9 18 20 35 
12 15 16 35 
16 18 21 30 
6 20 26 35 
1 5 13 27 
14 18 20 30 
5 25 28 33 
5 18 26 27 
0 6 22 25 
3 19 20 35 
4 21 22 35 
3 5 22 28 
14 25 29 35 
5 22 27 34 
7 23 27 35 
14 22 31 35 
6 8 21 35 
9 13 18 35 
14 18 22 30 
9 22 33 35 
8 16 18 30 
11 13 28 30 
5 12 13 27 
19 22 30 34 
5 16 20 34 
4 22 25 35 
5 19 28 29 
3 5 7 26 
0 16 17 22 
0 10 18 28 
1 14 22 35 
0 17 19 27 
3 7 26 30 
5 9 27 29 
6 19 26 35 
4 5 21 27 
4 7 10 30 
3 19 21 30 
0 3 16 19 
7 8 24 35 
5 12 13 26 
5 9 15 23 
7 10 11 35 
0 1 8 15 
3 5 10 16 
3 5 10 21 
5 9 24 26 
19 20 29 35 
13 15 29 35 
1 9 25 30 
0 7 9 18 
0 19 28 34 
0 11 16 28 
5 8 16 18 
10 14 32 35 
3 16 19 30 
11 21 26 30 
1 14 15 35 
6 20 22 30 
6 8 27 35 
0 3 13 25 
5 9 10 29 
0 25 26 31 
8 11 21 30 
0 20 21 31 
0 8 18 19 
5 13 20 34 
3 20 21 30 
0 2 13 21 
0 13 21 31 
5 10 12 19 
0 6 8 15 
10 11 13 30 
0 21 24 25 
4 9 10 30 
0 7 10 17 
7 20 31 35 
14 23 28 30 
5 10 16 33 
20 26 30 32 
13 19 30 34 
10 20 32 35 
5 12 13 21 
0 17 26 28 
2 8 25 35 
14 15 23 35 
10 15 33 35 
5 6 9 20 
15 19 30 33 
2 5 22 25 
0 14 28 33 
14 27 30 32 
3 5 8 22 
5 21 28 34 
6 7 27 30 
7 15 33 35 
0 13 16 24 
9 18 19 35 
13 26 30 31 
0 16 21 31 
0 9 11 28 
7 18 22 35 
8 28 30 34 
5 7 10 29 
0 3 13 15 
16 19 29 35 
2 9 15 30 
0 15 21 29 
5 16 17 27 
6 9 28 30 
2 7 22 35 
13 24 26 35 
16 20 29 30 
20 22 34 35 
12 13 28 35 
11 15 22 35 
7 15 32 35 
19 23 26 30 
2 5 22 27 
0 20 22 24 
0 12 13 28 
5 9 19 33 
0 9 13 18 
0 6 13 28 
8 16 18 35 
1 15 16 30 
10 12 22 30 
14 17 19 35 
5 15 18 22 
0 8 25 34 
10 12 25 30 
4 5 14 25 
5 8 11 26 
0 1 13 27 
0 8 13 18 
5 6 9 14 
4 19 20 30 
12 21 28 35 
4 5 21 26 
4 5 7 14 
18 19 27 35 
19 25 30 32 
2 13 28 35 
0 10 23 26 
12 22 28 30 
0 17 21 22 
5 8 12 22 
5 7 16 32 
17 19 22 35 
5 7 18 25 
0 19 26 31 
0 9 20 29 
5 16 17 22 
5 6 9 26 
20 21 31 35 
5 13 14 23 
0 6 19 27 
2 19 27 35 
22 25 32 35 
5 14 17 27 
0 15 19 33 
5 16 21 31 
8 14 18 35 
5 8 12 19 
1 25 28 35 
9 14 24 30 
4 25 27 30 
0 9 10 11 
5 8 26 31 
0 14 19 31 
2 10 15 30 
13 17 25 30 
0 9 26 33 
0 14 23 27 
13 14 30 31 
7 26 31 35 
5 8 10 12 
0 9 11 19 
5 12 19 28 
9 24 26 35 
21 25 30 32 
3 5 14 25 
14 16 31 35 
2 5 14 19 
11 19 26 30 
7 14 24 35 
12 13 26 35 
5 10 18 22 
2 7 26 35 
5 14 16 34 
2 8 27 35 
8 25 31 35 
20 21 30 33 
5 13 23 27 
3 15 22 35 
19 26 29 30 
0 1 10 28 
5 10 22 23 
15 17 28 35 
0 2 9 22 
0 4 20 28 
0 21 25 34 
1 5 10 14 
5 8 9 32 
2 20 22 35 
5 10 27 34 
1 13 27 35 
5 15 18 28 
10 20 24 35 
0 4 9 22 
1 15 26 30 
0 3 16 27 
13 16 30 32 
5 16 28 31 
0 12 27 28 
0 20 22 32 
6 7 20 35 
4 8 15 35 
15 21 32 35 
5 22 27 33 
4 8 10 30 
9 14 33 35 
5 10 11 28 
7 10 29 30 
19 25 34 35 
0 1 27 28 
2 9 25 35 
5 9 16 31 
0 6 16 21 
13 23 27 35 
9 10 12 35 
0 6 10 25 
5 8 12 13 
16 22 30 34 
3 7 19 30 
5 10 19 33 
0 4 16 26 
5 19 27 34 
15 28 31 35 
8 18 21 30 
0 4 22 27 
4 16 21 35 
5 8 19 31 
2 5 13 14 
3 13 22 30 
11 14 28 35 
0 13 24 28 
5 11 15 19 
0 12 20 22 
21 23 27 30 
0 1 14 20 
0 7 20 29 
4 9 28 30 
0 4 13 15 
3 7 9 35 
8 15 23 30 
5 14 22 34 
1 5 10 16 
0 7 18 28 
8 21 30 33 
5 16 18 22 
10 26 30 31 
12 15 25 30 
0 4 20 21 
0 6 10 19 
6 7 25 30 
0 4 13 22 
0 7 25 33 
14 20 34 35 
7 17 19 35 
5 6 25 27 
15 21 30 31 
5 9 13 31 
0 12 19 26 
0 7 25 31 
0 4 15 26 
0 11 15 25 
15 26 30 34 
14 21 34 35 
0 12 20 27 
13 25 30 33 
1 13 22 35 
3 5 9 22 
7 20 29 30 
5 22 28 34 
22 26 29 30 
0 8 9 23 
2 9 14 30 
10 16 30 33 
9 13 30 33 
0 4 8 28 
5 16 21 33 
0 1 7 14 
13 27 32 35 
19 27 29 35 
15 18 19 35 
4 16 27 35 
5 22 28 32 
10 17 20 35 
4 5 9 15 
5 17 20 22 
2 5 13 21 
5 17 20 27 
5 12 14 16 
6 9 16 30 
4 5 14 26 
7 17 25 35 
5 12 19 26 
23 25 26 30 
10 15 30 34 
0 10 13 33 
5 9 12 15 
26 27 30 33 
9 12 20 35 
2 14 20 30 
9 18 25 35 
15 24 26 35 
2 5 19 28 
23 25 28 35 
27 28 33 35 
11 16 21 35 
15 19 30 31 
5 9 23 26 
7 24 28 35 
4 26 28 30 
9 16 30 32 
6 19 21 30 
4 7 22 35 
5 11 19 25 
8 13 17 30 
0 16 21 29 
5 19 25 34 
3 27 28 35 
4 10 20 35 
13 16 32 35 
6 8 14 35 
4 26 28 35 
7 28 30 32 
19 20 33 35 
10 26 29 30 
5 18 20 25 
7 12 21 35 
0 4 9 10 
0 2 10 28 
2 5 14 15 
0 6 8 19 
5 15 25 34 
0 7 8 11 
0 8 12 13 
6 25 26 35 
0 2 25 28 
5 9 17 20 
13 15 24 30 
5 16 25 29 
7 17 22 35 
0 3 14 22 
5 8 16 33 
5 21 26 31 
3 10 22 30 
3 5 25 27 
9 23 25 30 
0 20 27 34 
0 11 16 21 
15 18 22 35 
0 6 19 25 
3 19 27 30 
0 19 21 24 
0 7 15 34 
0 9 24 26 
0 6 14 28 
0 9 27 32 
0 7 11 13 
9 16 30 34 
11 27 28 30 
0 20 24 27 
5 24 25 26 
21 22 23 35 
2 15 20 30 
27 28 34 35 
0 8 14 34 
7 22 30 33 
6 19 20 35 
5 9 11 21 
0 3 21 22 
0 4 9 26 
0 3 27 28 
5 9 11 13 
0 10 17 27 
0 10 16 29 
22 27 30 34 
13 14 29 30 
5 13 19 29 
8 25 29 35 
5 8 12 28 
14 28 34 35 
5 14 15 32 
5 8 18 26 
5 10 16 18 
0 3 15 20 
16 26 30 32 
10 16 32 35 
14 26 30 33 
0 2 16 21 
10 17 21 35 
0 15 23 25 
0 8 9 33 
5 15 22 24 
15 17 26 35 
0 20 22 33 
5 16 22 33 
0 12 13 14 
5 23 26 28 
0 4 25 27 
8 11 28 30 
0 2 9 26 
2 8 15 30 
15 24 27 35 
24 27 28 30 
18 25 28 35 
0 11 14 15 
0 19 24 28 
5 14 20 31 
0 12 19 28 
25 26 32 35 
9 27 29 35 
14 26 34 35 
1 10 21 35 
20 21 30 31 
10 16 17 35 
6 14 27 35 
0 8 15 31 
4 13 21 30 
1 5 15 27 
0 15 16 18 
2 10 19 35 
5 18 21 22 
7 21 29 30 
0 13 19 32 
0 7 27 31 
2 10 13 30 
1 16 22 35 
1 5 25 28 
5 11 15 26 
11 25 27 35 
0 8 18 20 
18 20 21 35 
0 21 25 29 
22 27 29 35 
5 8 12 14 
2 5 8 10 
7 13 30 31 
0 13 20 29 
7 12 25 30 
1 15 26 35 
0 8 12 25 
5 26 27 32 
15 22 33 35 
5 8 17 20 
4 10 15 30 
9 12 16 35 
4 8 9 35 
15 16 23 35 
5 21 27 29 
1 5 8 9 
14 21 31 35 
19 26 30 34 
5 20 27 29 
0 6 10 20 
7 11 21 30 
0 18 26 28 
1 5 21 22 
0 7 18 19 
19 25 32 35 
3 14 15 30 
15 26 30 31 
5 14 22 32 
0 7 12 13 
0 6 8 16 
0 12 26 28 
10 22 32 35 
1 13 21 30 
0 19 21 32 
18 21 26 35 
5 19 27 29 
0 4 14 28 
0 15 22 23 
8 18 28 30 
10 19 24 30 
0 18 21 22 
5 7 13 32 
2 20 27 30 
5 8 28 32 
8 27 30 31 
25 26 30 31 
1 16 25 35 
0 4 25 28 
4 21 26 35 
13 20 23 30 
0 25 28 32 
0 8 27 32 
19 22 33 35 
0 10 11 15 
15 22 32 35 
2 14 22 30 
8 20 23 30 
1 5 15 25 
13 14 18 30 
5 7 8 31 
0 15 27 32 
3 25 26 35 
2 5 7 8 
4 16 19 30 
4 5 13 27 
5 13 14 24 
5 7 11 20 
14 17 20 30 
12 14 25 35 
0 14 25 29 
12 25 28 30 
10 18 22 35 
3 5 14 15 
5 24 27 28 
0 10 15 18 
0 12 15 28 
5 19 20 23 
0 2 8 9 
13 26 34 35 
5 14 18 27 
20 26 29 35 
0 6 15 19 
3 13 25 30 
7 20 29 35 
3 5 14 27 
11 16 20 35 
5 19 22 33 
6 25 28 30 
0 7 14 17 
2 7 10 30 
14 26 30 31 
2 5 19 27 
5 13 28 33 
0 6 13 19 
5 6 7 8 
0 14 21 34 
15 25 29 35 
10 20 30 33 
5 14 20 33 
7 24 26 35 
7 12 26 35 
0 26 28 29 
16 25 34 35 
5 7 27 34 
5 9 11 16 
0 14 28 34 
10 15 23 35 
0 14 22 31 
7 15 23 30 
6 16 28 35 
5 9 28 33 
0 21 22 23 
0 16 18 21 
9 17 20 30 
26 28 29 35 
13 25 30 34 
10 18 25 30 
0 12 15 26 
9 19 29 30 
0 2 8 16 
8 9 31 35 
16 25 32 35 
1 5 27 28 
0 13 26 32 
21 22 29 35 
0 3 10 16 
12 25 28 35 
0 4 8 27 
5 13 14 33 
13 17 19 30 
15 21 30 34 
6 7 27 35 
5 25 26 34 
5 10 23 25 
0 15 19 29 
5 20 25 32 
3 25 26 30 
0 2 20 27 
2 5 8 14 
8 12 21 35 
5 9 14 24 
10 13 33 35 
0 3 9 22 
3 5 15 28 
6 16 28 30 
21 25 29 30 
2 19 28 35 
1 10 25 35 
5 14 18 19 
1 13 14 30 
0 20 23 25 
0 6 9 20 
2 5 13 19 
4 5 8 21 
2 25 27 35 
15 21 34 35 
9 20 33 35 
8 18 26 35 
0 7 12 15 
0 4 19 25 
0 16 19 31 
0 10 11 20 
0 10 12 27 
4 5 19 27 
16 20 31 35 
0 13 19 23 
9 14 30 31 
5 21 23 25 
5 6 20 25 
12 14 20 30 
5 18 19 21 
10 13 32 35 
5 12 25 27 
4 5 21 28 
7 18 26 30 
9 13 18 30 
0 10 12 19 
23 25 28 30 
5 8 23 26 
0 11 25 28 
0 10 14 24 
5 7 11 15 
7 19 29 35 
0 16 19 34 
19 22 30 32 
5 12 14 25 
8 17 22 35 
14 17 25 30 
7 10 32 35 
7 16 30 33 
2 22 27 30 
5 16 20 23 
8 26 30 32 
0 17 20 21 
5 9 28 29 
8 10 30 34 
14 17 22 35 
0 10 12 28 
20 27 30 31 
4 10 26 30 
4 21 26 30 
10 13 34 35 
2 7 15 35 
5 9 21 29 
6 10 21 30 
7 13 30 33 
1 7 15 30 
1 19 22 30 
5 13 15 23 
2 7 13 35 
10 16 29 30 
5 10 17 20 
11 21 22 35 
0 18 21 28 
5 17 19 21 
1 5 15 21 
8 28 29 30 
4 9 22 30 
14 21 30 32 
22 25 30 34 
0 6 7 28 
4 5 7 19 
1 5 13 25 
6 9 14 30 
4 5 10 27 
8 21 23 35 
13 19 23 30 
2 8 26 35 
17 22 26 30 
14 19 34 35 
0 8 20 23 
0 1 8 20 
0 22 24 26 
3 8 26 30 
19 25 29 35 
2 8 19 30 
1 13 21 35 
5 7 11 26 
1 8 25 30 
4 5 20 28 
0 3 7 21 
0 9 13 23 
0 7 22 31 
19 20 24 30 
4 13 19 35 
25 27 31 35 
7 22 32 35 
14 22 30 32 
2 13 26 30 
4 5 19 25 
15 17 20 30 
0 11 22 28 
7 19 23 30 
0 9 27 29 
0 16 18 22 
3 5 13 21 
5 16 24 25 
2 16 22 30 
5 7 8 18 
13 20 23 35 
7 15 30 34 
5 15 28 31 
7 11 25 35 
5 15 18 25 
0 10 27 33 
0 22 23 27 
9 19 29 35 
15 16 17 35 
0 1 13 19 
10 18 26 30 
9 11 21 35 
14 24 28 35 
3 26 27 35 
0 9 13 33 
9 27 30 31 
8 12 26 30 
6 13 15 35 
0 10 16 17 
5 7 25 31 
13 18 19 35 
0 13 28 29 
5 10 22 33 
18 19 28 30 
6 7 9 35 
1 7 14 30 
0 19 22 32 
0 10 26 29 
7 12 15 30 
15 20 34 35 
5 14 21 23 
7 28 31 35 
2 15 26 30 
5 6 8 15 
0 10 21 33 
9 23 26 35 
0 7 17 25 
1 13 26 30 
5 13 17 20 
5 11 13 27 
4 5 14 15 
4 7 27 30 
6 8 25 30 
4 15 22 30 
5 19 24 28 
16 17 20 30 
3 5 10 26 
13 24 26 30 
6 21 27 30 
4 8 21 30 
1 19 20 35 
15 16 29 35 
6 13 19 35 
0 3 8 14 
1 5 13 28 
27 28 30 34 
5 10 15 29 
5 13 18 26 
5 7 11 13 
7 27 30 32 
0 7 26 32 
18 20 25 35 
0 13 15 34 
0 6 20 28 
5 7 27 29 
3 5 13 26 
5 10 27 31 
0 15 24 27 
0 13 21 23 
4 5 16 20 
8 9 32 35 
17 21 25 35 
5 20 21 33 
7 24 26 30 
6 14 16 30 
11 15 28 35 
6 7 10 35 
0 1 16 25 
7 22 30 32 
6 22 25 35 
5 6 14 19 
9 18 26 30 
7 12 27 35 
0 3 7 15 
18 22 27 35 
0 6 20 25 
0 4 13 28 
9 16 34 35 
15 28 34 35 
0 21 26 31 
9 10 24 30 
2 14 26 35 
2 16 26 30 
4 7 21 35 
3 20 27 30 
15 18 28 30 
0 14 26 31 
12 14 27 30 
8 12 21 30 
20 25 30 32 
6 7 26 30 
1 15 16 35 
0 3 14 28 
0 14 18 21 
0 1 19 22 
0 2 10 15 
2 8 25 30 
0 18 19 26 
11 20 26 30 
5 9 10 34 
14 28 30 34 
13 17 22 35 
5 9 26 31 
0 14 26 32 
15 25 30 34 
8 20 30 33 
13 14 18 35 
5 8 9 18 
9 22 34 35 
2 14 20 35 
5 17 22 25 
0 2 14 26 
3 9 10 35 
16 24 28 30 
0 13 25 33 
0 10 13 24 
5 9 11 19 
10 15 17 35 
0 1 14 22 
0 13 16 18 
19 28 30 31 
0 11 19 21 
1 19 20 30 
5 20 23 25 
5 9 22 29 
1 9 16 30 
2 7 21 35 
6 27 28 35 
9 21 23 30 
5 15 25 29 
7 8 30 34 
0 7 8 12 
7 13 30 34 
17 22 27 35 
0 1 7 9 
2 7 22 30 
5 8 12 25 
1 21 26 30 
0 2 13 14 
0 12 16 28 
16 17 19 35 
7 19 30 31 
1 5 14 15 
0 4 9 25 
0 10 19 29 
8 24 26 35 
21 23 25 30 
0 2 13 26 
16 28 29 30 
10 23 26 30 
0 20 24 26 
5 11 15 21 
3 5 13 28 
0 8 14 23 
1 8 9 35 
5 7 12 20 
5 14 20 23 
0 15 20 29 
10 14 18 30 
5 6 15 21 
12 14 21 35 
2 5 13 25 
9 22 23 35 
6 20 26 30 
4 10 16 35 
2 5 7 15 
0 9 22 31 
0 10 12 22 
5 9 27 31 
0 16 27 31 
19 22 30 31 
0 1 15 28 
5 8 13 31 
5 16 17 19 
0 4 14 26 
10 16 34 35 
5 20 21 32 
11 15 26 35 
0 2 9 10 
24 25 27 30 
7 21 34 35 
5 12 13 22 
5 15 17 19 
1 8 20 30 
5 20 21 31 
9 17 21 30 
12 20 28 30 
14 27 29 30 
0 1 10 27 
5 13 19 33 
5 6 13 14 
13 26 33 35 
5 20 28 33 
5 16 26 33 
0 14 27 34 
5 15 18 19 
0 4 13 21 
5 9 22 33 
2 8 13 30 
0 4 7 22 
0 3 7 26 
5 15 19 32 
0 25 28 29 
7 17 20 30 
5 10 17 19 
1 7 13 30 
5 13 25 31 
5 16 19 34 
5 7 12 28 
6 20 28 35 
0 10 21 24 
0 13 17 27 
0 8 13 29 
0 2 7 9 
12 15 20 35 
10 11 15 35 
5 8 12 21 
1 5 15 16 
6 10 13 35 
11 21 22 30 
1 22 28 35 
9 13 32 35 
9 14 29 30 
5 9 18 20 
16 18 22 30 
24 26 28 35 
11 25 26 30 
5 10 13 18 
5 15 19 34 
5 15 23 28 
1 16 21 30 
10 21 24 30 
3 5 7 13 
0 11 15 22 
7 13 18 30 
0 10 26 33 
0 4 14 20 
5 13 19 32 
0 9 19 33 
10 12 16 30 
10 13 30 31 
0 8 12 22 
8 17 21 30 
13 28 30 31 
7 25 29 30 
8 18 25 30 
7 14 29 35 
13 17 26 30 
12 15 21 35 
22 23 27 30 
7 9 30 31 
3 5 10 14 
13 14 30 33 
0 6 8 20 
5 7 25 29 
7 25 30 34 
14 15 29 35 
6 19 21 35 
5 10 21 34 
13 17 20 30 
0 7 14 24 
20 23 27 35 
0 13 25 32 
0 10 16 24 
0 23 25 27 
13 23 25 30 
0 9 20 23 
12 13 22 30 
9 10 31 35 
5 15 28 34 
2 5 14 25 
5 27 28 29 
0 27 28 29 
7 10 30 31 
14 15 23 30 
10 26 30 34 
1 16 20 35 
7 28 30 34 
4 14 15 30 
1 7 20 35 
5 8 26 34 
0 9 26 34 
5 8 11 20 
4 22 26 35 
0 8 15 34 
4 16 21 30 
22 26 30 32 
5 9 14 18 
8 11 28 35 
9 12 19 30 
11 15 20 35 
3 15 28 35 
2 16 28 30 
0 10 28 32 
7 27 31 35 
4 10 21 35 
3 8 14 30 
25 28 33 35 
21 25 32 35 
1 13 19 30 
5 20 22 24 
5 14 15 24 
1 15 20 35 
3 9 14 30 
0 9 10 18 
5 16 17 21 
5 19 20 32 
2 20 21 35 
5 10 24 26 
0 2 10 19 
13 26 29 35 
3 5 7 22 
0 20 22 29 
0 7 23 26 
0 8 21 29 
2 5 8 15 
7 13 33 35 
7 26 33 35 
20 25 29 35 
10 25 32 35 
4 5 16 27 
0 2 21 25 
0 16 25 34 
14 15 18 30 
3 14 27 35 
7 8 32 35 
11 20 28 30 
5 7 16 18 
16 21 23 35 
7 11 21 35 
5 6 10 13 
16 21 23 30 
5 11 13 26 
20 26 29 30 
0 6 21 26 
0 1 7 13 
0 9 27 31 
7 26 30 31 
0 9 16 24 
5 7 10 24 
0 3 15 25 
0 7 17 19 
1 5 9 28 
1 5 14 22 
0 6 21 25 
13 16 24 35 
6 15 16 35 
0 10 23 25 
0 1 15 25 
5 15 23 27 
4 5 15 16 
16 24 26 35 
0 15 26 34 
14 16 24 30 
7 16 34 35 
5 13 15 18 
0 3 15 22 
13 21 33 35 
22 28 31 35 
0 10 24 26 
0 8 27 33 
2 13 20 35 
19 21 23 35 
1 15 22 30 
6 13 27 30 
0 4 21 25 
0 3 8 9 
5 15 20 23 
1 5 7 27 
0 10 28 34 
1 14 15 30 
5 16 22 23 
5 16 18 21 
2 16 27 35 
14 28 30 31 
0 13 18 22 
13 23 28 30 
5 25 26 31 
19 28 30 33 
14 23 27 35 
5 11 16 28 
10 21 30 33 
6 21 27 35 
0 7 12 19 
14 16 33 35 
1 5 22 25 
7 27 33 35 
0 15 28 33 
15 24 28 35 
4 5 10 28 
15 18 28 35 
7 9 32 35 
5 13 26 34 
8 19 23 35 
0 1 25 28 
8 17 26 30 
6 9 13 35 
2 10 27 30 
4 13 21 35 
0 26 27 31 
0 4 15 20 
1 8 19 35 
16 22 29 35 
14 23 26 30 
5 16 19 31 
17 20 28 30 
13 21 34 35 
15 22 29 30 
0 15 19 32 
12 27 28 35 
0 3 16 28 
0 1 20 22 
12 26 28 30 
8 20 34 35 
17 25 27 30 
14 22 33 35 
6 22 28 35 
3 5 22 26 
3 5 14 19 
0 13 25 29 
18 25 26 35 
0 16 26 29 
7 14 32 35 
3 5 15 19 
25 27 29 30 
5 9 10 11 
5 19 28 34 
3 5 16 25 
5 7 19 29 
5 10 11 26 
0 3 7 16 
5 11 22 28 
10 12 19 35 
0 8 21 31 
0 9 12 25 
5 8 22 23 
3 10 25 35 
0 4 7 19 
0 6 9 28 
22 27 30 31 
5 9 12 20 
13 20 24 35 
12 14 28 30 
11 14 20 30 
0 10 11 28 
27 28 30 32 
5 18 20 27 
13 15 18 30 
21 22 30 33 
4 5 8 9 
4 20 22 35 
7 21 30 31 
5 9 22 24 
17 19 21 35 
5 7 19 24 
0 1 10 20 
10 28 31 35 
0 15 21 24 
7 9 23 30 
16 23 25 35 
13 20 31 35 
2 13 21 30 
5 9 20 29 
5 7 12 13 
7 23 25 35 
2 16 19 35 
5 15 23 25 
0 1 13 14 
10 18 27 30 
0 7 26 34 
12 20 21 35 
5 7 13 29 
20 28 31 35 
5 14 22 24 
0 4 10 16 
5 8 28 29 
20 27 31 35 
1 7 22 30 
3 5 7 25 
10 17 25 35 
0 20 25 29 
12 14 26 35 
0 8 20 24 
8 19 31 35 
11 15 16 35 
9 12 22 30 
5 6 10 22 
2 5 16 27 
16 20 33 35 
11 22 28 30 
10 19 32 35 
0 2 15 19 
11 15 28 30 
0 7 22 23 
5 8 13 32 
17 22 28 30 
0 19 28 32 
5 16 28 34 
0 9 18 22 
0 3 7 25 
16 28 32 35 
2 8 28 35 
3 7 15 30 
12 15 16 30 
0 2 25 27 
1 14 19 30 
1 19 21 30 
3 7 8 35 
14 27 29 35 
2 15 21 30 
5 6 9 19 
7 13 24 30 
10 22 23 35 
0 2 7 20 
5 10 12 14 
26 28 32 35 
3 5 16 28 
5 14 25 31 
0 10 18 19 
14 22 24 35 
0 8 15 32 
1 5 7 9 
7 26 34 35 
0 11 13 19 
2 8 28 30 
5 7 20 23 
0 9 10 24 
0 14 16 34 
14 19 30 32 
0 8 23 27 
9 13 30 31 
16 26 32 35 
0 9 10 31 
7 16 33 35 
8 22 33 35 
14 18 27 35 
5 8 11 13 
5 16 19 33 
20 28 30 33 
0 9 20 33 
5 14 16 33 
5 20 22 23 
5 15 17 20 
11 15 20 30 
1 19 21 35 
0 2 16 27 
10 15 29 30 
5 9 26 29 
9 16 33 35 
5 14 23 28 
13 20 29 35 
0 13 22 23 
5 6 8 9 
5 14 28 33 
0 10 11 21 
6 15 16 30 
5 11 13 20 
2 10 25 35 
5 22 25 34 
0 9 14 29 
13 21 30 31 
8 21 24 35 
13 27 29 35 
0 9 15 31 
5 7 9 32 
5 13 25 32 
13 22 24 35 
3 5 8 14 
0 7 11 25 
7 14 24 30 
3 9 28 35 
1 13 22 30 
6 7 13 30 
10 21 23 35 
9 18 21 35 
16 24 25 30 
8 14 30 34 
5 10 16 29 
21 26 31 35 
4 5 10 20 
0 13 15 24 
10 12 15 35 
8 15 32 35 
17 19 26 35 
3 5 14 26 
0 14 18 28 
0 10 15 32 
5 15 20 24 
1 9 27 35 
0 10 16 31 
5 7 18 27 
0 4 8 26 
4 5 13 15 
6 10 16 35 
2 19 27 30 
3 5 10 27 
0 11 20 21 
4 9 14 30 
6 15 22 35 
2 8 14 35 
0 7 20 33 
0 1 9 10 
0 7 13 23 
4 16 28 35 
8 17 19 30 
10 11 16 30 
10 24 27 30 
4 27 28 35 
0 4 10 22 
8 19 29 30 
0 9 19 31 
6 13 20 30 
0 13 14 32 
5 18 20 22 
4 5 8 20 
0 8 10 11 
15 27 31 35 
1 25 27 35 
6 15 20 35 
13 22 30 31 
26 28 31 35 
5 20 25 33 
5 11 16 20 
4 5 7 26 
7 13 29 30 
20 25 30 33 
8 13 31 35 
17 20 26 30 
6 14 22 30 
15 19 29 30 
0 7 18 25 
0 14 15 23 
0 7 9 24 
5 18 20 28 
16 23 26 30 
0 20 26 34 
0 15 18 22 
16 21 30 31 
8 26 29 35 
5 7 22 34 
0 11 13 25 
10 12 20 35 
14 25 30 34 
5 13 15 24 
9 22 31 35 
0 16 22 24 
7 15 31 35 
0 14 20 32 
0 19 24 25 
9 23 26 30 
5 6 15 20 
2 13 20 30 
0 21 22 24 
19 27 30 33 
0 9 16 31 
0 3 9 20 
0 7 14 33 
8 20 30 32 
11 16 28 35 
3 21 27 30 
19 21 33 35 
12 14 16 30 
11 15 21 30 
10 17 26 30 
7 17 27 30 
9 20 23 30 
5 12 15 28 
9 10 29 35 
14 15 18 35 
10 25 29 30 
0 1 9 15 
0 10 14 34 
9 14 18 30 
11 15 27 30 
9 19 34 35 
14 22 29 30 
0 3 20 28 
4 13 25 30 
5 9 20 23 
17 21 22 35 
14 25 32 35 
5 16 28 29 
16 23 28 30 
0 16 24 27 
10 27 32 35 
4 5 8 26 
5 8 25 29 
0 10 20 34 
10 14 30 33 
0 8 11 28 
1 19 22 35 
3 5 7 27 
3 10 19 35 
15 28 32 35 
3 8 13 30 
8 12 28 30 
5 8 18 22 
4 8 27 30 
0 13 28 32 
0 4 7 27 
0 2 13 16 
5 26 28 31 
5 11 13 21 
0 13 15 29 
0 8 12 19 
3 9 22 35 
19 27 31 35 
2 19 25 30 
0 10 18 27 
5 6 9 28 
9 12 28 35 
7 9 18 30 
0 9 18 25 
0 15 18 27 
10 12 13 35 
0 12 15 19 
5 13 16 29 
21 27 32 35 
18 21 27 35 
3 5 16 22 
4 10 13 30 
5 7 22 24 
3 5 20 28 
19 26 32 35 
10 21 23 30 
6 19 27 30 
13 28 30 34 
14 15 24 30 
0 9 25 29 
0 4 9 15 
0 6 9 14 
4 5 13 21 
0 2 15 27 
2 20 26 35 
5 8 21 31 
0 19 22 34 
8 9 12 30 
0 7 24 28 
0 6 10 16 
18 26 27 30 
0 14 25 33 
12 13 15 35 
7 22 30 34 
5 13 17 22 
4 15 22 35 
1 21 25 35 
9 20 30 32 
12 14 15 30 
9 14 30 34 
10 14 30 34 
0 4 19 22 
3 13 27 30 
0 8 12 20 
10 22 29 35 
0 19 21 31 
4 5 8 27 
4 8 13 30 
8 27 29 30 
5 10 26 31 
13 21 24 30 
4 15 28 30 
0 2 8 13 
8 28 33 35 
12 14 16 35 
0 9 28 33 
12 19 22 30 
0 1 13 15 
7 24 28 30 
22 27 30 33 
6 10 14 35 
10 17 19 35 
3 5 26 27 
10 11 19 35 
8 19 30 31 
9 24 27 35 
0 10 25 29 
0 8 27 34 
22 25 30 32 
16 19 23 35 
10 27 29 30 
0 4 9 28 
2 14 16 30 
2 15 22 30 
2 22 27 35 
12 19 22 35 
1 16 25 30 
8 12 25 35 
5 6 26 28 
15 26 30 33 
0 9 21 31 
5 19 21 32 
5 20 23 28 
1 7 19 30 
0 9 17 27 
12 25 26 35 
15 17 27 35 
3 5 8 15 
2 5 19 25 
2 9 10 35 
9 12 28 30 
19 20 23 30 
5 8 20 32 
4 5 13 20 
0 13 14 17 
7 18 19 30 
14 20 30 33 
0 2 8 25 
1 9 20 30 
5 13 14 18 
21 28 30 33 
2 5 13 15 
16 18 26 35 
0 13 24 25 
0 11 21 22 
5 8 9 24 
2 5 21 22 
21 26 30 31 
3 8 19 35 
0 14 15 17 
0 6 14 22 
21 23 25 35 
0 1 7 21 
10 18 25 35 
6 13 28 30 
0 8 25 33 
0 3 14 15 
0 16 22 32 
10 17 28 30 
3 7 20 35 
0 18 22 26 
17 26 27 30 
3 26 27 30 
0 7 8 29 
1 5 14 19 
0 10 15 24 
0 9 16 23 
0 15 17 21 
7 27 34 35 
5 11 19 22 
3 16 19 35 
22 25 29 30 
10 18 20 30 
4 7 28 35 
9 17 22 30 
4 5 10 25 
5 9 12 14 
21 22 24 30 
1 5 7 16 
2 9 16 35 
2 5 9 26 
24 25 28 30 
5 12 21 25 
11 21 27 30 
6 14 20 30 
6 8 15 30 
5 11 14 22 
5 7 16 24 
5 11 26 28 
7 11 20 35 
10 22 33 35 
16 23 26 35 
5 9 20 33 
21 27 30 32 
5 8 11 16 
14 20 30 31 
9 12 26 30 
11 20 21 30 
16 21 29 30 
5 14 25 32 
5 9 11 26 
12 15 27 30 
10 20 29 30 
14 16 29 30 
21 24 28 35 
2 5 13 28 
5 8 25 32 
8 11 26 35 
5 21 24 26 
5 17 21 25 
12 22 27 35 
0 10 12 16 
4 16 22 30 
0 7 8 31 
1 13 28 35 
1 14 20 30 
0 1 15 16 
15 24 27 30 
1 14 21 35 
10 17 19 30 
7 8 29 35 
9 24 26 30 
0 10 16 34 
0 4 8 19 
2 5 7 10 
8 14 32 35 
19 23 28 30 
0 7 20 34 
17 22 25 30 
2 15 27 30 
5 26 27 31 
2 8 20 30 
1 14 27 30 
0 11 27 28 
0 10 21 32 
14 24 25 35 
7 19 24 35 
3 10 26 30 
16 25 30 31 
5 13 20 29 
3 5 9 27 
0 6 22 26 
0 6 13 22 
2 5 8 20 
0 21 24 26 
2 13 15 35 
3 5 19 28 
7 16 30 31 
15 21 23 35 
4 7 15 35 
4 19 25 35 
13 14 23 35 
5 7 17 28 
5 10 20 29 
10 19 34 35 
0 9 22 29 
4 15 20 30 
2 5 9 22 
1 15 25 30 
14 18 28 30 
3 25 27 35 
0 15 22 31 
4 15 16 30 
0 6 16 25 
5 16 18 19 
8 10 24 35 
14 18 27 30 
0 14 20 33 
0 2 9 28 
8 17 27 35 
0 22 25 33 
5 15 21 23 
15 27 30 31 
4 10 27 35 
0 9 10 29 
1 7 16 30 
5 9 14 31 
1 10 21 30 
0 6 7 25 
0 13 18 21 
1 9 22 35 
12 13 14 30 
1 5 16 21 
0 7 8 24 
5 9 17 19 
0 4 26 28 
4 22 27 30 
1 7 9 30 
15 27 32 35 
5 7 21 31 
3 8 14 35 
11 14 15 35 
0 21 27 34 
1 14 26 30 
5 7 17 25 
5 8 12 20 
9 11 25 35 
0 9 13 32 
0 7 22 33 
2 5 15 16 
22 26 30 34 
15 20 23 35 
5 7 11 16 
19 27 30 32 
4 22 26 30 
1 5 16 26 
0 8 20 33 
4 20 27 35 
5 6 15 27 
9 11 16 30 
7 11 20 30 
5 19 21 33 
6 19 26 30 
2 8 26 30 
4 7 9 30 
5 17 25 28 
10 25 34 35 
4 8 20 35 
5 8 17 26 
5 8 11 27 
20 27 34 35 
6 8 14 30 
11 14 28 30 
16 26 34 35 
4 19 21 35 
0 19 27 33 
0 14 18 20 
5 7 21 29 
13 15 30 31 
5 14 17 20 
11 26 28 30 
8 12 15 30 
5 7 11 21 
0 16 19 32 
5 9 22 31 
1 7 9 35 
6 10 26 30 
2 5 19 26 
5 6 22 25 
0 10 19 31 
0 6 7 22 
6 14 26 35 
3 21 25 35 
9 22 30 33 
5 17 21 27 
21 22 32 35 
19 28 30 32 
14 26 32 35 
11 19 27 35 
0 21 26 34 
0 7 11 27 
16 17 27 35 
8 12 27 35 
16 24 28 35 
14 25 30 31 
6 9 26 30 
15 21 29 30 
5 7 10 33 
1 5 7 25 
8 20 30 31 
17 19 20 35 
0 19 25 31 
0 3 19 25 
16 27 29 35 
0 8 18 27 
10 13 29 30 
2 5 7 13 
6 20 21 35 
10 23 25 35 
1 5 26 27 
17 21 25 30 
2 15 25 30 
8 17 21 35 
16 22 30 31 
25 27 30 32 
0 3 14 20 
5 15 16 33 
5 9 17 28 
7 21 32 35 
0 12 16 21 
1 10 19 30 
5 15 20 32 
8 13 30 31 
6 10 13 30 
6 14 16 35 
19 21 31 35 
0 8 19 24 
12 15 19 30 
11 14 25 30 
15 16 30 33 
16 27 33 35 
0 4 21 22 
5 16 24 27 
16 26 33 35 
15 25 34 35 
9 12 26 35 
14 17 27 35 
0 20 23 28 
1 9 13 35 
0 3 8 21 
0 10 26 32 
6 14 15 35 
16 17 20 35 
6 16 22 30 
1 7 22 35 
0 2 7 15 
1 5 20 28 
7 21 29 35 
18 21 28 30 
18 20 26 30 
0 1 22 27 
8 15 24 35 
0 8 25 31 
0 1 7 16 
11 16 26 30 
5 9 25 34 
4 13 16 30 
12 26 27 35 
5 9 12 19 
0 6 13 15 
1 26 27 35 
12 13 26 30 
9 18 27 35 
0 1 13 26 
7 22 24 35 
5 10 21 24 
6 13 19 30 
5 7 10 17 
6 8 20 35 
1 8 21 35 
5 9 13 18 
5 6 10 15 
5 22 26 31 
5 18 25 27 
2 16 19 30 
11 13 26 35 
25 26 29 30 
14 23 28 35 
0 6 14 25 
7 26 30 32 
9 15 30 34 
9 21 30 32 
0 7 26 33 
0 12 19 20 
9 10 32 35 
5 10 13 23 
0 2 7 14 
10 20 31 35 
7 11 19 30 
5 6 21 22 
19 23 28 35 
0 7 23 27 
7 15 17 30 
9 25 29 30 
0 7 12 20 
14 19 32 35 
7 8 30 33 
10 19 30 33 
0 6 10 26 
5 9 20 24 
7 18 28 30 
5 13 28 31 
10 12 20 30 
0 1 9 13 
8 12 13 30 
5 16 26 34 
2 9 20 30 
8 20 24 35 
16 25 30 34 
5 8 15 18 
5 10 14 33 
0 18 20 21 
14 22 30 33 
12 13 27 30 
5 11 13 14 
4 5 9 21 
0 7 24 25 
2 9 10 30 
0 7 20 31 
16 21 33 35 
15 18 22 30 
9 16 23 35 
0 8 10 31 
0 17 25 28 
8 18 20 30 
1 5 8 21 
0 14 20 24 
13 26 30 33 
7 18 21 30 
12 21 26 35 
26 27 30 32 
11 16 19 30 
0 9 17 28 
11 14 27 30 
5 11 21 26 
2 14 16 35 
13 26 30 34 
3 8 10 35 
14 17 28 35 
5 9 16 32 
11 13 20 30 
4 5 19 28 
11 16 26 35 
4 13 26 30 
7 17 28 35 
0 15 20 23 
0 9 16 34 
2 16 27 30 
4 20 26 30 
5 10 12 21 
5 16 21 34 
0 6 9 25 
5 7 19 31 
5 23 27 28 
3 9 26 35 
21 25 29 35 
13 18 28 35 
16 25 33 35 
0 14 27 29 
0 10 11 14 
5 15 19 33 
5 7 15 31 
0 1 26 27 
5 6 13 28 
2 10 22 35 
0 7 19 31 
1 5 9 14 
2 21 27 35 
0 8 11 25 
13 15 30 33 
1 21 26 35 
10 15 29 35 
8 22 30 34 
9 13 23 30 
2 13 22 35 
0 1 8 21 
8 9 29 30 
16 21 34 35 
4 15 28 35 
4 5 14 21 
4 5 13 25 
6 20 25 35 
0 9 12 28 
2 5 13 27 
0 8 10 17 
0 15 18 21 
0 2 16 25 
5 13 22 32 
5 14 16 18 
5 12 20 22 
10 27 30 33 
5 25 28 29 
0 17 20 25 
4 5 19 22 
0 2 7 26 
0 6 10 27 
5 26 28 32 
5 21 25 31 
0 6 16 26 
5 7 12 15 
10 23 27 30 
0 1 16 27 
0 2 7 13 
0 10 14 17 
5 8 14 17 
5 21 26 34 
3 8 16 30 
0 8 12 21 
18 19 22 30 
0 17 21 26 
7 18 25 35 
8 9 17 35 
10 28 30 33 
1 10 25 30 
21 25 34 35 
13 22 32 35 
0 6 7 10 
1 5 10 26 
1 5 9 19 
10 12 26 35 
14 28 31 35 
0 20 24 28 
0 24 25 28 
5 10 18 27 
3 13 21 35 
0 8 10 12 
10 15 32 35 
0 15 21 31 
0 11 21 26 
4 5 9 26 
15 18 19 30 
0 8 10 18 
14 19 29 30 
15 19 33 35 
4 5 10 22 
5 11 14 19 
0 14 27 32 
0 8 10 23 
9 15 30 31 
5 10 26 33 
13 24 28 30 
0 2 21 26 
5 8 12 16 
0 15 19 23 
5 8 16 29 
8 12 22 30 
7 11 14 30 
4 5 9 27 
0 2 14 22 
5 9 23 27 
3 5 15 16 
7 16 30 32 
3 5 10 15 
6 22 28 30 
5 22 26 29 
0 15 28 29 
9 10 34 35 
0 14 22 29 
9 26 33 35 
5 13 14 32 
16 21 29 35 
5 14 19 31 
15 26 29 35 
12 13 20 30 
0 7 27 29 
0 8 16 31 
9 28 30 34 
14 26 29 30 
10 17 25 30 
0 19 20 29 
22 26 32 35 
5 11 16 21 
18 20 27 30 
0 3 15 21 
5 7 14 18 
0 1 21 28 
0 1 25 26 
11 16 22 35 
9 22 32 35 
5 7 16 31 
5 19 22 29 
1 8 28 35 
0 9 20 31 
0 7 20 32 
14 18 26 35 
5 21 27 31 
0 1 8 13 
15 23 25 35 
3 5 9 21 
0 14 17 26 
5 10 20 32 
5 7 26 32 
0 1 22 25 
0 13 16 34 
6 15 26 35 
0 12 14 19 
25 28 30 31 
21 28 30 31 
13 19 29 30 
10 16 18 30 
9 17 25 30 
5 14 23 27 
0 16 21 32 
0 8 10 32 
2 5 15 26 
0 10 16 23 
1 14 19 35 
0 3 16 22 
4 9 25 35 
0 7 16 32 
0 8 26 29 
10 15 24 30 
12 16 20 30 
5 10 21 31 
8 13 29 30 
0 9 20 24 
15 17 25 30 
0 16 25 33 
1 13 26 35 
12 20 26 35 
0 16 18 26 
0 26 28 34 
0 8 9 12 
22 26 34 35 
12 14 20 35 
14 17 28 30 
5 12 13 20 
9 26 30 32 
5 17 19 25 
0 7 13 33 
0 6 25 27 
3 8 16 35 
3 14 28 30 
5 9 19 24 
5 7 8 11 
0 15 20 34 
4 5 14 22 
6 13 25 30 
0 16 28 32 
5 9 18 19 
0 3 13 20 
3 8 9 30 
5 6 9 13 
5 23 25 28 
20 22 23 30 
15 20 29 35 
14 24 25 30 
0 13 16 29 
15 20 30 33 
0 12 14 27 
0 14 17 21 
1 8 21 30 
17 21 27 30 
5 18 22 25 
2 26 28 30 
0 8 27 31 
0 12 21 26 
5 8 17 22 
0 16 28 29 
4 7 15 30 
4 7 8 35 
2 8 19 35 
5 9 16 24 
7 19 31 35 
0 10 25 34 
19 21 29 30 
0 8 14 31 
2 5 26 28 
5 9 15 31 
5 8 12 27 
0 8 21 34 
5 10 17 22 
0 4 15 19 
10 24 28 30 
2 7 26 30 
0 6 8 22 
0 9 10 23 
18 20 25 30 
5 27 28 31 
5 16 27 29 
0 11 14 25 
5 6 13 15 
3 19 22 35 
13 22 30 34 
0 13 19 29 
0 3 9 15 
5 8 19 32 
2 5 14 26 
7 17 26 35 
18 22 27 30 
15 28 30 34 
14 19 33 35 
8 12 15 35 
15 27 30 34 
0 3 13 19 
12 16 25 30 
0 6 14 21 
0 9 19 24 
0 16 19 23 
0 4 14 19 
0 7 26 31 
5 12 16 20 
10 21 31 35 
0 27 28 31 
5 14 24 27 
0 4 20 22 
5 19 20 29 
5 12 13 16 
3 5 22 27 
4 5 7 28 
0 14 18 19 
3 7 16 35 
4 5 22 25 
0 15 17 25 
0 12 21 27 
15 27 33 35 
18 19 25 35 
7 11 28 30 
18 20 22 35 
9 24 28 30 
0 2 10 22 
0 11 15 21 
4 15 19 30 
0 20 21 32 
0 19 20 34 
8 16 23 35 
7 16 32 35 
0 9 27 33 
8 9 30 31 
9 19 31 35 
2 15 21 35 
3 13 26 30 
0 3 25 28 
12 13 21 30 
3 25 28 35 
4 10 25 30 
0 2 7 16 
5 9 10 24 
13 26 29 30 
0 8 11 27 
0 6 7 15 
5 6 20 22 
8 15 18 35 
2 5 14 16 
5 13 23 25 
5 7 14 34 
0 20 28 31 
0 2 9 16 
13 18 28 30 
16 22 30 32 
20 26 30 33 
0 7 20 23 
1 10 16 35 
0 20 22 34 
7 20 23 30 
0 4 15 22 
2 5 9 21 
0 7 23 25 
5 22 24 25 
0 3 7 20 
14 19 23 30 
0 13 15 23 
24 26 27 30 
5 6 8 13 
2 5 8 22 
10 27 30 31 
0 8 22 24 
6 15 25 35 
25 28 34 35 
9 14 23 30 
5 8 21 33 
8 19 29 35 
7 28 32 35 
0 9 17 26 
7 13 32 35 
12 16 19 35 
2 16 20 35 
0 1 19 20 
9 25 32 35 
5 25 27 29 
5 10 14 31 
9 11 28 30 
0 1 8 10 
1 5 20 26 
2 5 16 19 
0 1 15 22 
5 20 26 33 
20 22 32 35 
23 27 28 35 
9 12 25 35 
1 9 27 30 
2 20 27 35 
11 13 21 30 
2 26 27 30 
5 14 18 28 
5 7 10 18 
3 5 15 25 
3 27 28 30 
21 22 33 35 
18 19 25 30 
21 23 28 30 
2 13 27 35 
3 13 26 35 
1 8 26 30 
10 28 30 32 
0 8 16 29 
0 16 18 25 
14 28 30 33 
4 5 13 28 
5 16 21 23 
5 15 24 27 
26 28 30 34 
3 7 25 30 
5 12 21 22 
8 17 19 35 
19 21 23 30 
3 16 20 30 
9 13 29 30 
0 8 14 17 
0 8 19 33 
1 14 28 35 
5 8 19 33 
0 15 18 25 
0 1 8 25 
21 25 30 33 
3 5 26 28 
14 20 33 35 
0 9 24 27 
10 13 24 35 
10 16 30 34 
0 11 16 20 
0 8 21 24 
5 11 15 28 
11 22 27 35 
5 7 26 31 
5 9 12 13 
9 28 30 33 
9 16 29 35 
5 10 16 17 
5 8 22 31 
2 10 20 30 
15 16 24 30 
18 22 25 30 
5 9 27 32 
14 16 23 35 
0 8 14 24 
0 4 8 10 
22 26 29 35 
4 5 10 14 
0 25 27 29 
5 6 10 19 
19 21 29 35 
15 17 19 30 
7 21 31 35 
0 6 10 14 
10 20 30 31 
0 7 17 28 
5 15 19 31 
17 19 22 30 
0 4 14 21 
2 7 20 35 
5 20 25 34 
0 18 25 28 
21 23 27 35 
8 24 27 30 
12 19 25 35 
15 19 31 35 
18 21 25 35 
5 13 14 29 
3 13 21 30 
3 5 25 26 
0 10 20 33 
5 12 19 20 
5 11 14 28 
0 16 28 31 
5 17 22 27 
2 14 21 35 
2 25 26 30 
5 6 13 25 
5 16 19 23 
4 5 13 22 
15 26 32 35 
15 26 30 32 
5 8 17 19 
14 25 33 35 
1 5 15 28 
9 21 30 33 
15 21 30 33 
0 13 24 27 
17 25 28 35 
2 5 20 27 
4 13 16 35 
10 22 30 32 
0 1 14 25 
0 7 22 32 
0 3 7 28 
0 3 16 25 
6 10 15 35 
9 13 30 32 
20 28 34 35 
0 13 14 33 
6 16 26 30 
0 9 14 33 
5 7 25 32 
8 10 30 33 
9 26 30 31 
0 9 28 31 
14 22 29 35 
0 13 23 28 
0 18 19 20 
1 14 27 35 
20 22 33 35 
10 14 31 35 
5 14 15 33 
5 15 25 33 
9 14 31 35 
5 11 20 22 
0 4 16 22 
0 15 24 26 
0 8 17 22 
0 1 19 27 
7 20 30 32 
8 22 23 35 
6 16 25 35 
0 17 20 28 
0 15 16 23 
16 19 31 35 
9 20 30 34 
9 12 19 35 
0 1 14 15 
0 13 16 31 
13 22 31 35 
4 13 19 30 
5 18 20 26 
1 20 28 30 
0 8 16 23 
7 15 23 35 
0 7 22 34 
7 8 11 30 
20 24 26 30 
8 18 19 35 
0 8 24 26 
2 10 13 35 
0 8 18 21 
11 20 22 35 
5 17 22 26 
5 15 20 33 
0 1 10 14 
5 8 15 17 
0 12 16 26 
5 7 15 33 
0 6 20 27 
20 22 31 35 
5 6 19 21 
3 21 28 35 
22 23 25 30 
0 14 17 28 
14 20 30 32 
15 19 30 34 
3 5 14 22 
8 12 16 35 
6 25 27 35 
4 8 25 35 
9 13 17 35 
5 6 7 19 
1 5 8 13 
5 9 16 29 
0 3 19 22 
9 21 23 35 
0 19 23 28 
6 9 27 30 
0 8 13 17 
5 13 25 29 
14 19 30 34 
7 9 30 32 
5 7 26 34 
0 8 14 18 
3 15 21 35 
5 13 17 21 
0 7 16 24 
1 5 14 20 
0 2 19 28 
6 14 25 30 
0 22 25 34 
11 25 28 30 
0 11 14 22 
5 15 20 31 
5 21 26 29 
5 10 28 29 
5 6 7 21 
15 23 27 30 
14 16 18 35 
12 15 21 30 
12 15 27 35 
4 16 26 35 
2 13 19 35 
5 19 26 29 
0 10 26 31 
16 22 23 35 
0 10 22 29 
8 10 17 30 
5 16 23 28 
9 17 28 35 
2 14 25 35 
1 9 28 35 
7 8 33 35 
13 22 23 30 
5 6 14 27 
13 25 31 35 
3 5 10 19 
0 13 17 19 
3 5 15 22 
0 6 16 22 
0 10 20 32 
10 25 30 32 
5 21 23 28 
11 22 26 35 
0 16 23 26 
0 3 16 21 
8 9 18 30 
15 23 28 35 
3 9 22 30 
0 6 9 22 
19 22 31 35 
7 13 24 35 
10 11 19 30 
10 20 30 32 
0 3 15 28 
0 15 19 31 
2 14 22 35 
16 21 32 35 
0 8 18 28 
0 8 26 34 
0 8 14 32 
0 11 14 27 
0 6 15 22 
0 10 19 32 
1 8 14 30 
0 13 20 33 
0 2 7 28 
8 21 32 35 
0 1 13 22 
16 20 30 32 
0 1 15 20 
16 18 25 30 
12 15 28 35 
0 9 22 32 
0 2 13 19 
0 12 16 25 
3 20 28 30 
5 13 26 29 
8 19 32 35 
7 10 11 30 
17 25 26 35 
8 27 30 33 
8 9 12 35 
0 12 16 27 
6 16 20 35 
19 21 24 35 
19 20 34 35 
5 21 26 32 
0 10 27 29 
11 20 27 30 
6 16 25 30 
0 7 15 31 
21 22 30 32 
4 5 16 19 
20 24 28 35 
0 2 16 22 
5 7 19 23 
16 25 30 32 
5 8 10 34 
2 5 8 19 
0 1 7 25 
0 7 8 17 
5 9 13 33 
22 24 25 35 
16 22 32 35 
5 20 25 31 
0 16 22 34 
10 27 33 35 
0 21 27 33 
4 21 25 30 
0 6 15 21 
0 8 28 29 
2 8 10 35 
9 12 14 30 
4 5 10 15 
5 8 26 29 
5 10 14 18 
0 1 8 9 
5 6 27 28 
16 25 29 30 
5 10 28 32 
15 22 30 34 
0 16 24 26 
0 15 21 23 
7 14 23 35 
5 8 10 33 
8 24 27 35 
3 22 25 30 
8 15 23 35 
5 25 27 34 
5 6 7 16 
2 5 21 25 
16 23 28 35 
5 8 25 33 
4 5 9 13 
24 26 27 35 
0 13 19 33 
15 18 26 35 
21 28 33 35 
0 2 10 14 
9 14 32 35 
0 10 12 25 
3 13 28 35 
0 21 28 33 
9 18 19 30 
20 26 31 35 
6 9 22 35 
13 22 30 33 
1 7 8 35 
0 9 15 34 
14 27 30 31 
0 12 14 21 
8 20 33 35 
16 28 30 34 
1 25 27 30 
15 19 23 30 
7 14 18 35 
0 4 7 8 
0 2 14 16 
1 9 26 35 
23 26 28 35 
9 28 29 30 
22 24 25 30 
0 6 14 20 
2 10 27 35 
7 12 21 30 
3 9 15 35 
6 9 27 35 
0 8 11 16 
10 17 22 30 
9 14 24 35 
3 5 20 25 
0 10 28 31 
21 25 33 35 
2 5 15 22 
11 13 15 35 
1 9 26 30 
5 21 24 28 
10 28 30 31 
21 22 30 31 
5 15 16 34 
0 4 10 27 
5 15 23 26 
5 13 18 20 
1 22 27 30 
21 24 25 30 
5 10 16 24 
11 21 25 35 
9 27 33 35 
3 13 15 30 
0 2 15 20 
4 8 22 35 
5 9 19 34 
5 9 19 29 
3 5 8 10 
0 8 19 31 
7 11 25 30 
7 16 29 30 
3 20 28 35 
7 11 13 30 
5 7 14 17 
0 4 19 27 
1 7 28 30 
19 21 34 35 
14 16 30 31 
8 13 18 30 
1 20 28 35 
0 14 17 27 
10 11 27 35 
5 7 12 14 
1 8 26 35 
9 17 26 30 
0 6 14 19 
14 18 21 30 
8 21 30 31 
5 20 23 26 
0 14 28 31 
0 4 25 26 
3 7 8 30 
17 21 27 35 
11 14 16 30 
0 6 13 21 
8 21 24 30 
5 20 21 34 
2 5 16 26 
19 24 26 30 
9 16 23 30 
0 10 16 18 
5 10 18 19 
10 26 32 35 
6 21 28 35 
5 19 26 32 
22 25 30 33 
5 16 22 24 
11 22 28 35 
0 1 16 21 
1 5 20 22 
8 21 34 35 
11 13 25 30 
20 26 32 35 
5 6 9 21 
8 9 23 30 
2 8 14 30 
8 18 27 30 
1 15 19 35 
4 8 20 30 
17 19 28 30 
0 8 24 28 
15 21 31 35 
16 24 27 30 
0 7 10 24 
0 17 19 28 
0 19 20 31 
11 13 25 35 
12 16 20 35 
0 4 16 20 
3 5 13 19 
5 9 17 26 
0 8 25 32 
5 8 17 21 
25 27 30 34 
5 10 13 17 
5 9 12 28 
14 21 24 30 
8 18 22 30 
0 9 17 25 
5 9 19 31 
1 19 25 30 
5 7 9 24 
5 27 28 33 
4 5 15 20 
6 13 14 30 
5 14 15 18 
0 17 25 27 
2 5 10 25 
0 2 20 22 
0 21 26 29 
3 16 20 35 
9 20 24 35 
12 16 25 35 
14 16 30 32 
19 22 29 30 
25 28 29 35 
3 5 20 21 
8 16 34 35 
7 16 17 35 
0 27 28 32 
0 12 14 16 
4 8 19 35 
5 15 28 29 
5 14 22 33 
7 28 30 31 
0 11 15 20 
3 16 27 30 
5 6 14 26 
0 12 15 27 
0 1 22 26 
2 8 9 35 
11 14 21 30 
9 25 33 35 
2 15 27 35 
13 15 30 32 
2 10 14 30 
10 11 21 35 
0 7 25 29 
1 16 20 30 
4 15 19 35 
5 7 9 31 
5 7 9 12 
9 26 29 35 
2 15 19 30 
11 22 26 30 
0 7 25 34 
16 18 19 35 
8 25 30 32 
2 5 10 16 
4 10 25 35 
5 13 20 32 
0 8 11 13 
0 7 22 29 
5 19 28 31 
10 25 30 33 
7 11 15 35 
0 4 7 25 
4 20 25 30 
3 13 25 35 
13 20 24 30 
5 6 14 15 
25 27 29 35 
5 14 26 29 
5 13 22 23 
1 22 25 35 
12 13 15 30 
19 23 25 35 
0 7 9 23 
11 15 19 35 
4 9 25 30 
0 7 8 33 
0 12 22 25 
13 14 24 35 
0 2 13 27 
21 23 28 35 
6 8 9 35 
0 17 26 27 
0 2 13 20 
0 10 22 32 
21 28 31 35 
3 10 19 30 
9 12 15 30 
5 7 19 33 
6 26 28 30 
3 19 27 35 
2 5 9 15 
22 24 28 30 
0 14 16 31 
0 22 25 32 
7 10 30 34 
7 10 23 35 
0 20 28 33 
3 16 28 30 
0 24 25 26 
5 12 20 25 
4 15 20 35 
5 13 27 31 
0 7 9 11 
4 10 28 30 
5 26 28 29 
0 16 19 29 
8 19 30 33 
3 5 9 16 
5 19 23 25 
5 7 16 29 
9 12 13 30 
5 7 10 12 
0 7 24 27 
7 25 30 31 
1 7 28 35 
0 9 12 21 
5 6 16 21 
4 19 22 35 
5 10 20 24 
13 22 34 35 
5 7 14 24 
3 8 20 35 
0 8 9 17 
5 14 26 33 
0 8 14 29 
5 7 17 20 
20 26 30 31 
0 4 13 14 
13 19 30 33 
15 18 21 30 
0 13 23 27 
6 20 27 30 
7 8 18 35 
26 27 33 35 
10 17 28 35 
13 16 31 35 
10 13 30 32 
12 13 28 30 
5 14 21 33 
20 23 28 30 
0 26 28 31 
12 22 26 35 
10 14 30 31 
16 22 31 35 
0 7 28 29 
11 19 22 35 
25 27 34 35 
4 5 8 16 
7 27 30 31 
0 7 10 31 
0 7 9 31 
9 28 30 31 
3 8 21 30 
0 20 21 23 
15 27 30 33 
2 5 10 22 
0 4 20 26 
0 8 22 31 
0 6 26 27 
0 7 8 23 
22 27 33 35 
13 26 30 32 
14 26 30 34 
7 11 27 35 
2 14 19 30 
17 19 21 30 
10 21 30 31 
0 4 13 27 
5 10 12 20 
12 27 28 30 
6 15 28 35 
7 8 30 31 
14 21 24 35 
5 10 13 32 
14 21 29 35 
1 5 7 13 
0 14 25 31 
8 16 17 30 
5 8 14 31 
5 8 17 28 
0 8 22 32 
11 22 25 30 
2 5 19 20 
0 3 8 28 
0 14 17 22 
7 14 17 30 
5 8 14 24 
12 25 27 30 
15 17 20 35 
5 19 23 27 
5 14 22 31 
5 12 13 15 
5 6 7 14 
4 5 9 10 
0 13 22 31 
16 17 28 30 
5 12 16 19 
5 20 27 31 
0 3 25 27 
5 13 27 32 
15 19 24 35 
9 19 23 30 
5 9 28 34 
0 17 22 27 
4 16 20 30 
0 2 16 19 
5 10 19 34 
10 27 31 35 
5 8 10 31 
0 11 13 28 
5 8 11 28 
19 23 25 30 
3 5 21 25 
5 13 19 34 
0 13 17 26 
2 5 21 28 
0 12 15 21 
11 13 22 35 
8 10 11 35 
14 20 23 35 
2 5 25 27 
3 20 25 35 
6 7 28 30 
0 11 25 26 
0 3 14 16 
25 26 31 35 
4 14 28 35 
16 22 34 35 
1 5 9 27 
0 14 15 32 
0 4 7 9 
1 20 27 30 
10 13 23 30 
2 7 15 30 
10 24 26 30 
0 6 19 26 
0 13 23 25 
9 27 30 33 
5 9 14 29 
5 25 28 31 
5 17 19 26 
5 24 26 27 
4 21 27 30 
0 6 8 13 
0 1 9 19 
13 20 30 33 
0 3 10 14 
16 27 32 35 
0 1 14 28 
0 2 19 27 
11 21 26 35 
9 20 23 35 
16 17 27 30 
0 15 16 31 
9 11 20 35 
5 8 22 34 
0 7 16 23 
3 5 16 20 
0 7 18 27 
5 8 24 27 
16 27 31 35 
3 5 22 25 
0 7 9 17 
5 11 25 27 
14 21 29 30 
0 7 13 34 
0 2 22 27 
0 1 20 27 
3 5 9 25 
6 8 13 35 
7 8 18 30 
26 27 34 35 
9 13 30 34 
1 22 27 35 
7 21 30 32 
5 14 16 29 
5 7 12 26 
4 15 26 35 
9 21 31 35 
15 16 17 30 
15 17 26 30 
0 15 17 26 
5 8 16 34 
0 4 13 19 
15 19 34 35 
5 9 14 33 
4 19 28 35 
3 8 27 35 
0 2 9 27 
0 2 9 14 
11 25 27 30 
5 7 8 33 
17 22 27 30 
1 21 22 30 
0 7 15 32 
8 16 29 35 
0 4 10 26 
10 14 24 30 
0 1 16 28 
3 5 16 19 
4 7 21 30 
5 6 7 15 
17 20 22 35 
0 1 7 27 
0 16 17 25 
5 6 25 26 
12 19 27 30 
5 7 10 23 
20 25 31 35 
0 2 14 27 
5 13 21 32 
0 7 16 18 
19 23 26 35 
12 14 26 30 
3 7 16 30 
0 22 25 29 
0 7 19 33 
5 12 15 27 
3 13 27 35 
2 5 7 28 
2 9 13 35 
14 22 32 35 
8 10 17 35 
20 23 26 30 
6 15 27 35 
0 4 8 13 
0 4 21 28 
0 1 15 21 
0 22 26 32 
5 7 17 21 
5 9 22 34 
5 12 20 27 
5 6 14 20 
5 18 26 28 
10 15 30 31 
2 10 14 35 
14 17 21 30 
2 20 28 30 
5 18 25 26 
5 12 14 28 
1 5 19 28 
5 6 10 25 
5 17 20 21 
15 17 22 30 
14 20 31 35 
8 11 25 35 
0 13 21 34 
25 28 32 35 
0 18 22 25 
3 21 28 30 
27 28 29 35 
7 22 29 30 
15 16 33 35 
0 11 14 26 
5 8 19 23 
5 13 17 26 
10 13 18 30 
0 10 24 25 
19 28 34 35 
0 1 10 25 
4 25 28 30 
18 22 28 35 
13 17 27 30 
2 25 28 30 
8 10 31 35 
2 9 13 30 
7 13 23 35 
0 7 13 31 
5 10 12 16 
13 16 18 30 
2 13 21 35 
9 10 29 30 
2 10 22 30 
5 9 13 34 
0 10 22 31 
4 9 22 35 
13 16 17 35 
6 9 14 35 
5 15 26 31 
0 7 18 21 
5 16 23 25 
11 15 19 30 
0 7 16 29 
8 26 31 35 
16 17 22 30 
25 27 33 35 
0 9 18 27 
4 5 8 22 
0 14 19 29 
7 9 17 35 
11 14 20 35 
5 10 18 20 
4 5 8 25 
12 20 27 35 
5 13 18 25 
0 1 21 26 
0 4 13 20 
10 21 24 35 
5 16 18 25 
12 19 28 30 
3 19 28 30 
9 18 26 35 
9 18 22 30 
5 21 27 32 
9 14 23 35 
6 10 20 35 
1 16 27 30 
21 27 30 31 
0 18 20 26 
3 22 27 35 
0 1 25 27 
4 5 20 21 
5 14 26 31 
5 10 25 29 
4 14 27 35 
5 9 18 26 
3 10 27 35 
16 27 34 35 
1 26 27 30 
5 8 16 32 
0 15 25 31 
0 19 22 23 
0 9 25 34 
19 23 27 30 
0 7 21 33 
13 23 26 35 
15 19 32 35 
4 19 20 35 
7 26 32 35 
6 22 26 30 
2 5 19 21 
8 21 30 34 
5 11 14 15 
7 18 19 35 
3 14 21 35 
5 6 21 28 
6 7 8 30 
2 5 16 28 
5 10 21 32 
0 7 22 24 
0 2 20 26 
3 8 10 30 
2 5 10 19 
0 1 16 26 
5 9 11 27 
0 3 15 27 
5 19 21 23 
1 8 15 30 
0 1 22 28 
3 14 16 35 
0 1 7 26 
21 22 30 34 
5 15 17 21 
6 14 21 30 
4 5 14 16 
1 5 13 19 
15 16 18 30 
3 10 25 30 
0 10 13 34 
0 10 12 20 
10 16 24 35 
1 16 28 30 
3 5 7 28 
5 6 25 28 
4 10 21 30 
15 22 24 35 
3 8 19 30 
0 2 20 25 
0 11 15 19 
7 10 17 35 
15 24 25 30 
9 16 31 35 
9 15 33 35 
5 19 25 31 
5 7 24 28 
0 7 9 29 
5 9 26 34 
0 1 8 14 
21 24 27 30 
7 19 23 35 
0 21 24 27 
1 8 27 35 
4 15 25 35 
9 24 25 30 
8 12 13 35 
5 9 13 29 
12 14 19 35 
20 22 29 30 
0 4 9 21 
12 15 22 35 
1 10 26 35 
0 3 10 21 
0 8 12 26 
5 15 17 22 
0 15 26 33 
13 28 34 35 
25 26 30 32 
26 28 29 30 
9 18 28 35 
5 22 23 27 
5 16 20 33 
0 14 16 32 
5 10 11 14 
13 27 30 34 
5 7 8 29 
13 20 30 34 
10 26 31 35 
5 15 19 24 
0 7 8 32 
0 9 28 29 
5 8 18 28 
3 14 15 35 
0 11 19 27 
3 5 19 27 
0 2 8 15 
11 26 28 35 
3 5 13 20 
0 3 22 25 
9 27 29 30 
0 15 26 31 
0 14 24 28 
5 7 12 19 
20 28 29 35 
16 27 29 30 
7 20 30 31 
0 9 17 21 
14 17 26 35 
16 26 29 35 
0 4 9 13 
8 9 11 35 
1 5 16 22 
21 25 30 34 
9 10 18 30 
5 11 13 25 
13 14 29 35 
5 12 22 28 
0 1 9 14 
22 26 30 33 
5 10 14 23 
5 10 12 22 
3 5 21 27 
5 7 28 34 
8 13 18 35 
1 10 28 30 
18 27 28 30 
5 19 20 31 
5 19 25 32 
10 28 29 35 
5 17 21 22 
13 18 21 30 
0 4 22 28 
2 5 16 20 
3 9 10 30 
0 14 20 34 
20 25 30 31 
15 18 20 35 
0 6 13 25 
0 10 11 25 
0 8 21 33 
6 9 21 35 
2 13 25 30 
5 13 16 18 
5 25 26 33 
0 13 24 26 
0 12 16 19 
5 9 12 26 
1 5 21 26 
0 11 22 26 
18 19 20 35 
5 7 14 32 
5 14 24 26 
1 9 19 35 
4 9 27 30 
5 13 21 29 
15 16 30 32 
4 19 26 30 
0 9 11 14 
5 12 25 26 
7 15 34 35 
2 15 25 35 
15 21 23 30 
2 7 14 30 
16 20 24 35 
0 1 13 21 
0 12 20 25 
2 5 14 27 
1 8 14 35 
8 11 27 35 
0 1 7 19 
5 8 11 25 
5 8 20 24 
5 16 21 24 
2 5 9 28 
5 10 11 20 
0 14 20 31 
17 21 28 30 
5 10 17 21 
16 17 26 35 
5 9 22 32 
7 12 22 35 
14 24 27 35 
2 14 28 35 
6 13 28 35 
17 20 25 30 
5 9 20 31 
0 19 23 26 
5 6 16 20 
5 7 8 34 
0 3 20 21 
6 19 22 30 
16 26 30 34 
3 9 14 35 
0 12 13 26 
7 18 21 35 
12 16 19 30 
5 8 19 34 
5 12 21 26 
3 13 22 35 
5 14 20 24 
5 15 25 31 
0 19 27 34 
17 19 27 35 
5 7 9 18 
3 8 21 35 
0 8 16 24 
0 13 20 31 
4 5 15 28 
9 27 30 34 
4 7 16 30 
5 8 15 34 
1 27 28 35 
1 7 25 30 
1 5 8 14 
5 8 9 31 
5 6 7 10 
4 10 28 35 
7 27 29 30 
13 15 18 35 
7 11 13 35 
7 8 12 35 
2 19 20 30 
8 25 30 33 
5 9 10 31 
0 8 18 25 
6 8 19 35 
13 24 25 30 
3 14 22 35 
1 8 16 30 
3 10 14 30 
7 15 30 33 
0 18 22 27 
4 8 9 30 
3 7 13 30 
5 10 13 34 
7 19 34 35 
13 15 24 35 
11 13 16 35 
1 7 21 35 
1 5 19 27 
5 8 17 27 
14 19 29 35 
19 26 33 35 
7 10 12 35 
15 27 29 35 
0 21 27 31 
14 22 24 30 
5 12 22 26 
4 8 28 35 
1 5 22 27 
5 12 19 22 
3 5 9 26 
18 20 28 35 
0 15 24 25 
6 21 26 30 
6 21 26 35 
3 5 19 26 
5 16 20 32 
2 15 26 35 
7 18 20 30 
0 10 11 22 
5 11 16 27 
0 10 13 31 
8 11 14 30 
5 12 19 21 
10 11 28 30 
2 15 28 30 
14 19 31 35 
0 14 22 34 
9 15 24 35 
10 12 26 30 
5 11 14 20 
3 5 7 19 
3 10 15 30 
14 21 33 35 
20 22 30 32 
11 26 27 35 
8 14 30 32 
8 22 23 30 
5 14 17 21 
1 16 26 30 
0 6 7 16 
0 7 18 22 
5 11 25 26 
0 8 9 24 
0 9 22 33 
14 26 30 32 
6 20 28 30 
4 9 13 35 
0 15 23 27 
7 12 19 30 
0 2 8 21 
9 15 23 30 
15 17 27 30 
2 5 15 28 
0 19 22 31 
4 14 26 35 
5 16 25 31 
5 12 22 25 
5 21 25 33 
14 15 30 33 
9 26 34 35 
7 10 33 35 
6 9 16 35 
0 9 26 32 
5 7 16 33 
5 18 19 22 
1 15 21 35 
0 2 22 25 
13 16 34 35 
6 19 28 30 
0 9 16 33 
3 14 25 30 
0 21 28 31 
2 21 22 30 
8 11 13 35 
5 10 12 27 
8 10 32 35 
5 14 19 34 
8 13 24 35 
9 15 30 32 
15 25 31 35 
7 10 31 35 
10 13 24 30 
8 10 11 30 
5 21 28 32 
6 8 22 30 
2 25 28 35 
0 14 24 26 
13 18 22 35 
8 26 34 35 
2 13 27 30 
8 11 20 30 
20 22 24 30 
9 22 24 35 
10 27 34 35 
5 21 22 29 
0 7 12 27 
8 14 24 30 
2 14 15 30 
17 20 22 30 
3 5 25 28 
2 13 25 35 
0 6 16 19 
8 15 29 30 
10 22 29 30 
1 5 10 25 
9 15 18 30 
0 12 14 26 
0 8 16 33 
0 24 26 27 
4 19 25 30 
16 28 33 35 
1 5 14 21 
19 24 25 30 
0 15 17 20 
8 26 33 35 
3 15 26 35 
0 1 21 22 
14 21 23 35 
18 19 21 35 
5 9 26 32 
12 14 15 35 
5 11 19 20 
0 19 20 23 
11 16 22 30 
2 9 28 30 
21 27 30 33 
0 21 22 32 
0 7 21 29 
5 7 17 27 
2 5 7 20 
0 8 20 34 
0 3 8 25 
4 7 22 30 
11 13 21 35 
0 3 13 21 
17 21 26 35 
5 13 27 29 
3 5 10 25 
9 21 32 35 
3 20 22 30 
2 5 10 21 
0 11 20 27 
11 20 25 30 
5 16 18 27 
4 21 22 30 
6 16 22 35 
5 19 28 33 
5 15 16 31 
8 9 33 35 
6 16 27 30 
1 5 22 28 
6 25 26 30 
0 14 23 28 
5 15 28 32 
5 16 20 24 
13 16 29 30 
0 8 12 14 
5 10 23 26 
0 10 16 32 
5 8 22 33 
0 15 22 32 
5 16 21 29 
5 18 22 28 
5 10 19 29 
0 16 22 31 
5 22 25 32 
2 5 7 25 
12 20 25 35 
2 9 27 30 
10 19 33 35 
5 15 21 32 
15 25 29 30 
7 23 28 30 
5 6 16 19 
14 22 23 30 
5 7 15 18 
0 4 26 27 
2 5 8 13 
0 20 22 31 
22 28 30 33 
0 4 7 26 
8 18 21 35 
7 18 26 35 
15 26 34 35 
0 8 16 18 
2 8 16 35 
5 6 21 25 
0 3 9 13 
3 5 14 28 
5 10 15 23 
5 10 24 28 
6 8 22 35 
3 5 21 22 
9 13 31 35 
5 11 16 19 
10 17 22 35 
9 28 34 35 
1 10 27 30 
24 26 28 30 
6 14 20 35 
3 14 19 35 
8 10 12 30 
18 20 26 35 
0 19 22 33 
5 8 9 34 
12 13 27 35 
11 14 19 35 
15 21 30 32 
0 11 13 22 
3 15 20 30 
5 14 18 20 
10 26 34 35 
5 14 18 21 
10 22 23 30 
0 2 7 25 
0 11 13 15 
4 10 16 30 
0 15 20 33 
20 24 28 30 
2 16 25 35 
19 26 30 32 
5 11 22 26 
0 7 10 32 
17 27 28 35 
5 7 16 17 
0 11 14 20 
8 12 20 35 
0 15 17 27 
11 15 16 30 
1 25 26 35 
1 27 28 30 
0 2 16 26 
4 10 22 35 
2 22 28 30 
8 23 28 35 
7 15 24 35 
14 17 19 30 
1 22 26 30 
5 15 19 29 
10 12 22 35 
22 26 31 35 
8 9 30 32 
1 5 8 25 
10 12 14 30 
7 10 34 35 
5 16 25 32 
0 12 20 26 
0 14 22 32 
4 19 27 30 
1 8 20 35 
0 7 17 21 
13 14 17 30 
8 12 26 35 
0 14 22 23 
9 19 30 34 
5 9 10 32 
2 27 28 30 
0 8 15 24 
0 2 7 10 
16 20 23 35 
5 6 20 21 
0 1 15 26 
5 10 25 34 
9 16 32 35 
10 20 23 30 
5 8 10 17 
2 7 16 35 
5 18 20 21 
3 8 15 30 
0 6 7 27 
9 22 29 35 
3 9 19 30 
1 13 16 35 
0 24 26 28 
5 10 20 31 
2 14 26 30 
5 6 8 19 
8 16 24 30 
8 24 26 30 
1 10 14 30 
2 15 19 35 
4 19 21 30 
0 10 13 29 
13 14 34 35 
0 7 10 11 
7 23 26 30 
7 12 16 35 
1 9 10 30 
0 1 9 26 
2 7 14 35 
8 14 30 33 
12 13 25 35 
0 12 14 22 
3 16 21 30 
20 25 30 34 
0 9 18 26 
14 15 34 35 
13 18 20 30 
8 13 29 35 
5 8 11 19 
0 16 22 23 
21 27 29 30 
0 7 13 24 
5 10 15 17 
5 8 19 24 
0 8 19 32 
3 9 13 30 
20 23 28 35 
10 18 19 35 
0 3 9 27 
8 12 22 35 
3 10 16 35 
5 11 14 25 
10 16 30 31 
8 12 25 30 
9 10 33 35 
16 19 30 33 
0 2 9 20 
14 16 30 34 
9 13 29 35 
0 20 21 33 
9 14 17 35 
3 7 28 30 
0 12 14 28 
3 5 7 16 
10 11 26 30 
3 5 13 16 
0 16 20 29 
5 10 20 23 
0 14 26 34 
0 6 9 13 
16 18 27 30 
22 26 30 31 
9 14 29 35 
6 20 22 35 
0 14 19 24 
25 26 34 35 
5 15 24 28 
5 14 15 23 
5 15 18 20 
5 8 20 34 
5 19 22 34 
0 4 8 25 
7 14 31 35 
5 10 16 23 
0 20 22 23 
10 13 31 35 
4 5 15 26 
1 5 13 14 
0 11 19 25 
5 14 25 34 
14 18 21 35 
5 9 21 32 
0 7 27 32 
5 16 26 29 
1 5 13 26 
14 20 23 30 
16 17 21 35 
5 12 14 19 
19 24 27 35 
7 15 30 31 
5 7 20 34 
25 28 30 32 
4 5 9 28 
10 25 30 34 
8 21 30 32 
21 27 34 35 
0 15 17 22 
0 1 9 21 
5 11 14 27 
1 5 8 19 
11 16 19 35 
5 10 16 34 
0 16 20 32 
0 11 26 28 
7 20 30 33 
7 26 30 33 
5 16 24 28 
9 24 28 35 
0 9 16 17 
7 22 31 35 
0 6 8 9 
6 8 10 30 
10 14 17 30 
27 28 30 33 
19 28 30 34 
0 13 20 24 
9 10 30 33 
0 13 27 29 
7 10 24 35 
8 15 34 35 
1 26 28 35 
1 5 13 15 
4 5 21 25 
16 28 29 35 
5 8 27 31 
4 5 15 27 
5 8 23 27 
5 8 15 23 
10 21 33 35 
16 22 24 30 
0 8 21 23 
0 13 17 25 
15 28 30 33 
0 3 10 27 
3 5 9 13 
3 5 8 21 
6 10 28 30 
2 22 25 35 
0 2 15 25 
7 16 29 35 
5 8 21 29 
3 5 21 28 
10 12 27 35 
0 6 8 27 
0 12 15 25 
19 22 23 30 
5 8 13 17 
9 16 30 31 
5 7 11 22 
7 14 33 35 
2 5 14 20 
15 17 19 35 
12 16 21 35 
3 13 16 35 
5 20 22 33 
6 7 9 30 
5 9 14 23 
8 28 30 33 
8 10 30 31 
0 22 23 28 
0 2 10 13 
13 19 23 35 
5 12 13 14 
19 25 33 35 
9 26 30 33 
4 20 21 35 
3 5 15 21 
13 16 30 34 
0 3 14 26 
2 14 19 35 
20 21 34 35 
0 8 17 28 
7 12 27 30 
0 1 20 25 
15 22 30 31 
0 2 19 21 
15 27 34 35 
0 16 20 31 
8 14 17 35 
0 21 22 31 
1 7 26 30 
1 10 20 35 
0 3 7 8 
18 26 27 35 
20 28 30 31 
15 25 32 35 
5 15 17 28 
5 6 14 28 
11 13 26 30 
7 12 15 35 
7 9 29 30 
5 7 11 25 
14 24 27 30 
5 21 22 23 
1 7 15 35 
6 9 15 30 
15 16 18 35 
7 21 33 35 
14 21 30 34 
0 16 17 19 
3 10 28 35 
16 17 28 35 
4 14 27 30 
9 16 24 30 
7 9 24 35 
1 10 16 30 
1 14 21 30 
5 7 21 33 
0 13 26 29 
12 13 22 35 
5 15 17 27 
0 4 9 27 
6 13 21 35 
0 15 16 32 
4 8 14 30 
0 4 16 27 
5 6 21 27 
0 3 21 25 
20 21 29 35 
5 10 27 32 
3 5 9 15 
0 8 9 32 
25 28 30 34 
0 9 19 34 
3 10 13 35 
5 9 12 22 
7 10 29 35 
22 25 31 35 
7 12 19 35 
0 13 25 31 
5 13 17 27 
9 11 15 30 
9 11 15 35 
5 7 12 16 
1 9 14 35 
5 11 16 26 
13 14 24 30 
7 22 30 31 
0 6 13 27 
5 10 26 34 
14 24 26 35 
0 6 8 26 
0 10 22 23 
10 14 17 35 
0 8 22 33 
0 17 20 22 
15 21 24 35 
11 25 28 35 
11 14 25 35 
2 20 28 35 
20 24 25 35 
3 8 15 35 
0 14 18 25 
0 10 14 23 
5 22 23 26 
6 15 22 30 
0 8 13 31 
5 16 19 24 
0 15 16 34 
5 11 15 27 
12 15 19 35 
0 6 10 28 
5 15 16 24 
1 16 19 30 
5 14 19 23 
5 10 20 33 
11 19 25 30 
1 15 28 30 
0 10 15 31 
14 27 30 34 
5 7 9 23 
5 6 8 25 
0 2 16 28 
7 9 29 35 
0 13 18 28 
0 1 14 16 
0 19 28 31 
11 16 27 35 
1 20 22 30 
4 9 19 35 
10 16 29 35 
5 6 10 26 
5 10 22 32 
25 28 31 35 
5 6 19 26 
3 7 22 35 
13 18 25 30 
6 13 16 35 
5 6 13 26 
5 13 16 32 
0 13 22 32 
0 12 26 27 
0 17 27 28 
5 6 16 26 
14 28 29 35 
0 23 25 26 
13 22 30 32 
0 9 13 29 
0 6 15 20 
5 9 18 22 
13 19 24 30 
3 14 25 35 
8 12 19 30 
0 26 27 33 
5 12 25 28 
15 18 21 35 
4 5 16 22 
0 9 26 29 
4 15 27 30 
5 14 16 23 
0 2 26 27 
5 9 13 32 
20 26 34 35 
2 5 15 25 
4 5 9 25 
3 5 16 26 
0 8 9 34 
5 15 25 32 
0 9 28 34 
16 27 30 32 
3 9 26 30 
0 7 24 26 
0 9 14 18 
5 10 28 34 
10 26 30 32 
11 16 27 30 
9 10 30 31 
3 7 9 30 
10 23 25 30 
2 8 22 35 
2 5 7 16 
14 17 25 35 
7 20 23 35 
5 14 15 17 
1 9 15 30 
1 15 25 35 
9 23 27 35 
5 7 15 24 
10 20 30 34 
8 22 24 30 
7 20 34 35 
12 16 28 35 
7 21 24 35 
1 5 9 26 
5 7 20 32 
2 13 22 30 
0 4 16 25 
7 16 23 35 
5 6 8 28 
4 7 27 35 
1 20 21 35 
5 6 15 16 
6 16 19 30 
0 9 16 32 
10 24 27 35 
14 27 30 33 
9 19 30 32 
5 11 19 28 
0 9 14 17 
5 15 28 33 
13 28 30 32 
5 16 27 32 
7 14 30 32 
12 15 20 30 
21 27 33 35 
5 7 13 34 
5 6 13 19 
5 7 28 33 
25 28 30 33 
5 10 14 32 
0 7 28 31 
0 2 26 28 
0 2 14 15 
6 16 26 35 
15 16 30 31 
8 9 23 35 
9 16 24 35 
11 14 26 30 
15 28 33 35 
2 5 8 26 
0 3 9 21 
10 27 30 34 
5 10 18 21 
0 8 16 32 
5 11 25 28 
13 23 25 35 
0 16 20 33 
0 10 20 29 
20 27 30 33 
0 14 18 27 
1 10 22 35 
10 21 30 34 
1 5 25 26 
23 26 27 30 
5 11 27 28 
10 13 30 34 
0 3 8 27 
5 22 28 29 
6 9 20 30 
7 28 29 30 
0 1 13 16 
0 3 9 14 
5 20 25 29 
3 15 19 30 
0 25 26 34 
5 12 14 26 
4 15 27 35 
0 7 17 27 
11 14 27 35 
6 21 22 35 
14 22 30 34 
13 15 17 35 
1 5 9 21 
12 13 14 35 
0 11 25 27 
5 9 24 28 
10 14 34 35 
0 6 20 21 
12 25 27 35 
5 18 27 28 
9 12 27 35 
16 19 33 35 
5 10 12 25 
5 6 8 10 
13 24 27 30 
5 10 16 31 
1 5 7 20 
5 11 13 16 
7 19 30 34 
0 8 22 29 
4 5 22 27 
5 8 12 15 
0 7 15 29 
5 10 13 24 
8 15 30 33 
11 13 27 35 
2 9 27 35 
0 2 9 25 
0 26 27 32 
4 5 25 28 
14 25 29 30 
0 4 19 26 
8 19 24 35 
0 8 17 27 
11 14 21 35 
6 8 26 30 
12 13 25 30 
1 5 22 26 
15 22 29 35 
9 17 20 35 
0 18 19 21 
9 10 30 34 
5 6 10 27 
1 5 14 25 
0 13 16 23 
9 18 27 30 
0 7 15 18 
20 21 33 35 
9 15 29 30 
0 14 22 24 
5 7 22 29 
11 15 27 35 
5 11 15 16 
0 10 19 33 
0 8 19 34 
11 20 21 35 
9 25 30 33 
3 22 28 35 
5 14 21 24 
8 16 30 33 
6 10 21 35 
0 7 19 24 
5 8 24 25 
15 16 29 30 
5 15 18 27 
7 11 15 30 
0 1 19 21 
0 13 17 22 
8 18 25 35 
1 5 7 26 
0 11 14 16 
16 19 29 30 
10 24 25 35 
9 16 17 30 
3 20 26 30 
5 13 14 17 
5 13 18 22 
8 19 33 35 
0 11 21 27 
0 15 23 28 
1 5 14 16 
7 12 28 35 
21 26 30 34 
7 9 18 35 
9 20 29 35 
10 17 21 30 
5 18 19 20 
0 9 13 34 
5 7 22 33 
0 2 15 16 
4 9 13 30 
0 21 23 25 
0 12 21 28 
8 11 13 30 
5 9 13 17 
9 18 21 30 
8 24 25 30 
0 7 19 34 
0 16 24 25 
8 13 34 35 
21 26 29 30 
4 9 21 30 
9 11 28 35 
5 15 26 33 
0 20 27 29 
0 7 15 24 
6 13 16 30 
5 8 15 24 
0 7 9 32 
0 4 8 14 
5 13 27 34 
4 20 25 35 
0 9 13 31 
3 8 22 35 
3 8 28 35 
10 16 18 35 
0 15 22 34 
2 7 25 35 
5 7 23 28 
5 22 25 29 
8 19 24 30 
10 24 28 35 
3 20 21 35 
1 15 27 35 
8 9 11 30 
5 22 27 31 
7 10 23 30 
12 21 28 30 
0 12 13 20 
10 18 27 35 
5 8 13 24 
5 13 15 32 
16 26 31 35 
3 8 25 30 
4 9 20 35 
0 4 10 15 
8 18 20 35 
0 9 15 29 
5 9 18 25 
6 15 21 35 
5 6 7 28 
12 26 28 35 
0 6 9 19 
2 5 19 22 
0 9 25 32 
0 15 16 24 
2 7 13 30 
5 14 15 31 
5 10 18 26 
1 9 28 30 
5 12 15 20 
5 12 15 26 
0 13 28 31 
16 20 29 35 
1 5 19 22 
14 16 30 33 
1 8 15 35 
2 5 7 22 
3 5 7 15 
9 11 27 35 
0 3 19 20 
0 4 13 26 
16 22 23 30 
23 26 28 30 
15 27 30 32 
12 20 21 30 
5 9 18 28 
0 7 18 26 
7 14 17 35 
0 16 18 20 
10 22 30 34 
3 13 28 30 
18 21 27 30 
0 19 20 32 
14 20 29 30 
13 18 27 30 
5 16 25 34 
0 1 20 21 
0 8 28 31 
4 8 22 30 
0 19 20 33 
5 8 15 29 
8 16 31 35 
7 10 18 30 
19 26 29 35 
0 18 21 27 
2 14 27 30 
12 14 28 35 
0 8 21 32 
7 12 20 30 
14 18 25 35 
0 4 9 20 
5 14 17 22 
11 13 22 30 
19 27 30 34 
10 19 30 32 
5 9 18 21 
2 19 26 35 
0 4 22 26 
13 17 26 35 
0 9 11 27 
7 22 29 35 
17 19 27 30 
3 20 22 35 
3 13 14 30 
26 27 29 30 
0 7 10 34 
4 7 8 30 
5 7 20 31 
2 5 10 26 
16 19 30 31 
0 22 26 31 
5 8 20 23 
5 14 19 32 
4 5 15 25 
0 9 21 32 
1 5 8 16 
12 19 20 35 
8 23 25 30 
5 9 23 25 
10 12 19 30 
0 6 16 27 
4 5 8 28 
8 24 28 35 
0 13 26 31 
0 11 13 14 
0 14 15 33 
3 10 28 30 
8 14 23 35 
0 9 20 32 
8 19 30 34 
2 5 9 10 
5 16 19 32 
2 9 21 35 
6 9 15 35 
0 9 12 27 
0 14 21 32 
0 9 26 31 
0 10 18 25 
0 15 28 31 
7 18 28 35 
1 5 26 28 
4 9 14 35 
5 15 22 33 
16 21 24 30 
5 15 26 32 
6 14 19 30 
1 15 27 30 
20 23 25 30 
0 4 7 10 
8 9 34 35 
0 14 17 25 
5 24 25 28 
0 6 8 25 
0 19 24 27 
16 18 28 30 
4 26 27 30 
1 8 27 30 
0 4 15 27 
5 20 21 24 
8 23 26 30 
9 17 19 30 
13 22 29 35 
4 20 27 30 
0 3 9 26 
6 8 13 30 
13 17 27 35 
5 6 8 21 
0 15 16 17 
8 17 20 30 
5 19 21 34 
10 14 30 32 
7 28 30 33 
0 16 19 33 
5 15 21 29 
2 26 27 35 
16 20 30 34 
2 5 26 27 
14 19 23 35 
0 27 28 33 
13 14 31 35 
5 10 26 32 
0 9 12 20 
4 16 19 35 
2 21 25 35 
4 5 9 20 
9 20 24 30 
7 12 13 35 
8 28 30 31 
0 11 19 22 
1 13 27 30 
0 20 28 32 
0 16 27 29 
0 3 14 21 
18 21 25 30 
7 14 34 35 
5 20 27 34 
0 16 26 32 
4 5 7 20 
0 8 19 29 
0 8 25 29 
0 19 28 33 
8 28 30 32 
5 15 27 33 
12 14 19 30 
8 20 24 30 
17 26 28 35 
9 19 24 30 
3 13 19 35 
0 3 7 27 
10 11 25 30 
0 10 18 20 
5 8 10 29 
3 5 9 14 
26 27 30 34 
5 17 25 27 
5 12 26 27 
20 27 32 35 
0 17 21 27 
0 3 10 25 
17 20 25 35 
5 13 20 33 
0 12 19 21 
9 22 23 30 
7 18 22 30 
6 9 19 30 
5 7 13 23 
0 6 15 27 
2 5 27 28 
0 4 14 15 
7 21 24 30 
5 6 8 22 
12 21 25 35 
0 6 10 22 
0 8 16 34 
0 18 19 22 
1 21 25 30 
3 5 8 16 
0 10 18 21 
5 13 22 33 
0 10 11 27 
10 15 30 32 
7 16 24 30 
18 26 28 30 
15 23 27 35 
12 21 27 35 
0 18 21 25 
5 14 20 34 
