22 26 27 30 
0 10 16 21 
8 26 27 30 
13 26 27 35 
5 8 9 10 
16 19 21 35 
0 7 8 16 
9 21 27 35 
15 16 28 30 
5 10 15 20 
5 19 20 27 
8 10 28 30 
8 9 14 35 
10 16 27 30 
0 10 20 26 
5 8 22 27 
5 10 14 15 
0 15 16 26 
0 8 10 27 
10 19 27 35 
5 7 19 22 
8 10 22 35 
7 22 28 30 
9 10 25 30 
0 19 25 27 
0 10 14 16 
0 7 9 15 
9 15 28 35 
13 20 22 35 
19 20 26 35 
7 8 27 30 
0 14 15 16 
0 7 13 28 
14 19 22 35 
0 15 26 27 
13 16 26 30 
7 13 26 30 
16 20 26 35 
5 7 19 28 
0 9 19 20 
0 13 19 21 
5 10 14 21 
13 21 27 35 
19 22 27 30 
13 16 22 30 
19 25 26 35 
16 20 22 30 
20 21 22 30 
5 9 15 20 
15 19 26 30 
0 10 21 27 
8 20 21 35 
7 8 26 35 
13 22 25 35 
5 10 21 25 
7 15 19 35 
5 7 15 25 
9 14 28 30 
5 19 21 25 
8 9 13 30 
20 26 27 35 
0 13 25 26 
5 9 26 28 
7 16 19 35 
15 26 27 35 
13 15 27 30 
0 7 21 28 
9 25 28 30 
10 14 25 30 
0 7 10 14 
10 22 26 30 
0 8 10 21 
15 25 26 35 
5 14 19 28 
0 7 22 28 
0 16 19 27 
0 16 21 27 
5 14 19 21 
0 10 26 27 
5 7 8 27 
21 25 27 35 
0 20 25 26 
5 14 15 27 
0 9 22 26 
0 13 15 27 
13 15 19 35 
5 19 20 22 
0 7 20 28 
10 15 20 35 
8 25 28 30 
5 7 15 28 
7 8 13 35 
5 8 21 22 
5 9 14 19 
22 26 28 30 
5 7 9 25 
21 22 26 35 
7 26 28 35 
5 8 19 26 
14 15 25 35 
13 15 20 35 
8 15 21 30 
0 7 26 28 
8 14 15 30 
9 25 27 35 
0 8 16 19 
15 19 28 30 
0 15 22 28 
15 19 20 35 
0 9 19 28 
14 15 22 35 
5 9 16 28 
5 25 26 27 
13 15 25 30 
5 13 16 28 
0 7 9 13 
5 7 8 19 
0 13 15 19 
13 15 22 30 
16 21 28 35 
9 15 27 35 
7 14 22 30 
5 13 25 26 
5 13 14 16 
10 13 21 35 
8 20 27 30 
8 13 19 35 
5 21 22 27 
0 10 22 27 
5 14 15 26 
0 9 15 22 
9 14 21 35 
16 21 27 35 
5 14 16 21 
5 14 16 22 
7 22 28 35 
5 10 21 22 
14 15 26 35 
0 7 8 25 
0 9 26 27 
0 7 14 25 
8 10 27 30 
8 15 19 30 
7 16 22 35 
5 14 16 28 
0 7 8 19 
0 15 16 21 
7 20 22 35 
10 13 28 35 
5 8 25 28 
8 19 21 30 
0 25 26 28 
10 13 14 35 
20 25 28 30 
9 10 28 35 
13 16 19 30 
10 13 16 35 
0 7 15 16 
0 14 25 26 
0 7 8 27 
5 10 19 26 
0 7 9 25 
9 13 20 35 
7 19 26 30 
0 8 15 27 
0 9 15 21 
7 19 20 30 
0 10 19 20 
10 21 25 35 
9 22 27 35 
16 25 27 35 
0 7 9 10 
5 20 22 27 
0 7 13 16 
15 22 26 30 
0 19 21 26 
9 13 28 35 
9 14 20 35 
0 9 14 26 
5 10 20 25 
0 10 20 27 
0 10 26 28 
8 13 26 35 
0 15 19 20 
8 13 27 30 
0 14 20 28 
0 20 25 28 
5 7 16 20 
10 13 16 30 
8 16 26 30 
9 20 21 35 
9 13 14 35 
8 10 13 30 
5 9 13 16 
0 10 16 19 
0 7 9 27 
5 15 20 21 
9 14 22 30 
5 13 14 27 
0 15 19 26 
5 15 16 28 
0 8 14 26 
7 19 28 35 
16 19 25 35 
8 15 25 30 
15 16 26 30 
7 15 16 35 
13 21 22 30 
13 14 19 35 
0 9 14 22 
7 14 21 35 
5 7 8 13 
13 19 28 35 
0 7 15 26 
8 10 21 35 
0 13 19 27 
5 13 16 20 
5 13 16 22 
10 22 28 35 
7 14 26 35 
0 13 15 16 
5 10 19 22 
8 10 21 30 
5 8 15 19 
5 9 10 28 
0 9 19 27 
5 10 13 22 
8 21 27 30 
5 19 27 28 
9 14 25 30 
9 14 27 30 
10 25 26 35 
0 16 25 26 
0 19 20 27 
14 27 28 35 
14 21 26 35 
0 7 15 27 
0 8 9 27 
13 25 27 35 
5 7 16 19 
7 13 20 35 
0 7 10 16 
5 10 13 16 
5 7 16 26 
13 14 28 30 
10 19 28 35 
10 13 28 30 
8 9 15 35 
8 14 28 35 
9 22 28 30 
5 7 9 26 
8 22 26 35 
5 9 14 28 
5 8 9 25 
22 26 28 35 
7 25 27 35 
7 13 16 30 
0 13 20 22 
10 15 19 30 
0 19 21 22 
5 19 25 28 
0 8 19 28 
0 21 22 27 
13 27 28 35 
8 10 16 35 
5 15 19 20 
20 22 27 30 
0 7 20 22 
10 14 21 30 
5 7 10 25 
15 19 28 35 
0 14 21 25 
5 8 13 20 
15 19 25 30 
0 8 21 28 
8 20 28 30 
5 9 10 21 
5 7 9 21 
7 8 25 30 
13 21 28 35 
9 19 25 30 
10 13 22 30 
0 15 27 28 
5 9 13 15 
14 20 26 35 
0 15 22 26 
0 7 14 27 
10 21 26 30 
8 9 21 30 
5 7 14 22 
9 14 15 35 
5 13 19 21 
7 15 25 35 
21 27 28 30 
5 14 22 27 
19 25 27 30 
5 9 16 27 
10 19 21 30 
0 21 25 27 
9 19 22 30 
0 9 21 27 
8 19 20 30 
9 13 22 30 
0 7 20 21 
0 9 22 25 
8 9 16 35 
14 16 20 30 
0 14 25 28 
19 21 25 35 
0 8 9 22 
9 13 20 30 
5 8 14 25 
5 13 22 26 
5 15 16 20 
9 13 26 30 
13 16 20 30 
0 8 20 27 
7 13 19 35 
9 21 26 35 
9 10 20 35 
5 8 14 27 
5 8 9 27 
9 16 25 35 
0 14 19 28 
9 16 28 35 
7 19 26 35 
19 20 27 35 
7 10 21 35 
0 13 25 27 
0 7 13 27 
0 20 26 27 
0 10 16 27 
0 16 22 28 
0 15 20 27 
0 16 27 28 
5 19 22 27 
13 21 22 35 
0 10 13 26 
0 8 16 21 
0 7 9 20 
7 20 26 30 
0 7 9 28 
0 9 10 13 
5 7 8 26 
5 7 14 21 
0 9 13 21 
7 8 13 30 
7 22 27 30 
22 27 28 30 
5 8 14 19 
9 22 25 35 
0 9 15 26 
5 15 26 27 
15 25 27 35 
19 21 27 35 
13 25 27 30 
9 13 25 35 
7 14 16 30 
14 20 27 30 
0 13 14 21 
5 16 20 21 
5 8 9 15 
5 8 25 26 
5 16 25 28 
13 14 19 30 
5 8 9 21 
0 7 21 27 
5 8 20 28 
9 20 28 30 
0 8 14 25 
5 10 19 27 
10 16 20 35 
15 22 27 35 
8 9 21 35 
5 7 8 20 
9 20 26 35 
13 14 20 35 
9 14 26 30 
5 8 9 13 
0 13 19 25 
0 13 19 22 
16 27 28 30 
5 7 19 21 
15 25 27 30 
25 26 27 30 
7 22 26 30 
5 9 13 25 
0 10 25 27 
5 9 15 16 
0 14 22 26 
14 21 27 35 
5 9 10 19 
10 20 22 35 
5 13 15 27 
5 9 14 20 
8 14 25 35 
0 8 19 27 
5 7 13 22 
0 9 13 15 
5 10 22 28 
16 19 26 35 
0 15 16 25 
0 8 15 16 
0 8 9 21 
15 16 26 35 
5 14 19 25 
7 21 26 35 
0 14 21 27 
0 22 25 27 
5 7 16 22 
5 9 10 27 
14 21 27 30 
13 14 15 35 
10 14 26 35 
5 8 10 13 
5 8 10 15 
5 16 19 26 
9 20 21 30 
10 19 25 35 
25 26 28 35 
5 15 22 25 
10 16 26 30 
5 7 14 27 
8 16 20 35 
15 16 25 35 
0 7 15 28 
5 13 14 28 
13 15 16 35 
16 26 28 35 
10 19 20 35 
8 13 25 35 
0 10 22 28 
14 15 16 35 
16 19 22 30 
5 19 21 22 
14 19 28 35 
0 9 10 19 
0 8 9 25 
5 15 19 25 
7 15 26 30 
5 10 16 21 
16 22 27 30 
21 22 28 35 
9 16 26 30 
19 21 26 30 
21 22 27 35 
10 13 14 30 
0 9 10 27 
15 20 28 35 
5 10 13 15 
0 8 13 22 
7 20 28 35 
5 14 20 28 
8 13 14 30 
21 25 26 30 
5 14 15 20 
7 14 19 30 
8 9 10 30 
5 22 25 26 
0 21 25 26 
13 19 25 35 
7 10 27 35 
16 19 20 35 
0 9 14 19 
20 21 27 30 
0 7 14 20 
14 21 25 30 
5 8 10 19 
5 13 27 28 
5 10 21 27 
16 20 27 35 
14 26 27 30 
5 8 10 26 
0 9 25 26 
5 14 21 28 
5 14 22 25 
9 10 26 30 
14 20 27 35 
0 8 16 22 
13 20 26 30 
7 20 21 35 
10 14 16 35 
5 9 16 25 
14 21 28 30 
9 22 25 30 
8 21 28 35 
5 10 16 20 
8 16 28 35 
5 13 15 20 
5 9 25 28 
22 26 27 35 
5 9 19 27 
7 21 28 35 
13 22 28 35 
0 14 16 26 
0 21 22 26 
5 13 20 21 
5 10 22 25 
0 7 21 25 
0 7 8 22 
9 15 22 35 
5 9 15 19 
16 19 27 35 
5 7 19 20 
0 7 15 22 
7 26 27 35 
7 10 28 35 
7 13 14 30 
5 14 20 22 
5 10 26 28 
21 22 26 30 
14 27 28 30 
0 14 16 21 
5 8 20 22 
9 13 16 30 
0 8 20 28 
0 20 21 28 
9 19 21 35 
15 19 21 30 
0 7 13 26 
5 10 22 26 
9 21 22 35 
13 16 28 30 
16 21 25 35 
9 16 27 30 
0 10 15 28 
0 15 19 21 
0 7 10 13 
0 8 10 15 
7 19 22 30 
9 15 21 30 
5 7 8 28 
7 10 16 30 
10 14 20 30 
5 8 13 19 
10 16 22 30 
0 10 13 27 
0 20 21 22 
8 14 25 30 
5 10 19 25 
14 26 28 35 
0 7 15 19 
0 10 22 26 
21 25 28 35 
0 9 14 27 
9 10 20 30 
14 20 21 30 
5 10 13 26 
8 9 26 35 
5 14 19 20 
0 8 16 25 
0 13 22 27 
9 14 25 35 
9 22 27 30 
5 15 25 28 
21 26 27 30 
0 9 15 28 
5 8 14 22 
7 9 14 35 
15 22 25 30 
14 19 20 35 
5 14 15 28 
0 8 10 14 
0 7 13 20 
14 20 28 35 
5 13 19 20 
0 14 19 21 
16 22 26 30 
0 9 13 27 
14 16 27 35 
8 25 26 30 
0 10 15 22 
8 9 10 35 
7 19 22 35 
5 14 20 21 
14 16 27 30 
5 21 25 26 
0 13 16 21 
0 10 16 26 
5 7 16 21 
9 15 20 35 
0 14 20 22 
8 14 15 35 
0 7 8 21 
7 9 21 30 
9 20 27 30 
0 7 15 25 
10 15 20 30 
0 8 10 28 
5 8 9 19 
9 10 22 35 
5 7 9 15 
5 20 22 26 
21 26 27 35 
0 9 10 26 
0 20 22 25 
7 19 20 35 
19 27 28 30 
10 14 15 30 
7 15 21 30 
7 13 26 35 
0 7 13 14 
0 8 15 19 
7 14 27 30 
0 8 9 13 
15 21 26 35 
0 14 16 28 
15 21 25 30 
16 26 28 30 
5 20 22 28 
0 19 22 27 
16 21 28 30 
5 9 20 26 
0 7 8 26 
7 14 20 35 
16 20 27 30 
0 15 21 27 
7 9 26 30 
13 14 22 35 
5 8 15 26 
5 14 16 25 
14 15 21 30 
7 25 28 30 
20 22 25 30 
5 10 19 28 
0 10 15 27 
5 16 20 28 
0 9 20 28 
9 13 19 30 
9 21 25 30 
5 8 15 16 
0 10 16 25 
19 22 28 35 
8 9 28 30 
5 10 25 26 
8 13 16 30 
0 14 16 20 
5 7 9 14 
9 14 28 35 
5 15 16 22 
7 15 28 30 
7 15 25 30 
13 14 15 30 
10 15 25 30 
7 22 25 30 
0 16 22 25 
5 13 14 25 
5 25 26 28 
10 21 27 30 
5 7 26 28 
10 14 27 35 
7 10 28 30 
14 22 28 30 
5 7 22 25 
13 20 26 35 
0 8 10 26 
5 10 16 22 
7 13 22 30 
0 15 25 26 
5 8 14 20 
0 19 22 25 
20 27 28 35 
0 7 16 25 
0 8 20 21 
13 14 21 30 
0 9 10 25 
5 13 14 15 
8 14 22 30 
19 22 28 30 
13 20 28 35 
14 22 25 35 
0 8 9 19 
0 7 9 19 
5 15 16 19 
5 14 20 27 
15 21 26 30 
5 7 13 27 
14 15 16 30 
5 7 8 16 
20 21 28 30 
10 15 21 30 
5 7 26 27 
5 16 27 28 
5 8 16 20 
5 9 16 22 
8 10 13 35 
0 20 21 25 
16 22 28 35 
0 8 22 25 
0 8 14 20 
15 21 27 30 
0 13 21 22 
15 19 25 35 
15 22 25 35 
5 15 19 28 
0 13 16 20 
9 16 25 30 
5 13 14 19 
5 8 22 26 
0 14 22 27 
0 10 14 28 
15 25 26 30 
0 9 13 26 
8 16 19 30 
0 9 13 19 
13 21 28 30 
10 14 16 30 
14 16 22 30 
5 13 19 25 
0 15 20 26 
0 7 9 26 
0 14 19 20 
0 13 14 25 
5 13 15 19 
10 13 15 35 
5 13 19 26 
0 19 21 27 
0 8 25 27 
7 9 14 30 
15 25 28 35 
8 20 27 35 
9 20 28 35 
5 15 16 25 
9 13 27 30 
0 14 15 26 
0 14 15 20 
0 9 14 20 
5 19 21 27 
0 10 20 21 
0 7 20 26 
9 25 27 30 
0 10 20 25 
9 15 16 35 
7 10 21 30 
19 25 28 35 
8 13 20 35 
0 9 19 26 
9 10 22 30 
7 9 13 30 
10 16 21 35 
0 8 9 28 
0 22 26 28 
10 13 15 30 
5 14 26 28 
9 19 26 30 
8 14 21 35 
0 7 22 25 
8 13 20 30 
0 8 27 28 
0 13 16 26 
0 14 20 26 
8 9 20 30 
5 16 20 25 
8 16 22 35 
8 19 26 35 
14 19 26 35 
5 8 14 26 
5 10 27 28 
0 13 15 22 
14 15 19 30 
5 8 19 21 
0 10 13 15 
13 16 20 35 
20 21 28 35 
5 10 20 28 
9 21 26 30 
13 16 21 35 
8 9 15 30 
5 10 16 25 
0 13 14 16 
15 20 22 35 
8 10 27 35 
5 8 19 20 
0 7 14 26 
9 10 15 35 
5 8 10 20 
7 21 25 35 
8 21 25 30 
9 16 21 30 
10 14 25 35 
14 21 22 30 
8 13 25 30 
19 22 26 35 
7 8 25 35 
9 13 15 35 
5 10 14 25 
8 19 28 35 
8 10 25 35 
0 21 22 25 
0 21 25 28 
0 16 20 21 
0 16 22 27 
5 14 27 28 
5 7 10 13 
19 21 27 30 
0 14 15 21 
10 22 27 30 
0 8 21 25 
0 8 14 21 
5 8 9 20 
5 16 20 26 
15 20 25 35 
14 16 28 30 
5 14 15 25 
5 16 19 25 
7 15 27 35 
15 16 22 35 
5 9 16 19 
5 9 19 28 
8 19 27 30 
0 19 27 28 
25 27 28 35 
5 10 13 19 
7 16 26 35 
0 13 14 26 
9 14 20 30 
19 20 27 30 
0 14 15 19 
8 13 14 35 
5 8 20 27 
13 21 27 30 
13 14 16 30 
5 10 15 27 
9 10 27 35 
5 9 14 15 
9 20 27 35 
22 25 27 30 
5 8 19 25 
8 9 22 35 
8 15 27 35 
9 13 28 30 
0 10 20 22 
7 21 22 35 
14 25 28 35 
5 13 21 25 
8 9 16 30 
7 21 28 30 
5 19 21 26 
20 21 27 35 
13 21 26 35 
8 19 22 35 
0 8 9 15 
0 7 21 26 
0 7 8 28 
9 16 22 35 
0 9 20 22 
5 20 21 25 
8 10 26 30 
10 19 21 35 
0 7 14 22 
5 10 15 19 
0 13 27 28 
0 14 27 28 
8 25 26 35 
14 16 22 35 
5 9 15 25 
0 8 10 19 
10 13 21 30 
0 13 15 20 
5 13 15 22 
5 7 15 21 
8 26 28 30 
19 20 25 30 
8 9 20 35 
13 19 25 30 
5 13 14 22 
5 14 22 26 
0 19 25 28 
7 14 16 35 
9 21 28 35 
0 10 14 19 
0 13 16 28 
7 20 21 30 
5 13 22 28 
15 27 28 35 
0 8 13 15 
5 9 22 27 
5 15 19 27 
7 22 27 35 
8 20 28 35 
7 8 28 30 
13 14 20 30 
10 16 22 35 
9 19 25 35 
13 14 22 30 
5 7 20 21 
5 8 21 26 
9 10 14 35 
0 7 22 26 
15 20 26 30 
5 7 15 22 
0 8 9 14 
5 13 21 27 
9 10 28 30 
0 13 20 28 
16 27 28 35 
5 8 16 25 
10 20 21 30 
15 16 25 30 
7 9 27 35 
9 16 21 35 
8 9 27 35 
5 9 13 22 
14 19 21 30 
0 10 19 25 
5 20 27 28 
14 21 22 35 
10 13 26 35 
5 7 13 26 
0 13 20 26 
0 20 21 27 
0 9 26 28 
14 19 27 30 
5 9 14 26 
0 8 20 22 
7 10 15 35 
10 14 28 35 
0 20 27 28 
9 13 21 30 
7 10 14 30 
15 16 19 35 
7 20 25 30 
0 8 13 28 
14 15 20 35 
8 19 22 30 
5 7 10 16 
9 10 16 30 
9 20 22 35 
0 8 9 16 
14 16 25 35 
14 15 27 35 
5 15 20 28 
10 14 27 30 
9 16 20 35 
0 9 16 20 
5 7 20 22 
13 16 28 35 
5 7 10 19 
14 19 25 30 
8 10 22 30 
8 10 19 30 
5 7 15 27 
5 7 21 28 
0 7 16 21 
7 19 27 35 
15 22 26 35 
7 10 20 30 
0 22 26 27 
0 8 14 15 
0 16 22 26 
8 15 20 30 
0 8 20 25 
0 7 25 26 
5 7 8 9 
7 9 22 30 
5 9 14 27 
16 22 27 35 
13 14 25 30 
0 7 10 28 
9 10 15 30 
20 25 27 35 
0 9 14 16 
13 21 25 30 
5 8 16 27 
5 21 26 28 
16 20 21 30 
0 9 22 27 
8 16 19 35 
8 25 27 35 
19 21 22 30 
5 7 10 26 
0 7 20 27 
8 20 22 30 
5 9 13 14 
14 19 25 35 
5 10 19 21 
10 22 25 35 
9 16 20 30 
10 27 28 35 
5 8 14 16 
0 7 9 21 
0 8 21 22 
5 7 21 22 
5 14 22 28 
5 19 20 21 
5 21 22 25 
0 8 25 28 
5 13 20 27 
0 8 16 28 
13 16 25 30 
0 8 19 22 
0 16 21 28 
0 14 22 28 
0 13 19 20 
5 22 27 28 
5 15 20 26 
15 16 27 30 
0 8 13 27 
5 16 22 25 
10 15 16 35 
8 10 15 35 
13 26 28 30 
0 20 22 28 
16 25 28 30 
5 15 26 28 
10 14 20 35 
7 19 25 30 
5 14 16 19 
20 22 26 30 
10 20 25 30 
0 9 20 25 
5 13 14 26 
5 7 9 13 
9 19 20 30 
8 25 28 35 
5 8 15 21 
7 16 21 35 
13 20 22 30 
0 10 13 21 
5 9 10 13 
14 16 21 30 
0 20 26 28 
10 22 25 30 
7 16 25 35 
0 8 22 26 
0 13 15 28 
10 16 28 30 
5 10 13 14 
20 25 28 35 
0 13 16 22 
0 9 10 28 
5 8 19 22 
13 16 26 35 
0 13 21 25 
21 22 25 35 
5 13 16 26 
0 10 19 22 
13 26 27 30 
0 25 26 27 
15 26 27 30 
9 19 28 35 
10 16 28 35 
5 13 25 27 
0 8 25 26 
5 16 25 27 
14 15 28 35 
13 20 27 30 
15 20 21 30 
10 19 27 30 
7 8 22 30 
0 9 15 20 
10 15 28 35 
10 16 19 30 
8 22 28 35 
0 8 10 22 
0 13 20 21 
0 15 21 26 
20 22 27 35 
10 21 22 35 
9 13 15 30 
5 20 21 27 
10 13 25 30 
7 10 19 35 
0 10 25 26 
9 27 28 30 
0 7 20 25 
8 16 22 30 
0 7 27 28 
14 16 19 35 
5 7 21 26 
0 9 15 25 
7 15 27 30 
7 9 20 35 
0 9 19 25 
0 8 13 25 
0 9 14 28 
0 10 19 21 
10 16 25 30 
10 22 26 35 
0 15 26 28 
5 21 27 28 
0 7 14 16 
5 20 22 25 
0 21 26 27 
13 14 26 35 
9 22 26 30 
0 7 9 22 
5 10 15 26 
13 16 27 30 
5 7 14 28 
20 25 26 35 
0 8 21 26 
8 13 16 35 
0 7 13 15 
5 9 10 15 
21 26 28 35 
7 13 22 35 
7 13 28 35 
0 8 26 28 
8 21 26 30 
0 7 14 19 
5 10 26 27 
5 8 22 25 
0 9 20 26 
14 15 27 30 
5 15 22 27 
5 15 19 21 
9 14 16 30 
7 10 15 30 
5 9 15 22 
15 20 22 30 
19 25 28 30 
7 8 15 35 
9 10 19 30 
0 13 15 21 
25 26 27 35 
26 27 28 35 
7 9 28 35 
5 21 22 28 
16 19 26 30 
8 20 25 35 
0 9 16 26 
13 25 28 35 
5 16 22 28 
13 25 26 35 
8 16 25 30 
5 9 16 20 
5 9 19 26 
5 9 14 22 
0 9 14 25 
5 7 9 19 
5 19 21 28 
8 13 15 30 
5 14 19 27 
8 20 21 30 
0 10 15 19 
5 10 21 26 
0 16 19 22 
19 21 26 35 
7 10 13 30 
13 15 19 30 
9 20 22 30 
7 10 13 35 
15 16 21 30 
8 15 26 30 
5 8 10 14 
5 7 20 28 
8 14 16 35 
5 10 14 22 
0 13 21 27 
5 9 20 25 
5 9 13 27 
0 7 16 28 
10 27 28 30 
5 14 21 22 
7 14 21 30 
9 21 28 30 
10 26 27 30 
0 7 8 9 
8 16 28 30 
16 25 27 30 
5 9 14 16 
5 10 20 27 
9 16 28 30 
7 8 15 30 
0 8 15 22 
7 16 28 30 
9 19 22 35 
19 22 25 30 
10 20 26 30 
8 15 22 30 
0 15 19 22 
20 26 27 30 
5 16 19 28 
5 9 10 26 
5 20 25 28 
19 20 25 35 
0 8 13 21 
0 13 14 15 
14 16 19 30 
10 14 19 35 
8 19 25 35 
0 7 8 10 
5 9 25 27 
7 19 21 30 
0 7 19 22 
8 21 27 35 
9 21 25 35 
15 25 28 30 
7 14 15 30 
5 10 20 22 
9 10 13 35 
16 19 20 30 
5 9 19 25 
5 14 25 27 
0 19 20 22 
13 15 21 30 
8 16 27 30 
0 10 21 26 
13 16 19 35 
5 19 20 28 
5 9 15 21 
8 26 27 35 
0 9 20 27 
5 22 25 28 
5 9 25 26 
15 27 28 30 
0 13 26 28 
13 15 16 30 
0 9 22 28 
0 15 22 27 
5 8 9 22 
5 9 20 27 
0 8 15 21 
25 27 28 30 
9 20 26 30 
5 20 25 27 
0 8 15 20 
10 19 28 30 
15 19 20 30 
5 15 21 25 
0 16 20 25 
0 10 13 28 
0 19 20 21 
5 9 13 19 
5 10 16 26 
0 22 27 28 
5 9 15 26 
7 8 14 30 
15 26 28 35 
8 10 14 30 
7 15 22 30 
8 16 26 35 
0 15 16 22 
0 7 10 19 
0 19 26 27 
0 10 19 26 
0 13 22 26 
14 16 20 35 
8 15 20 35 
0 9 16 27 
7 8 21 30 
5 15 16 21 
15 20 25 30 
0 15 19 25 
7 8 10 35 
8 13 21 30 
7 9 15 35 
0 20 21 26 
14 15 22 30 
8 20 22 35 
13 26 28 35 
7 27 28 35 
0 10 15 21 
10 16 21 30 
14 19 26 30 
5 7 8 14 
5 8 27 28 
5 15 19 22 
0 15 25 27 
8 9 26 30 
20 21 22 35 
7 27 28 30 
7 9 20 30 
5 9 14 25 
26 27 28 30 
0 10 16 28 
16 19 27 30 
13 20 25 30 
13 20 28 30 
20 26 28 30 
13 15 27 35 
5 10 13 28 
5 9 16 26 
5 8 10 27 
15 16 28 35 
8 27 28 30 
9 13 19 35 
5 8 13 22 
13 15 26 35 
0 7 19 28 
8 20 26 30 
5 7 14 19 
5 10 19 20 
5 20 26 28 
0 14 15 25 
10 25 26 30 
5 10 16 27 
7 19 28 30 
7 13 27 35 
0 8 19 25 
22 25 28 30 
0 10 13 22 
13 19 27 30 
5 7 13 14 
14 19 21 35 
10 14 19 30 
7 13 15 30 
8 22 25 35 
13 20 21 35 
0 8 14 28 
8 20 26 35 
0 14 19 22 
9 22 26 35 
8 21 22 30 
5 16 19 20 
10 25 27 30 
19 22 27 35 
8 9 13 35 
16 22 28 30 
5 8 16 28 
0 8 15 26 
5 7 19 27 
5 8 10 22 
0 9 10 20 
13 22 27 35 
7 13 25 30 
5 8 14 21 
5 13 19 27 
10 19 22 35 
10 26 27 35 
7 9 10 30 
9 14 16 35 
10 13 25 35 
8 10 19 35 
0 14 16 27 
0 14 20 25 
7 16 22 30 
0 8 9 20 
13 14 21 35 
9 10 14 30 
8 22 28 30 
9 19 20 35 
0 7 16 27 
10 13 19 30 
9 14 19 35 
15 21 28 35 
13 19 22 35 
7 14 28 35 
5 15 25 26 
0 9 15 16 
13 15 26 30 
5 7 13 28 
5 10 14 27 
0 7 10 20 
15 16 20 35 
0 8 13 14 
5 8 9 14 
5 16 19 27 
7 22 25 35 
9 19 26 35 
7 8 22 35 
14 20 22 35 
5 14 21 26 
0 9 13 28 
0 7 16 19 
0 15 20 22 
14 22 25 30 
0 7 13 22 
9 15 25 30 
10 21 28 35 
5 7 13 19 
0 7 8 20 
0 8 26 27 
13 25 28 30 
7 14 19 35 
14 16 26 30 
5 7 27 28 
13 22 27 30 
16 20 26 30 
5 8 20 25 
0 9 13 25 
9 13 16 35 
14 19 27 35 
5 13 21 28 
5 20 21 28 
7 19 21 35 
0 8 15 25 
0 16 20 28 
8 13 26 30 
16 20 28 35 
10 15 22 30 
5 8 21 27 
10 15 27 35 
20 22 28 35 
5 7 21 25 
0 10 21 28 
20 27 28 30 
8 16 20 30 
13 22 26 30 
0 13 14 19 
7 22 26 35 
0 7 10 27 
13 19 27 35 
7 9 16 35 
7 16 20 30 
0 9 19 21 
0 8 20 26 
8 19 27 35 
5 8 13 28 
0 20 25 27 
10 21 28 30 
5 19 22 28 
20 21 25 35 
5 9 20 28 
0 13 20 27 
8 13 28 30 
15 21 28 30 
14 20 22 30 
0 8 16 27 
9 10 27 30 
5 10 22 27 
0 10 14 20 
0 10 13 19 
0 7 13 19 
0 7 8 14 
7 13 14 35 
0 8 13 26 
13 16 25 35 
5 7 15 26 
13 16 27 35 
5 15 20 27 
5 7 14 15 
13 19 20 35 
0 13 22 28 
19 20 22 30 
9 26 28 30 
5 10 13 27 
0 8 9 10 
7 16 19 30 
5 7 13 25 
0 10 14 26 
7 8 19 35 
10 20 21 35 
9 26 28 35 
14 25 27 30 
7 8 20 30 
5 8 26 27 
16 21 25 30 
19 26 28 35 
0 14 19 25 
7 10 25 35 
5 15 21 27 
21 22 28 30 
5 14 20 25 
9 15 21 35 
0 8 16 26 
22 25 27 35 
15 26 28 30 
5 13 20 26 
7 26 28 30 
9 13 21 35 
8 15 28 35 
10 14 28 30 
5 8 20 26 
7 13 19 30 
9 10 21 35 
14 25 26 35 
13 14 16 35 
0 7 14 21 
0 19 21 28 
9 15 25 35 
14 25 27 35 
7 20 26 35 
15 16 19 30 
5 10 14 20 
21 25 26 35 
19 20 22 35 
8 16 21 35 
8 9 19 30 
5 7 9 28 
5 10 20 26 
10 19 25 30 
8 10 20 35 
0 19 21 25 
0 7 19 20 
13 22 25 30 
7 15 21 35 
10 21 22 30 
5 13 16 25 
8 15 22 35 
0 9 16 22 
0 16 19 21 
7 15 22 35 
13 16 22 35 
7 19 25 35 
0 14 16 22 
20 22 25 35 
15 21 22 30 
16 26 27 30 
5 25 27 28 
5 19 26 28 
15 19 27 35 
5 14 15 22 
14 22 28 35 
0 10 16 20 
5 15 22 28 
9 13 14 30 
9 16 22 30 
8 19 20 35 
0 16 19 25 
10 20 22 30 
5 10 13 25 
7 21 27 35 
0 13 14 28 
0 16 20 26 
8 10 25 30 
19 20 26 30 
14 19 22 30 
5 8 13 27 
8 15 21 35 
15 22 27 30 
8 21 28 30 
9 10 25 35 
5 9 26 27 
9 10 26 35 
5 8 13 21 
13 20 21 30 
14 22 26 35 
0 15 19 27 
16 19 28 30 
0 9 19 22 
0 7 15 20 
13 19 26 30 
10 21 27 35 
0 7 15 21 
14 15 20 30 
8 13 22 30 
15 19 22 35 
8 22 26 30 
15 20 26 35 
0 13 14 20 
20 21 26 35 
0 15 16 28 
10 26 28 35 
0 7 25 28 
5 19 22 25 
5 10 14 28 
8 21 22 35 
0 10 13 20 
5 7 13 16 
9 14 26 35 
5 7 9 16 
10 20 26 35 
5 7 10 14 
8 15 19 35 
8 13 21 35 
13 20 25 35 
7 9 13 35 
7 15 26 35 
16 19 28 35 
5 9 13 21 
5 21 25 28 
5 16 19 22 
5 16 26 27 
5 20 21 26 
0 9 25 28 
8 14 26 30 
20 26 28 35 
13 15 20 30 
5 8 22 28 
7 13 16 35 
10 15 25 35 
0 20 22 26 
7 9 27 30 
7 14 26 30 
21 22 27 30 
0 15 16 27 
10 15 26 35 
8 26 28 35 
8 20 25 30 
8 25 27 30 
0 8 22 28 
5 13 20 22 
5 8 13 15 
5 8 20 21 
15 16 20 30 
14 20 26 30 
7 13 21 30 
0 13 26 27 
0 15 21 25 
7 9 19 30 
5 14 15 19 
5 14 19 22 
0 7 8 15 
10 26 28 30 
0 19 22 26 
14 19 28 30 
7 13 28 30 
0 7 19 26 
8 9 27 30 
25 26 28 30 
19 21 28 30 
13 14 27 30 
0 10 14 21 
14 15 28 30 
10 14 15 35 
9 25 28 35 
8 9 25 30 
5 13 16 27 
5 7 25 26 
0 19 25 26 
5 7 9 22 
0 13 19 28 
10 14 22 35 
5 8 14 28 
5 10 20 21 
5 16 25 26 
0 7 21 22 
5 15 16 27 
7 8 9 35 
5 13 16 21 
8 10 26 35 
9 27 28 35 
7 20 22 30 
5 7 25 27 
9 14 27 35 
13 27 28 30 
8 13 28 35 
5 9 22 26 
13 15 21 35 
0 16 19 20 
5 7 9 27 
0 7 19 27 
16 20 22 35 
5 22 26 27 
13 19 22 30 
13 25 26 30 
5 7 19 25 
10 13 19 35 
9 13 22 35 
9 15 27 30 
5 13 16 19 
7 16 26 30 
7 10 25 30 
8 27 28 35 
13 20 27 35 
5 9 20 22 
0 7 16 26 
10 22 28 30 
10 16 25 35 
0 16 21 26 
7 25 26 35 
7 14 28 30 
14 22 27 30 
0 13 19 26 
16 22 26 35 
5 13 14 21 
0 14 26 28 
13 19 20 30 
5 9 16 21 
10 21 26 35 
7 9 22 35 
0 16 20 22 
0 16 21 25 
5 7 15 19 
8 19 26 30 
5 13 20 28 
0 10 15 20 
5 13 21 22 
19 22 25 35 
5 9 22 25 
5 7 8 21 
5 13 26 27 
5 7 15 20 
9 15 16 30 
5 10 15 21 
0 13 15 25 
0 19 22 28 
9 14 21 30 
5 7 10 21 
0 8 14 27 
5 19 22 26 
0 10 14 27 
5 26 27 28 
14 26 28 30 
0 9 13 14 
10 15 16 30 
8 13 15 35 
5 7 20 25 
7 13 15 35 
15 20 21 35 
5 7 13 15 
7 10 26 30 
5 9 19 21 
5 16 21 28 
5 8 15 25 
14 15 25 30 
8 15 27 30 
14 16 25 30 
14 22 27 35 
22 25 26 35 
15 21 25 35 
0 22 25 26 
5 16 26 28 
0 10 19 28 
15 20 27 30 
8 15 16 35 
0 10 16 22 
0 9 16 25 
0 15 16 20 
14 15 21 35 
0 8 10 13 
5 8 21 25 
9 22 28 35 
15 19 26 35 
0 9 13 22 
0 9 16 21 
19 21 22 35 
5 16 21 27 
0 14 22 25 
5 16 21 22 
7 9 25 35 
16 19 25 30 
16 20 25 35 
7 20 27 35 
0 20 22 27 
0 14 15 22 
9 20 25 30 
10 20 27 35 
7 8 20 35 
19 21 25 30 
7 25 27 30 
9 21 27 30 
0 8 19 21 
0 9 14 15 
0 19 20 25 
13 14 28 35 
5 13 15 25 
0 9 21 22 
7 14 22 35 
9 13 26 35 
10 20 27 30 
10 14 26 30 
7 9 28 30 
8 14 28 30 
5 8 10 28 
8 9 19 35 
0 7 8 13 
9 15 22 30 
0 16 19 28 
8 21 25 35 
10 15 27 30 
16 21 22 35 
7 16 21 30 
0 14 19 27 
14 21 28 35 
10 13 22 35 
7 8 16 35 
5 10 25 28 
5 19 25 27 
14 16 21 35 
0 15 25 28 
16 21 22 30 
0 10 14 25 
7 8 16 30 
5 13 22 27 
5 8 21 28 
5 14 20 26 
8 14 22 35 
5 13 21 26 
20 25 27 30 
8 14 20 35 
5 7 14 25 
9 26 27 35 
5 9 10 25 
0 13 16 19 
20 22 28 30 
0 7 10 15 
15 21 27 35 
22 27 28 35 
5 14 26 27 
5 8 9 26 
0 9 10 21 
5 9 15 27 
0 13 22 25 
5 9 19 20 
7 8 21 35 
5 10 21 28 
5 15 20 22 
16 25 26 35 
10 16 19 35 
5 9 10 22 
9 16 19 35 
8 10 14 35 
5 10 16 19 
13 19 21 30 
7 16 20 35 
14 20 25 35 
0 15 20 25 
10 19 26 35 
8 9 22 30 
8 10 16 30 
5 15 27 28 
0 15 16 19 
0 9 16 28 
5 7 14 26 
0 7 13 25 
7 15 28 35 
0 10 13 25 
0 7 13 21 
7 25 28 35 
7 16 27 35 
5 9 21 27 
13 19 21 35 
7 16 25 30 
0 13 16 25 
20 21 26 30 
14 25 28 30 
5 10 14 19 
5 10 15 22 
19 20 28 35 
5 16 21 26 
7 16 27 30 
5 13 15 28 
0 15 21 22 
7 21 22 30 
20 22 26 35 
13 14 27 35 
5 14 25 26 
0 7 22 27 
10 15 26 30 
0 14 15 27 
0 10 15 26 
0 14 21 28 
19 26 28 30 
5 14 25 28 
7 10 14 35 
7 14 25 30 
5 7 25 28 
10 22 27 35 
9 19 28 30 
5 8 13 26 
5 8 10 21 
0 7 14 15 
5 7 20 27 
16 21 26 30 
5 19 20 26 
0 9 14 21 
5 13 22 25 
16 20 25 30 
0 8 19 26 
9 15 26 30 
7 14 15 35 
0 9 27 28 
7 25 26 30 
0 8 10 25 
8 14 20 30 
13 14 26 30 
5 21 25 27 
5 9 21 28 
15 19 27 30 
8 10 15 30 
10 13 27 30 
0 16 25 28 
0 14 20 21 
8 16 21 30 
16 22 25 35 
9 10 13 30 
5 7 13 21 
5 14 15 16 
0 9 10 14 
7 9 25 30 
0 14 21 26 
14 19 20 30 
5 10 14 26 
9 14 15 30 
0 9 13 20 
5 7 16 27 
5 8 16 19 
8 10 28 35 
0 10 21 25 
10 25 27 35 
15 16 27 35 
5 10 15 16 
8 14 19 35 
14 26 27 35 
0 15 20 28 
0 13 14 27 
5 14 21 27 
5 14 16 26 
5 10 15 28 
9 19 27 35 
0 21 22 28 
0 9 16 19 
0 9 10 22 
0 9 21 26 
5 7 9 10 
0 9 13 16 
21 25 27 30 
9 15 26 35 
14 20 25 30 
5 15 21 28 
5 20 25 26 
16 26 27 35 
10 13 20 35 
5 8 9 16 
0 8 9 26 
0 9 15 27 
0 19 20 26 
5 8 26 28 
5 16 22 26 
5 8 13 14 
8 22 27 30 
15 19 22 30 
14 16 26 35 
10 14 21 35 
10 16 26 35 
0 9 15 19 
7 13 27 30 
8 16 27 35 
9 25 26 30 
10 15 19 35 
5 9 10 20 
0 16 26 28 
5 8 19 28 
8 13 22 35 
8 19 21 35 
19 20 28 30 
5 22 26 28 
5 7 10 27 
0 7 10 26 
5 19 20 25 
7 21 25 30 
0 10 15 16 
7 15 16 30 
10 15 28 30 
7 8 27 35 
20 21 25 30 
0 7 16 20 
10 20 28 30 
0 7 19 21 
9 16 27 35 
5 8 16 26 
7 13 25 35 
9 15 19 35 
0 13 14 22 
7 15 19 30 
0 7 10 21 
0 10 15 25 
9 14 19 30 
14 20 28 30 
7 9 10 35 
0 10 14 15 
14 20 21 35 
19 26 27 35 
0 16 20 27 
16 22 25 30 
0 22 25 28 
22 25 28 35 
15 20 27 35 
5 7 14 16 
8 15 25 35 
9 16 26 35 
0 10 13 14 
13 19 26 35 
0 14 15 28 
10 19 20 30 
10 13 26 30 
21 22 25 30 
0 13 16 27 
0 14 21 22 
5 16 19 21 
5 13 15 21 
14 15 26 30 
0 14 20 27 
5 7 13 20 
0 16 21 22 
0 9 10 16 
5 20 26 27 
0 10 27 28 
5 7 10 20 
5 14 16 20 
7 13 20 30 
9 19 27 30 
10 13 27 35 
5 13 19 22 
7 8 19 30 
9 13 25 30 
0 8 15 28 
0 10 13 16 
13 14 25 35 
19 25 27 35 
10 19 26 30 
5 15 22 26 
0 8 10 20 
9 14 22 35 
9 20 25 35 
5 15 19 26 
9 16 19 30 
8 19 28 30 
5 13 25 28 
5 9 21 22 
10 19 22 30 
0 7 9 16 
0 8 19 20 
0 8 22 27 
21 27 28 35 
14 15 19 35 
5 8 14 15 
7 8 14 35 
22 25 26 30 
7 19 27 30 
5 10 16 28 
0 9 21 28 
10 16 27 35 
20 25 26 30 
5 10 15 25 
0 13 21 26 
0 14 16 25 
13 15 25 35 
7 10 20 35 
0 8 14 19 
5 14 15 21 
5 7 20 26 
0 21 27 28 
0 8 13 16 
19 25 26 30 
0 19 26 28 
0 15 20 21 
5 8 16 22 
8 15 16 30 
10 21 25 30 
7 10 22 30 
5 7 21 27 
10 15 22 35 
5 9 21 26 
7 8 26 30 
0 15 22 25 
7 10 26 35 
13 22 26 35 
5 13 26 28 
5 8 10 16 
19 26 27 30 
5 7 16 28 
5 9 13 20 
0 7 19 25 
0 7 10 25 
0 7 26 27 
14 22 26 30 
7 14 25 35 
21 26 28 30 
13 19 28 30 
7 8 10 30 
8 13 27 35 
9 10 16 35 
14 21 26 30 
0 16 26 27 
7 20 25 35 
9 19 21 30 
5 15 25 27 
19 22 26 30 
10 14 22 30 
5 14 16 27 
0 9 20 21 
7 10 27 30 
5 9 10 14 
7 16 28 35 
15 20 28 30 
5 22 25 27 
0 8 14 22 
0 10 19 27 
8 14 19 30 
5 10 13 20 
15 16 21 35 
13 16 21 30 
13 15 22 35 
5 20 21 22 
7 10 19 30 
0 7 16 22 
5 8 10 25 
10 16 20 30 
7 14 27 35 
5 15 21 22 
5 7 8 10 
5 7 10 22 
5 9 13 28 
16 20 28 30 
8 14 27 35 
16 25 28 35 
15 19 21 35 
5 15 21 26 
8 14 27 30 
5 8 15 20 
13 21 26 30 
5 7 10 28 
5 16 20 22 
10 15 21 35 
0 13 25 28 
9 21 22 30 
8 14 26 35 
14 21 25 35 
5 13 20 25 
7 9 26 35 
7 9 19 35 
7 10 16 35 
0 8 16 20 
19 27 28 35 
5 13 15 16 
10 20 28 35 
8 9 28 35 
8 21 26 35 
19 20 21 30 
5 14 21 25 
5 21 26 27 
5 13 15 26 
7 10 22 35 
9 15 19 30 
5 9 27 28 
5 7 22 27 
0 8 10 16 
8 9 25 35 
5 9 21 25 
7 8 9 30 
10 25 28 30 
5 9 10 16 
5 9 22 28 
8 16 25 35 
7 8 28 35 
0 10 21 22 
9 13 27 35 
5 16 20 27 
10 13 20 30 
8 13 19 30 
0 16 25 27 
5 13 19 28 
7 15 20 35 
5 7 8 22 
0 7 25 27 
8 9 14 30 
9 15 28 30 
16 21 26 35 
8 22 27 35 
0 7 10 22 
5 7 8 25 
5 7 19 26 
7 20 27 30 
0 19 20 28 
5 16 22 27 
5 8 15 27 
21 25 28 30 
9 10 19 35 
9 26 27 30 
8 22 25 30 
8 15 28 30 
5 13 14 20 
5 7 9 20 
5 10 14 16 
0 14 19 26 
13 21 25 35 
5 7 10 15 
0 8 14 16 
7 9 16 30 
8 14 16 30 
0 9 25 27 
5 16 21 25 
5 10 25 27 
7 26 27 30 
7 9 15 30 
16 19 21 30 
13 22 28 30 
5 21 22 26 
5 8 19 27 
0 13 20 25 
0 14 16 19 
9 25 26 35 
9 15 20 30 
0 26 27 28 
7 20 28 30 
16 19 22 35 
7 21 27 30 
19 20 21 35 
8 14 21 30 
14 16 28 35 
14 25 26 30 
0 13 15 26 
0 15 19 28 
13 15 28 35 
13 15 28 30 
10 25 28 35 
8 19 25 30 
5 8 9 28 
0 25 27 28 
0 9 21 25 
0 14 25 27 
5 7 22 26 
0 7 14 28 
5 15 16 26 
0 7 9 14 
5 8 13 16 
0 8 21 27 
0 8 13 19 
5 8 15 28 
5 7 22 28 
9 10 21 30 
0 8 13 20 
8 10 20 30 
0 16 19 26 
0 14 26 27 
5 9 15 28 
0 10 25 28 
5 15 20 25 
5 7 14 20 
15 22 28 30 
5 10 13 21 
19 21 28 35 
5 8 16 21 
15 16 22 30 
5 9 13 26 
0 21 26 28 
15 21 22 35 
16 21 27 30 
7 21 26 30 
0 15 21 28 
10 20 25 35 
5 9 20 21 
5 7 8 15 
5 9 14 21 
7 14 20 30 
0 10 14 22 
5 8 15 22 
5 19 26 27 
0 10 22 25 
16 20 21 35 
5 7 16 25 
7 13 21 35 
5 8 13 25 
5 8 25 27 
7 9 21 35 
0 13 21 28 
5 9 19 22 
8 15 26 35 
0 9 10 15 
16 25 26 30 
7 15 20 30 
15 22 28 35 
5 7 15 16 
0 10 20 28 
5 19 25 26 
5 14 19 26 
