7 15 16 27 
8 14 19 21 
7 19 20 22 
7 16 21 27 
9 21 22 25 
7 13 20 21 
7 10 19 22 
13 15 25 28 
8 20 26 28 
8 10 13 28 
7 10 15 25 
14 16 20 25 
8 15 20 28 
7 9 13 20 
13 14 19 20 
9 13 21 27 
8 13 19 20 
7 14 21 22 
9 13 16 26 
7 9 10 19 
14 15 20 25 
14 19 21 26 
9 13 14 27 
13 21 25 27 
10 13 20 28 
9 13 16 20 
7 9 20 25 
7 15 16 20 
13 19 21 25 
8 15 16 22 
13 19 20 28 
15 20 22 27 
14 15 16 22 
22 26 27 28 
13 16 19 26 
10 19 20 27 
10 14 22 28 
7 9 22 28 
19 20 21 26 
8 19 20 27 
8 14 19 28 
9 14 21 26 
7 16 19 26 
7 10 13 25 
7 10 20 21 
7 15 22 28 
13 19 20 26 
16 20 22 25 
19 21 22 25 
8 16 19 22 
15 22 25 28 
8 14 22 27 
8 9 13 21 
9 13 26 27 
8 13 22 27 
7 8 22 25 
7 14 19 28 
7 9 21 28 
16 19 25 26 
9 13 19 26 
10 13 14 22 
8 9 20 21 
9 10 14 20 
7 8 9 15 
16 19 27 28 
15 16 21 25 
14 15 19 22 
7 16 19 27 
15 16 19 26 
10 13 19 22 
13 14 19 28 
15 16 19 25 
8 10 13 26 
8 9 21 26 
9 13 19 28 
8 16 22 27 
7 15 25 26 
9 19 27 28 
9 16 25 26 
9 16 20 21 
9 14 15 22 
10 15 19 20 
10 13 20 22 
10 19 27 28 
8 9 16 27 
15 16 22 26 
7 9 21 27 
8 13 15 20 
7 8 10 16 
7 13 21 25 
13 15 22 26 
7 10 13 22 
14 16 22 28 
7 10 22 28 
7 15 21 22 
9 14 15 19 
8 14 21 27 
7 14 15 16 
8 20 26 27 
8 13 15 26 
16 19 21 22 
8 9 14 19 
7 9 19 27 
7 8 13 21 
16 20 21 25 
9 19 21 28 
14 15 19 26 
15 21 26 28 
9 10 13 15 
14 16 21 27 
14 19 26 27 
9 16 19 21 
7 13 21 28 
7 8 14 21 
7 9 20 26 
9 14 19 22 
21 25 26 27 
13 26 27 28 
10 19 26 28 
13 21 22 27 
14 16 19 28 
10 13 22 27 
10 22 25 27 
13 14 15 25 
7 19 25 26 
13 14 19 21 
14 19 25 28 
10 15 21 25 
8 14 16 19 
8 10 19 28 
10 20 21 25 
8 13 26 28 
15 25 27 28 
8 22 27 28 
19 20 25 27 
14 19 20 22 
9 22 26 27 
9 20 27 28 
7 14 25 26 
8 16 22 26 
8 10 19 20 
13 14 21 27 
7 14 16 20 
7 9 16 25 
10 14 19 27 
9 13 14 22 
13 22 25 28 
15 20 21 22 
7 10 19 20 
14 19 20 28 
7 8 20 22 
16 20 21 27 
9 16 21 26 
7 16 19 28 
8 9 16 21 
8 10 13 16 
10 13 20 27 
15 16 25 26 
8 15 16 26 
16 19 22 26 
7 8 14 15 
8 13 15 25 
9 10 21 25 
13 14 15 27 
9 10 13 20 
9 15 19 28 
13 19 25 28 
7 8 22 26 
8 14 20 26 
7 9 15 27 
8 15 16 25 
7 8 9 26 
14 22 27 28 
8 15 26 28 
14 26 27 28 
9 16 22 25 
13 14 26 27 
9 19 25 27 
7 13 14 22 
19 20 21 27 
8 14 26 28 
13 16 19 27 
15 19 22 28 
15 19 25 26 
7 9 20 22 
7 9 13 28 
10 13 19 21 
9 13 20 27 
9 14 20 26 
20 21 25 27 
7 9 21 22 
14 16 21 22 
7 14 19 25 
7 14 20 25 
9 15 20 28 
8 15 22 28 
9 15 16 20 
9 15 20 26 
14 19 22 27 
13 16 20 21 
7 10 16 27 
8 9 10 22 
8 9 26 28 
9 13 14 16 
10 15 27 28 
7 9 25 27 
13 21 22 25 
7 8 20 26 
8 9 14 25 
10 13 15 20 
9 10 21 26 
7 15 19 21 
13 22 27 28 
9 13 27 28 
7 14 20 21 
7 16 25 26 
9 16 22 27 
14 20 21 22 
14 19 25 26 
8 16 20 26 
8 10 15 19 
13 14 22 25 
9 10 19 27 
9 16 19 25 
14 21 22 27 
8 21 25 28 
8 19 26 27 
15 21 25 27 
8 21 26 28 
13 15 19 20 
9 13 22 25 
20 21 22 28 
7 14 20 27 
9 13 19 27 
10 14 20 21 
10 13 16 22 
7 19 27 28 
7 10 13 28 
14 19 21 28 
8 13 25 27 
8 16 21 28 
8 13 16 27 
7 8 9 25 
13 14 25 27 
13 16 20 22 
8 9 14 15 
7 8 16 19 
15 19 26 27 
13 14 16 19 
13 16 19 25 
8 14 19 22 
14 15 21 25 
7 8 20 21 
8 16 21 27 
7 21 22 25 
7 8 10 21 
9 21 25 26 
7 19 20 26 
8 9 15 25 
10 14 15 19 
8 15 16 19 
10 19 22 27 
13 14 19 26 
7 16 21 22 
14 20 21 27 
15 16 22 28 
13 20 26 28 
14 19 22 26 
7 10 20 26 
14 20 25 27 
7 15 20 26 
7 16 20 21 
10 14 20 26 
9 14 15 27 
9 13 20 22 
13 19 22 27 
15 21 25 26 
16 25 26 28 
8 9 15 27 
7 15 16 25 
9 13 16 22 
8 10 21 22 
8 13 16 28 
10 16 20 22 
10 16 22 27 
7 21 25 28 
9 13 15 25 
10 14 15 16 
8 9 15 16 
8 13 15 21 
14 15 22 28 
8 14 19 25 
13 16 20 28 
13 21 26 28 
9 13 19 25 
13 16 22 28 
7 20 22 27 
7 10 15 16 
10 15 20 25 
7 13 21 22 
15 20 21 26 
7 13 21 26 
9 10 21 28 
10 25 26 28 
7 9 27 28 
13 15 16 19 
8 10 22 28 
13 16 19 20 
13 15 20 21 
13 16 25 27 
10 14 15 25 
7 19 21 27 
7 13 19 20 
8 9 19 28 
9 13 14 15 
13 21 27 28 
7 10 22 26 
8 19 22 26 
7 14 26 27 
9 13 15 16 
14 15 25 27 
8 13 14 28 
7 9 15 28 
8 14 25 28 
20 21 26 27 
7 8 13 19 
13 14 20 25 
9 19 20 22 
9 14 20 22 
7 10 14 27 
13 22 26 27 
13 15 16 26 
10 21 25 27 
8 15 19 26 
13 14 19 22 
10 14 21 27 
8 10 13 15 
8 20 22 26 
8 20 21 22 
8 9 13 22 
8 10 15 28 
8 10 13 27 
7 19 20 27 
9 10 14 22 
8 10 21 25 
9 13 25 28 
9 15 20 22 
15 19 20 26 
13 19 26 27 
7 8 20 27 
16 26 27 28 
15 22 26 28 
16 19 20 25 
7 10 14 16 
14 20 25 28 
10 13 14 19 
10 19 26 27 
7 15 27 28 
9 26 27 28 
7 20 25 26 
9 13 15 19 
9 10 25 28 
15 19 21 25 
9 15 19 26 
7 8 22 27 
10 14 21 28 
7 8 9 14 
14 16 22 27 
10 15 20 26 
19 22 25 28 
8 10 22 27 
10 15 16 25 
14 19 21 27 
7 22 26 27 
10 15 22 26 
7 8 19 26 
7 8 25 28 
9 13 15 22 
8 21 22 26 
7 13 22 28 
9 15 20 21 
9 13 14 25 
8 16 19 21 
8 9 13 26 
10 13 19 20 
14 25 26 28 
10 16 22 25 
15 19 27 28 
14 16 20 26 
7 15 22 25 
15 22 27 28 
7 14 19 26 
13 20 21 25 
13 14 21 28 
13 15 16 21 
13 14 15 26 
20 21 26 28 
16 19 20 26 
8 15 16 20 
7 14 15 26 
7 8 16 21 
10 20 21 22 
8 10 14 26 
8 14 20 22 
19 21 22 28 
9 16 19 27 
7 15 21 25 
9 10 14 19 
13 16 22 25 
8 21 25 26 
7 21 22 27 
9 19 20 28 
7 20 21 25 
15 16 21 28 
10 14 25 28 
7 9 16 28 
9 15 19 20 
13 15 27 28 
21 22 26 27 
13 14 22 27 
7 16 19 22 
10 13 14 21 
8 21 25 27 
9 15 16 21 
8 13 20 26 
15 21 22 28 
9 13 16 19 
8 14 15 20 
8 20 25 28 
10 13 25 26 
20 25 26 27 
7 10 16 20 
7 13 20 25 
8 9 19 26 
8 20 25 27 
15 16 25 28 
7 13 22 27 
9 13 15 28 
14 15 21 26 
10 13 16 25 
14 16 20 22 
10 19 25 28 
14 16 22 26 
7 8 10 25 
19 20 22 28 
7 8 13 20 
7 9 20 21 
16 19 20 28 
8 9 10 20 
14 20 22 28 
7 10 14 25 
9 10 21 27 
8 13 22 26 
14 15 22 26 
10 13 26 28 
9 14 19 27 
13 14 16 27 
8 9 25 26 
9 21 25 28 
14 15 20 22 
9 19 25 28 
7 13 26 28 
7 16 21 26 
15 25 26 27 
14 19 21 25 
10 15 26 28 
9 16 26 28 
10 15 19 28 
7 8 14 28 
13 20 25 27 
8 9 20 25 
7 15 20 22 
7 14 22 28 
10 13 15 25 
7 13 22 25 
8 15 16 27 
9 14 26 27 
8 9 27 28 
8 15 19 22 
8 14 16 25 
10 14 16 25 
7 9 10 16 
8 13 15 27 
7 20 21 27 
8 9 19 22 
8 9 25 27 
7 19 21 25 
7 8 10 26 
8 9 10 25 
8 10 14 22 
9 14 15 16 
9 16 27 28 
7 8 10 27 
8 15 25 28 
15 25 26 28 
9 20 21 25 
8 16 25 26 
13 19 22 26 
9 21 26 28 
8 15 20 26 
9 14 15 25 
10 14 22 27 
7 9 14 15 
10 14 15 27 
8 10 21 26 
9 16 21 27 
19 20 21 25 
8 10 13 20 
13 20 21 22 
10 21 27 28 
7 14 21 26 
7 13 25 26 
10 16 27 28 
7 13 15 16 
7 9 15 21 
7 20 27 28 
9 14 16 19 
8 14 21 25 
10 16 19 20 
7 10 13 14 
13 15 20 27 
9 10 13 19 
8 13 14 15 
7 8 9 20 
9 13 26 28 
13 14 16 28 
9 10 14 28 
9 15 21 27 
7 8 19 22 
8 13 14 21 
7 13 26 27 
8 10 16 26 
8 10 20 21 
7 13 19 26 
7 9 16 26 
9 13 19 20 
22 25 26 27 
8 13 16 19 
7 15 19 27 
9 10 13 21 
19 21 22 27 
10 15 19 22 
10 14 19 22 
10 13 16 26 
7 9 13 22 
8 13 15 19 
8 9 21 27 
13 14 20 21 
20 22 25 26 
10 14 15 28 
10 13 21 27 
10 15 19 25 
8 16 20 28 
10 19 20 26 
16 19 25 27 
9 21 22 28 
9 22 26 28 
8 13 25 28 
7 16 20 27 
7 8 19 21 
7 8 26 28 
7 13 16 19 
14 20 26 28 
8 15 21 28 
7 8 14 19 
19 22 25 27 
7 8 19 20 
10 13 27 28 
9 10 22 26 
19 21 25 27 
7 14 22 27 
7 9 19 26 
8 19 22 25 
7 15 19 22 
8 15 21 25 
9 15 22 26 
16 20 25 26 
8 14 22 25 
7 15 20 28 
9 15 19 27 
13 14 21 25 
10 19 25 27 
14 20 22 27 
8 9 10 21 
7 9 21 25 
7 19 22 25 
9 16 26 27 
7 19 26 28 
8 16 21 26 
10 20 22 26 
13 16 20 26 
10 15 16 22 
9 10 19 22 
15 19 21 26 
14 16 19 22 
7 14 26 28 
9 10 19 26 
7 19 20 28 
10 14 19 26 
8 16 19 27 
9 10 14 27 
9 14 19 20 
10 15 16 26 
7 9 10 25 
8 9 10 27 
14 15 20 27 
7 13 19 28 
8 14 15 26 
9 13 21 22 
7 10 25 28 
13 14 21 22 
7 10 19 25 
7 10 16 22 
7 8 21 26 
7 10 13 16 
9 20 22 26 
7 8 14 20 
7 25 26 28 
13 14 16 22 
9 10 14 26 
13 14 15 16 
9 14 19 28 
16 20 22 26 
13 22 25 27 
9 20 25 26 
9 14 15 28 
14 19 21 22 
7 14 21 25 
8 9 15 28 
7 8 13 15 
8 14 21 26 
8 10 13 21 
7 22 25 28 
13 16 19 22 
10 19 20 28 
9 10 16 25 
13 16 26 28 
10 16 19 26 
10 16 26 27 
8 9 13 19 
8 14 16 21 
14 19 26 28 
10 14 22 26 
8 15 16 28 
9 15 25 28 
7 15 20 27 
13 15 21 28 
8 14 26 27 
13 16 19 21 
7 14 25 28 
9 19 25 26 
8 15 21 22 
9 13 15 26 
7 19 22 28 
8 10 14 15 
7 13 14 16 
8 21 26 27 
9 14 16 25 
13 20 22 28 
14 16 21 25 
10 13 19 28 
7 14 15 25 
8 9 13 15 
10 14 19 20 
8 19 21 22 
13 21 25 28 
13 15 22 25 
10 16 25 26 
10 15 26 27 
8 25 26 27 
19 21 22 26 
7 19 21 26 
8 20 22 25 
13 21 22 26 
8 15 20 21 
8 16 21 25 
9 19 20 27 
10 13 14 28 
7 13 16 26 
9 16 21 28 
10 13 20 25 
14 15 26 27 
7 9 10 28 
7 20 21 22 
8 10 14 16 
7 13 16 20 
14 20 25 26 
10 19 20 22 
8 9 10 26 
7 9 14 25 
10 19 22 25 
9 19 20 26 
7 19 25 27 
10 14 25 27 
9 15 21 22 
7 10 13 19 
10 15 20 27 
9 21 27 28 
8 9 10 14 
9 16 21 22 
7 10 19 21 
7 10 13 26 
13 15 20 26 
8 10 25 27 
10 14 16 19 
9 14 15 21 
7 9 10 20 
13 19 21 28 
7 10 16 21 
14 16 25 28 
8 9 14 22 
7 21 22 26 
7 14 20 26 
7 14 20 28 
7 14 19 21 
20 21 22 26 
14 19 22 25 
9 10 16 19 
8 10 13 22 
8 13 19 25 
16 20 26 27 
7 15 21 28 
10 25 26 27 
10 13 25 28 
16 22 25 28 
7 9 13 14 
14 20 21 28 
7 15 21 26 
8 9 20 22 
9 20 22 28 
13 19 25 26 
13 15 19 22 
8 16 27 28 
16 19 21 28 
8 9 20 26 
7 10 25 27 
7 8 19 25 
19 20 22 26 
16 19 20 22 
10 19 25 26 
14 21 26 27 
8 20 27 28 
13 14 20 26 
10 22 27 28 
8 9 22 27 
7 14 15 19 
13 16 20 27 
8 9 10 28 
9 10 26 28 
10 20 22 25 
16 22 26 28 
9 13 21 28 
16 19 20 21 
10 13 15 16 
9 10 16 28 
13 15 25 26 
10 15 21 22 
7 14 15 28 
8 16 22 25 
15 21 22 25 
7 8 25 27 
10 13 20 21 
9 10 15 26 
7 9 14 19 
10 13 19 27 
13 16 20 25 
13 16 22 26 
10 14 21 22 
9 14 16 20 
14 16 19 26 
7 8 15 21 
15 16 26 27 
9 19 21 27 
13 20 25 26 
8 19 25 27 
8 19 25 28 
10 15 25 26 
8 9 14 27 
8 15 19 28 
7 13 14 21 
15 20 21 27 
9 14 16 27 
21 26 27 28 
8 13 22 25 
7 9 14 26 
7 15 19 25 
7 9 22 27 
13 15 25 27 
9 13 22 28 
8 10 20 26 
8 13 20 22 
8 20 21 26 
16 22 27 28 
9 14 19 25 
9 21 26 27 
16 21 25 27 
15 21 26 27 
10 15 16 21 
9 10 15 16 
9 14 21 25 
7 8 15 28 
7 9 13 21 
8 9 16 28 
9 19 26 27 
7 9 15 22 
9 10 13 28 
14 16 25 26 
19 20 27 28 
7 10 21 22 
9 14 16 21 
8 13 19 26 
7 9 26 28 
7 10 20 22 
9 15 22 28 
20 25 26 28 
10 15 22 27 
7 10 21 26 
10 13 14 26 
15 16 19 20 
7 13 15 19 
16 25 26 27 
7 14 21 28 
21 22 25 28 
10 14 26 28 
13 15 16 25 
16 19 22 28 
8 13 21 28 
16 21 25 28 
16 21 27 28 
10 14 27 28 
7 13 19 21 
9 10 14 25 
13 14 22 26 
7 8 10 15 
10 13 21 22 
7 9 13 19 
7 15 19 28 
8 13 21 25 
7 8 13 27 
8 10 22 26 
10 14 16 20 
20 22 25 27 
10 19 20 21 
9 10 15 19 
10 15 16 27 
13 14 19 27 
9 10 13 14 
8 9 14 16 
20 21 22 25 
10 14 15 26 
8 22 25 27 
9 10 15 25 
15 19 20 28 
7 8 14 22 
9 10 13 27 
9 16 20 22 
7 16 20 25 
9 13 15 27 
8 13 20 21 
8 13 27 28 
13 14 20 22 
13 21 26 27 
8 26 27 28 
19 22 26 28 
9 14 20 25 
14 15 16 26 
9 22 25 28 
8 13 14 27 
10 20 27 28 
13 25 26 28 
13 16 26 27 
7 9 16 21 
14 25 26 27 
8 20 22 28 
9 10 16 26 
8 19 25 26 
10 16 19 22 
16 20 22 27 
15 19 20 21 
8 9 19 25 
10 16 21 27 
10 14 15 21 
10 15 21 27 
14 16 19 27 
9 14 15 26 
10 22 26 27 
10 14 20 22 
14 19 27 28 
8 13 16 21 
9 21 25 27 
10 14 16 22 
8 9 10 15 
16 19 26 27 
7 16 27 28 
7 13 15 28 
14 20 21 26 
9 14 21 22 
15 20 27 28 
9 15 16 26 
14 16 20 21 
8 9 15 19 
7 10 13 20 
7 10 14 20 
8 14 15 25 
7 10 20 28 
8 10 15 21 
16 21 22 26 
9 14 22 25 
13 15 16 28 
9 10 27 28 
19 20 25 26 
8 13 25 26 
9 14 20 28 
8 14 15 16 
8 10 25 28 
8 13 14 26 
7 10 15 20 
9 10 20 26 
10 16 19 28 
15 20 22 26 
10 16 20 25 
7 9 14 22 
7 8 15 16 
9 13 19 22 
7 8 15 19 
14 21 22 28 
9 15 21 25 
7 8 13 14 
7 9 14 28 
7 8 16 25 
7 8 14 25 
7 10 21 27 
10 13 14 27 
8 15 21 26 
15 20 26 28 
9 14 15 20 
7 13 21 27 
10 15 16 28 
7 13 14 19 
14 15 16 20 
16 19 22 27 
7 9 25 26 
16 19 21 27 
7 20 22 28 
9 13 25 26 
9 25 26 28 
14 15 21 28 
7 8 10 13 
13 15 19 21 
8 10 14 20 
15 20 22 25 
9 16 19 22 
14 16 22 25 
9 14 22 27 
8 25 26 28 
14 15 19 20 
8 19 21 27 
14 15 16 25 
14 15 16 19 
9 15 20 27 
14 15 25 26 
8 10 27 28 
10 19 21 26 
19 22 26 27 
7 8 10 28 
20 21 25 26 
19 22 25 26 
14 15 26 28 
7 20 26 27 
9 10 22 28 
10 14 16 28 
8 10 19 25 
8 10 13 25 
8 9 26 27 
9 10 22 27 
7 9 10 21 
19 20 26 27 
7 13 20 27 
9 19 22 28 
9 13 14 20 
10 14 20 28 
15 21 27 28 
7 8 19 28 
8 9 16 20 
9 10 13 16 
7 15 16 21 
8 22 25 26 
15 19 20 27 
14 15 16 21 
10 16 20 26 
8 20 25 26 
9 13 22 27 
15 16 27 28 
7 10 15 21 
14 21 25 28 
8 14 21 28 
9 10 19 21 
9 20 21 26 
15 16 19 27 
10 20 26 27 
7 16 26 28 
7 13 15 25 
14 15 20 26 
9 15 21 28 
9 13 14 26 
10 13 20 26 
8 10 20 25 
7 15 20 25 
10 15 19 21 
7 21 26 27 
8 10 15 26 
8 10 15 22 
7 9 22 26 
8 10 26 27 
10 15 22 28 
19 21 25 28 
14 20 22 26 
9 10 15 21 
7 8 9 10 
8 16 19 25 
8 16 26 27 
9 16 20 26 
13 19 20 21 
16 21 22 28 
7 13 15 21 
7 14 15 21 
7 8 20 28 
8 14 25 26 
10 16 19 21 
7 9 10 14 
9 15 26 28 
10 13 14 15 
9 21 22 27 
13 14 21 26 
7 13 25 28 
13 19 22 28 
7 10 22 25 
13 14 26 28 
8 14 20 25 
15 21 25 28 
9 15 22 27 
7 10 26 28 
8 14 20 27 
10 13 15 28 
14 16 21 26 
7 13 15 22 
10 19 20 25 
8 15 22 25 
15 16 20 28 
8 21 22 25 
8 15 22 27 
10 14 20 27 
19 22 27 28 
8 10 13 19 
7 19 21 22 
10 21 25 26 
7 19 26 27 
9 19 21 26 
14 15 21 22 
8 9 19 20 
9 20 25 28 
7 26 27 28 
8 13 20 28 
10 13 14 25 
8 21 27 28 
8 20 21 27 
10 14 19 21 
7 10 19 26 
7 8 13 25 
15 16 19 22 
8 9 16 25 
10 14 21 25 
7 9 13 15 
9 19 21 25 
14 15 19 21 
8 22 26 28 
7 9 13 25 
10 20 26 28 
9 14 27 28 
14 19 22 28 
8 16 19 26 
16 20 21 28 
8 14 16 20 
20 21 27 28 
7 16 20 26 
13 19 20 27 
15 20 25 26 
7 10 13 21 
13 16 19 28 
9 15 26 27 
8 10 16 20 
8 10 21 27 
7 15 22 26 
14 15 19 28 
14 15 20 28 
7 8 25 26 
8 20 21 25 
14 21 26 28 
14 20 21 25 
8 16 20 22 
8 16 20 21 
14 20 27 28 
7 8 14 16 
21 22 26 28 
10 13 15 19 
7 10 14 15 
7 10 27 28 
8 19 22 28 
15 22 26 27 
8 13 19 27 
7 10 14 26 
9 10 19 25 
21 25 27 28 
13 14 15 19 
8 13 14 19 
19 20 21 28 
7 9 16 27 
7 20 25 27 
8 15 16 21 
7 16 21 28 
8 13 16 22 
13 20 21 27 
7 8 16 22 
13 22 26 28 
16 20 25 27 
19 20 21 22 
7 8 15 25 
9 10 13 25 
9 16 21 25 
9 16 19 28 
8 15 20 25 
10 16 21 25 
8 13 20 25 
7 14 16 22 
10 15 20 21 
7 13 20 22 
13 15 20 22 
13 15 19 25 
14 25 27 28 
19 20 22 27 
7 19 20 25 
13 19 21 26 
13 14 15 28 
13 20 27 28 
7 8 9 13 
15 22 25 26 
15 22 25 27 
16 19 26 28 
13 19 22 25 
10 19 22 26 
16 20 22 28 
8 9 10 16 
7 9 10 13 
7 8 16 20 
15 16 20 25 
7 16 21 25 
8 10 20 28 
14 22 25 26 
7 16 22 25 
7 14 16 19 
13 19 20 22 
8 16 19 20 
10 13 15 21 
7 25 26 27 
7 9 10 22 
7 9 21 26 
8 13 19 21 
9 14 20 21 
7 16 19 20 
8 10 16 25 
10 13 15 26 
8 14 16 28 
8 9 22 28 
7 8 9 28 
7 13 14 20 
10 19 21 25 
8 9 16 19 
7 13 16 22 
10 13 19 25 
15 16 20 21 
7 14 19 27 
8 13 19 22 
10 13 22 25 
8 13 14 16 
9 15 19 25 
8 15 19 21 
8 9 16 22 
15 20 21 28 
10 16 20 27 
14 15 16 28 
7 8 9 19 
9 10 19 28 
10 15 16 20 
8 10 16 19 
7 8 13 22 
9 10 14 16 
7 9 22 25 
8 15 20 22 
10 20 21 27 
14 16 20 28 
7 21 26 28 
8 10 25 26 
10 20 25 27 
7 9 15 20 
8 16 20 25 
7 10 25 26 
7 13 14 26 
13 15 26 28 
7 9 19 28 
7 9 26 27 
14 22 26 27 
7 10 16 28 
7 8 10 20 
8 9 21 25 
16 21 25 26 
19 21 26 27 
25 26 27 28 
21 22 25 27 
9 20 26 27 
7 10 15 22 
10 21 26 27 
14 21 25 27 
15 16 20 26 
7 10 16 19 
15 16 21 22 
7 10 15 27 
9 13 20 21 
14 16 20 27 
10 14 19 25 
9 10 16 21 
10 14 20 25 
9 20 21 27 
8 9 14 20 
9 20 22 27 
10 22 26 28 
8 9 22 26 
10 14 26 27 
7 15 16 26 
9 14 20 27 
7 13 14 28 
14 22 26 28 
9 15 27 28 
8 10 21 28 
10 21 22 26 
8 13 16 26 
9 10 20 25 
15 16 22 27 
20 21 22 27 
10 22 25 28 
13 16 25 26 
7 16 25 27 
15 16 22 25 
15 19 21 27 
8 10 14 21 
14 16 25 27 
10 16 21 26 
10 15 21 28 
7 22 25 26 
15 20 25 27 
14 19 25 27 
7 16 20 22 
16 25 27 28 
13 14 22 28 
7 8 21 28 
13 14 20 28 
7 15 25 27 
13 19 21 22 
10 16 21 28 
13 15 26 27 
10 13 16 21 
7 15 25 28 
8 13 14 25 
10 16 20 28 
20 26 27 28 
7 19 22 27 
14 19 20 26 
7 13 15 26 
14 15 19 25 
9 19 20 25 
7 8 10 14 
7 8 27 28 
9 10 25 27 
7 19 21 28 
7 13 16 21 
7 10 19 27 
7 16 22 28 
13 14 16 20 
8 10 13 14 
10 13 25 27 
13 19 27 28 
9 13 15 21 
9 20 25 27 
16 22 25 27 
8 15 19 20 
7 8 21 25 
7 14 15 27 
9 15 16 27 
7 13 20 26 
7 8 9 16 
19 20 25 28 
16 21 26 27 
8 19 26 28 
10 13 16 20 
8 10 14 27 
8 9 14 26 
8 15 22 26 
13 15 20 28 
7 10 19 28 
16 20 21 26 
13 25 27 28 
15 20 25 28 
7 15 16 19 
9 10 13 22 
15 16 21 27 
8 9 19 27 
15 21 22 27 
10 14 16 27 
10 16 26 28 
8 19 22 27 
8 10 16 21 
10 14 16 21 
7 20 26 28 
8 19 27 28 
10 15 21 26 
13 14 15 21 
10 19 22 28 
8 22 26 27 
9 10 19 20 
7 14 27 28 
7 9 16 22 
13 15 21 22 
10 20 22 27 
7 9 15 25 
7 16 19 25 
10 15 20 28 
8 10 14 25 
16 21 26 28 
7 20 22 25 
16 20 21 22 
7 10 16 25 
9 22 25 27 
8 9 21 28 
20 22 27 28 
7 13 15 27 
13 16 21 22 
10 16 25 28 
7 21 25 27 
13 15 20 25 
9 13 16 21 
10 21 22 25 
8 14 16 22 
14 19 20 21 
13 19 21 27 
9 10 22 25 
7 9 10 26 
14 16 26 27 
9 14 16 26 
9 15 16 22 
19 20 22 25 
7 15 21 27 
10 13 15 22 
7 9 19 25 
13 20 22 26 
8 13 16 25 
7 20 21 26 
9 13 20 28 
10 15 25 27 
8 19 20 21 
7 8 15 27 
15 16 19 28 
19 21 26 28 
9 10 15 20 
8 14 21 22 
20 21 25 28 
7 8 20 25 
8 15 20 27 
8 10 15 25 
9 10 21 22 
15 19 21 22 
7 9 25 28 
7 14 15 22 
7 20 21 28 
10 16 22 26 
8 16 25 28 
10 13 14 16 
8 15 27 28 
16 19 21 26 
19 25 27 28 
8 9 21 22 
15 19 22 25 
7 13 16 28 
10 16 19 25 
8 15 21 27 
7 9 14 27 
9 25 26 27 
13 14 16 25 
10 16 20 21 
9 13 16 25 
10 14 19 28 
9 13 25 27 
9 10 26 27 
13 21 22 28 
10 14 16 26 
8 9 16 26 
8 14 20 21 
8 10 26 28 
8 10 19 21 
14 15 22 25 
8 10 20 22 
13 22 25 26 
7 9 20 28 
8 13 21 22 
9 13 21 25 
10 13 16 28 
13 15 19 28 
10 20 25 26 
8 9 15 20 
9 16 25 28 
13 14 20 27 
8 13 21 26 
7 16 26 27 
8 25 27 28 
7 13 16 25 
8 10 15 27 
8 9 14 21 
8 10 20 27 
13 21 25 26 
7 10 16 26 
9 14 25 28 
10 16 22 28 
8 15 25 26 
8 15 19 25 
7 8 21 27 
14 16 19 21 
14 15 20 21 
8 13 20 27 
15 19 22 27 
7 10 26 27 
8 19 20 25 
15 16 20 22 
10 26 27 28 
13 19 20 25 
8 14 15 19 
10 13 21 26 
19 25 26 27 
8 21 22 27 
9 13 15 20 
7 9 15 26 
13 14 16 21 
15 19 21 28 
7 8 13 16 
10 22 25 26 
9 15 25 26 
7 10 13 27 
8 15 25 27 
7 13 20 28 
8 10 19 26 
7 9 16 19 
8 10 16 28 
8 19 21 28 
7 21 25 26 
7 10 13 15 
15 20 21 25 
14 19 20 27 
8 9 13 28 
15 26 27 28 
15 21 22 26 
10 19 21 28 
8 13 19 28 
10 13 21 25 
7 13 27 28 
8 14 19 27 
7 19 25 28 
16 20 27 28 
10 14 21 26 
8 14 16 26 
8 10 15 20 
13 14 25 28 
14 19 20 25 
8 9 13 20 
8 9 13 25 
13 20 26 27 
10 20 21 28 
19 21 25 26 
8 16 22 28 
19 26 27 28 
7 14 16 26 
8 19 21 25 
13 15 16 27 
7 8 13 26 
13 14 19 25 
7 14 22 26 
8 14 27 28 
10 19 21 27 
7 10 14 19 
15 20 22 28 
13 16 21 26 
9 13 20 26 
8 14 20 28 
15 19 20 22 
10 13 14 20 
10 13 26 27 
7 8 14 26 
7 21 22 28 
13 15 19 27 
7 15 19 26 
14 16 26 28 
7 14 22 25 
16 19 21 25 
9 20 21 28 
22 25 26 28 
14 15 19 27 
8 10 19 27 
16 20 25 28 
10 21 22 28 
19 20 26 28 
15 16 20 27 
15 19 20 25 
7 9 20 27 
7 21 27 28 
8 19 20 28 
9 16 22 26 
16 20 26 28 
8 10 14 28 
15 19 25 28 
10 14 22 25 
8 9 10 13 
9 25 27 28 
13 15 21 27 
7 14 16 25 
7 15 26 27 
8 19 20 26 
8 13 15 28 
16 21 22 25 
7 16 22 26 
9 15 16 19 
8 9 13 16 
9 13 19 21 
14 21 22 25 
9 14 19 21 
9 10 20 22 
8 14 22 28 
8 9 20 28 
16 19 22 25 
9 16 20 27 
7 8 19 27 
7 9 10 15 
9 22 25 26 
7 16 22 27 
7 14 19 20 
9 16 20 28 
13 20 21 26 
16 22 25 26 
10 15 20 22 
9 13 14 28 
8 19 20 22 
7 9 19 20 
8 9 15 26 
8 16 25 27 
7 14 16 28 
8 16 20 27 
20 22 25 28 
7 9 15 19 
7 16 19 21 
8 14 19 26 
7 10 15 19 
20 22 26 28 
8 14 15 21 
8 9 25 28 
7 15 26 28 
8 13 14 20 
8 14 22 26 
7 8 16 28 
9 10 15 27 
8 13 22 28 
10 20 21 26 
9 13 16 28 
7 10 14 28 
8 9 19 21 
8 10 16 27 
9 10 16 22 
8 14 25 27 
8 15 26 27 
14 15 25 28 
8 9 13 14 
21 25 26 28 
13 20 25 28 
8 9 22 25 
10 15 22 25 
9 22 27 28 
15 16 25 27 
7 14 20 22 
15 20 26 27 
8 20 22 27 
9 13 21 26 
14 15 27 28 
13 20 22 27 
7 25 27 28 
13 14 16 26 
14 21 27 28 
15 16 26 28 
9 15 16 28 
7 10 21 25 
8 10 16 22 
13 15 21 25 
13 15 22 27 
10 13 19 26 
15 19 26 28 
10 14 15 22 
7 13 14 25 
13 15 22 28 
7 10 15 28 
9 19 22 26 
9 15 21 26 
7 20 22 26 
10 13 16 27 
8 14 15 27 
10 20 22 28 
9 19 21 22 
7 8 10 19 
9 10 20 21 
7 13 19 25 
8 9 10 19 
7 10 15 26 
9 14 21 28 
13 16 21 27 
7 13 19 27 
9 15 25 27 
14 20 26 27 
9 14 25 27 
14 16 21 28 
7 9 14 21 
9 13 22 26 
8 13 15 22 
7 10 20 27 
19 21 27 28 
7 8 15 22 
7 22 25 27 
7 8 16 26 
7 22 26 28 
13 15 16 20 
14 20 22 25 
7 8 10 22 
7 8 9 27 
9 19 22 25 
20 25 27 28 
9 16 19 20 
7 10 14 21 
9 14 22 26 
9 14 19 26 
8 21 22 28 
7 19 22 26 
8 9 20 27 
10 14 25 26 
13 14 27 28 
9 10 14 15 
9 10 15 22 
8 16 26 28 
13 16 22 27 
16 21 22 27 
7 9 14 16 
9 10 20 27 
9 16 22 28 
9 15 22 25 
10 13 22 28 
14 22 25 28 
13 19 25 27 
15 19 22 26 
14 22 25 27 
10 13 15 27 
10 15 19 27 
10 13 21 28 
10 16 21 22 
8 13 16 20 
10 21 26 28 
9 14 16 28 
9 16 25 27 
8 20 21 28 
10 16 25 27 
7 15 22 27 
7 14 21 27 
7 13 16 27 
7 10 14 22 
10 16 19 27 
7 9 16 20 
13 15 16 22 
8 14 19 20 
9 15 19 21 
8 9 13 27 
14 15 21 27 
13 16 21 25 
19 25 26 28 
7 10 20 25 
13 16 27 28 
13 20 22 25 
14 16 19 25 
20 22 26 27 
7 9 13 26 
9 10 15 28 
7 8 22 28 
7 15 16 28 
7 13 14 27 
9 14 25 26 
9 20 26 28 
9 14 21 27 
7 8 21 22 
8 10 15 16 
10 25 27 28 
7 8 16 27 
7 8 9 21 
13 15 19 26 
8 15 19 27 
15 16 21 26 
8 14 15 28 
9 19 26 28 
8 10 22 25 
7 16 25 28 
9 13 14 21 
8 9 15 21 
7 15 16 22 
7 14 25 27 
13 14 25 26 
9 16 20 25 
7 14 19 22 
7 14 16 27 
7 13 14 15 
8 10 19 22 
9 16 19 26 
9 14 26 28 
10 13 22 26 
9 19 20 21 
7 15 19 20 
7 8 15 26 
7 13 25 27 
13 20 21 28 
10 15 25 28 
7 9 19 22 
7 8 13 28 
21 22 27 28 
7 9 13 27 
8 16 21 22 
9 15 19 22 
8 16 19 28 
14 21 22 26 
8 14 16 27 
7 8 14 27 
7 9 14 20 
7 13 22 26 
8 19 21 26 
10 21 22 27 
7 19 20 21 
8 10 14 19 
9 15 16 25 
13 14 15 22 
13 16 21 28 
8 22 25 28 
13 16 25 28 
13 15 21 26 
9 10 20 28 
14 15 16 27 
14 15 22 27 
7 8 26 27 
10 13 16 19 
9 10 16 20 
7 9 19 21 
7 15 20 21 
10 15 16 19 
7 10 22 27 
16 19 20 27 
7 9 15 16 
22 25 27 28 
10 14 15 20 
14 16 27 28 
10 15 19 26 
8 13 15 16 
8 13 21 27 
7 9 10 27 
7 8 15 20 
9 20 21 22 
21 22 25 26 
8 13 14 22 
7 13 15 20 
9 13 16 27 
8 9 14 28 
16 19 25 28 
9 19 22 27 
10 21 25 28 
9 21 22 26 
9 10 14 21 
10 20 25 28 
9 13 14 19 
7 14 16 21 
15 16 19 21 
9 14 22 28 
10 19 21 22 
7 14 15 20 
14 21 25 26 
7 16 20 28 
13 19 26 28 
9 10 25 26 
9 10 13 26 
14 16 19 20 
9 13 20 25 
7 22 27 28 
13 25 26 27 
7 10 21 28 
8 9 15 22 
9 10 16 27 
15 19 25 27 
13 14 15 20 
7 9 13 16 
9 14 16 22 
7 20 25 28 
16 22 26 27 
9 15 20 25 
7 8 9 22 
7 13 19 22 
9 20 22 25 
8 13 26 27 
8 14 15 22 
