6 32 
11 32 
23 29 
4 6 
12 32 
12 24 
1 33 
31 33 
6 31 
4 34 
17 29 
12 31 
18 32 
6 12 
1 29 
6 18 
2 34 
1 11 
6 33 
4 11 
4 31 
3 29 
2 3 
17 18 
2 12 
6 11 
23 33 
24 33 
24 31 
2 18 
12 29 
11 17 
12 23 
2 32 
6 24 
29 32 
6 17 
1 18 
1 4 
3 11 
1 12 
18 29 
18 24 
32 33 
23 24 
18 34 
1 3 
18 23 
11 33 
12 33 
3 34 
32 34 
2 6 
23 31 
11 12 
4 32 
2 31 
24 29 
1 34 
18 31 
4 23 
3 6 
24 34 
3 4 
17 23 
3 23 
23 34 
2 11 
23 32 
1 23 
12 17 
4 33 
11 34 
6 29 
11 31 
12 34 
31 34 
18 33 
3 24 
3 17 
29 31 
33 34 
12 18 
1 24 
1 17 
6 23 
2 17 
1 32 
17 34 
1 31 
29 33 
6 34 
29 34 
11 18 
2 4 
31 32 
3 12 
11 23 
2 23 
4 29 
3 18 
24 32 
4 24 
3 33 
11 29 
3 32 
4 17 
17 31 
17 24 
17 32 
4 12 
17 33 
4 18 
2 24 
11 24 
1 6 
3 31 
1 2 
2 29 
2 33 
