14 23 
24 26 
3 7 
11 15 
11 21 
24 27 
12 15 
17 26 
1 8 
8 18 
27 33 
22 34 
10 12 
9 29 
21 34 
1 20 
2 21 
9 17 
19 23 
2 16 
13 31 
12 19 
18 22 
15 17 
9 31 
25 31 
10 11 
7 29 
28 32 
11 19 
27 34 
6 13 
4 8 
2 20 
8 24 
22 32 
2 26 
7 24 
11 14 
28 34 
19 34 
8 17 
10 24 
21 31 
16 24 
17 20 
17 22 
8 34 
11 26 
1 13 
6 28 
1 9 
11 28 
19 24 
3 21 
22 33 
28 29 
3 28 
12 28 
14 24 
2 25 
3 14 
27 32 
9 32 
3 25 
1 22 
4 20 
6 7 
9 18 
25 32 
1 10 
15 29 
18 25 
8 12 
16 33 
26 32 
23 28 
7 32 
13 34 
1 7 
11 25 
9 34 
21 23 
24 28 
4 26 
23 25 
18 28 
3 16 
11 27 
9 12 
3 20 
4 13 
3 13 
8 11 
7 17 
10 33 
2 14 
10 34 
7 11 
6 27 
13 18 
13 17 
11 13 
26 31 
20 23 
12 14 
10 32 
6 10 
7 34 
10 17 
10 29 
9 33 
8 33 
16 31 
16 17 
2 10 
4 27 
11 22 
1 25 
18 19 
21 33 
18 27 
20 32 
27 29 
22 24 
3 26 
6 15 
17 25 
4 19 
10 31 
23 26 
24 25 
12 16 
7 31 
20 24 
7 12 
6 16 
2 19 
6 22 
7 33 
14 33 
6 25 
19 29 
7 18 
2 28 
3 9 
6 8 
1 26 
18 21 
3 8 
20 31 
6 20 
28 31 
2 22 
26 29 
17 28 
1 16 
18 20 
13 33 
18 26 
25 34 
12 21 
2 13 
8 23 
6 21 
19 32 
22 29 
1 27 
15 32 
21 32 
20 29 
3 19 
4 22 
6 14 
12 13 
9 24 
25 29 
12 25 
2 15 
2 8 
14 31 
3 15 
4 15 
11 16 
6 9 
12 20 
2 27 
15 34 
4 21 
4 16 
14 34 
13 23 
2 7 
25 33 
19 31 
15 31 
16 32 
13 24 
9 11 
14 32 
20 34 
4 7 
12 26 
28 33 
16 23 
4 10 
1 15 
26 33 
15 23 
12 22 
1 28 
22 31 
3 10 
21 29 
17 27 
15 24 
26 34 
6 19 
4 14 
15 18 
4 25 
8 32 
23 27 
14 17 
7 23 
10 23 
6 26 
4 9 
21 24 
8 29 
22 23 
16 18 
14 29 
1 14 
9 23 
19 33 
8 31 
17 19 
11 20 
27 31 
3 22 
14 18 
2 9 
13 29 
16 29 
17 21 
20 33 
12 27 
1 19 
13 32 
10 18 
4 28 
16 34 
15 33 
1 21 
3 27 
