8 13 
14 21 
9 25 
7 15 
21 25 
27 28 
20 26 
13 16 
20 27 
22 26 
16 22 
21 26 
15 28 
10 13 
7 27 
13 20 
22 27 
15 25 
20 25 
7 20 
7 26 
19 21 
8 14 
14 20 
20 21 
9 16 
8 19 
16 27 
16 20 
13 26 
10 20 
9 19 
7 16 
15 22 
7 19 
14 27 
9 28 
14 15 
16 19 
14 19 
16 21 
16 26 
14 25 
7 22 
9 14 
10 15 
16 25 
10 19 
10 27 
15 20 
7 10 
8 27 
9 15 
13 25 
7 13 
22 25 
10 22 
15 27 
21 28 
10 28 
19 22 
25 27 
15 16 
7 28 
7 14 
7 9 
13 14 
9 26 
22 28 
8 28 
26 28 
10 16 
13 19 
20 28 
13 15 
8 9 
21 22 
14 22 
8 25 
15 26 
25 28 
14 26 
8 10 
8 26 
10 25 
15 21 
19 25 
19 20 
19 28 
10 14 
7 21 
9 20 
13 27 
8 22 
9 13 
7 25 
10 26 
15 19 
26 27 
8 16 
13 21 
10 21 
13 22 
14 16 
19 27 
25 26 
7 8 
13 28 
19 26 
14 28 
20 22 
8 21 
21 27 
9 22 
9 27 
16 28 
8 20 
8 15 
9 10 
9 21 
